0	-0.1651604147	-0.7438705706	0	0.7140470668	-0.7000976978	0	0.7000976978	0.7140470668	0	0	0	1
0.01	-0.1503142722	-0.7420615697	0	0.7042534717	-0.7099486232	0	0.7099486232	0.7042534717	0	0	0	1
0.02	-0.1387342705	-0.7386375855	0	0.7063477014	-0.707865047	0	0.707865047	0.7063477014	0	0	0	1
0.03	-0.1296337294	-0.734136578	0	0.7119392671	-0.7022410412	0	0.7022410412	0.7119392671	0	0	0	1
0.04	-0.1224200771	-0.7284941149	0	0.7196917501	-0.694293731	0	0.694293731	0.7196917501	0	0	0	1
0.05	-0.1161697724	-0.7217274687	0	0.7292713689	-0.6842245761	0	0.6842245761	0.7292713689	0	0	0	1
0.06	-0.109790619	-0.7143436285	0	0.7388791584	-0.6738379548	0	0.6738379548	0.7388791584	0	0	0	1
0.07	-0.1023808651	-0.7071587703	0	0.7465858072	-0.6652891345	0	0.6652891345	0.7465858072	0	0	0	1
0.08	-0.09339498827	-0.7009319495	0	0.7514924665	-0.6597416713	0	0.6597416713	0.7514924665	0	0	0	1
0.09	-0.08258970363	-0.6961508819	0	0.7537825688	-0.6571239145	0	0.6571239145	0.7537825688	0	0	0	1
0.1	-0.06987459158	-0.69303856	0	0.7542287709	-0.6566117278	0	0.6566117278	0.7542287709	0	0	0	1
0.11	-0.05516739236	-0.6916946824	0	0.7536346109	-0.6572935975	0	0.6572935975	0.7536346109	0	0	0	1
0.12	-0.03830162029	-0.692263854	0	0.7523942339	-0.6587130763	0	0.6587130763	0.7523942339	0	0	0	1
0.13	-0.01900079032	-0.6950533085	0	0.7502362181	-0.6611698852	0	0.6611698852	0.7502362181	0	0	0	1
0.14	0.003086797752	-0.7005553313	0	0.7461867285	-0.6657367093	0	0.6657367093	0.7461867285	0	0	0	1
0.15	0.02831931037	-0.7093671646	0	0.738725003	-0.674006951	0	0.674006951	0.738725003	0	0	0	1
0.16	0.05703554894	-0.7220143962	0	0.725907398	-0.6877924466	0	0.6877924466	0.725907398	0	0	0	1
0.17	0.08966978252	-0.7382410714	0	0.7033866899	-0.7108074032	0	0.7108074032	0.7033866899	0	0	0	1
0.18	0.1262758697	-0.7563965845	0	0.670781588	-0.7416549475	0	0.7416549475	0.670781588	0	0	0	1
0.19	0.1646891074	-0.7700381829	0	0.6290932389	-0.7773298507	0	0.7773298507	0.6290932389	0	0	0	1
0.2	0.2032585327	-0.7784521627	0	0.5904391883	-0.8070821302	0	0.8070821302	0.5904391883	0	0	0	1
0.21	0.2428907192	-0.7876407904	0	0.5385873701	-0.8425696676	0	0.8425696676	0.5385873701	0	0	0	1
0.22	0.2837797855	-0.7976905782	0	0.4723166576	-0.8814289392	0	0.8814289392	0.4723166576	0	0	0	1
0.23	0.3248290819	-0.8055590495	0	0.3972926113	-0.9176919859	0	0.9176919859	0.3972926113	0	0	0	1
0.24	0.3640881669	-0.8088969571	0	0.3241754576	-0.9459969729	0	0.9459969729	0.3241754576	0	0	0	1
0.25	0.4004924476	-0.8087523615	0	0.2561856735	-0.9666275915	0	0.9666275915	0.2561856735	0	0	0	1
0.26	0.4340690464	-0.8072811504	0	0.1903122502	-0.9817236105	0	0.9817236105	0.1903122502	0	0	0	1
0.27	0.4652126381	-0.8055968507	0	0.1244511448	-0.9922257367	0	0.9922257367	0.1244511448	0	0	0	1
0.28	0.4942878038	-0.8036560392	0	0.05937768089	-0.9982355889	0	0.9982355889	0.05937768089	0	0	0	1
0.29	0.5217205433	-0.8011825024	0	-0.003608052391	-0.999993491	0	0.999993491	-0.003608052391	0	0	0	1
0.3	0.5481552279	-0.798259405	0	-0.06451486801	-0.9979167459	0	0.9979167459	-0.06451486801	0	0	0	1
0.31	0.5743663681	-0.7952229016	0	-0.124347083	-0.9922387832	0	0.9922387832	-0.124347083	0	0	0	1
0.32	0.6010131315	-0.7923162031	0	-0.1838162212	-0.9829606283	0	0.9829606283	-0.1838162212	0	0	0	1
0.33	0.6284810104	-0.7895589879	0	-0.2427398467	-0.9700914219	0	0.9700914219	-0.2427398467	0	0	0	1
0.34	0.6568887621	-0.786841661	0	-0.3003701722	-0.9538227087	0	0.9538227087	-0.3003701722	0	0	0	1
0.35	0.6861652189	-0.7840390444	0	-0.3559245551	-0.9345146928	0	0.9345146928	-0.3559245551	0	0	0	1
0.36	0.7161014204	-0.7810445	0	-0.4088038908	-0.9126222542	0	0.9126222542	-0.4088038908	0	0	0	1
0.37	0.7463578142	-0.777733363	0	-0.458593663	-0.8886460782	0	0.8886460782	-0.458593663	0	0	0	1
0.38	0.7764644138	-0.7740328141	0	-0.5048365806	-0.8632149367	0	0.8632149367	-0.5048365806	0	0	0	1
0.39	0.8059147651	-0.7700046276	0	-0.5470813053	-0.8370794737	0	0.8370794737	-0.5470813053	0	0	0	1
0.4	0.8342479424	-0.7658349103	0	-0.5851008468	-0.810960541	0	0.810960541	-0.5851008468	0	0	0	1
0.41	0.861042301	-0.7617635888	0	-0.6188271975	-0.7855271476	0	0.7855271476	-0.6188271975	0	0	0	1
0.42	0.885909072	-0.7580645877	0	-0.64825491	-0.7614233853	0	0.7614233853	-0.64825491	0	0	0	1
0.43	0.9084783775	-0.7550530777	0	-0.6733622946	-0.7393126674	0	0.7393126674	-0.6733622946	0	0	0	1
0.44	0.9283705449	-0.7530763439	0	-0.693882969	-0.72008779	0	0.72008779	-0.693882969	0	0	0	1
0.45	0.9452293499	-0.7524786307	0	-0.7093454538	-0.7048609985	0	0.7048609985	-0.7093454538	0	0	0	1
0.46	0.9587785402	-0.7535383521	0	-0.719250108	-0.6947512376	0	0.6947512376	-0.719250108	0	0	0	1
0.47	0.9688642455	-0.7564062115	0	-0.7231830012	-0.6906564608	0	0.6906564608	-0.7231830012	0	0	0	1
0.48	0.9754818687	-0.7610701421	0	-0.7208483962	-0.6930927713	0	0.6930927713	-0.7208483962	0	0	0	1
0.49	0.9787944248	-0.767356707	0	-0.7120779064	-0.7021004595	0	0.7021004595	-0.7120779064	0	0	0	1
0.5	0.979141278	-0.7749681168	0	-0.6968480389	-0.7172188025	0	0.7172188025	-0.6968480389	0	0	0	1
0.51	0.9770300671	-0.7835465542	0	-0.6753110451	-0.7375330449	0	0.7375330449	-0.6753110451	0	0	0	1
0.52	0.9731054335	-0.7927498754	0	-0.6478234272	-0.7617905271	0	0.7617905271	-0.6478234272	0	0	0	1
0.53	0.9680950817	-0.8023152321	0	-0.6149548728	-0.7885623022	0	0.7885623022	-0.6149548728	0	0	0	1
0.54	0.9627445441	-0.8120801037	0	-0.5774932287	-0.8163954745	0	0.8163954745	-0.5774932287	0	0	0	1
0.55	0.957735574	-0.8220132506	0	-0.5364259939	-0.8439473639	0	0.8439473639	-0.5364259939	0	0	0	1
0.56	0.9536112165	-0.8322116404	0	-0.4926178907	-0.8702457203	0	0.8702457203	-0.4926178907	0	0	0	1
0.57	0.9507924754	-0.8428334411	0	-0.4468670996	-0.8946003551	0	0.8946003551	-0.4468670996	0	0	0	1
0.58	0.9496250438	-0.8540738244	0	-0.4002850173	-0.9163906945	0	0.9163906945	-0.4002850173	0	0	0	1
0.59	0.9503398644	-0.8661511288	0	-0.3542627453	-0.9351459283	0	0.9351459283	-0.3542627453	0	0	0	1
0.6	0.9530173243	-0.8792194515	0	-0.3103108498	-0.9506351437	0	0.9506351437	-0.3103108498	0	0	0	1
0.61	0.9569349935	-0.8914214786	0	-0.2612741377	-0.9652646399	0	0.9652646399	-0.2612741377	0	0	0	1
0.62	0.9611418253	-0.9025462052	0	-0.2082069179	-0.9780848017	0	0.9780848017	-0.2082069179	0	0	0	1
0.63	0.9647497578	-0.9131131524	0	-0.1620017154	-0.9867904764	0	0.9867904764	-0.1620017154	0	0	0	1
0.64	0.9649978777	-0.9220628162	0	-0.1590736438	-0.9872667197	0	0.9872667197	-0.1590736438	0	0	0	1
0.65	0.9654921355	-0.9285643723	0	-0.1520544766	-0.9883721142	0	0.9883721142	-0.1520544766	0	0	0	1
0.66	0.9664728379	-0.9318073114	0	-0.1377898116	-0.9904614923	0	0.9904614923	-0.1377898116	0	0	0	1
0.67	0.9678670188	-0.9318383828	0	-0.1174570026	-0.993077969	0	0.993077969	-0.1174570026	0	0	0	1
0.68	0.9695567994	-0.929177491	0	-0.09256619333	-0.995706533	0	0.995706533	-0.09256619333	0	0	0	1
0.69	0.9714627928	-0.9245364008	0	-0.06422111288	-0.9979356936	0	0.9979356936	-0.06422111288	0	0	0	1
0.7	0.9735611431	-0.9186689125	0	-0.03329926513	-0.9994454257	0	0.9994454257	-0.03329926513	0	0	0	1
0.71	0.975898042	-0.9122347844	0	-0.0005851941061	-0.9999998288	0	0.9999998288	-0.0005851941061	0	0	0	1
0.72	0.9786523636	-0.9054710418	0	0.03452020379	-0.9994040002	0	0.9994040002	0.03452020379	0	0	0	1
0.73	0.9819151732	-0.8983981802	0	0.07222149707	-0.997388618	0	0.997388618	0.07222149707	0	0	0	1
0.74	0.9856802245	-0.8910572077	0	0.1118349938	-0.9937267905	0	0.9937267905	0.1118349938	0	0	0	1
0.75	0.9899125736	-0.8834896125	0	0.1526118503	-0.9882862051	0	0.9882862051	0.1526118503	0	0	0	1
0.76	0.9945762467	-0.875735823	0	0.1939759996	-0.981006275	0	0.981006275	0.1939759996	0	0	0	1
0.77	0.9996383069	-0.8678403164	0	0.23550086	-0.9718741405	0	0.9718741405	0.23550086	0	0	0	1
0.78	1.005065185	-0.8598572918	0	0.2768391207	-0.9609162821	0	0.9609162821	0.2768391207	0	0	0	1
0.79	1.010817912	-0.851851712	0	0.3176699368	-0.9482013559	0	0.9482013559	0.3176699368	0	0	0	1
0.8	1.016848188	-0.8438969565	0	0.3576698972	-0.9338480844	0	0.9338480844	0.3576698972	0	0	0	1
0.81	1.023095277	-0.8360724812	0	0.3964992791	-0.9180350329	0	0.9180350329	0.3964992791	0	0	0	1
0.82	1.029482621	-0.8284657793	0	0.4337913115	-0.9010133728	0	0.9010133728	0.4337913115	0	0	0	1
0.83	1.035916731	-0.8211731117	0	0.469158339	-0.8831140657	0	0.8831140657	0.469158339	0	0	0	1
0.84	1.042291254	-0.8142966325	0	0.5022238008	-0.8647376792	0	0.8647376792	0.5022238008	0	0	0	1
0.85	1.048499708	-0.8079341633	0	0.5326881432	-0.8463116105	0	0.8463116105	0.5326881432	0	0	0	1
0.86	1.054452552	-0.8021661874	0	0.5603986302	-0.8282230227	0	0.8282230227	0.5603986302	0	0	0	1
0.87	1.060093084	-0.7970443774	0	0.5853962578	-0.8107473228	0	0.8107473228	0.5853962578	0	0	0	1
0.88	1.065406635	-0.7925843336	0	0.607917274	-0.7940003703	0	0.7940003703	0.607917274	0	0	0	1
0.89	1.070420972	-0.7887643718	0	0.6283453044	-0.7779345592	0	0.7779345592	0.6283453044	0	0	0	1
0.9	1.075197637	-0.7855299934	0	0.6471331454	-0.7623770013	0	0.7623770013	0.6471331454	0	0	0	1
0.91	1.079815136	-0.7828018445	0	0.6647191483	-0.7470933368	0	0.7470933368	0.6647191483	0	0	0	1
0.92	1.084348141	-0.7804845189	0	0.6814568857	-0.7318582602	0	0.7318582602	0.6814568857	0	0	0	1
0.93	1.088847454	-0.7784756202	0	0.697563129	-0.7165233291	0	0.7165233291	0.697563129	0	0	0	1
0.94	1.093325648	-0.7766742392	0	0.7130927594	-0.7010696945	0	0.7010696945	0.7130927594	0	0	0	1
0.95	1.097750829	-0.7749880417	0	0.7279437249	-0.6856368816	0	0.6856368816	0.7279437249	0	0	0	1
0.96	1.102048738	-0.7733394751	0	0.7418876541	-0.6705242044	0	0.6705242044	0.7418876541	0	0	0	1
0.97	1.106112638	-0.7716700651	0	0.7546186094	-0.6561636643	0	0.6561636643	0.7546186094	0	0	0	1
0.98	1.109819021	-0.769943018	0	0.7658078313	-0.6430694873	0	0.6430694873	0.7658078313	0	0	0	1
0.99	1.113048945	-0.7681435772	0	0.7751575156	-0.631768016	0	0.631768016	0.7751575156	0	0	0	1
1	1.115712894	-0.7662782823	0	0.7824371138	-0.6227296066	0	0.6227296066	0.7824371138	0	0	0	1
1.01	1.117790708	-0.7643806754	0	0.7874361577	-0.616396218	0	0.616396218	0.7874361577	0	0	0	1
1.02	1.119560254	-0.7626251759	0	0.7892643649	-0.6140535501	0	0.6140535501	0.7892643649	0	0	0	1
1.03	1.121420189	-0.7611604518	0	0.7880857258	-0.6155655032	0	0.6155655032	0.7880857258	0	0	0	1
1.04	1.123379689	-0.7598400955	0	0.7853583342	-0.6190414258	0	0.6190414258	0.7853583342	0	0	0	1
1.05	1.125012605	-0.7582388669	0	0.7830087151	-0.6220107331	0	0.6220107331	0.7830087151	0	0	0	1
1.06	1.125901012	-0.7560210663	0	0.7822183673	-0.6230043547	0	0.6230043547	0.7822183673	0	0	0	1
1.07	1.125880771	-0.7530459961	0	0.783604776	-0.6212596518	0	0.6212596518	0.783604776	0	0	0	1
1.08	1.125050448	-0.7493299893	0	0.7875233613	-0.6162848006	0	0.6162848006	0.7875233613	0	0	0	1
1.09	1.123751138	-0.7451012174	0	0.7939084215	-0.6080373494	0	0.6080373494	0.7939084215	0	0	0	1
1.1	1.12254978	-0.7408000453	0	0.8021742177	-0.5970900472	0	0.5970900472	0.8021742177	0	0	0	1
1.11	1.122375845	-0.7366447558	0	0.8099103391	-0.5865536997	0	0.5865536997	0.8099103391	0	0	0	1
1.12	1.123809873	-0.7326223155	0	0.816604886	-0.5771970722	0	0.5771970722	0.816604886	0	0	0	1
1.13	1.127757236	-0.728546709	0	0.8229080211	-0.5681746112	0	0.5681746112	0.8229080211	0	0	0	1
1.14	1.135305303	-0.7246301142	0	0.8261971162	-0.5633811545	0	0.5633811545	0.8261971162	0	0	0	1
1.15	1.146649785	-0.7217445457	0	0.8238963992	-0.5667404374	0	0.5667404374	0.8238963992	0	0	0	1
1.16	1.161360805	-0.7206789618	0	0.8144848898	-0.5801847673	0	0.5801847673	0.8144848898	0	0	0	1
1.17	1.178852025	-0.7213236309	0	0.7980007888	-0.6026564038	0	0.6026564038	0.7980007888	0	0	0	1
1.18	1.198568624	-0.7228899073	0	0.7758894097	-0.6308689435	0	0.6308689435	0.7758894097	0	0	0	1
1.19	1.219992219	-0.7246496382	0	0.7498932154	-0.6615588905	0	0.6615588905	0.7498932154	0	0	0	1
1.2	1.24269236	-0.7264442275	0	0.7209414419	-0.6929959866	0	0.6929959866	0.7209414419	0	0	0	1
1.21	1.266455399	-0.7286749804	0	0.6886458814	-0.725097821	0	0.725097821	0.6886458814	0	0	0	1
1.22	1.291377123	-0.7318813055	0	0.6512769485	-0.7588401257	0	0.7588401257	0.6512769485	0	0	0	1
1.23	1.317750199	-0.7362956126	0	0.6070830195	-0.794638413	0	0.794638413	0.6070830195	0	0	0	1
1.24	1.345907617	-0.7418136911	0	0.5550030947	-0.8318482823	0	0.8318482823	0.5550030947	0	0	0	1
1.25	1.376089244	-0.7481821034	0	0.4945315365	-0.8691596858	0	0.8691596858	0.4945315365	0	0	0	1
1.26	1.408374805	-0.7551120921	0	0.425703185	-0.9048628616	0	0.9048628616	0.425703185	0	0	0	1
1.27	1.442672923	-0.7622718004	0	0.3492983526	-0.9370115585	0	0.9370115585	0.3492983526	0	0	0	1
1.28	1.478741159	-0.7692721694	0	0.266970609	-0.9637046715	0	0.9637046715	0.266970609	0	0	0	1
1.29	1.516236438	-0.7757251599	0	0.1810240705	-0.9834786657	0	0.9834786657	0.1810240705	0	0	0	1
1.3	1.554789611	-0.7813328708	0	0.0939223048	-0.9955795301	0	0.9955795301	0.0939223048	0	0	0	1
1.31	1.594085828	-0.7859309867	0	0.007787256672	-0.9999696789	0	0.9999696789	0.007787256672	0	0	0	1
1.32	1.633907134	-0.7894570236	0	-0.07585118973	-0.9971191489	0	0.9971191489	-0.07585118973	0	0	0	1
1.33	1.674119486	-0.7918841616	0	-0.156041861	-0.987750443	0	0.987750443	-0.156041861	0	0	0	1
1.34	1.714621359	-0.7931722648	0	-0.2322752992	-0.9726500837	0	0.9726500837	-0.2322752992	0	0	0	1
1.35	1.755277863	-0.7932545168	0	-0.3043206678	-0.9525696463	0	0.9525696463	-0.3043206678	0	0	0	1
1.36	1.795858426	-0.792053088	0	-0.3720677329	-0.9282055818	0	0.9282055818	-0.3720677329	0	0	0	1
1.37	1.835990938	-0.7895156417	0	-0.4353895554	-0.9002421536	0	0.9002421536	-0.4353895554	0	0	0	1
1.38	1.875146045	-0.7856659011	0	-0.4940539366	-0.8694312553	0	0.8694312553	-0.4940539366	0	0	0	1
1.39	1.912657813	-0.780655492	0	-0.5477000402	-0.8366747671	0	0.8366747671	-0.5477000402	0	0	0	1
1.4	1.947776986	-0.7747986769	0	-0.5958709072	-0.8030802338	0	0.8030802338	-0.5958709072	0	0	0	1
1.41	1.979745703	-0.7685738995	0	-0.6380812643	-0.7699690254	0	0.7699690254	-0.6380812643	0	0	0	1
1.42	2.007866984	-0.7625872916	0	-0.6738818845	-0.7388390932	0	0.7388390932	-0.6738818845	0	0	0	1
1.43	2.031563485	-0.7575026849	0	-0.7029120423	-0.7112767821	0	0.7112767821	-0.7029120423	0	0	0	1
1.44	2.050417383	-0.7539507112	0	-0.7249290179	-0.6888235761	0	0.6888235761	-0.7249290179	0	0	0	1
1.45	2.064185788	-0.7524370875	0	-0.7398020605	-0.6728245769	0	0.6728245769	-0.7398020605	0	0	0	1
1.46	2.07280289	-0.7532682619	0	-0.7474879731	-0.6642753421	0	0.6642753421	-0.7474879731	0	0	0	1
1.47	2.076374803	-0.7565106358	0	-0.7479983388	-0.663700599	0	0.663700599	-0.7479983388	0	0	0	1
1.48	2.075174969	-0.7619918522	0	-0.7413774045	-0.6710883281	0	0.6710883281	-0.7413774045	0	0	0	1
1.49	2.069639542	-0.7693441786	0	-0.7277011166	-0.6858943686	0	0.6858943686	-0.7277011166	0	0	0	1
1.5	2.06035649	-0.7780800562	0	-0.7070957689	-0.7071177933	0	0.7071177933	-0.7070957689	0	0	0	1
1.51	2.050699143	-0.7867092456	0	-0.6843866605	-0.7291192625	0	0.7291192625	-0.6843866605	0	0	0	1
1.52	2.04012171	-0.7953768901	0	-0.6632766904	-0.7483742593	0	0.7483742593	-0.6632766904	0	0	0	1
1.53	2.028282454	-0.8041282132	0	-0.6371703224	-0.7707230243	0	0.7707230243	-0.6371703224	0	0	0	1
1.54	2.015503152	-0.8129568008	0	-0.607511127	-0.7943111674	0	0.7943111674	-0.607511127	0	0	0	1
1.55	2.001627981	-0.8219581984	0	-0.5729426321	-0.8195954736	0	0.8195954736	-0.5729426321	0	0	0	1
1.56	1.98670104	-0.8311162352	0	-0.5321277469	-0.846664078	0	0.846664078	-0.5321277469	0	0	0	1
1.57	1.971243388	-0.8403718375	0	-0.4854080648	-0.8742877162	0	0.8742877162	-0.4854080648	0	0	0	1
1.58	1.956076265	-0.8497689226	0	-0.4339709786	-0.9009268504	0	0.9009268504	-0.4339709786	0	0	0	1
1.59	1.942076878	-0.8593657148	0	-0.3788284161	-0.925466926	0	0.925466926	-0.3788284161	0	0	0	1
1.6	1.930176122	-0.8693409275	0	-0.3220840543	-0.9467110763	0	0.9467110763	-0.3220840543	0	0	0	1
1.61	1.921497157	-0.8800368686	0	-0.2685621318	-0.9632623637	0	0.9632623637	-0.2685621318	0	0	0	1
1.62	1.922829069	-0.8912638189	0	-0.2357214845	-0.9718206531	0	0.9718206531	-0.2357214845	0	0	0	1
1.63	1.92641646	-0.9010028814	0	-0.1896406765	-0.9818535603	0	0.9818535603	-0.1896406765	0	0	0	1
1.64	1.929834205	-0.9101433439	0	-0.1452546978	-0.9893942959	0	0.9893942959	-0.1452546978	0	0	0	1
1.65	1.930155432	-0.9182455151	0	-0.1408322462	-0.9900334734	0	0.9900334734	-0.1408322462	0	0	0	1
1.66	1.930669147	-0.9246414338	0	-0.1331245125	-0.991099321	0	0.991099321	-0.1331245125	0	0	0	1
1.67	1.931628044	-0.9281666029	0	-0.1186465676	-0.9929365498	0	0.9929365498	-0.1186465676	0	0	0	1
1.68	1.932989186	-0.9286325875	0	-0.09813092211	-0.9951735136	0	0.9951735136	-0.09813092211	0	0	0	1
1.69	1.934627749	-0.9263702288	0	-0.07338809925	-0.9973034578	0	0.9973034578	-0.07338809925	0	0	0	1
1.7	1.936430715	-0.92195055	0	-0.04610590577	-0.9989365573	0	0.9989365573	-0.04610590577	0	0	0	1
1.71	1.938312534	-0.9161649252	0	-0.01765233089	-0.9998441855	0	0.9998441855	-0.01765233089	0	0	0	1
1.72	1.940277731	-0.9098472006	0	0.01112936717	-0.9999380667	0	0.9999380667	0.01112936717	0	0	0	1
1.73	1.942497054	-0.9034224234	0	0.04082824162	-0.9991661797	0	0.9991661797	0.04082824162	0	0	0	1
1.74	1.945042096	-0.8970629259	0	0.07158732909	-0.9974343358	0	0.9974343358	0.07158732909	0	0	0	1
1.75	1.947931796	-0.8907667158	0	0.1033326351	-0.9946468552	0	0.9946468552	0.1033326351	0	0	0	1
1.76	1.9511919	-0.8844398441	0	0.1361341617	-0.9906904108	0	0.9906904108	0.1361341617	0	0	0	1
1.77	1.954831216	-0.8780093649	0	0.1698800034	-0.9854647556	0	0.9854647556	0.1698800034	0	0	0	1
1.78	1.958799917	-0.871490015	0	0.2039869884	-0.9789735995	0	0.9789735995	0.2039869884	0	0	0	1
1.79	1.962988839	-0.8649803146	0	0.237540413	-0.9713776568	0	0.9713776568	0.237540413	0	0	0	1
1.8	1.967271073	-0.8586117734	0	0.2696993389	-0.9629445813	0	0.9629445813	0.2696993389	0	0	0	1
1.81	1.971553466	-0.8524941874	0	0.3000376819	-0.9539273502	0	0.9539273502	0.3000376819	0	0	0	1
1.82	1.975808571	-0.8466856571	0	0.3286503579	-0.9444516622	0	0.9444516622	0.3286503579	0	0	0	1
1.83	1.980076385	-0.8411915325	0	0.3560389464	-0.9344711171	0	0.9344711171	0.3560389464	0	0	0	1
1.84	1.984442333	-0.8359807441	0	0.382885	-0.9237960147	0	0.9237960147	0.382885	0	0	0	1
1.85	1.989005434	-0.8310056376	0	0.4098222506	-0.9121654033	0	0.9121654033	0.4098222506	0	0	0	1
1.86	1.993847419	-0.8262179276	0	0.4372677252	-0.899331383	0	0.899331383	0.4372677252	0	0	0	1
1.87	1.999008799	-0.8215794507	0	0.4653315148	-0.8851364761	0	0.8851364761	0.4653315148	0	0	0	1
1.88	2.004474449	-0.8170686098	0	0.4938028353	-0.8695738956	0	0.8695738956	0.4938028353	0	0	0	1
1.89	2.010169416	-0.8126835736	0	0.5221992507	-0.852823512	0	0.852823512	0.5221992507	0	0	0	1
1.9	2.015965555	-0.8084430395	0	0.5498641149	-0.8352541261	0	0.8352541261	0.5498641149	0	0	0	1
1.91	2.021698831	-0.8043848058	0	0.5760921144	-0.8173847783	0	0.8173847783	0.5760921144	0	0	0	1
1.92	2.02719498	-0.8005600611	0	0.6002593131	-0.7998054495	0	0.7998054495	0.6002593131	0	0	0	1
1.93	2.032302865	-0.7970184564	0	0.6219447019	-0.7830611648	0	0.7830611648	0.6219447019	0	0	0	1
1.94	2.036939369	-0.793780623	0	0.6410644795	-0.7674870247	0	0.7674870247	0.6410644795	0	0	0	1
1.95	2.041146416	-0.7908195795	0	0.6580218496	-0.752998835	0	0.752998835	0.6580218496	0	0	0	1
1.96	2.045103722	-0.7880792619	0	0.673667485	-0.7390345863	0	0.7390345863	0.673667485	0	0	0	1
1.97	2.049048313	-0.7855075124	0	0.6889327464	-0.7248252693	0	0.7248252693	0.6889327464	0	0	0	1
1.98	2.053185425	-0.783057002	0	0.7044995756	-0.7097044089	0	0.7097044089	0.7044995756	0	0	0	1
1.99	2.057639789	-0.7806632584	0	0.720681408	-0.6932664049	0	0.6932664049	0.720681408	0	0	0	1
2	2.062427811	-0.778239573	0	0.7374010811	-0.6754551396	0	0.6754551396	0.7374010811	0	0	0	1
2.01	2.067470333	-0.7756980854	0	0.7542881575	-0.6565435061	0	0.6565435061	0.7542881575	0	0	0	1
2.02	2.072616178	-0.7729749212	0	0.7707931311	-0.6370855116	0	0.6370855116	0.7707931311	0	0	0	1
2.03	2.077654437	-0.7700481642	0	0.7862574164	-0.6178990817	0	0.6178990817	0.7862574164	0	0	0	1
2.04	2.082350347	-0.766950442	0	0.8000226605	-0.5999697848	0	0.5999697848	0.8000226605	0	0	0	1
2.05	2.086511934	-0.7637775983	0	0.8115174289	-0.5843282149	0	0.5843282149	0.8115174289	0	0	0	1
2.06	2.090189128	-0.7607691371	0	0.8196744218	-0.57282968	0	0.57282968	0.8196744218	0	0	0	1
2.07	2.094020997	-0.7584318999	0	0.8233126945	-0.5675880611	0	0.5675880611	0.8233126945	0	0	0	1
2.08	2.09806911	-0.7566952993	0	0.8246982098	-0.5655730392	0	0.5655730392	0.8246982098	0	0	0	1
2.09	2.102115829	-0.7553108117	0	0.825312064	-0.5646768961	0	0.5646768961	0.825312064	0	0	0	1
2.1	2.106045344	-0.7541318651	0	0.8257767861	-0.5639970741	0	0.5639970741	0.8257767861	0	0	0	1
2.11	2.109865935	-0.7530595727	0	0.8265687288	-0.5628357989	0	0.5628357989	0.8265687288	0	0	0	1
2.12	2.113703659	-0.7520382565	0	0.8281048182	-0.560573287	0	0.560573287	0.8281048182	0	0	0	1
2.13	2.117779984	-0.7510619426	0	0.8307833304	-0.5565959557	0	0.5565959557	0.8307833304	0	0	0	1
2.14	2.122715181	-0.7500100239	0	0.8332181488	-0.5529444064	0	0.5529444064	0.8332181488	0	0	0	1
2.15	2.129200555	-0.7484395454	0	0.8343879042	-0.5511776713	0	0.5511776713	0.8343879042	0	0	0	1
2.16	2.137586239	-0.7463444123	0	0.8353391813	-0.5497348926	0	0.5497348926	0.8353391813	0	0	0	1
2.17	2.148042133	-0.7442297172	0	0.8350636346	-0.5501533661	0	0.5501533661	0.8350636346	0	0	0	1
2.18	2.160672571	-0.7423436494	0	0.8327518119	-0.5536464754	0	0.5536464754	0.8327518119	0	0	0	1
2.19	2.17577312	-0.7405943415	0	0.8277547793	-0.5610900332	0	0.5610900332	0.8277547793	0	0	0	1
2.2	2.193048015	-0.7394687585	0	0.8190921312	-0.5736619917	0	0.5736619917	0.8190921312	0	0	0	1
2.21	2.21185738	-0.7389638434	0	0.8065493383	-0.5911667826	0	0.5911667826	0.8065493383	0	0	0	1
2.22	2.231591608	-0.7383202452	0	0.7916223274	-0.6110107124	0	0.6110107124	0.7916223274	0	0	0	1
2.23	2.251712059	-0.7367701064	0	0.7763648622	-0.6302837463	0	0.6302837463	0.7763648622	0	0	0	1
2.24	2.271767144	-0.7341232502	0	0.7620495497	-0.6475187131	0	0.6475187131	0.7620495497	0	0	0	1
2.25	2.291460589	-0.7308074863	0	0.7487393773	-0.6628644997	0	0.6628644997	0.7487393773	0	0	0	1
2.26	2.310690363	-0.7275680885	0	0.7356437847	-0.6773686013	0	0.6773686013	0.7356437847	0	0	0	1
2.27	2.329529815	-0.7250870918	0	0.7214998715	-0.692414569	0	0.692414569	0.7214998715	0	0	0	1
2.28	2.348163709	-0.7236041852	0	0.7052103958	-0.7089980943	0	0.7089980943	0.7052103958	0	0	0	1
2.29	2.366840879	-0.7230000367	0	0.6863577416	-0.7272640858	0	0.7272640858	0.6863577416	0	0	0	1
2.3	2.385769149	-0.7231730336	0	0.664636189	-0.7471671408	0	0.7471671408	0.664636189	0	0	0	1
2.31	2.405043142	-0.7241567039	0	0.6395517852	-0.7687480173	0	0.7687480173	0.6395517852	0	0	0	1
2.32	2.424648827	-0.7259861786	0	0.6106671101	-0.7918874167	0	0.7918874167	0.6106671101	0	0	0	1
2.33	2.444496667	-0.7285712011	0	0.5779359007	-0.8160821617	0	0.8160821617	0.5779359007	0	0	0	1
2.34	2.464451688	-0.7316997807	0	0.5417689196	-0.8405274759	0	0.8405274759	0.5417689196	0	0	0	1
2.35	2.484366125	-0.735139403	0	0.5027874915	-0.8644100522	0	0.8644100522	0.5027874915	0	0	0	1
2.36	2.504121593	-0.738742651	0	0.4614695002	-0.8871560744	0	0.8871560744	0.4614695002	0	0	0	1
2.37	2.523674625	-0.7424957546	0	0.4179129171	-0.9084870906	0	0.9084870906	0.4179129171	0	0	0	1
2.38	2.543080796	-0.746490572	0	0.3718584275	-0.9282894537	0	0.9282894537	0.3718584275	0	0	0	1
2.39	2.562487033	-0.7508545254	0	0.3229054856	-0.9464312164	0	0.9464312164	0.3229054856	0	0	0	1
2.4	2.582101421	-0.7556879041	0	0.2707550764	-0.9626482684	0	0.9626482684	0.2707550764	0	0	0	1
2.41	2.602161676	-0.7610383345	0	0.2153470876	-0.9765375732	0	0.9765375732	0.2153470876	0	0	0	1
2.42	2.622915104	-0.7669034307	0	0.1568824985	-0.9876172749	0	0.9876172749	0.1568824985	0	0	0	1
2.43	2.644610224	-0.7732356863	0	0.09579429496	-0.9954011518	0	0.9954011518	0.09579429496	0	0	0	1
2.44	2.667488956	-0.7799322611	0	0.03271700651	-0.9994646554	0	0.9994646554	0.03271700651	0	0	0	1
2.45	2.691770156	-0.7868156202	0	-0.0315433845	-0.9995023836	0	0.9995023836	-0.0315433845	0	0	0	1
2.46	2.717619897	-0.7936219192	0	-0.09607329264	-0.9953742625	0	0.9953742625	-0.09607329264	0	0	0	1
2.47	2.745112364	-0.8000118741	0	-0.1599452733	-0.9871258833	0	0.9871258833	-0.1599452733	0	0	0	1
2.48	2.774187404	-0.8056070483	0	-0.2222992527	-0.974978483	0	0.974978483	-0.2222992527	0	0	0	1
2.49	2.804616238	-0.8100494414	0	-0.2823810058	-0.9593023338	0	0.9593023338	-0.2823810058	0	0	0	1
2.5	2.835994056	-0.8130755408	0	-0.3395460857	-0.9405894193	0	0.9405894193	-0.3395460857	0	0	0	1
2.51	2.867768866	-0.8145791603	0	-0.3932572628	-0.9194284775	0	0.9194284775	-0.3932572628	0	0	0	1
2.52	2.899291995	-0.814636477	0	-0.4430365985	-0.8965035262	0	0.8965035262	-0.4430365985	0	0	0	1
2.53	2.929864802	-0.8134920275	0	-0.4883820537	-0.8726299156	0	0.8726299156	-0.4883820537	0	0	0	1
2.54	2.95878621	-0.8115277669	0	-0.5287105786	-0.8488021702	0	0.8488021702	-0.5287105786	0	0	0	1
2.55	2.985413039	-0.8092176358	0	-0.5634108031	-0.8261768981	0	0.8261768981	-0.5634108031	0	0	0	1
2.56	3.009213661	-0.8070641308	0	-0.5919363755	-0.8059846943	0	0.8059846943	-0.5919363755	0	0	0	1
2.57	3.029802087	-0.8055297306	0	-0.6138592725	-0.7894154759	0	0.7894154759	-0.6138592725	0	0	0	1
2.58	3.046961148	-0.8049773569	0	-0.6289089945	-0.7774789236	0	0.7774789236	-0.6289089945	0	0	0	1
2.59	3.060653497	-0.8056310939	0	-0.6370046179	-0.7708599852	0	0.7708599852	-0.6370046179	0	0	0	1
2.6	3.071020473	-0.8075663395	0	-0.6382679354	-0.769814291	0	0.769814291	-0.6382679354	0	0	0	1
2.61	3.078364722	-0.8107317878	0	-0.6330134732	-0.7741407771	0	0.7741407771	-0.6330134732	0	0	0	1
2.62	3.083121276	-0.8149920393	0	-0.6217373775	-0.783225787	0	0.783225787	-0.6217373775	0	0	0	1
2.63	3.085798332	-0.8201631668	0	-0.6050389368	-0.7961958835	0	0.7961958835	-0.6050389368	0	0	0	1
2.64	3.08695561	-0.8260188651	0	-0.5837805744	-0.8119114736	0	0.8119114736	-0.5837805744	0	0	0	1
2.65	3.087116853	-0.8324217996	0	-0.5589816747	-0.829180009	0	0.829180009	-0.5589816747	0	0	0	1
2.66	3.086622854	-0.8393355577	0	-0.5308350929	-0.8474751348	0	0.8474751348	-0.5308350929	0	0	0	1
2.67	3.085756214	-0.846757934	0	-0.4992126857	-0.866479483	0	0.866479483	-0.4992126857	0	0	0	1
2.68	3.084866667	-0.8547153848	0	-0.4644217255	-0.8856141716	0	0.8856141716	-0.4644217255	0	0	0	1
2.69	3.084351597	-0.8632772604	0	-0.4272415161	-0.9041375376	0	0.9041375376	-0.4272415161	0	0	0	1
2.7	3.084580085	-0.8725505402	0	-0.388616866	-0.9213994419	0	0.9213994419	-0.388616866	0	0	0	1
2.71	3.08656872	-0.8825035062	0	-0.352493882	-0.9358141179	0	0.9358141179	-0.352493882	0	0	0	1
2.72	3.089816866	-0.891615339	0	-0.3124152951	-0.9499456213	0	0.9499456213	-0.3124152951	0	0	0	1
2.73	3.09334104	-0.9000232573	0	-0.2686090155	-0.9632492911	0	0.9632492911	-0.2686090155	0	0	0	1
2.74	3.096750624	-0.9079697123	0	-0.2256631386	-0.9742053931	0	0.9742053931	-0.2256631386	0	0	0	1
2.75	3.100001782	-0.9152632846	0	-0.1840864374	-0.9829100587	0	0.9829100587	-0.1840864374	0	0	0	1
2.76	3.100971452	-0.9211902155	0	-0.1711140297	-0.9852512313	0	0.9852512313	-0.1711140297	0	0	0	1
2.77	3.1016892	-0.9254371335	0	-0.1607250529	-0.9869992185	0	0.9869992185	-0.1607250529	0	0	0	1
2.78	3.102840187	-0.9273818209	0	-0.1439974882	-0.9895780532	0	0.9895780532	-0.1439974882	0	0	0	1
2.79	3.104340752	-0.9270444751	0	-0.1221826666	-0.9925076302	0	0.9925076302	-0.1221826666	0	0	0	1
2.8	3.106027562	-0.9248801556	0	-0.09744561522	-0.9952408513	0	0.9952408513	-0.09744561522	0	0	0	1
2.81	3.107793702	-0.9214101639	0	-0.071466096	-0.9974430295	0	0.9974430295	-0.071466096	0	0	0	1
2.82	3.109604405	-0.9170866717	0	-0.04513944067	-0.998980696	0	0.998980696	-0.04513944067	0	0	0	1
2.83	3.111469644	-0.9123005076	0	-0.01891543381	-0.9998210872	0	0.9998210872	-0.01891543381	0	0	0	1
2.84	3.113438813	-0.907341147	0	0.007112629071	-0.9999747049	0	0.9999747049	0.007112629071	0	0	0	1
2.85	3.115599838	-0.9022489381	0	0.03373674306	-0.9994307541	0	0.9994307541	0.03373674306	0	0	0	1
2.86	3.117963751	-0.8971123529	0	0.06084413697	-0.9981472792	0	0.9981472792	0.06084413697	0	0	0	1
2.87	3.120467659	-0.8920270234	0	0.08772055473	-0.9961451221	0	0.9961451221	0.08772055473	0	0	0	1
2.88	3.123057991	-0.8870243674	0	0.1139344047	-0.9934882744	0	0.9934882744	0.1139344047	0	0	0	1
2.89	3.125720292	-0.8820981825	0	0.139484565	-0.9902242454	0	0.9902242454	0.139484565	0	0	0	1
2.9	3.128463421	-0.877240712	0	0.1645530783	-0.9863682296	0	0.9863682296	0.1645530783	0	0	0	1
2.91	3.131301777	-0.8724527726	0	0.1893234852	-0.9819147712	0	0.9819147712	0.1893234852	0	0	0	1
2.92	3.134251906	-0.8677390011	0	0.2139568787	-0.9768431062	0	0.9768431062	0.2139568787	0	0	0	1
2.93	3.137336172	-0.8631011191	0	0.2386249526	-0.971111802	0	0.971111802	0.2386249526	0	0	0	1
2.94	3.14058428	-0.858533214	0	0.2635199042	-0.9646539587	0	0.9646539587	0.2635199042	0	0	0	1
2.95	3.144029102	-0.8540206602	0	0.2888213145	-0.9573830207	0	0.9573830207	0.2888213145	0	0	0	1
2.96	3.147698645	-0.8495435653	0	0.3146434328	-0.94920994	0	0.94920994	0.3146434328	0	0	0	1
2.97	3.151608026	-0.8450826589	0	0.3409937582	-0.9400655599	0	0.9400655599	0.3409937582	0	0	0	1
2.98	3.155754997	-0.8406243171	0	0.3677649423	-0.9299187853	0	0.9299187853	0.3677649423	0	0	0	1
2.99	3.16012063	-0.8361625839	0	0.3947614568	-0.9187836482	0	0.9187836482	0.3947614568	0	0	0	1
3	3.164673515	-0.8316992889	0	0.4217422911	-0.9067157437	0	0.9067157437	0.4217422911	0	0	0	1
3.01	3.16937446	-0.8272440916	0	0.4484573496	-0.8938042323	0	0.8938042323	0.4484573496	0	0	0	1
3.02	3.174179603	-0.8228153107	0	0.4746672985	-0.8801653002	0	0.8801653002	0.4746672985	0	0	0	1
3.03	3.179041945	-0.8184407588	0	0.5001510463	-0.8659381796	0	0.8659381796	0.5001510463	0	0	0	1
3.04	3.183913195	-0.8141573568	0	0.5247132906	-0.8512790158	0	0.8512790158	0.5247132906	0	0	0	1
3.05	3.188747922	-0.8100084349	0	0.548200644	-0.8363468502	0	0.8363468502	0.548200644	0	0	0	1
3.06	3.193509945	-0.8060388007	0	0.5705234688	-0.8212812987	0	0.8212812987	0.5705234688	0	0	0	1
3.07	3.198179702	-0.8022883786	0	0.5916764634	-0.806175516	0	0.806175516	0.5916764634	0	0	0	1
3.08	3.202760892	-0.7987854832	0	0.6117514794	-0.7910500158	0	0.7910500158	0.6117514794	0	0	0	1
3.09	3.207283346	-0.7955415277	0	0.6309321004	-0.7758380532	0	0.7758380532	0.6309321004	0	0	0	1
3.1	3.211799227	-0.7925491388	0	0.6494636601	-0.7603926316	0	0.7603926316	0.6494636601	0	0	0	1
3.11	3.216371297	-0.7897822221	0	0.6675989078	-0.7445211201	0	0.7445211201	0.6675989078	0	0	0	1
3.12	3.221057884	-0.787198405	0	0.6855406031	-0.7280343959	0	0.7280343959	0.6855406031	0	0	0	1
3.13	3.225899363	-0.7847409626	0	0.7034001072	-0.7107941257	0	0.7107941257	0.7034001072	0	0	0	1
3.14	3.230907419	-0.7823432884	0	0.7211729114	-0.6927551024	0	0.6927551024	0.7211729114	0	0	0	1
3.15	3.236058368	-0.7799354353	0	0.7387336914	-0.6739974282	0	0.6739974282	0.7387336914	0	0	0	1
3.16	3.241291011	-0.7774524312	0	0.7558493092	-0.654745616	0	0.654745616	0.7558493092	0	0	0	1
3.17	3.246508486	-0.7748431188	0	0.7722042098	-0.6353744238	0	0.6353744238	0.7722042098	0	0	0	1
3.18	3.251586479	-0.7720795589	0	0.7874376732	-0.616394282	0	0.616394282	0.7874376732	0	0	0	1
3.19	3.256388216	-0.7691650459	0	0.8011832124	-0.5984191342	0	0.5984191342	0.8011832124	0	0	0	1
3.2	3.260790352	-0.7661416131	0	0.8130907381	-0.5821369698	0	0.5821369698	0.8130907381	0	0	0	1
3.21	3.264768233	-0.7631254594	0	0.8225496438	-0.5686933123	0	0.5686933123	0.8225496438	0	0	0	1
3.22	3.26895323	-0.7606089543	0	0.827424689	-0.5615766947	0	0.5615766947	0.827424689	0	0	0	1
3.23	3.273760362	-0.7587839422	0	0.8288891344	-0.5594129092	0	0.5594129092	0.8288891344	0	0	0	1
3.24	3.278972566	-0.7574249326	0	0.8286782365	-0.5597252721	0	0.5597252721	0.8286782365	0	0	0	1
3.25	3.284345223	-0.7563664244	0	0.8274712636	-0.5615080657	0	0.5615080657	0.8274712636	0	0	0	1
3.26	3.289691909	-0.7554868835	0	0.8257346972	-0.5640586936	0	0.5640586936	0.8257346972	0	0	0	1
3.27	3.294918776	-0.7546863968	0	0.8240100734	-0.5665751485	0	0.5665751485	0.8240100734	0	0	0	1
3.28	3.300026118	-0.7539023713	0	0.8228244468	-0.5682956359	0	0.5682956359	0.8228244468	0	0	0	1
3.29	3.305069002	-0.7531104684	0	0.8225834013	-0.5686444829	0	0.5686444829	0.8225834013	0	0	0	1
3.3	3.31030126	-0.7523674504	0	0.8242490533	-0.5662274262	0	0.5662274262	0.8242490533	0	0	0	1
3.31	3.315901961	-0.7516826587	0	0.8249638712	-0.5651854661	0	0.5651854661	0.8249638712	0	0	0	1
3.32	3.322562549	-0.750689515	0	0.8240715332	-0.5664857529	0	0.5664857529	0.8240715332	0	0	0	1
3.33	3.330838803	-0.7488550373	0	0.8240438828	-0.566525974	0	0.566525974	0.8240438828	0	0	0	1
3.34	3.341002663	-0.7463554135	0	0.8242113915	-0.566282246	0	0.566282246	0.8242113915	0	0	0	1
3.35	3.353415407	-0.7435478943	0	0.8229669682	-0.5680892264	0	0.5680892264	0.8229669682	0	0	0	1
3.36	3.368229635	-0.7411100825	0	0.818420272	-0.5746200992	0	0.5746200992	0.818420272	0	0	0	1
3.37	3.384969929	-0.7396573066	0	0.8093761578	-0.5872905883	0	0.5872905883	0.8093761578	0	0	0	1
3.38	3.403063864	-0.7387854099	0	0.7965461188	-0.6045777705	0	0.6045777705	0.7965461188	0	0	0	1
3.39	3.421970298	-0.7375889745	0	0.7820042971	-0.6232730375	0	0.6232730375	0.7820042971	0	0	0	1
3.4	3.441179505	-0.7354719545	0	0.7676775587	-0.6408363019	0	0.6408363019	0.7676775587	0	0	0	1
3.41	3.460271443	-0.732481662	0	0.7544120205	-0.6564011756	0	0.6564011756	0.7544120205	0	0	0	1
3.42	3.479000145	-0.7291478399	0	0.7419908038	-0.6704100589	0	0.6704100589	0.7419908038	0	0	0	1
3.43	3.497317685	-0.7261545349	0	0.7295793978	-0.6838961195	0	0.6838961195	0.7295793978	0	0	0	1
3.44	3.515332374	-0.723991458	0	0.7160070773	-0.6980930205	0	0.6980930205	0.7160070773	0	0	0	1
3.45	3.53324526	-0.7227238296	0	0.7005306261	-0.7136223384	0	0.7136223384	0.7005306261	0	0	0	1
3.46	3.551285597	-0.7222316015	0	0.6828541546	-0.7305547232	0	0.7305547232	0.6828541546	0	0	0	1
3.47	3.569608623	-0.7224908514	0	0.6625989582	-0.7489743791	0	0.7489743791	0.6625989582	0	0	0	1
3.48	3.588255222	-0.7235640178	0	0.639260259	-0.7689904559	0	0.7689904559	0.639260259	0	0	0	1
3.49	3.607171063	-0.7254506539	0	0.6125285029	-0.7904485013	0	0.7904485013	0.6125285029	0	0	0	1
3.5	3.626237278	-0.7280120405	0	0.58252145	-0.8128153298	0	0.8128153298	0.58252145	0	0	0	1
3.51	3.645298785	-0.7310186843	0	0.5497174002	-0.8353506927	0	0.8353506927	0.5497174002	0	0	0	1
3.52	3.664199459	-0.7342572978	0	0.5146616299	-0.8573933792	0	0.8573933792	0.5146616299	0	0	0	1
3.53	3.68282542	-0.7376155632	0	0.4776614884	-0.8785439673	0	0.8785439673	0.4776614884	0	0	0	1
3.54	3.701142811	-0.7411039365	0	0.4386453705	-0.8986602467	0	0.8986602467	0.4386453705	0	0	0	1
3.55	3.71921096	-0.744816707	0	0.3972411747	-0.9177142524	0	0.9177142524	0.3972411747	0	0	0	1
3.56	3.737167752	-0.748869351	0	0.3529833987	-0.935629585	0	0.935629585	0.3529833987	0	0	0	1
3.57	3.75519903	-0.7533498727	0	0.3055179948	-0.9521863026	0	0.9521863026	0.3055179948	0	0	0	1
3.58	3.773511767	-0.758302667	0	0.2547149491	-0.9670161812	0	0.9670161812	0.2547149491	0	0	0	1
3.59	3.792318087	-0.7637323047	0	0.2006981976	-0.979653119	0	0.979653119	0.2006981976	0	0	0	1
3.6	3.811832581	-0.7696102468	0	0.1438287723	-0.9896025891	0	0.9896025891	0.1438287723	0	0	0	1
3.61	3.832272374	-0.7758707076	0	0.08467230163	-0.9964088525	0	0.9964088525	0.08467230163	0	0	0	1
3.62	3.853854078	-0.7823997167	0	0.02394644456	-0.9997132428	0	0.9997132428	0.02394644456	0	0	0	1
3.63	3.876784042	-0.7890257724	0	-0.03754840675	-0.9992948099	0	0.9992948099	-0.03754840675	0	0	0	1
3.64	3.901232902	-0.795513985	0	-0.09901593053	-0.9950858483	0	0.9950858483	-0.09901593053	0	0	0	1
3.65	3.927297222	-0.801571104	0	-0.1597158234	-0.987163034	0	0.987163034	-0.1597158234	0	0	0	1
3.66	3.95495215	-0.806869142	0	-0.2189784904	-0.9757296863	0	0.9757296863	-0.2189784904	0	0	0	1
3.67	3.984014776	-0.8110964382	0	-0.2762067512	-0.9610982419	0	0.9610982419	-0.2762067512	0	0	0	1
3.68	4.014139909	-0.814024894	0	-0.3308898655	-0.943669379	0	0.943669379	-0.3308898655	0	0	0	1
3.69	4.04484768	-0.8155609068	0	-0.3826047147	-0.9239121345	0	0.9239121345	-0.3826047147	0	0	0	1
3.7	4.075560126	-0.8157593949	0	-0.4309543562	-0.9023737268	0	0.9023737268	-0.4309543562	0	0	0	1
3.71	4.105633049	-0.8148143072	0	-0.4754654508	-0.8797343946	0	0.8797343946	-0.4754654508	0	0	0	1
3.72	4.13440636	-0.8130418691	0	-0.5155713856	-0.8568466294	0	0.8568466294	-0.5155713856	0	0	0	1
3.73	4.161257582	-0.8108482943	0	-0.5506783401	-0.8347175365	0	0.8347175365	-0.5506783401	0	0	0	1
3.74	4.185649099	-0.8086809359	0	-0.5802327501	-0.8144507079	0	0.8144507079	-0.5802327501	0	0	0	1
3.75	4.20716079	-0.8069731493	0	-0.6037605164	-0.7971657537	0	0.7971657537	-0.6037605164	0	0	0	1
3.76	4.225516836	-0.8060911729	0	-0.6209154066	-0.7838775783	0	0.7838775783	-0.6209154066	0	0	0	1
3.77	4.24060097	-0.8062924727	0	-0.6315189647	-0.7753604305	0	0.7753604305	-0.6315189647	0	0	0	1
3.78	4.25246046	-0.8077055537	0	-0.6355769025	-0.7720375645	0	0.7720375645	-0.6355769025	0	0	0	1
3.79	4.261297652	-0.8103364523	0	-0.6332768789	-0.773925316	0	0.773925316	-0.6332768789	0	0	0	1
3.8	4.267447838	-0.8140986713	0	-0.6249776752	-0.7806426234	0	0.7806426234	-0.6249776752	0	0	0	1
3.81	4.271339495	-0.8188516269	0	-0.6111737497	-0.7914964609	0	0.7914964609	-0.6111737497	0	0	0	1
3.82	4.273450794	-0.8243993878	0	-0.5924689466	-0.805593289	0	0.805593289	-0.5924689466	0	0	0	1
3.83	4.274292903	-0.8305649286	0	-0.5698252926	-0.8217658644	0	0.8217658644	-0.5698252926	0	0	0	1
3.84	4.2742487	-0.8372768281	0	-0.5437527282	-0.8392454769	0	0.8392454769	-0.5437527282	0	0	0	1
3.85	4.273588636	-0.8445153113	0	-0.5141294514	-0.8577126017	0	0.8577126017	-0.5141294514	0	0	0	1
3.86	4.27262222	-0.8522832743	0	-0.4810274141	-0.8767055531	0	0.8767055531	-0.4810274141	0	0	0	1
3.87	4.271731962	-0.8606207199	0	-0.4450312889	-0.8955150205	0	0.8955150205	-0.4450312889	0	0	0	1
3.88	4.271310235	-0.8696103502	0	-0.407024779	-0.9134171168	0	0.9134171168	-0.407024779	0	0	0	1
3.89	4.272096201	-0.8793754561	0	-0.369998616	-0.9290323052	0	0.9290323052	-0.369998616	0	0	0	1
3.9	4.275050827	-0.8888184802	0	-0.3335923741	-0.9427174168	0	0.9427174168	-0.3335923741	0	0	0	1
3.91	4.278464227	-0.8973312346	0	-0.2913621282	-0.9566128319	0	0.9566128319	-0.2913621282	0	0	0	1
3.92	4.281868134	-0.9053264707	0	-0.2487725154	-0.968561942	0	0.968561942	-0.2487725154	0	0	0	1
3.93	4.28510898	-0.91275068	0	-0.2076242035	-0.9782086639	0	0.9782086639	-0.2076242035	0	0	0	1
3.94	4.287390767	-0.9191479601	0	-0.1780671421	-0.9840183397	0	0.9840183397	-0.1780671421	0	0	0	1
3.95	4.287955341	-0.9240155358	0	-0.1700188913	-0.9854408032	0	0.9854408032	-0.1700188913	0	0	0	1
3.96	4.288911006	-0.9268793041	0	-0.1561316024	-0.9877362617	0	0.9877362617	-0.1561316024	0	0	0	1
3.97	4.290277421	-0.9274278076	0	-0.1363452552	-0.9906613808	0	0.9906613808	-0.1363452552	0	0	0	1
3.98	4.291907093	-0.925969224	0	-0.1125939608	-0.9936410821	0	0.9936410821	-0.1125939608	0	0	0	1
3.99	4.293650559	-0.9230269472	0	-0.08693373601	-0.9962140962	0	0.9962140962	-0.08693373601	0	0	0	1
4	4.295441447	-0.9190840419	0	-0.06063930451	-0.9981597441	0	0.9981597441	-0.06063930451	0	0	0	1
4.01	4.297269583	-0.9145445096	0	-0.03434807692	-0.9994099307	0	0.9994099307	-0.03434807692	0	0	0	1
4.02	4.299160638	-0.9097528782	0	-0.00843338942	-0.9999644383	0	0.9999644383	-0.00843338942	0	0	0	1
4.03	4.301182039	-0.9048585989	0	0.01747359584	-0.9998473251	0	0.9998473251	0.01747359584	0	0	0	1
4.04	4.30339548	-0.8998885302	0	0.04389938819	-0.9990359572	0	0.9990359572	0.04389938819	0	0	0	1
4.05	4.305766421	-0.8949468294	0	0.0703402286	-0.9975230585	0	0.9975230585	0.0703402286	0	0	0	1
4.06	4.308230122	-0.890095595	0	0.09618840416	-0.9953631452	0	0.9953631452	0.09618840416	0	0	0	1
4.07	4.31075429	-0.8853376236	0	0.1212745173	-0.9926190062	0	0.9926190062	0.1212745173	0	0	0	1
4.08	4.313341934	-0.8806566281	0	0.1457577095	-0.9893203172	0	0.9893203172	0.1457577095	0	0	0	1
4.09	4.316009852	-0.8760426705	0	0.1698694002	-0.9854665833	0	0.9854665833	0.1698694002	0	0	0	1
4.1	4.318776741	-0.8714937099	0	0.19380685	-0.9810397061	0	0.9810397061	0.19380685	0	0	0	1
4.11	4.321663856	-0.867009075	0	0.2177476365	-0.9760051059	0	0.9760051059	0.2177476365	0	0	0	1
4.12	4.324698159	-0.8625836061	0	0.2418782514	-0.9703066069	0	0.9703066069	0.2418782514	0	0	0	1
4.13	4.327911343	-0.8582045334	0	0.2663859877	-0.9638664355	0	0.9638664355	0.2663859877	0	0	0	1
4.14	4.331334237	-0.8538523149	0	0.2914191953	-0.9565954488	0	0.9565954488	0.2914191953	0	0	0	1
4.15	4.33498943	-0.8495050989	0	0.3170433106	-0.9484110603	0	0.9484110603	0.3170433106	0	0	0	1
4.16	4.338885528	-0.8451441624	0	0.3432176209	-0.9392559101	0	0.9392559101	0.3432176209	0	0	0	1
4.17	4.343015551	-0.8407575175	0	0.369805172	-0.9291093233	0	0.9291093233	0.369805172	0	0	0	1
4.18	4.347359342	-0.8363408896	0	0.3966060086	-0.9179889291	0	0.9179889291	0.3966060086	0	0	0	1
4.19	4.351887782	-0.8318978076	0	0.4233949406	-0.9059452104	0	0.9059452104	0.4233949406	0	0	0	1
4.2	4.35656594	-0.8274401454	0	0.4499451747	-0.8930561795	0	0.8930561795	0.4499451747	0	0	0	1
4.21	4.36135447	-0.8229891928	0	0.4760375354	-0.8794249626	0	0.8794249626	0.4760375354	0	0	0	1
4.22	4.366209756	-0.8185763546	0	0.5014617061	-0.865179841	0	0.865179841	0.5014617061	0	0	0	1
4.23	4.371085253	-0.8142424324	0	0.526023286	-0.8504701656	0	0.8504701656	0.526023286	0	0	0	1
4.24	4.375935634	-0.8100345231	0	0.5495618213	-0.8354530535	0	0.8354530535	0.5495618213	0	0	0	1
4.25	4.380723305	-0.8060009319	0	0.5719747573	-0.8202712216	0	0.8202712216	0.5719747573	0	0	0	1
4.26	4.385426172	-0.8021848033	0	0.5932409688	-0.8050249393	0	0.8050249393	0.5932409688	0	0	0	1
4.27	4.39004498	-0.7986173317	0	0.6134368354	-0.7897437869	0	0.7897437869	0.6134368354	0	0	0	1
4.28	4.394606731	-0.7953126407	0	0.6327329382	-0.7743700852	0	0.7743700852	0.6327329382	0	0	0	1
4.29	4.399160935	-0.7922658557	0	0.6513637438	-0.7587656248	0	0.7587656248	0.6513637438	0	0	0	1
4.3	4.403767948	-0.7894536303	0	0.6695730437	-0.7427462145	0	0.7427462145	0.6695730437	0	0	0	1
4.31	4.408484662	-0.7868355216	0	0.6875596659	-0.7261278853	0	0.7261278853	0.6875596659	0	0	0	1
4.32	4.413351067	-0.7843562925	0	0.705435548	-0.7087740737	0	0.7087740737	0.705435548	0	0	0	1
4.33	4.418379446	-0.7819502485	0	0.7232005877	-0.6906380455	0	0.6906380455	0.7232005877	0	0	0	1
4.34	4.423547529	-0.7795476172	0	0.7407365521	-0.6717956239	0	0.6717956239	0.7407365521	0	0	0	1
4.35	4.42879581	-0.7770826774	0	0.7578180891	-0.6524658948	0	0.6524658948	0.7578180891	0	0	0	1
4.36	4.434029798	-0.7745025845	0	0.774138581	-0.6330161589	0	0.6330161589	0.774138581	0	0	0	1
4.37	4.439127117	-0.7717766486	0	0.7893444685	-0.6139505762	0	0.6139505762	0.7893444685	0	0	0	1
4.38	4.443952614	-0.768904642	0	0.8030748437	-0.5958781716	0	0.5958781716	0.8030748437	0	0	0	1
4.39	4.448383607	-0.765924554	0	0.8149825437	-0.5794855076	0	0.5794855076	0.8149825437	0	0	0	1
4.4	4.452395352	-0.7629488913	0	0.8244518967	-0.5659320366	0	0.5659320366	0.8244518967	0	0	0	1
4.41	4.45661948	-0.7604677502	0	0.8293490291	-0.5587308726	0	0.5587308726	0.8293490291	0	0	0	1
4.42	4.461465949	-0.758668852	0	0.8308366746	-0.5565163251	0	0.5565163251	0.8308366746	0	0	0	1
4.43	4.466723717	-0.7573307052	0	0.8306131781	-0.5568498437	0	0.5568498437	0.8306131781	0	0	0	1
4.44	4.472152627	-0.7562905736	0	0.8293459881	-0.5587353864	0	0.5587353864	0.8293459881	0	0	0	1
4.45	4.477566594	-0.7554281756	0	0.8275006555	-0.5614647497	0	0.5614647497	0.8275006555	0	0	0	1
4.46	4.482868307	-0.7546441449	0	0.8256218645	-0.5642238358	0	0.5642238358	0.8256218645	0	0	0	1
4.47	4.488051843	-0.7538756202	0	0.8242448308	-0.5662335728	0	0.5662335728	0.8242448308	0	0	0	1
4.48	4.493165407	-0.7530973656	0	0.8237882534	-0.5668976217	0	0.5668976217	0.8237882534	0	0	0	1
4.49	4.498463477	-0.7523710045	0	0.8252733559	-0.5647334664	0	0.5647334664	0.8252733559	0	0	0	1
4.5	4.504082194	-0.7517026516	0	0.8258043151	-0.5639567654	0	0.5639567654	0.8258043151	0	0	0	1
4.51	4.510711616	-0.7507059662	0	0.8247586234	-0.5654849362	0	0.5654849362	0.8247586234	0	0	0	1
4.52	4.518916814	-0.7488141928	0	0.8246957536	-0.5655766208	0	0.5655766208	0.8246957536	0	0	0	1
4.53	4.52897884	-0.7461886365	0	0.8249680013	-0.5651794378	0	0.5651794378	0.8249680013	0	0	0	1
4.54	4.541269375	-0.7431991596	0	0.8239392106	-0.5666781955	0	0.5666781955	0.8239392106	0	0	0	1
4.55	4.555967329	-0.7405394381	0	0.8196917627	-0.5728048657	0	0.5728048657	0.8196917627	0	0	0	1
4.56	4.572615217	-0.7388767289	0	0.8109583477	-0.5851038868	0	0.5851038868	0.8109583477	0	0	0	1
4.57	4.590654146	-0.7378552778	0	0.7983628835	-0.6021766404	0	0.6021766404	0.7983628835	0	0	0	1
4.58	4.609556576	-0.7365950343	0	0.7839140672	-0.6208693383	0	0.6208693383	0.7839140672	0	0	0	1
4.59	4.628820588	-0.7345024639	0	0.7695080878	-0.6386370666	0	0.6386370666	0.7695080878	0	0	0	1
4.6	4.648023167	-0.7316118231	0	0.7559992178	-0.654572519	0	0.654572519	0.7559992178	0	0	0	1
4.61	4.666905272	-0.7284304974	0	0.7432123016	-0.669055659	0	0.669055659	0.7432123016	0	0	0	1
4.62	4.685400973	-0.7256147735	0	0.7303725159	-0.6830490378	0	0.6830490378	0.7303725159	0	0	0	1
4.63	4.703601971	-0.7236214717	0	0.716372273	-0.6977182572	0	0.6977182572	0.716372273	0	0	0	1
4.64	4.721699004	-0.7224892713	0	0.7005262474	-0.7136266368	0	0.7136266368	0.7005262474	0	0	0	1
4.65	4.739916663	-0.7220902307	0	0.6825589466	-0.7308305442	0	0.7308305442	0.6825589466	0	0	0	1
4.66	4.758410571	-0.7224081163	0	0.6620732763	-0.7494391082	0	0.7494391082	0.6620732763	0	0	0	1
4.67	4.777226858	-0.7235200134	0	0.6385220889	-0.7696034966	0	0.7696034966	0.6385220889	0	0	0	1
4.68	4.796319253	-0.7254405535	0	0.6115458728	-0.7912089771	0	0.7912089771	0.6115458728	0	0	0	1
4.69	4.815576566	-0.7280424218	0	0.5812189853	-0.8137471912	0	0.8137471912	0.5812189853	0	0	0	1
4.7	4.834848039	-0.7311018304	0	0.5479928266	-0.8364830315	0	0.8364830315	0.5479928266	0	0	0	1
4.71	4.853977136	-0.7344056965	0	0.5124061959	-0.858743204	0	0.858743204	0.5124061959	0	0	0	1
4.72	4.872844042	-0.7378371702	0	0.4747817824	-0.8801035502	0	0.8801035502	0.4747817824	0	0	0	1
4.73	4.891406585	-0.7414013976	0	0.4350741945	-0.9003946053	0	0.9003946053	0.4350741945	0	0	0	1
4.74	4.90971539	-0.7451882187	0	0.3929417055	-0.9195633834	0	0.9195633834	0.3929417055	0	0	0	1
4.75	4.927902373	-0.7493113221	0	0.3479442184	-0.9375152377	0	0.9375152377	0.3479442184	0	0	0	1
4.76	4.946151841	-0.7538594136	0	0.2997454222	-0.9540192251	0	0.9540192251	0.2997454222	0	0	0	1
4.77	4.964673922	-0.7588792352	0	0.2482257519	-0.9687022123	0	0.9687022123	0.2482257519	0	0	0	1
4.78	4.983689576	-0.7643789111	0	0.193512241	-0.9810978609	0	0.9810978609	0.193512241	0	0	0	1
4.79	5.003425262	-0.7703315759	0	0.1359677912	-0.9907132581	0	0.9907132581	0.1359677912	0	0	0	1
4.8	5.024110953	-0.7766691947	0	0.07616319108	-0.9970953657	0	0.9970953657	0.07616319108	0	0	0	1
4.81	5.04597475	-0.7832702638	0	0.0148313311	-0.9998900098	0	0.9998900098	0.0148313311	0	0	0	1
4.82	5.069227281	-0.789948558	0	-0.04720656091	-0.9988851489	0	0.9988851489	-0.04720656091	0	0	0	1
4.83	5.094033689	-0.7964496622	0	-0.109122817	-0.9940282747	0	0.9940282747	-0.109122817	0	0	0	1
4.84	5.120471629	-0.8024602777	0	-0.1701420593	-0.985419545	0	0.985419545	-0.1701420593	0	0	0	1
4.85	5.148484334	-0.8076396586	0	-0.2295629782	-0.9732938092	0	0.9732938092	-0.2295629782	0	0	0	1
4.86	5.177849628	-0.8116783422	0	-0.2867684391	-0.9579999281	0	0.9579999281	-0.2867684391	0	0	0	1
4.87	5.208184129	-0.8143674244	0	-0.3412436187	-0.9399748894	0	0.9399748894	-0.3412436187	0	0	0	1
4.88	5.238977576	-0.8156442362	0	-0.3925709362	-0.9197217297	0	0.9197217297	-0.3925709362	0	0	0	1
4.89	5.269630281	-0.8155984256	0	-0.440352277	-0.8978250788	0	0.8978250788	-0.440352277	0	0	0	1
4.9	5.299490305	-0.814457418	0	-0.4841116064	-0.8750062586	0	0.8750062586	-0.4841116064	0	0	0	1
4.91	5.327899786	-0.8125652425	0	-0.5232780113	-0.8521620285	0	0.8521620285	-0.5232780113	0	0	0	1
4.92	5.354251939	-0.8103460931	0	-0.5572694119	-0.8303317425	0	0.8303317425	-0.5572694119	0	0	0	1
4.93	5.378035882	-0.8082518103	0	-0.5855609435	-0.8106283867	0	0.8106283867	-0.5855609435	0	0	0	1
4.94	5.398865283	-0.8067061953	0	-0.6077142458	-0.7941557753	0	0.7941557753	-0.6077142458	0	0	0	1
4.95	5.416502012	-0.8060541587	0	-0.6234236185	-0.7818842574	0	0.7818842574	-0.6234236185	0	0	0	1
4.96	5.430869958	-0.8065243007	0	-0.6325579036	-0.7745130719	0	0.7745130719	-0.6325579036	0	0	0	1
4.97	5.442055555	-0.80821518	0	-0.635170579	-0.7723718894	0	0.7723718894	-0.635170579	0	0	0	1
4.98	5.450296027	-0.8111081138	0	-0.6314947508	-0.7753801517	0	0.7753801517	-0.6314947508	0	0	0	1
4.99	5.455952954	-0.8151014695	0	-0.6219282474	-0.7830742334	0	0.7830742334	-0.6219282474	0	0	0	1
5	5.459470122	-0.8200448032	0	-0.606989621	-0.7947097583	0	0.7947097583	-0.606989621	0	0	0	1
5.01	5.461336849	-0.8257348111	0	-0.5873549887	-0.8093294244	0	0.8093294244	-0.5873549887	0	0	0	1
5.02	5.462049358	-0.8320185684	0	-0.5639916032	-0.8257805226	0	0.8257805226	-0.5639916032	0	0	0	1
5.03	5.461950473	-0.8388435553	0	-0.5372182235	-0.8434432882	0	0.8434432882	-0.5372182235	0	0	0	1
5.04	5.461304258	-0.8461962198	0	-0.5068843723	-0.8620140562	0	0.8620140562	-0.5068843723	0	0	0	1
5.05	5.460433989	-0.8540868123	0	-0.4731683765	-0.8809720129	0	0.8809720129	-0.4731683765	0	0	0	1
5.06	5.459727136	-0.8625652285	0	-0.4367428414	-0.8995863997	0	0.8995863997	-0.4367428414	0	0	0	1
5.07	5.459564762	-0.8717219171	0	-0.3985115628	-0.9171633084	0	0.9171633084	-0.3985115628	0	0	0	1
5.08	5.461020884	-0.8816083897	0	-0.362704877	-0.9319040574	0	0.9319040574	-0.362704877	0	0	0	1
5.09	5.464123568	-0.8907863583	0	-0.3244803445	-0.9458924389	0	0.9458924389	-0.3244803445	0	0	0	1
5.1	5.467571349	-0.8991713339	0	-0.2817416534	-0.9594903026	0	0.9594903026	-0.2817416534	0	0	0	1
5.11	5.470940334	-0.9070625328	0	-0.2394599389	-0.9709062456	0	0.9709062456	-0.2394599389	0	0	0	1
5.12	5.47415368	-0.914323018	0	-0.1985244714	-0.9800959312	0	0.9800959312	-0.1985244714	0	0	0	1
5.13	5.475836934	-0.9203882538	0	-0.176509452	-0.9842989451	0	0.9842989451	-0.176509452	0	0	0	1
5.14	5.476461802	-0.9248715897	0	-0.1675209174	-0.9858685218	0	0.9858685218	-0.1675209174	0	0	0	1
5.15	5.477515574	-0.9272129999	0	-0.1522203115	-0.9883465874	0	0.9883465874	-0.1522203115	0	0	0	1
5.16	5.47895649	-0.9272673292	0	-0.1313550512	-0.9913353875	0	0.9913353875	-0.1313550512	0	0	0	1
5.17	5.48062142	-0.9254266917	0	-0.1070314592	-0.9942556345	0	0.9942556345	-0.1070314592	0	0	0	1
5.18	5.482378605	-0.9222191886	0	-0.08115368989	-0.9967015996	0	0.9967015996	-0.08115368989	0	0	0	1
5.19	5.484177433	-0.9181092981	0	-0.05482229755	-0.998496127	0	0.998496127	-0.05482229755	0	0	0	1
5.2	5.486016672	-0.9134868843	0	-0.02858736269	-0.9995912978	0	0.9995912978	-0.02858736269	0	0	0	1
5.21	5.487929648	-0.9086739912	0	-0.002755326855	-0.9999962041	0	0.9999962041	-0.002755326855	0	0	0	1
5.22	5.489992344	-0.9037596131	0	0.02326203866	-0.9997294022	0	0.9997294022	0.02326203866	0	0	0	1
5.23	5.49224611	-0.8987913778	0	0.04974339433	-0.9987620311	0	0.9987620311	0.04974339433	0	0	0	1
5.24	5.494641568	-0.8938717585	0	0.07607503441	-0.9971020956	0	0.9971020956	0.07607503441	0	0	0	1
5.25	5.497117824	-0.8890474171	0	0.101728323	-0.9948122176	0	0.9948122176	0.101728323	0	0	0	1
5.26	5.499651869	-0.8843130204	0	0.1266315551	-0.9919498219	0	0.9919498219	0.1266315551	0	0	0	1
5.27	5.502251838	-0.8796523074	0	0.1509813699	-0.9885366083	0	0.9885366083	0.1509813699	0	0	0	1
5.28	5.504935794	-0.875057326	0	0.1750082375	-0.9845669692	0	0.9845669692	0.1750082375	0	0	0	1
5.29	5.507723129	-0.8705268708	0	0.198905026	-0.9800187706	0	0.9800187706	0.198905026	0	0	0	1
5.3	5.510636493	-0.8660596805	0	0.2228513875	-0.9748524294	0	0.9748524294	0.2228513875	0	0	0	1
5.31	5.513704325	-0.8616490524	0	0.2470362973	-0.9690062269	0	0.9690062269	0.2470362973	0	0	0	1
5.32	5.516958736	-0.857280451	0	0.2716416101	-0.9623984807	0	0.9623984807	0.2716416101	0	0	0	1
5.33	5.520429135	-0.8529333758	0	0.2967984867	-0.9549401334	0	0.9549401334	0.2967984867	0	0	0	1
5.34	5.524135006	-0.8485863003	0	0.3225467979	-0.9465535184	0	0.9465535184	0.3225467979	0	0	0	1
5.35	5.528081027	-0.8442219366	0	0.3488196563	-0.9371898673	0	0.9371898673	0.3488196563	0	0	0	1
5.36	5.532256653	-0.8398301695	0	0.3754611896	-0.926838117	0	0.926838117	0.3754611896	0	0	0	1
5.37	5.536639234	-0.8354085898	0	0.4022626612	-0.9155243041	0	0.9155243041	0.4022626612	0	0	0	1
5.38	5.541198161	-0.8309625927	0	0.4289976734	-0.903305594	0	0.903305594	0.4289976734	0	0	0	1
5.39	5.545897723	-0.8265060933	0	0.4554426598	-0.8902651198	0	0.8902651198	0.4554426598	0	0	0	1
5.4	5.550698094	-0.8220625036	0	0.4813829639	-0.8765103776	0	0.8765103776	0.4813829639	0	0	0	1
5.41	5.555555221	-0.8176654255	0	0.5066128237	-0.8621736756	0	0.8621736756	0.5066128237	0	0	0	1
5.42	5.56042296	-0.8133572121	0	0.5309458855	-0.8474057273	0	0.8474057273	0.5309458855	0	0	0	1
5.43	5.565257574	-0.8091854714	0	0.554233943	-0.8323609412	0	0.8323609412	0.554233943	0	0	0	1
5.44	5.570024447	-0.8051977882	0	0.5763908	-0.8171741832	0	0.8171741832	0.5763908	0	0	0	1
5.45	5.57470594	-0.8014351203	0	0.5974150086	-0.8019322338	0	0.8019322338	0.5974150086	0	0	0	1
5.46	5.57930808	-0.7979252578	0	0.6174025295	-0.7866473902	0	0.7866473902	0.6174025295	0	0	0	1
5.47	5.583862699	-0.794678391	0	0.636538454	-0.7712449653	0	0.7712449653	0.636538454	0	0	0	1
5.48	5.588422148	-0.7916856912	0	0.6550617704	-0.7555753284	0	0.7555753284	0.6550617704	0	0	0	1
5.49	5.59304683	-0.7889201007	0	0.673209675	-0.7394516438	0	0.7394516438	0.673209675	0	0	0	1
5.5	5.597790801	-0.7863379016	0	0.6911648193	-0.7226971652	0	0.7226971652	0.6911648193	0	0	0	1
5.51	5.602688927	-0.7838813417	0	0.709017186	-0.705191201	0	0.705191201	0.709017186	0	0	0	1
5.52	5.607746865	-0.7814833607	0	0.7267427481	-0.6869097307	0	0.6869097307	0.7267427481	0	0	0	1
5.53	5.612934973	-0.7790743908	0	0.7442007172	-0.6679560559	0	0.6679560559	0.7442007172	0	0	0	1
5.54	5.618186571	-0.7765906499	0	0.7611477285	-0.6485785499	0	0.6485785499	0.7611477285	0	0	0	1
5.55	5.623400916	-0.7739831284	0	0.7772652621	-0.6291730384	0	0.6291730384	0.7772652621	0	0	0	1
5.56	5.628451873	-0.7712267148	0	0.7921959864	-0.6102667606	0	0.6102667606	0.7921959864	0	0	0	1
5.57	5.633204413	-0.768328239	0	0.8055816524	-0.5924847688	0	0.5924847688	0.8055816524	0	0	0	1
5.58	5.637543514	-0.7653347326	0	0.8170741712	-0.5765325653	0	0.5765325653	0.8170741712	0	0	0	1
5.59	5.641517332	-0.7624048393	0	0.8257772526	-0.5639963911	0	0.5639963911	0.8257772526	0	0	0	1
5.6	5.645866432	-0.7600711249	0	0.829792235	-0.5580724386	0	0.5580724386	0.829792235	0	0	0	1
5.61	5.650813835	-0.758381101	0	0.8308392164	-0.5565125305	0	0.5565125305	0.8308392164	0	0	0	1
5.62	5.656121513	-0.7571127969	0	0.8303620647	-0.5572242291	0	0.5572242291	0.8303620647	0	0	0	1
5.63	5.661557139	-0.7561168048	0	0.8289324734	-0.5593486878	0	0.5593486878	0.8289324734	0	0	0	1
5.64	5.666949153	-0.7552764742	0	0.8270288661	-0.5621594565	0	0.5621594565	0.8270288661	0	0	0	1
5.65	5.672219767	-0.7544984463	0	0.8252055655	-0.5648325191	0	0.5648325191	0.8252055655	0	0	0	1
5.66	5.677377169	-0.7537279932	0	0.8239810495	-0.5666173577	0	0.5666173577	0.8239810495	0	0	0	1
5.67	5.682479511	-0.7529455064	0	0.8237600881	-0.566938548	0	0.566938548	0.8237600881	0	0	0	1
5.68	5.687835954	-0.7522463389	0	0.8255575244	-0.5643179724	0	0.5643179724	0.8255575244	0	0	0	1
5.69	5.693562086	-0.7515541671	0	0.8255276529	-0.5643616698	0	0.5643616698	0.8255276529	0	0	0	1
5.7	5.700458903	-0.750402814	0	0.8246038393	-0.5657106223	0	0.5657106223	0.8246038393	0	0	0	1
5.71	5.708993068	-0.7483215238	0	0.8247434119	-0.5655071216	0	0.5655071216	0.8247434119	0	0	0	1
5.72	5.71943583	-0.7455846833	0	0.8249350622	-0.5652275145	0	0.5652275145	0.8249350622	0	0	0	1
5.73	5.732202399	-0.7425624827	0	0.8234404517	-0.5674026987	0	0.5674026987	0.8234404517	0	0	0	1
5.74	5.747317164	-0.7400654734	0	0.8183728984	-0.5746875666	0	0.5746875666	0.8183728984	0	0	0	1
5.75	5.764273111	-0.7385797773	0	0.8087671392	-0.5881289948	0	0.5881289948	0.8087671392	0	0	0	1
5.76	5.782516648	-0.7375774966	0	0.7956275342	-0.605786123	0	0.605786123	0.7956275342	0	0	0	1
5.77	5.801525627	-0.7361797735	0	0.7810568159	-0.6244599669	0	0.6244599669	0.7810568159	0	0	0	1
5.78	5.820806871	-0.7339105894	0	0.7667844555	-0.6419046649	0	0.6419046649	0.7667844555	0	0	0	1
5.79	5.839963617	-0.7309206351	0	0.7534360977	-0.6575211378	0	0.6575211378	0.7534360977	0	0	0	1
5.8	5.858774118	-0.727772103	0	0.7406862859	-0.6718510444	0	0.6718510444	0.7406862859	0	0	0	1
5.81	5.877208576	-0.7251096853	0	0.7276738064	-0.6859233422	0	0.6859233422	0.7276738064	0	0	0	1
5.82	5.895380711	-0.7233071343	0	0.7133110151	-0.7008476266	0	0.7008476266	0.7133110151	0	0	0	1
5.83	5.913495874	-0.7223378837	0	0.6970407038	-0.7170315595	0	0.7170315595	0.6970407038	0	0	0	1
5.84	5.93177204	-0.7220832073	0	0.6785948045	-0.7345128258	0	0.7345128258	0.6785948045	0	0	0	1
5.85	5.950343692	-0.7225566435	0	0.6575269658	-0.7534310116	0	0.7534310116	0.6575269658	0	0	0	1
5.86	5.969236321	-0.7238359693	0	0.6332948166	-0.7739106378	0	0.7739106378	0.6332948166	0	0	0	1
5.87	5.98838878	-0.7259101604	0	0.6056122073	-0.7957599226	0	0.7957599226	0.6056122073	0	0	0	1
5.88	6.007679691	-0.7286259524	0	0.574642252	-0.8184047178	0	0.8184047178	0.574642252	0	0	0	1
5.89	6.026953662	-0.7317528461	0	0.5408803608	-0.8410995395	0	0.8410995395	0.5408803608	0	0	0	1
5.9	6.046057033	-0.7350914321	0	0.5048445395	-0.863210282	0	0.863210282	0.5048445395	0	0	0	1
5.91	6.064882038	-0.7385493326	0	0.4667897524	-0.8843683209	0	0.8843683209	0.4667897524	0	0	0	1
5.92	6.08340376	-0.7421528089	0	0.4266008934	-0.9044399802	0	0.9044399802	0.4266008934	0	0	0	1
5.93	6.101690271	-0.7460015193	0	0.3838990213	-0.9233750817	0	0.9233750817	0.3838990213	0	0	0	1
5.94	6.119886151	-0.7502070978	0	0.3382516397	-0.9410556988	0	0.9410556988	0.3382516397	0	0	0	1
5.95	6.138182678	-0.7548504448	0	0.2893599738	-0.9572203537	0	0.9572203537	0.2893599738	0	0	0	1
5.96	6.156793133	-0.7599702349	0	0.2371530578	-0.9714722987	0	0.9714722987	0.2371530578	0	0	0	1
5.97	6.175940176	-0.7655677089	0	0.1818061214	-0.9833343959	0	0.9833343959	0.1818061214	0	0	0	1
5.98	6.195852343	-0.7716089821	0	0.1237263668	-0.992316374	0	0.992316374	0.1237263668	0	0	0	1
5.99	6.216760922	-0.7780161705	0	0.0635220312	-0.9979804365	0	0.9979804365	0.0635220312	0	0	0	1
6	6.23889227	-0.784654578	0	0.001950353937	-0.9999980981	0	0.9999980981	0.001950353937	0	0	0	1
6.01	6.262451649	-0.791323728	0	-0.0601561866	-0.9981889767	0	0.9981889767	-0.0601561866	0	0	0	1
6.02	6.287590288	-0.7977548716	0	-0.1219751324	-0.9925331567	0	0.9925331567	-0.1219751324	0	0	0	1
6.03	6.314361599	-0.8036245157	0	-0.1827424813	-0.9831608137	0	0.9831608137	-0.1827424813	0	0	0	1
6.04	6.342675514	-0.8085919112	0	-0.2417699505	-0.9703335978	0	0.9703335978	-0.2417699505	0	0	0	1
6.05	6.372273804	-0.8123626593	0	-0.2984579023	-0.9544227997	0	0.9544227997	-0.2984579023	0	0	0	1
6.06	6.402742797	-0.8147562507	0	-0.3523139113	-0.9358818878	0	0.9358818878	-0.3523139113	0	0	0	1
6.07	6.433549853	-0.8157429514	0	-0.4029335579	-0.9152292324	0	0.9152292324	-0.4029335579	0	0	0	1
6.08	6.464081589	-0.8154434498	0	-0.4499104406	-0.8930736786	0	0.8930736786	-0.4499104406	0	0	0	1
6.09	6.493680015	-0.8141123782	0	-0.4927447273	-0.8701739101	0	0.8701739101	-0.4927447273	0	0	0	1
6.1	6.5216936	-0.8121148696	0	-0.5308572674	-0.8474612449	0	0.8474612449	-0.5308572674	0	0	0	1
6.11	6.547533965	-0.8098856996	0	-0.5636779449	-0.8259946576	0	0.8259946576	-0.5636779449	0	0	0	1
6.12	6.570714861	-0.8078751499	0	-0.5906979755	-0.8068927449	0	0.8068927449	-0.5906979755	0	0	0	1
6.13	6.590879888	-0.8064940578	0	-0.6115026778	-0.7912423618	0	0.7912423618	-0.6115026778	0	0	0	1
6.14	6.607825214	-0.8060648208	0	-0.6258226912	-0.7799653577	0	0.7799653577	-0.6258226912	0	0	0	1
6.15	6.621509866	-0.8067885225	0	-0.633566871	-0.7736879345	0	0.7736879345	-0.633566871	0	0	0	1
6.16	6.632053746	-0.8087369093	0	-0.6348278258	-0.7726536298	0	0.7726536298	-0.6348278258	0	0	0	1
6.17	6.639723185	-0.8118704802	0	-0.6298755334	-0.7766960875	0	0.7766960875	-0.6298755334	0	0	0	1
6.18	6.644901041	-0.8160757645	0	-0.6191396435	-0.7852809063	0	0.7852809063	-0.6191396435	0	0	0	1
6.19	6.648040714	-0.8211915117	0	-0.6031521773	-0.7976261349	0	0.7976261349	-0.6031521773	0	0	0	1
6.2	6.649642052	-0.8270127353	0	-0.5826746257	-0.8127055313	0	0.8127055313	-0.5826746257	0	0	0	1
6.21	6.650177452	-0.8334105957	0	-0.5586146764	-0.8294272984	0	0.8294272984	-0.5586146764	0	0	0	1
6.22	6.649958431	-0.8403457035	0	-0.531123091	-0.8472946726	0	0.8472946726	-0.531123091	0	0	0	1
6.23	6.649252722	-0.8478088037	0	-0.5000666736	-0.8659869064	0	0.8659869064	-0.5000666736	0	0	0	1
6.24	6.648400366	-0.8558173159	0	-0.4657353916	-0.8849240335	0	0.8849240335	-0.4657353916	0	0	0	1
6.25	6.647792937	-0.8644301643	0	-0.4288747132	-0.90336398	0	0.90336398	-0.4288747132	0	0	0	1
6.26	6.647799985	-0.873744459	0	-0.3903971121	-0.9206465635	0	0.9206465635	-0.3903971121	0	0	0	1
6.27	6.649794996	-0.8836394521	0	-0.3553971976	-0.9347153748	0	0.9347153748	-0.3553971976	0	0	0	1
6.28	6.653013775	-0.8925981598	0	-0.3157207487	-0.9488521533	0	0.9488521533	-0.3157207487	0	0	0	1
6.29	6.656468612	-0.9008720444	0	-0.2728008585	-0.9620705232	0	0.9620705232	-0.2728008585	0	0	0	1
6.3	6.659800396	-0.9086529258	0	-0.2308593193	-0.97298714	0	0.97298714	-0.2308593193	0	0	0	1
6.31	6.662990465	-0.9157402603	0	-0.1900947513	-0.9817657488	0	0.9817657488	-0.1900947513	0	0	0	1
6.32	6.664114246	-0.9214749634	0	-0.1751459832	-0.9845424747	0	0.9845424747	-0.1751459832	0	0	0	1
6.33	6.664822749	-0.9255594073	0	-0.1648974779	-0.9863107126	0	0.9863107126	-0.1648974779	0	0	0	1
6.34	6.665966264	-0.9274085201	0	-0.1483107298	-0.9889408109	0	0.9889408109	-0.1483107298	0	0	0	1
6.35	6.667468697	-0.9270230415	0	-0.1265361034	-0.9919620026	0	0.9919620026	-0.1265361034	0	0	0	1
6.36	6.669160676	-0.9248528202	0	-0.1017591709	-0.9948090627	0	0.9948090627	-0.1017591709	0	0	0	1
6.37	6.670928544	-0.9214210425	0	-0.07572205974	-0.9971289634	0	0.9971289634	-0.07572205974	0	0	0	1
6.38	6.672734579	-0.9171743669	0	-0.04937763455	-0.9987801806	0	0.9987801806	-0.04937763455	0	0	0	1
6.39	6.674585156	-0.9124902481	0	-0.02321339379	-0.9997305329	0	0.9997305329	-0.02321339379	0	0	0	1
6.4	6.676521449	-0.9076598416	0	0.002571542563	-0.9999966936	0	0.9999966936	0.002571542563	0	0	0	1
6.41	6.678623725	-0.9027283495	0	0.02869997555	-0.9995880709	0	0.9995880709	0.02869997555	0	0	0	1
6.42	6.680911786	-0.8977656955	0	0.05520050754	-0.9984752896	0	0.9984752896	0.05520050754	0	0	0	1
6.43	6.683326802	-0.8928675709	0	0.08140720626	-0.9966809253	0	0.9966809253	0.08140720626	0	0	0	1
6.44	6.685813931	-0.8880667642	0	0.106882342	-0.9942716756	0	0.9942716756	0.106882342	0	0	0	1
6.45	6.688358395	-0.8833525212	0	0.1316343727	-0.9912983365	0	0.9912983365	0.1316343727	0	0	0	1
6.46	6.690971957	-0.8787095481	0	0.1558822409	-0.9877756461	0	0.9877756461	0.1558822409	0	0	0	1
6.47	6.693673275	-0.8741316891	0	0.1798505367	-0.9836939486	0	0.9836939486	0.1798505367	0	0	0	1
6.48	6.69648223	-0.8696181995	0	0.2037272531	-0.9790276841	0	0.9790276841	0.2037272531	0	0	0	1
6.49	6.699422614	-0.8651670022	0	0.2276933345	-0.9737328922	0	0.9737328922	0.2276933345	0	0	0	1
6.5	6.702524049	-0.8607697519	0	0.2519393445	-0.9677430272	0	0.9677430272	0.2519393445	0	0	0	1
6.51	6.705818657	-0.8564103509	0	0.2766401046	-0.9609735962	0	0.9609735962	0.2766401046	0	0	0	1
6.52	6.709334296	-0.8520675872	0	0.3019101178	-0.9533363943	0	0.9533363943	0.3019101178	0	0	0	1
6.53	6.713087583	-0.8477204583	0	0.3277669177	-0.9447586187	0	0.9447586187	0.3277669177	0	0	0	1
6.54	6.71707992	-0.8433529823	0	0.3541227324	-0.9351989577	0	0.9351989577	0.3541227324	0	0	0	1
6.55	6.721297885	-0.8389566052	0	0.3808071727	-0.9246544745	0	0.9246544745	0.3808071727	0	0	0	1
6.56	6.72571693	-0.8345305246	0	0.4076058406	-0.9131579703	0	0.9131579703	0.4076058406	0	0	0	1
6.57	6.730305333	-0.8300817991	0	0.4342923433	-0.9007719803	0	0.9007719803	0.4342923433	0	0	0	1
6.58	6.7350267	-0.8256261791	0	0.4606457176	-0.8875840934	0	0.8875840934	0.4606457176	0	0	0	1
6.59	6.73984042	-0.8211891747	0	0.4864532896	-0.8737065852	0	0.8737065852	0.4864532896	0	0	0	1
6.6	6.744701934	-0.8168063533	0	0.5115126913	-0.8592757222	0	0.8592757222	0.5115126913	0	0	0	1
6.61	6.74956528	-0.8125214355	0	0.5356438868	-0.8444439747	0	0.8444439747	0.5356438868	0	0	0	1
6.62	6.754387985	-0.8083825272	0	0.5587090159	-0.8293637535	0	0.8293637535	0.5587090159	0	0	0	1
6.63	6.759138198	-0.8044364599	0	0.5806369768	-0.8141625766	0	0.8141625766	0.5806369768	0	0	0	1
6.64	6.763802512	-0.8007220394	0	0.6014448239	-0.7989143407	0	0.7989143407	0.6014448239	0	0	0	1
6.65	6.768391997	-0.7972638574	0	0.6212470708	-0.7836147504	0	0.7836147504	0.6212470708	0	0	0	1
6.66	6.772943134	-0.7940683937	0	0.6402427172	-0.7681726779	0	0.7681726779	0.6402427172	0	0	0	1
6.67	6.777510778	-0.7911231717	0	0.6586741588	-0.7524283039	0	0.7524283039	0.6586741588	0	0	0	1
6.68	6.782155215	-0.788397704	0	0.6767717433	-0.7361929145	0	0.7361929145	0.6767717433	0	0	0	1
6.69	6.786927543	-0.7858453102	0	0.6947019833	-0.7192976813	0	0.7192976813	0.6947019833	0	0	0	1
6.7	6.791857567	-0.7834059627	0	0.7125336291	-0.7016379603	0	0.7016379603	0.7125336291	0	0	0	1
6.71	6.796944332	-0.7810115406	0	0.730219355	-0.6832127733	0	0.6832127733	0.730219355	0	0	0	1
6.72	6.802151003	-0.7785929536	0	0.7475969386	-0.6641527063	0	0.6641527063	0.7475969386	0	0	0	1
6.73	6.807403837	-0.776088597	0	0.764405877	-0.6447353374	0	0.6447353374	0.764405877	0	0	0	1
6.74	6.812596249	-0.7734534665	0	0.7803171252	-0.6253840293	0	0.6253840293	0.7803171252	0	0	0	1
6.75	6.817598869	-0.7706680944	0	0.7949706366	-0.6066479102	0	0.6066479102	0.7949706366	0	0	0	1
6.76	6.822277729	-0.7677463887	0	0.8080112689	-0.58916703	0	0.58916703	0.8080112689	0	0	0	1
6.77	6.826527956	-0.7647450087	0	0.8190839486	-0.5736736748	0	0.5736736748	0.8190839486	0	0	0	1
6.78	6.830504555	-0.7618881207	0	0.8269268592	-0.5623094962	0	0.5623094962	0.8269268592	0	0	0	1
6.79	6.834981899	-0.7596975169	0	0.8301806519	-0.557494471	0	0.557494471	0.8301806519	0	0	0	1
6.8	6.840019588	-0.7581056158	0	0.8308564459	-0.556486807	0	0.556486807	0.8308564459	0	0	0	1
6.81	6.845368762	-0.7569007956	0	0.8301564559	-0.5575305002	0	0.5575305002	0.8301564559	0	0	0	1
6.82	6.850806299	-0.755944052	0	0.8285916194	-0.5598534882	0	0.5598534882	0.8285916194	0	0	0	1
6.83	6.85617701	-0.7551222616	0	0.8266571574	-0.5627059127	0	0.5627059127	0.8266571574	0	0	0	1
6.84	6.861422072	-0.754348751	0	0.824911283	-0.565262218	0	0.565262218	0.824911283	0	0	0	1
6.85	6.866561888	-0.753576641	0	0.8238518985	-0.5668051246	0	0.5668051246	0.8238518985	0	0	0	1
6.86	6.871676965	-0.752793531	0	0.8239307558	-0.5666904884	0	0.5666904884	0.8239307558	0	0	0	1
6.87	6.877091571	-0.7521204175	0	0.8257953642	-0.5639698719	0	0.5639698719	0.8257953642	0	0	0	1
6.88	6.882977171	-0.7513912682	0	0.8252954273	-0.564701211	0	0.564701211	0.8252954273	0	0	0	1
6.89	6.890164944	-0.7500669169	0	0.8245600343	-0.5657744691	0	0.5657744691	0.8245600343	0	0	0	1
6.9	6.899048493	-0.7478198985	0	0.8248318012	-0.5653781918	0	0.5653781918	0.8248318012	0	0	0	1
6.91	6.90990097	-0.7449947006	0	0.8248524166	-0.5653481147	0	0.5653481147	0.8248524166	0	0	0	1
6.92	6.923148672	-0.7419899745	0	0.8228048462	-0.5683240141	0	0.5683240141	0.8228048462	0	0	0	1
6.93	6.938664143	-0.7396826214	0	0.8168738933	-0.5768162986	0	0.5768162986	0.8168738933	0	0	0	1
6.94	6.955911106	-0.738353598	0	0.8064466757	-0.5913068232	0	0.5913068232	0.8064466757	0	0	0	1
6.95	6.974342628	-0.7373363781	0	0.7928581968	-0.6094061698	0	0.6094061698	0.7928581968	0	0	0	1
6.96	6.993441113	-0.7357850219	0	0.7782409692	-0.6279657586	0	0.6279657586	0.7782409692	0	0	0	1
6.97	7.012724943	-0.7333467127	0	0.764132973	-0.6450587567	0	0.6450587567	0.764132973	0	0	0	1
6.98	7.03182679	-0.730276914	0	0.7509432662	-0.6603667246	0	0.6603667246	0.7509432662	0	0	0	1
6.99	7.050562637	-0.7271792899	0	0.7382170008	-0.6745633104	0	0.6745633104	0.7382170008	0	0	0	1
7	7.068936498	-0.7246736893	0	0.7250090552	-0.6887393337	0	0.6887393337	0.7250090552	0	0	0	1
7.01	7.087082371	-0.723047817	0	0.7102913998	-0.7039077549	0	0.7039077549	0.7102913998	0	0	0	1
7.02	7.10521672	-0.7222270015	0	0.6936134778	-0.7203473769	0	0.7203473769	0.6936134778	0	0	0	1
7.03	7.123546923	-0.7221109036	0	0.6746937738	-0.7380977656	0	0.7380977656	0.6746937738	0	0	0	1
7.04	7.142185881	-0.7227377952	0	0.6530442079	-0.7573197888	0	0.7573197888	0.6530442079	0	0	0	1
7.05	7.161139934	-0.7241788184	0	0.6281442171	-0.7780969365	0	0.7780969365	0.6281442171	0	0	0	1
7.06	7.180334258	-0.7263952248	0	0.5997891217	-0.8001581153	0	0.8001581153	0.5997891217	0	0	0	1
7.07	7.199638606	-0.7292109036	0	0.5682248768	-0.8228733131	0	0.8228733131	0.5682248768	0	0	0	1
7.08	7.218894872	-0.7323933593	0	0.5339769698	-0.8454990217	0	0.8454990217	0.5339769698	0	0	0	1
7.09	7.2379545	-0.7357596936	0	0.4975312405	-0.8674460587	0	0.8674460587	0.4975312405	0	0	0	1
7.1	7.256723489	-0.7392419907	0	0.4590713972	-0.8883993766	0	0.8883993766	0.4590713972	0	0	0	1
7.11	7.27519514	-0.7428855547	0	0.4184172674	-0.9082549149	0	0.9082549149	0.4184172674	0	0	0	1
7.12	7.293454253	-0.746796913	0	0.3751624443	-0.9269590824	0	0.9269590824	0.3751624443	0	0	0	1
7.13	7.311656729	-0.7510839747	0	0.3288889297	-0.9443686102	0	0.9443686102	0.3288889297	0	0	0	1
7.14	7.329999707	-0.7558195693	0	0.2793377892	-0.9601928971	0	0.9601928971	0.2793377892	0	0	0	1
7.15	7.348699393	-0.7610348139	0	0.2264860011	-0.9740144205	0	0.9740144205	0.2264860011	0	0	0	1
7.16	7.367979776	-0.766724129	0	0.1705561149	-0.9853479648	0	0.9853479648	0.1705561149	0	0	0	1
7.17	7.388070248	-0.7728458156	0	0.111998077	-0.9937084234	0	0.9937084234	0.111998077	0	0	0	1
7.18	7.409201993	-0.7793117923	0	0.05145388778	-0.9986753714	0	0.9986753714	0.05145388778	0	0	0	1
7.19	7.431599777	-0.7859753147	0	-0.01029623828	-0.9999469923	0	0.9999469923	-0.01029623828	0	0	0	1
7.2	7.455460986	-0.7926218277	0	-0.07241661712	-0.9973744701	0	0.9973744701	-0.07241661712	0	0	0	1
7.21	7.480921351	-0.7989698869	0	-0.1340926301	-0.990968802	0	0.990968802	-0.1340926301	0	0	0	1
7.22	7.508009326	-0.8046886316	0	-0.19457429	-0.9808877844	0	0.9808877844	-0.19457429	0	0	0	1
7.23	7.536602545	-0.8094407309	0	-0.2531893829	-0.9674167336	0	0.9674167336	-0.2531893829	0	0	0	1
7.24	7.566409651	-0.8129492468	0	-0.3093571706	-0.9509459191	0	0.9509459191	-0.3093571706	0	0	0	1
7.25	7.596989946	-0.8150618987	0	-0.3626056852	-0.9319426576	0	0.9319426576	-0.3626056852	0	0	0	1
7.26	7.627792105	-0.8157798953	0	-0.4125384337	-0.910940196	0	0.910940196	-0.4125384337	0	0	0	1
7.27	7.65819052	-0.8152519928	0	-0.4587384983	-0.8885713197	0	0.8885713197	-0.4587384983	0	0	0	1
7.28	7.687524251	-0.8137570809	0	-0.500685474	-0.8656292833	0	0.8656292833	-0.500685474	0	0	0	1
7.29	7.715149768	-0.8116779573	0	-0.5377925116	-0.8430772292	0	0.8430772292	-0.5377925116	0	0	0	1
7.3	7.740496321	-0.8094570832	0	-0.5694991154	-0.821991945	0	0.821991945	-0.5694991154	0	0	0	1
7.31	7.763101944	-0.8075411562	0	-0.5953144464	-0.8034928189	0	0.8034928189	-0.5953144464	0	0	0	1
7.32	7.782639288	-0.8063269142	0	-0.6148490088	-0.788644848	0	0.788644848	-0.6148490088	0	0	0	1
7.33	7.798936262	-0.8061145798	0	-0.627866352	-0.7783211702	0	0.7783211702	-0.627866352	0	0	0	1
7.34	7.811984409	-0.8070793484	0	-0.6343120484	-0.7730771147	0	0.7730771147	-0.6343120484	0	0	0	1
7.35	7.821934047	-0.8092686478	0	-0.63431467	-0.7730749637	0	0.7730749637	-0.63431467	0	0	0	1
7.36	7.829077753	-0.8126249982	0	-0.6281781492	-0.7780695424	0	0.7780695424	-0.6281781492	0	0	0	1
7.37	7.833816565	-0.817025136	0	-0.6163597478	-0.7874647048	0	0.7874647048	-0.6163597478	0	0	0	1
7.38	7.836611896	-0.8222961198	0	-0.599406289	-0.8004449392	0	0.8004449392	-0.599406289	0	0	0	1
7.39	7.837972089	-0.8282376512	0	-0.5781665231	-0.8159187898	0	0.8159187898	-0.5781665231	0	0	0	1
7.4	7.838340214	-0.8347432824	0	-0.55344092	-0.8328884367	0	0.8328884367	-0.55344092	0	0	0	1
7.41	7.838004928	-0.8417829326	0	-0.5252495344	-0.8509482515	0	0.8509482515	-0.5252495344	0	0	0	1
7.42	7.83724369	-0.8493514197	0	-0.4935071815	-0.8697417213	0	0.8697417213	-0.4935071815	0	0	0	1
7.43	7.836411267	-0.8574736016	0	-0.458609415	-0.888637949	0	0.888637949	-0.458609415	0	0	0	1
7.44	7.835900947	-0.8662168628	0	-0.4213595823	-0.9068936555	0	0.9068936555	-0.4213595823	0	0	0	1
7.45	7.836076413	-0.8756844107	0	-0.3827190133	-0.9238647936	0	0.9238647936	-0.3827190133	0	0	0	1
7.46	7.83855612	-0.8854962773	0	-0.3481184891	-0.9374505414	0	0.9374505414	-0.3481184891	0	0	0	1
7.47	7.841865347	-0.8942793884	0	-0.3072900262	-0.9516159098	0	0.9516159098	-0.3072900262	0	0	0	1
7.48	7.845312048	-0.9024556173	0	-0.2643727663	-0.9644205724	0	0.9644205724	-0.2643727663	0	0	0	1
7.49	7.848609516	-0.9101231401	0	-0.2227408613	-0.9748776891	0	0.9748776891	-0.2227408613	0	0	0	1
7.5	7.851675241	-0.9170131996	0	-0.1834548312	-0.9830281404	0	0.9830281404	-0.1834548312	0	0	0	1
7.51	7.852390588	-0.9224366886	0	-0.173625819	-0.9848116952	0	0.9848116952	-0.173625819	0	0	0	1
7.52	7.853184002	-0.9261137017	0	-0.1621160945	-0.9867716919	0	0.9867716919	-0.1621160945	0	0	0	1
7.53	7.854409535	-0.9274994	0	-0.1443568921	-0.9895256883	0	0.9895256883	-0.1443568921	0	0	0	1
7.54	7.855962776	-0.9267181364	0	-0.121813364	-0.9925530234	0	0.9925530234	-0.121813364	0	0	0	1
7.55	7.857675839	-0.9242583379	0	-0.09667655283	-0.9953158514	0	0.9953158514	-0.09667655283	0	0	0	1
7.56	7.859452479	-0.9206324476	0	-0.07052437194	-0.9975100566	0	0.9975100566	-0.07052437194	0	0	0	1
7.57	7.861265697	-0.9162711299	0	-0.04418492865	-0.9990233691	0	0.9990233691	-0.04418492865	0	0	0	1
7.58	7.863128749	-0.9115407688	0	-0.01810142858	-0.9998361557	0	0.9998361557	-0.01810142858	0	0	0	1
7.59	7.865091033	-0.9066922556	0	0.007682029347	-0.9999704928	0	0.9999704928	0.007682029347	0	0	0	1
7.6	7.867231949	-0.9017463597	0	0.03391844307	-0.9994246041	0	0.9994246041	0.03391844307	0	0	0	1
7.61	7.869550503	-0.8967911544	0	0.06041360212	-0.9981734302	0	0.9981734302	0.06041360212	0	0	0	1
7.62	7.871982638	-0.8919124242	0	0.08649187849	-0.9962525558	0	0.9962525558	0.08649187849	0	0	0	1
7.63	7.874480697	-0.8871309336	0	0.1118091702	-0.9937296964	0	0.9937296964	0.1118091702	0	0	0	1
7.64	7.877037004	-0.8824325499	0	0.1364385236	-0.9906485397	0	0.9906485397	0.1364385236	0	0	0	1
7.65	7.879665883	-0.877803496	0	0.1606109118	-0.9870177987	0	0.9870177987	0.1606109118	0	0	0	1
7.66	7.882386268	-0.873239201	0	0.1845431523	-0.9828244121	0	0.9828244121	0.1845431523	0	0	0	1
7.67	7.885218534	-0.8687391438	0	0.2084192089	-0.9780395868	0	0.9780395868	0.2084192089	0	0	0	1
7.68	7.888187668	-0.8643002941	0	0.2324222583	-0.9726149772	0	0.9726149772	0.2324222583	0	0	0	1
7.69	7.891324187	-0.8599127553	0	0.2567426355	-0.9664798079	0	0.9664798079	0.2567426355	0	0	0	1
7.7	7.894659967	-0.8555590737	0	0.2815469389	-0.9595474564	0	0.9595474564	0.2815469389	0	0	0	1
7.71	7.898221124	-0.8512176347	0	0.3069326384	-0.9517312412	0	0.9517312412	0.3069326384	0	0	0	1
7.72	7.902021444	-0.8468680634	0	0.3328958866	-0.9429635882	0	0.9429635882	0.3328958866	0	0	0	1
7.73	7.906059197	-0.84249577	0	0.3593298377	-0.9332106235	0	0.9332106235	0.3593298377	0	0	0	1
7.74	7.910318446	-0.8380937406	0	0.3860524757	-0.9224768214	0	0.9224768214	0.3860524757	0	0	0	1
7.75	7.914772929	-0.8336626844	0	0.4128447822	-0.9108013976	0	0.9108013976	0.4128447822	0	0	0	1
7.76	7.919389926	-0.829211287	0	0.4394809419	-0.8982519144	0	0.8982519144	0.4394809419	0	0	0	1
7.77	7.924132258	-0.824757139	0	0.4657417821	-0.8849206701	0	0.8849206701	0.4657417821	0	0	0	1
7.78	7.928958488	-0.8203277698	0	0.4914163675	-0.8709247693	0	0.8709247693	0.4914163675	0	0	0	1
7.79	7.933823546	-0.8159605627	0	0.5163056228	-0.8564044044	0	0.8564044044	0.5163056228	0	0	0	1
7.8	7.938681709	-0.8117004706	0	0.5402360411	-0.8415135292	0	0.8415135292	0.5402360411	0	0	0	1
7.81	7.943492018	-0.8075958114	0	0.5630810054	-0.826401707	0	0.826401707	0.5630810054	0	0	0	1
7.82	7.948225623	-0.8036923628	0	0.5847850773	-0.8111882724	0	0.8111882724	0.5847850773	0	0	0	1
7.83	7.952873478	-0.8000266561	0	0.6053839549	-0.7959335821	0	0.7959335821	0.6053839549	0	0	0	1
7.84	7.957451775	-0.7966199416	0	0.6250105678	-0.7806162887	0	0.7806162887	0.6250105678	0	0	0	1
7.85	7.962001424	-0.7934749541	0	0.6438764965	-0.7651294382	0	0.7651294382	0.6438764965	0	0	0	1
7.86	7.966579457	-0.7905755884	0	0.6622261771	-0.749304004	0	0.749304004	0.6622261771	0	0	0	1
7.87	7.971245274	-0.7878881129	0	0.680280345	-0.7329520122	0	0.7329520122	0.680280345	0	0	0	1
7.88	7.976046778	-0.7853629065	0	0.6981889691	-0.7159135167	0	0.7159135167	0.6981889691	0	0	0	1
7.89	7.981008368	-0.7829379064	0	0.7159989265	-0.6981013803	0	0.6981013803	0.7159989265	0	0	0	1
7.9	7.986122387	-0.7805441899	0	0.7336399641	-0.6795383749	0	0.6795383749	0.7336399641	0	0	0	1
7.91	7.991344792	-0.778113445	0	0.7509290974	-0.6603828365	0	0.6603828365	0.7509290974	0	0	0	1
7.92	7.996594958	-0.7755865835	0	0.7675898197	-0.6409413925	0	0.6409413925	0.7675898197	0	0	0	1
7.93	8.001760891	-0.772922856	0	0.7832840416	-0.6216639849	0	0.6216639849	0.7832840416	0	0	0	1
7.94	8.00671054	-0.7701087599	0	0.7976500905	-0.6031204963	0	0.6031204963	0.7976500905	0	0	0	1
7.95	8.011312096	-0.7671655905	0	0.8103361168	-0.5859653385	0	0.5859653385	0.8103361168	0	0	0	1
7.96	8.015474805	-0.76416139	0	0.820966334	-0.5709766006	0	0.5709766006	0.820966334	0	0	0	1
7.97	8.019494244	-0.7614037611	0	0.8278668923	-0.5609246015	0	0.5609246015	0.8278668923	0	0	0	1
7.98	8.024096815	-0.7593488111	0	0.8304596184	-0.5570788294	0	0.5570788294	0.8304596184	0	0	0	1
7.99	8.029214432	-0.7578460573	0	0.8308094482	-0.5565569699	0	0.5565569699	0.8308094482	0	0	0	1
8	8.034596308	-0.7566991558	0	0.8299062896	-0.5579028145	0	0.5579028145	0.8299062896	0	0	0	1
8.01	8.040029804	-0.7557770184	0	0.8282270551	-0.5603926705	0	0.5603926705	0.8282270551	0	0	0	1
8.02	8.045377185	-0.7549702308	0	0.8262855221	-0.5632514855	0	0.5632514855	0.8262855221	0	0	0	1
8.03	8.050597957	-0.75419943	0	0.824637618	-0.5656613819	0	0.5656613819	0.824637618	0	0	0	1
8.04	8.05572294	-0.7534251959	0	0.82375813	-0.5669413932	0	0.5669413932	0.82375813	0	0	0	1
8.05	8.06087554	-0.752650702	0	0.8242552175	-0.5662184529	0	0.5662184529	0.8242552175	0	0	0	1
8.06	8.066338878	-0.7519922464	0	0.8258958356	-0.5638227281	0	0.5638227281	0.8258958356	0	0	0	1
8.07	8.072423896	-0.7512046353	0	0.8250688011	-0.5650322764	0	0.5650322764	0.8250688011	0	0	0	1
8.08	8.079916757	-0.7496954819	0	0.8245598007	-0.5657748095	0	0.5657748095	0.8245598007	0	0	0	1
8.09	8.089160332	-0.7473014812	0	0.8249055012	-0.5652706556	0	0.5652706556	0.8249055012	0	0	0	1
8.1	8.10044519	-0.7444005914	0	0.8246791409	-0.5656008438	0	0.5656008438	0.8246791409	0	0	0	1
8.11	8.114166797	-0.7414588456	0	0.8220063928	-0.5694782614	0	0.5694782614	0.8220063928	0	0	0	1
8.12	8.130062706	-0.7393551393	0	0.8151845647	-0.5792012823	0	0.5792012823	0.8151845647	0	0	0	1
8.13	8.147581035	-0.7381571211	0	0.8039905334	-0.5946420959	0	0.5946420959	0.8039905334	0	0	0	1
8.14	8.166181753	-0.7370929167	0	0.790037915	-0.6130579849	0	0.6130579849	0.790037915	0	0	0	1
8.15	8.185351492	-0.7353758547	0	0.7754335901	-0.6314291309	0	0.6314291309	0.7754335901	0	0	0	1
8.16	8.204623313	-0.7327792267	0	0.7615057968	-0.6481580991	0	0.6481580991	0.7615057968	0	0	0	1
8.17	8.223662219	-0.7296519693	0	0.748459799	-0.6631801635	0	0.6631801635	0.748459799	0	0	0	1
8.18	8.242322156	-0.7266269537	0	0.7357278284	-0.6772773159	0	0.6772773159	0.7357278284	0	0	0	1
8.19	8.26063818	-0.724285125	0	0.7222901496	-0.6915901531	0	0.6915901531	0.7222901496	0	0	0	1
8.2	8.278763689	-0.7228278478	0	0.7072116114	-0.7070019354	0	0.7070019354	0.7072116114	0	0	0	1
8.21	8.296922347	-0.7221481206	0	0.6901246063	-0.7236905607	0	0.7236905607	0.6901246063	0	0	0	1
8.22	8.315307611	-0.7221702904	0	0.6707185621	-0.7417119458	0	0.7417119458	0.6707185621	0	0	0	1
8.23	8.334010578	-0.7229521028	0	0.6484725332	-0.7612380532	0	0.7612380532	0.6484725332	0	0	0	1
8.24	8.35301955	-0.7245518322	0	0.6229032238	-0.7822989031	0	0.7822989031	0.6229032238	0	0	0	1
8.25	8.372246984	-0.7269019417	0	0.5938931351	-0.8045439354	0	0.8045439354	0.5938931351	0	0	0	1
8.26	8.391554789	-0.729806946	0	0.5617637786	-0.8272976834	0	0.8272976834	0.5617637786	0	0	0	1
8.27	8.410783642	-0.733036623	0	0.5270577602	-0.8498294637	0	0.8498294637	0.5270577602	0	0	0	1
8.28	8.429791848	-0.7364269714	0	0.4902187764	-0.8715994213	0	0.8715994213	0.4902187764	0	0	0	1
8.29	8.448500622	-0.7399343405	0	0.4513571625	-0.8923433823	0	0.8923433823	0.4513571625	0	0	0	1
8.3	8.466921599	-0.7436208232	0	0.4102337186	-0.9119804253	0	0.9119804253	0.4102337186	0	0	0	1
8.31	8.485155572	-0.7475975525	0	0.3664226287	-0.9304485247	0	0.9304485247	0.3664226287	0	0	0	1
8.32	8.503368722	-0.7519674139	0	0.3195264033	-0.9475773729	0	0.9475773729	0.3195264033	0	0	0	1
8.33	8.521763252	-0.756794974	0	0.2693286658	-0.9630483216	0	0.9630483216	0.2693286658	0	0	0	1
8.34	8.540557374	-0.7621037693	0	0.2158546522	-0.9764255062	0	0.9764255062	0.2158546522	0	0	0	1
8.35	8.559976259	-0.7678815454	0	0.1593729105	-0.9872184537	0	0.9872184537	0.1593729105	0	0	0	1
8.36	8.580250168	-0.7740786883	0	0.1003742718	-0.9949497503	0	0.9949497503	0.1003742718	0	0	0	1
8.37	8.601609792	-0.7805965072	0	0.03953205234	-0.9992183029	0	0.9992183029	0.03953205234	0	0	0	1
8.38	8.62427679	-0.7872756593	0	-0.02235523106	-0.9997500906	0	0.9997500906	-0.02235523106	0	0	0	1
8.39	8.648439678	-0.7938881401	0	-0.08445114278	-0.9964276213	0	0.9964276213	-0.08445114278	0	0	0	1
8.4	8.674217192	-0.8001408632	0	-0.145951314	-0.9892917739	0	0.9892917739	-0.145951314	0	0	0	1
8.41	8.701611459	-0.8056974039	0	-0.2061200107	-0.9785267197	0	0.9785267197	-0.2061200107	0	0	0	1
8.42	8.730467504	-0.8102264612	0	-0.2643011529	-0.9644402006	0	0.9644402006	-0.2643011529	0	0	0	1
8.43	8.760462406	-0.8134711131	0	-0.3199346163	-0.9474396241	0	0.9474396241	-0.3199346163	0	0	0	1
8.44	8.791131061	-0.8153081179	0	-0.3725681451	-0.9280048369	0	0.9280048369	-0.3725681451	0	0	0	1
8.45	8.82190468	-0.8157682388	0	-0.4218119958	-0.9066833186	0	0.9066833186	-0.4218119958	0	0	0	1
8.46	8.852147954	-0.8150270849	0	-0.4672300452	-0.8841357842	0	0.8841357842	-0.4672300452	0	0	0	1
8.47	8.88119781	-0.8133862198	0	-0.5082813316	-0.8611910868	0	0.8611910868	-0.5082813316	0	0	0	1
8.48	8.908422348	-0.8112440953	0	-0.5443815679	-0.8388377129	0	0.8388377129	-0.5443815679	0	0	0	1
8.49	8.933269139	-0.8090483032	0	-0.5749809782	-0.8181667768	0	0.8181667768	-0.5749809782	0	0	0	1
8.5	8.955300307	-0.8072399285	0	-0.5996039003	-0.8002969216	0	0.8002969216	-0.5996039003	0	0	0	1
8.51	8.974217259	-0.8062002237	0	-0.6178865933	-0.7862672305	0	0.7862672305	-0.6178865933	0	0	0	1
8.52	8.989879441	-0.8062066261	0	-0.6296271996	-0.7768974124	0	0.7768974124	-0.6296271996	0	0	0	1
8.53	9.002309973	-0.8074088784	0	-0.6348072704	-0.7726705181	0	0.7726705181	-0.6348072704	0	0	0	1
8.54	9.011688657	-0.8098316121	0	-0.6335902618	-0.7736687794	0	0.7736687794	-0.6335902618	0	0	0	1
8.55	9.018331745	-0.8134012651	0	-0.6263115004	-0.7795728988	0	0.7795728988	-0.6263115004	0	0	0	1
8.56	9.022657048	-0.8179858677	0	-0.6134536316	-0.7897307401	0	0.7897307401	-0.6134536316	0	0	0	1
8.57	9.025133442	-0.8234007678	0	-0.5955869591	-0.8032908403	0	0.8032908403	-0.5955869591	0	0	0	1
8.58	9.026272811	-0.8294564439	0	-0.5736340861	-0.8191116745	0	0.8191116745	-0.5736340861	0	0	0	1
8.59	9.026485322	-0.8360668728	0	-0.5482527244	-0.8363127108	0	0.8363127108	-0.5482527244	0	0	0	1
8.6	9.026044086	-0.8432088445	0	-0.519368909	-0.8545501368	0	0.8545501368	-0.519368909	0	0	0	1
8.61	9.025239483	-0.8508815454	0	-0.4869682868	-0.8734196515	0	0.8734196515	-0.4869682868	0	0	0	1
8.62	9.024439041	-0.8591176501	0	-0.4515447593	-0.892248469	0	0.892248469	-0.4515447593	0	0	0	1
8.63	9.024034774	-0.8679925073	0	-0.4139460864	-0.9103013993	0	0.9103013993	-0.4139460864	0	0	0	1
8.64	9.024490118	-0.8776204847	0	-0.375798223	-0.9267015138	0	0.9267015138	-0.375798223	0	0	0	1
8.65	9.027325535	-0.8872678264	0	-0.3406668305	-0.9401840834	0	0.9401840834	-0.3406668305	0	0	0	1
8.66	9.030701285	-0.895902892	0	-0.2989659241	-0.9542637875	0	0.9542637875	-0.2989659241	0	0	0	1
8.67	9.03412908	-0.9039868811	0	-0.2561803316	-0.9666290073	0	0.9666290073	-0.2561803316	0	0	0	1
8.68	9.03739503	-0.911532997	0	-0.214825768	-0.9766523892	0	0.9766523892	-0.214825768	0	0	0	1
8.69	9.040105915	-0.9181762134	0	-0.1799219638	-0.9836808867	0	0.9836808867	-0.1799219638	0	0	0	1
8.7	9.040674672	-0.9233117829	0	-0.1718989102	-0.9851145947	0	0.9851145947	-0.1718989102	0	0	0	1
8.71	9.041552756	-0.9265664616	0	-0.1591450228	-0.9872552161	0	0.9872552161	-0.1591450228	0	0	0	1
8.72	9.042854396	-0.927504718	0	-0.1402966826	-0.9901095095	0	0.9901095095	-0.1402966826	0	0	0	1
8.73	9.044450477	-0.9263557194	0	-0.1170879761	-0.9931215464	0	0.9931215464	-0.1170879761	0	0	0	1
8.74	9.046180627	-0.9236322626	0	-0.09165846071	-0.9957905034	0	0.9957905034	-0.09165846071	0	0	0	1
8.75	9.047964933	-0.919832579	0	-0.06542353362	-0.9978575857	0	0.9978575857	-0.06542353362	0	0	0	1
8.76	9.049785698	-0.915372786	0	-0.03910444762	-0.9992351286	0	0.9992351286	-0.03910444762	0	0	0	1
8.77	9.051662718	-0.9106086492	0	-0.01311180564	-0.9999140366	0	0.9999140366	-0.01311180564	0	0	0	1
8.78	9.05365413	-0.9057402288	0	0.01271422736	-0.9999191709	0	0.9999191709	0.01271422736	0	0	0	1
8.79	9.055832692	-0.900783951	0	0.03904621467	-0.9992374058	0	0.9992374058	0.03904621467	0	0	0	1
8.8	9.058178482	-0.8958391627	0	0.06550874822	-0.997851995	0	0.997851995	0.06550874822	0	0	0	1
8.81	9.060625645	-0.8909797524	0	0.09144942516	-0.9958097221	0	0.9958097221	0.09144942516	0	0	0	1
8.82	9.063134366	-0.8862161773	0	0.1166173694	-0.9931769173	0	0.9931769173	0.1166173694	0	0	0	1
8.83	9.065703087	-0.8815324185	0	0.1411375513	-0.9899899957	0	0.9899899957	0.1411375513	0	0	0	1
8.84	9.068347938	-0.8769164699	0	0.1652460378	-0.9862523749	0	0.9862523749	0.1652460378	0	0	0	1
8.85	9.071088026	-0.8723650949	0	0.1891515815	-0.9819479005	0	0.9819479005	0.1891515815	0	0	0	1
8.86	9.073944367	-0.8678777371	0	0.213035722	-0.977044411	0	0.977044411	0.213035722	0	0	0	1
8.87	9.076943108	-0.8634502703	0	0.2370838046	-0.971489202	0	0.971489202	0.2370838046	0	0	0	1
8.88	9.080115498	-0.8590712435	0	0.2614848799	-0.9652075723	0	0.9652075723	0.2614848799	0	0	0	1
8.89	9.083492862	-0.8547220333	0	0.2863954851	-0.9581114894	0	0.9581114894	0.2863954851	0	0	0	1
8.9	9.087099375	-0.8503808187	0	0.3118951688	-0.9501165211	0	0.9501165211	0.3118951688	0	0	0	1
8.91	9.090945924	-0.846028064	0	0.3379592097	-0.9411607581	0	0.9411607581	0.3379592097	0	0	0	1
8.92	9.095027828	-0.8416506079	0	0.36446362	-0.9312176274	0	0.9312176274	0.36446362	0	0	0	1
8.93	9.099326814	-0.8372429065	0	0.3912162155	-0.9202987954	0	0.9202987954	0.3912162155	0	0	0	1
8.94	9.103815128	-0.8328071635	0	0.417994877	-0.9084493837	0	0.9084493837	0.417994877	0	0	0	1
8.95	9.108459103	-0.8283536979	0	0.44457451	-0.8957418741	0	0.8957418741	0.44457451	0	0	0	1
8.96	9.113220716	-0.8239019887	0	0.470737427	-0.882273356	0	0.882273356	0.470737427	0	0	0	1
8.97	9.1180578	-0.8194815044	0	0.49627475	-0.8681655214	0	0.8681655214	0.49627475	0	0	0	1
8.98	9.122924882	-0.8151312869	0	0.5209910921	-0.8535621137	0	0.8535621137	0.5209910921	0	0	0	1
8.99	9.127776615	-0.8108973674	0	0.5447199244	-0.8386180322	0	0.8386180322	0.5447199244	0	0	0	1
9	9.13257377	-0.8068280807	0	0.5673464939	-0.8234791775	0	0.8234791775	0.5673464939	0	0	0	1
9.01	9.137290738	-0.8029679663	0	0.5888316367	-0.8082557168	0	0.8082557168	0.5888316367	0	0	0	1
9.02	9.141923061	-0.7993510009	0	0.609229968	-0.7929935977	0	0.7929935977	0.609229968	0	0	0	1
9.03	9.146491968	-0.7959950153	0	0.6286918564	-0.7776545182	0	0.7776545182	0.6286918564	0	0	0	1
9.04	9.151042328	-0.7928990863	0	0.6474392715	-0.7621170446	0	0.7621170446	0.6474392715	0	0	0	1
9.05	9.155632731	-0.7900436316	0	0.6657162803	-0.7462049545	0	0.7462049545	0.6657162803	0	0	0	1
9.06	9.160321444	-0.7873916752	0	0.6837334088	-0.7297318862	0	0.7297318862	0.6837334088	0	0	0	1
9.07	9.16515268	-0.7848908799	0	0.7016227155	-0.7125486405	0	0.7125486405	0.7016227155	0	0	0	1
9.08	9.170145223	-0.7824773691	0	0.7194090947	-0.6945866069	0	0.6945866069	0.7194090947	0	0	0	1
9.09	9.175284629	-0.7800817125	0	0.7369997525	-0.6758930129	0	0.6758930129	0.7369997525	0	0	0	1
9.1	9.180519646	-0.7776366791	0	0.7541916882	-0.6566543211	0	0.6566543211	0.7541916882	0	0	0	1
9.11	9.18576307	-0.7750859974	0	0.7706938598	-0.6372055982	0	0.6372055982	0.7706938598	0	0	0	1
9.12	9.190897906	-0.7723935158	0	0.7861605338	-0.6180223419	0	0.6180223419	0.7861605338	0	0	0	1
9.13	9.195790276	-0.7695518725	0	0.8002299656	-0.5996932567	0	0.5996932567	0.8002299656	0	0	0	1
9.14	9.2003119	-0.7665899059	0	0.8125534831	-0.5828866417	0	0.5828866417	0.8125534831	0	0	0	1
9.15	9.204393137	-0.7635906669	0	0.8226939193	-0.5684845778	0	0.5684845778	0.8226939193	0	0	0	1
9.16	9.208492101	-0.7609544153	0	0.8286285533	-0.5597988216	0	0.5597988216	0.8286285533	0	0	0	1
9.17	9.213212148	-0.759024747	0	0.8306561127	-0.5567857958	0	0.5567857958	0.8306561127	0	0	0	1
9.18	9.218399131	-0.7576027226	0	0.8307175784	-0.5566940857	0	0.5566940857	0.8307175784	0	0	0	1
9.19	9.223805258	-0.7565082328	0	0.8296304792	-0.5583128764	0	0.5583128764	0.8296304792	0	0	0	1
9.2	9.229229707	-0.7556161286	0	0.8278578873	-0.5609378918	0	0.5609378918	0.8278578873	0	0	0	1
9.21	9.234552888	-0.7548211975	0	0.8259304038	-0.5637720888	0	0.5637720888	0.8259304038	0	0	0	1
9.22	9.239751149	-0.7540516512	0	0.824397284	-0.5660115884	0	0.5660115884	0.824397284	0	0	0	1
9.23	9.244864107	-0.7532750271	0	0.8237078157	-0.5670144921	0	0.5670144921	0.8237078157	0	0	0	1
9.24	9.250072941	-0.7525185168	0	0.8246861598	-0.5655906097	0	0.5655906097	0.8246861598	0	0	0	1
9.25	9.255588048	-0.7518613907	0	0.8258769152	-0.5638504419	0	0.5638504419	0.8258769152	0	0	0	1
9.26	9.261902578	-0.7509901883	0	0.8248750539	-0.565315085	0	0.565315085	0.8248750539	0	0	0	1
9.27	9.269709237	-0.7492945353	0	0.8245964222	-0.5657214337	0	0.5657214337	0.8245964222	0	0	0	1
9.28	9.279317361	-0.7467730545	0	0.8249574041	-0.5651949058	0	0.5651949058	0.8249574041	0	0	0	1
9.29	9.291050218	-0.7438099429	0	0.8244157591	-0.5659846784	0	0.5659846784	0.8244157591	0	0	0	1
9.3	9.30522711	-0.7409707947	0	0.8210570527	-0.5708461406	0	0.5708461406	0.8210570527	0	0	0	1
9.31	9.321477908	-0.7390705253	0	0.8133460271	-0.5817802336	0	0.5817802336	0.8133460271	0	0	0	1
9.32	9.339244503	-0.7379705749	0	0.8014595477	-0.5980489892	0	0.5980489892	0.8014595477	0	0	0	1
9.33	9.357993507	-0.736829298	0	0.7872293656	-0.6166603003	0	0.6166603003	0.7872293656	0	0	0	1
9.34	9.377216062	-0.7349404001	0	0.7726881142	-0.6347858522	0	0.6347858522	0.7726881142	0	0	0	1
9.35	9.396463426	-0.7322013426	0	0.7589448835	-0.6511548693	0	0.6511548693	0.7589448835	0	0	0	1
9.36	9.415434709	-0.7290415181	0	0.7460189043	-0.6659247663	0	0.6659247663	0.7460189043	0	0	0	1
9.37	9.434021118	-0.7261105193	0	0.7332433166	-0.6799663511	0	0.6799663511	0.7332433166	0	0	0	1
9.38	9.452285422	-0.7239370101	0	0.7195433584	-0.6944475181	0	0.6944475181	0.7195433584	0	0	0	1
9.39	9.470399186	-0.7226404983	0	0.7040981211	-0.7101026938	0	0.7101026938	0.7040981211	0	0	0	1
9.4	9.488588841	-0.7220966956	0	0.6865973498	-0.7270378802	0	0.7270378802	0.6865973498	0	0	0	1
9.41	9.507031345	-0.7222578361	0	0.6666914721	-0.7453338051	0	0.7453338051	0.6666914721	0	0	0	1
9.42	9.525796463	-0.7231949546	0	0.6438382721	-0.7651616035	0	0.7651616035	0.6438382721	0	0	0	1
9.43	9.544855816	-0.724948656	0	0.6176043054	-0.786488984	0	0.786488984	0.6176043054	0	0	0	1
9.44	9.564110314	-0.7274231833	0	0.5879604903	-0.8088896475	0	0.8088896475	0.5879604903	0	0	0	1
9.45	9.58341493	-0.7304073824	0	0.5552950606	-0.8316534108	0	0.8316534108	0.5552950606	0	0	0	1
9.46	9.602610615	-0.7336771606	0	0.5201551292	-0.8540718012	0	0.8540718012	0.5201551292	0	0	0	1
9.47	9.621564435	-0.7370894862	0	0.4829329124	-0.8756573543	0	0.8756573543	0.4829329124	0	0	0	1
9.48	9.64021364	-0.7406239171	0	0.4436662903	-0.8961920681	0	0.8961920681	0.4436662903	0	0	0	1
9.49	9.65858791	-0.7443569498	0	0.4020639725	-0.9156115781	0	0.9156115781	0.4020639725	0	0	0	1
9.5	9.676802828	-0.7484019287	0	0.3576897973	-0.9338404622	0	0.9338404622	0.3576897973	0	0	0	1
9.51	9.69503363	-0.7528557294	0	0.3101720048	-0.9506804549	0	0.9506804549	0.3101720048	0	0	0	1
9.52	9.713486938	-0.7577748323	0	0.2593380026	-0.9657866226	0	0.9657866226	0.2593380026	0	0	0	1
9.53	9.732382371	-0.7631753483	0	0.2052610487	-0.9787072606	0	0.9787072606	0.2052610487	0	0	0	1
9.54	9.751946331	-0.7690384865	0	0.1482541074	-0.9889493008	0	0.9889493008	0.1482541074	0	0	0	1
9.55	9.772409603	-0.7753062639	0	0.08884665782	-0.9960453159	0	0.9960453159	0.08884665782	0	0	0	1
9.56	9.794002336	-0.781869277	0	0.02774155415	-0.999615129	0	0.999615129	0.02774155415	0	0	0	1
9.57	9.816941947	-0.7885552983	0	-0.03424907793	-0.9994133282	0	0.9994133282	-0.03424907793	0	0	0	1
9.58	9.841406908	-0.7951232316	0	-0.09629029118	-0.995353294	0	0.995353294	-0.09629029118	0	0	0	1
9.59	9.86749742	-0.8012693101	0	-0.1575892027	-0.987504756	0	0.987504756	-0.1575892027	0	0	0	1
9.6	9.895188073	-0.806653442	0	-0.2174245899	-0.9760771218	0	0.9760771218	-0.2174245899	0	0	0	1
9.61	9.924291192	-0.8109529116	0	-0.2751566922	-0.961399394	0	0.961399394	-0.2751566922	0	0	0	1
9.62	9.95445392	-0.8139329344	0	-0.3302468836	-0.9438945894	0	0.9438945894	-0.3302468836	0	0	0	1
9.63	9.98518874	-0.8154994063	0	-0.3822622424	-0.9240538826	0	0.9240538826	-0.3822622424	0	0	0	1
9.64	10.01591226	-0.8157119778	0	-0.4308117444	-0.9024418213	0	0.9024418213	-0.4308117444	0	0	0	1
9.65	10.04597854	-0.814771687	0	-0.4754373421	-0.8797495858	0	0.8797495858	-0.4754373421	0	0	0	1
9.66	10.07472563	-0.8130018459	0	-0.5155832893	-0.8568394667	0	0.8568394667	-0.5155832893	0	0	0	1
9.67	10.10153477	-0.8108143794	0	-0.5506719059	-0.8347217812	0	0.8347217812	-0.5506719059	0	0	0	1
9.68	10.12587308	-0.8086597366	0	-0.5801636857	-0.8144999065	0	0.8144999065	-0.5801636857	0	0	0	1
9.69	10.14732711	-0.8069715351	0	-0.6035978538	-0.7972889256	0	0.7972889256	-0.6035978538	0	0	0	1
9.7	10.16562746	-0.8061141461	0	-0.6206390515	-0.7840964021	0	0.7840964021	-0.6206390515	0	0	0	1
9.71	10.18066518	-0.8063415584	0	-0.6311214818	-0.7756840047	0	0.7756840047	-0.6311214818	0	0	0	1
9.72	10.19249414	-0.8077786157	0	-0.6350614105	-0.7724616527	0	0.7724616527	-0.6350614105	0	0	0	1
9.73	10.20132211	-0.810428504	0	-0.6326557053	-0.7744331853	0	0.7744331853	-0.6326557053	0	0	0	1
9.74	10.20748799	-0.8142034473	0	-0.624270654	-0.7812081352	0	0.7812081352	-0.624270654	0	0	0	1
9.75	10.21142263	-0.8189630808	0	-0.610407878	-0.7920872569	0	0.7920872569	-0.610407878	0	0	0	1
9.76	10.21360387	-0.8245124412	0	-0.5916778572	-0.8061744931	0	0.8061744931	-0.5916778572	0	0	0	1
9.77	10.21454012	-0.8306777936	0	-0.5690473405	-0.8223047636	0	0.8223047636	-0.5690473405	0	0	0	1
9.78	10.21460776	-0.8373908474	0	-0.5430127992	-0.839724419	0	0.839724419	-0.5430127992	0	0	0	1
9.79	10.2140717	-0.8446336057	0	-0.5134434842	-0.858123411	0	0.858123411	-0.5134434842	0	0	0	1
9.8	10.21323709	-0.8524101737	0	-0.480411316	-0.8770433099	0	0.8770433099	-0.480411316	0	0	0	1
9.81	10.21248214	-0.8607613288	0	-0.4445007291	-0.8957784892	0	0.8957784892	-0.4445007291	0	0	0	1
9.82	10.21219454	-0.8697698309	0	-0.4065911357	-0.9136102278	0	0.9136102278	-0.4065911357	0	0	0	1
9.83	10.21312777	-0.8795544141	0	-0.3697261485	-0.9291407725	0	0.9291407725	-0.3697261485	0	0	0	1
9.84	10.21610548	-0.8889764036	0	-0.3330486416	-0.942909647	0	0.942909647	-0.3330486416	0	0	0	1
9.85	10.21952584	-0.8974838684	0	-0.2907327014	-0.9568043146	0	0.9568043146	-0.2907327014	0	0	0	1
9.86	10.22292742	-0.905476938	0	-0.24816621	-0.9687174677	0	0.9687174677	-0.24816621	0	0	0	1
9.87	10.22616546	-0.9128920232	0	-0.2070462241	-0.9783311612	0	0.9783311612	-0.2070462241	0	0	0	1
9.88	10.22840322	-0.919264844	0	-0.1780450844	-0.984022331	0	0.984022331	-0.1780450844	0	0	0	1
9.89	10.22896996	-0.9241032771	0	-0.1699623959	-0.9854505487	0	0.9854505487	-0.1699623959	0	0	0	1
9.9	10.22993219	-0.9269251666	0	-0.1559839572	-0.9877595887	0	0.9877595887	-0.1559839572	0	0	0	1
9.91	10.23130368	-0.9274322692	0	-0.1361305359	-0.990690909	0	0.990690909	-0.1361305359	0	0	0	1
9.92	10.2329357	-0.9259406974	0	-0.1123483296	-0.9936688849	0	0.9936688849	-0.1123483296	0	0	0	1
9.93	10.23467992	-0.9229757332	0	-0.08668131316	-0.9962360915	0	0.9962360915	-0.08668131316	0	0	0	1
9.94	10.23647121	-0.919019928	0	-0.06038984574	-0.9981748677	0	0.9981748677	-0.06038984574	0	0	0	1
9.95	10.23830015	-0.9144761479	0	-0.03410498577	-0.9994182558	0	0.9994182558	-0.03410498577	0	0	0	1
9.96	10.24019279	-0.909687106	0	-0.008200082332	-0.9999663788	0	0.9999663788	-0.008200082332	0	0	0	1
9.97	10.24221641	-0.9047979052	0	0.01770134926	-0.9998433188	0	0.9998433188	0.01770134926	0	0	0	1
9.98	10.24443114	-0.8998354547	0	0.04411045158	-0.9990266603	0	0.9990266603	0.04411045158	0	0	0	1
9.99	10.24680118	-0.894903565	0	0.07051525892	-0.9975107008	0	0.9975107008	0.07051525892	0	0	0	1
10	10.24926174	-0.8900632544	0	0.09631204226	-0.9953511895	0	0.9953511895	0.09631204226	0	0	0	1
