0	-0.165160415	-0.743870571	0	-0.165160415	-0.558620048	0
0.01	-0.150314272	-0.74206157	0	-0.150314272	-0.760444453	0
0.02	-0.138734271	-0.738637586	0	-0.138734271	-0.746803312	0
0.03	-0.129633729	-0.734136578	0	-0.129633729	-0.73957995	0
0.04	-0.122420077	-0.728494115	0	-0.122420077	-0.730267917	0
0.05	-0.116169772	-0.721727469	0	-0.116169772	-0.718399026	0
0.06	-0.109790619	-0.714343629	0	-0.109790619	-0.707015242	0
0.07	-0.102380865	-0.70715877	0	-0.102380865	-0.698082276	0
0.08	-0.093394988	-0.70093195	0	-0.093394988	-0.691888943	0
0.09	-0.082589704	-0.696150882	0	-0.082589704	-0.687903419	0
0.1	-0.069874592	-0.69303856	0	-0.069874592	-0.685451616	0
0.11	-0.055167392	-0.691694682	0	-0.055167392	-0.684090103	0
0.12	-0.03830162	-0.692263854	0	-0.03830162	-0.683810579	0
0.13	-0.01900079	-0.695053309	0	-0.01900079	-0.685096138	0
0.14	0.003086798	-0.700555331	0	0.003086798	-0.688818539	0
0.15	0.02831931	-0.709367165	0	0.02831931	-0.696011388	0
0.16	0.057035549	-0.722014396	0	0.057035549	-0.7012726	0
0.17	0.089669783	-0.738241071	0	0.089669783	-0.717008789	0
0.18	0.12627587	-0.756396585	0	0.12627587	-0.734529835	0
0.19	0.164689107	-0.770038183	0	0.164689107	-0.82573803	0
0.2	0.203258533	-0.778452163	0	0.203258533	-0.804366121	0
0.21	0.242890719	-0.78764079	0	0.242890719	-0.794403152	0
0.22	0.283779786	-0.797690578	0	0.283779786	-0.782179748	0
0.23	0.324829082	-0.80555905	0	0.324829082	-0.796066635	0
0.24	0.364088167	-0.808896957	0	0.364088167	-0.806194194	0
0.25	0.400492448	-0.808752362	0	0.400492448	-0.809686174	0
0.26	0.434069046	-0.80728115	0	0.434069046	-0.808734462	0
0.27	0.465212638	-0.805596851	0	0.465212638	-0.80555689	0
0.28	0.494287804	-0.803656039	0	0.494287804	-0.80171374	0
0.29	0.521720543	-0.801182502	0	0.521720543	-0.797989487	0
0.3	0.548155228	-0.798259405	0	0.548155228	-0.794498633	0
0.31	0.574366368	-0.795222902	0	0.574366368	-0.791214623	0
0.32	0.601013132	-0.792316203	0	0.601013132	-0.788199414	0
0.33	0.62848101	-0.789558988	0	0.62848101	-0.78547205	0
0.34	0.656888762	-0.786841661	0	0.656888762	-0.782867087	0
0.35	0.686165219	-0.784039044	0	0.686165219	-0.780144467	0
0.36	0.71610142	-0.7810445	0	0.71610142	-0.776842395	0
0.37	0.746357814	-0.777733363	0	0.746357814	-0.773342817	0
0.38	0.776464414	-0.774032814	0	0.776464414	-0.769886504	0
0.39	0.805914765	-0.770004628	0	0.805914765	-0.766383773	0
0.4	0.834247942	-0.76583491	0	0.834247942	-0.762714717	0
0.41	0.861042301	-0.761763589	0	0.861042301	-0.75917564	0
0.42	0.885909072	-0.758064588	0	0.885909072	-0.756111788	0
0.43	0.908478378	-0.755053078	0	0.908478378	-0.754013131	0
0.44	0.928370545	-0.753076344	0	0.928370545	-0.753144813	0
0.45	0.94522935	-0.752478631	0	0.94522935	-0.753567693	0
0.46	0.95877854	-0.753538352	0	0.95877854	-0.755309543	0
0.47	0.968864246	-0.756406212	0	0.968864246	-0.758407739	0
0.48	0.975481869	-0.761070142	0	0.975481869	-0.762867124	0
0.49	0.978794425	-0.767356707	0	0.978794425	-0.768625768	0
0.5	0.979141278	-0.774968117	0	0.979141278	-0.775554845	0
0.51	0.977030067	-0.783546554	0	0.977030067	-0.783477082	0
0.52	0.973105434	-0.792749875	0	0.973105434	-0.792186021	0
0.53	0.968095082	-0.802315232	0	0.968095082	-0.801372656	0
0.54	0.962744544	-0.812080104	0	0.962744544	-0.810882018	0
0.55	0.957735574	-0.822013251	0	0.957735574	-0.820972694	0
0.56	0.953611217	-0.83221164	0	0.953611217	-0.831408669	0
0.57	0.950792475	-0.842833441	0	0.950792475	-0.842032344	0
0.58	0.949625044	-0.854073824	0	0.949625044	-0.853065606	0
0.59	0.950339864	-0.866151129	0	0.950339864	-0.864873095	0
0.6	0.953017324	-0.879219452	0	0.953017324	-0.886838893	0
0.61	0.956934994	-0.891421479	0	0.956934994	-0.882623534	0
0.62	0.961141825	-0.902546205	0	0.961141825	-0.875102936	0
0.63	0.964749758	-0.913113152	0	0.964749758	-1.05844914	0
0.64	0.964997878	-0.922062816	0	0.964997878	-1.270900969	0
0.65	0.965492136	-0.928564372	0	0.965492136	-1.293990147	0
0.66	0.966472838	-0.931807311	0	0.966472838	-1.286962164	0
0.67	0.967867019	-0.931838383	0	0.967867019	-1.260589479	0
0.68	0.969556799	-0.929177491	0	0.969556799	-1.228483783	0
0.69	0.971462793	-0.924536401	0	0.971462793	-1.202718541	0
0.7	0.973561143	-0.918668913	0	0.973561143	-1.190965218	0
0.71	0.975898042	-0.912234784	0	0.975898042	-1.191016693	0
0.72	0.978652364	-0.905471042	0	0.978652364	-1.19144194	0
0.73	0.981915173	-0.89839818	0	0.981915173	-1.186712518	0
0.74	0.985680225	-0.891057208	0	0.985680225	-1.175706683	0
0.75	0.989912574	-0.883489613	0	0.989912574	-1.159091626	0
0.76	0.994576247	-0.875735823	0	0.994576247	-1.137707785	0
0.77	0.999638307	-0.867840316	0	0.999638307	-1.112322808	0
0.78	1.005065185	-0.859857292	0	1.005065185	-1.083659306	0
0.79	1.010817912	-0.851851712	0	1.010817912	-1.052412925	0
0.8	1.016848188	-0.843896957	0	1.016848188	-1.019281912	0
0.81	1.023095277	-0.836072481	0	1.023095277	-0.985113381	0
0.82	1.029482621	-0.828465779	0	1.029482621	-0.950977031	0
0.83	1.035916731	-0.821173112	0	1.035916731	-0.918275164	0
0.84	1.042291254	-0.814296633	0	1.042291254	-0.888486637	0
0.85	1.048499708	-0.807934163	0	1.048499708	-0.863069131	0
0.86	1.054452552	-0.802166187	0	1.054452552	-0.84300317	0
0.87	1.060093084	-0.797044377	0	1.060093084	-0.828602655	0
0.88	1.065406635	-0.792584334	0	1.065406635	-0.819444996	0
0.89	1.070420972	-0.788764372	0	1.070420972	-0.814497181	0
0.9	1.075197637	-0.785529993	0	1.075197637	-0.812344853	0
0.91	1.079815136	-0.782801845	0	1.079815136	-0.811449227	0
0.92	1.084348141	-0.780484519	0	1.084348141	-0.810378207	0
0.93	1.088847454	-0.77847562	0	1.088847454	-0.807997597	0
0.94	1.093325648	-0.776674239	0	1.093325648	-0.803599374	0
0.95	1.097750829	-0.774988042	0	1.097750829	-0.796954558	0
0.96	1.102048738	-0.773339475	0	1.102048738	-0.788300489	0
0.97	1.106112638	-0.771670065	0	1.106112638	-0.77826502	0
0.98	1.109819021	-0.769943018	0	1.109819021	-0.767745221	0
0.99	1.113048945	-0.768143577	0	1.113048945	-0.757764438	0
1	1.115712894	-0.766278282	0	1.115712894	-0.749413762	0
1.01	1.117790708	-0.764380675	0	1.117790708	-0.74554365	0
1.02	1.119560254	-0.762625176	0	1.119560254	-0.750906116	0
1.03	1.121420189	-0.761160452	0	1.121420189	-0.756441631	0
1.04	1.123379689	-0.759840096	0	1.123379689	-0.759922137	0
1.05	1.125012605	-0.758238867	0	1.125012605	-0.760625897	0
1.06	1.125901012	-0.756021066	0	1.125901012	-0.75947359	0
1.07	1.125880771	-0.753045996	0	1.125880771	-0.756537018	0
1.08	1.125050448	-0.749329989	0	1.125050448	-0.751791695	0
1.09	1.123751138	-0.745101217	0	1.123751138	-0.745682785	0
1.1	1.12254978	-0.740800045	0	1.12254978	-0.733514277	0
1.11	1.122375845	-0.736644756	0	1.122375845	-0.728163343	0
1.12	1.123809873	-0.732622316	0	1.123809873	-0.7210896	0
1.13	1.127757236	-0.728546709	0	1.127757236	-0.708109664	0
1.14	1.135305303	-0.724630114	0	1.135305303	-0.702345776	0
1.15	1.146649785	-0.721744546	0	1.146649785	-0.700720278	0
1.16	1.161360805	-0.720678962	0	1.161360805	-0.702713254	0
1.17	1.178852025	-0.721323631	0	1.178852025	-0.70701745	0
1.18	1.198568624	-0.722889907	0	1.198568624	-0.712047365	0
1.19	1.219992219	-0.724649638	0	1.219992219	-0.716483347	0
1.2	1.24269236	-0.726444228	0	1.24269236	-0.719718136	0
1.21	1.266455399	-0.72867498	0	1.266455399	-0.72122856	0
1.22	1.291377123	-0.731881306	0	1.291377123	-0.722833688	0
1.23	1.317750199	-0.736295613	0	1.317750199	-0.725598246	0
1.24	1.345907617	-0.741813691	0	1.345907617	-0.729970412	0
1.25	1.376089244	-0.748182103	0	1.376089244	-0.735984383	0
1.26	1.408374805	-0.755112092	0	1.408374805	-0.7432769	0
1.27	1.442672923	-0.7622718	0	1.442672923	-0.751257949	0
1.28	1.478741159	-0.769272169	0	1.478741159	-0.759288364	0
1.29	1.516236438	-0.77572516	0	1.516236438	-0.766788552	0
1.3	1.554789611	-0.781332871	0	1.554789611	-0.773294155	0
1.31	1.594085828	-0.785930987	0	1.594085828	-0.778501641	0
1.32	1.633907134	-0.789457024	0	1.633907134	-0.782279583	0
1.33	1.674119486	-0.791884162	0	1.674119486	-0.784629425	0
1.34	1.714621359	-0.793172265	0	1.714621359	-0.785609791	0
1.35	1.755277863	-0.793254517	0	1.755277863	-0.785284017	0
1.36	1.795858426	-0.792053088	0	1.795858426	-0.783720691	0
1.37	1.835990938	-0.789515642	0	1.835990938	-0.781024814	0
1.38	1.875146045	-0.785665901	0	1.875146045	-0.777368188	0
1.39	1.912657813	-0.780655492	0	1.912657813	-0.773003903	0
1.4	1.947776986	-0.774798677	0	1.947776986	-0.768265622	0
1.41	1.979745703	-0.7685739	0	1.979745703	-0.763556938	0
1.42	2.007866984	-0.762587292	0	2.007866984	-0.759317157	0
1.43	2.031563485	-0.757502685	0	2.031563485	-0.75597812	0
1.44	2.050417383	-0.753950711	0	2.050417383	-0.753925077	0
1.45	2.064185788	-0.752437088	0	2.064185788	-0.753454524	0
1.46	2.07280289	-0.753268262	0	2.07280289	-0.754752541	0
1.47	2.076374803	-0.756510636	0	2.076374803	-0.75788322	0
1.48	2.075174969	-0.761991852	0	2.075174969	-0.762791063	0
1.49	2.069639542	-0.769344179	0	2.069639542	-0.76930586	0
1.5	2.06035649	-0.778080056	0	2.06035649	-0.859964545	0
1.51	2.050699143	-0.786709246	0	2.050699143	-0.782025639	0
1.52	2.04012171	-0.79537689	0	2.04012171	-0.79354348	0
1.53	2.028282454	-0.804128213	0	2.028282454	-0.801058593	0
1.54	2.015503152	-0.812956801	0	2.015503152	-0.811372733	0
1.55	2.001627981	-0.821958198	0	2.001627981	-0.821318249	0
1.56	1.98670104	-0.831116235	0	1.98670104	-0.83024926	0
1.57	1.971243388	-0.840371838	0	1.971243388	-0.83934499	0
1.58	1.956076265	-0.849768923	0	1.956076265	-0.848646822	0
1.59	1.942076878	-0.859365715	0	1.942076878	-0.857475003	0
1.6	1.930176122	-0.869340928	0	1.930176122	-0.866712378	0
1.61	1.921497157	-0.880036869	0	1.921497157	-0.919034442	0
1.62	1.922829069	-0.891263819	0	1.922829069	-0.905158935	0
1.63	1.92641646	-0.901002881	0	1.92641646	-0.892358841	0
1.64	1.929834205	-0.910143344	0	1.929834205	-1.11136789	0
1.65	1.930155432	-0.918245515	0	1.930155432	-1.283302385	0
1.66	1.930669147	-0.924641434	0	1.930669147	-1.314116486	0
1.67	1.931628044	-0.928166603	0	1.931628044	-1.318553463	0
1.68	1.932989186	-0.928632588	0	1.932989186	-1.298712098	0
1.69	1.934627749	-0.926370229	0	1.934627749	-1.263118552	0
1.7	1.936430715	-0.92195055	0	1.936430715	-1.226549247	0
1.71	1.938312534	-0.916164925	0	1.938312534	-1.201535124	0
1.72	1.940277731	-0.909847201	0	1.940277731	-1.187681777	0
1.73	1.942497054	-0.903422423	0	1.942497054	-1.17819505	0
1.74	1.945042096	-0.897062926	0	1.945042096	-1.167933978	0
1.75	1.947931796	-0.890766716	0	1.947931796	-1.15417053	0
1.76	1.9511919	-0.884439844	0	1.9511919	-1.135281384	0
1.77	1.954831216	-0.878009365	0	1.954831216	-1.110562759	0
1.78	1.958799917	-0.871490015	0	1.958799917	-1.081088141	0
1.79	1.962988839	-0.864980315	0	1.962988839	-1.049712108	0
1.8	1.967271073	-0.858611773	0	1.967271073	-1.019956949	0
1.81	1.971553466	-0.852494187	0	1.971553466	-0.994701271	0
1.82	1.975808571	-0.846685657	0	1.975808571	-0.975423788	0
1.83	1.980076385	-0.841191533	0	1.980076385	-0.962144882	0
1.84	1.984442333	-0.835980744	0	1.984442333	-0.953818719	0
1.85	1.989005434	-0.831005638	0	1.989005434	-0.948842766	0
1.86	1.993847419	-0.826217928	0	1.993847419	-0.945508139	0
1.87	1.999008799	-0.821579451	0	1.999008799	-0.942335759	0
1.88	2.004474449	-0.81706861	0	2.004474449	-0.938315515	0
1.89	2.010169416	-0.812683574	0	2.010169416	-0.933075248	0
1.9	2.015965555	-0.80844304	0	2.015965555	-0.926975889	0
1.91	2.021698831	-0.804384806	0	2.021698831	-0.921072783	0
1.92	2.02719498	-0.800560061	0	2.02719498	-0.916791675	0
1.93	2.032302865	-0.797018456	0	2.032302865	-0.915224677	0
1.94	2.036939369	-0.793780623	0	2.036939369	-0.916460151	0
1.95	2.041146416	-0.79081958	0	2.041146416	-0.919769876	0
1.96	2.045103722	-0.788079262	0	2.045103722	-0.923890418	0
1.97	2.049048313	-0.785507512	0	2.049048313	-0.926438765	0
1.98	2.053185425	-0.783057002	0	2.053185425	-0.924322281	0
1.99	2.057639789	-0.780663258	0	2.057639789	-0.915572111	0
2	2.062427811	-0.778239573	0	2.062427811	-0.899695406	0
2.01	2.067470333	-0.775698085	0	2.067470333	-0.876886312	0
2.02	2.072616178	-0.772974921	0	2.072616178	-0.848351579	0
2.03	2.077654437	-0.770048164	0	2.077654437	-0.816726718	0
2.04	2.082350347	-0.766950442	0	2.082350347	-0.785636664	0
2.05	2.086511934	-0.763777598	0	2.086511934	-0.759624216	0
2.06	2.090189128	-0.760769137	0	2.090189128	-0.753208744	0
2.07	2.094020997	-0.7584319	0	2.094020997	-0.7539547	0
2.08	2.09806911	-0.756695299	0	2.09806911	-0.75323747	0
2.09	2.102115829	-0.755310812	0	2.102115829	-0.752430289	0
2.1	2.106045344	-0.754131865	0	2.106045344	-0.751801891	0
2.11	2.109865935	-0.753059573	0	2.109865935	-0.750885095	0
2.12	2.113703659	-0.752038257	0	2.113703659	-0.74908013	0
2.13	2.117779984	-0.751061943	0	2.117779984	-0.741983774	0
2.14	2.122715181	-0.750010024	0	2.122715181	-0.740469768	0
2.15	2.129200555	-0.748439545	0	2.129200555	-0.738705077	0
2.16	2.137586239	-0.746344412	0	2.137586239	-0.735117316	0
2.17	2.148042133	-0.744229717	0	2.148042133	-0.732153904	0
2.18	2.160672571	-0.742343649	0	2.160672571	-0.727370713	0
2.19	2.17577312	-0.740594342	0	2.17577312	-0.727000968	0
2.2	2.193048015	-0.739468759	0	2.193048015	-0.728581315	0
2.21	2.21185738	-0.738963843	0	2.21185738	-0.73156953	0
2.22	2.231591608	-0.738320245	0	2.231591608	-0.73429291	0
2.23	2.251712059	-0.736770106	0	2.251712059	-0.735376761	0
2.24	2.271767144	-0.73412325	0	2.271767144	-0.734361656	0
2.25	2.291460589	-0.730807486	0	2.291460589	-0.731703791	0
2.26	2.310690363	-0.727568089	0	2.310690363	-0.728074581	0
2.27	2.329529815	-0.725087092	0	2.329529815	-0.724270141	0
2.28	2.348163709	-0.723604185	0	2.348163709	-0.721277055	0
2.29	2.366840879	-0.723000037	0	2.366840879	-0.719515596	0
2.3	2.385769149	-0.723173034	0	2.385769149	-0.719140657	0
2.31	2.405043142	-0.724156704	0	2.405043142	-0.720088123	0
2.32	2.424648827	-0.725986179	0	2.424648827	-0.722187478	0
2.33	2.444496667	-0.728571201	0	2.444496667	-0.725179833	0
2.34	2.464451688	-0.731699781	0	2.464451688	-0.728711185	0
2.35	2.484366125	-0.735139403	0	2.484366125	-0.732414552	0
2.36	2.504121593	-0.738742651	0	2.504121593	-0.736048013	0
2.37	2.523674625	-0.742495755	0	2.523674625	-0.739581398	0
2.38	2.543080796	-0.746490572	0	2.543080796	-0.743163825	0
2.39	2.562487033	-0.750854525	0	2.562487033	-0.747019609	0
2.4	2.582101421	-0.755687904	0	2.582101421	-0.751345238	0
2.41	2.602161676	-0.761038335	0	2.602161676	-0.756249702	0
2.42	2.622915104	-0.766903431	0	2.622915104	-0.761737055	0
2.43	2.644610224	-0.773235686	0	2.644610224	-0.767703586	0
2.44	2.667488956	-0.779932261	0	2.667488956	-0.773962685	0
2.45	2.691770156	-0.78681562	0	2.691770156	-0.780265634	0
2.46	2.717619897	-0.793621919	0	2.717619897	-0.786336386	0
2.47	2.745112364	-0.800011874	0	2.745112364	-0.791907662	0
2.48	2.774187404	-0.805607048	0	2.774187404	-0.796763786	0
2.49	2.804616238	-0.810049441	0	2.804616238	-0.800763863	0
2.5	2.835994056	-0.813075541	0	2.835994056	-0.803818709	0
2.51	2.867768866	-0.81457916	0	2.867768866	-0.805877868	0
2.52	2.899291995	-0.814636477	0	2.899291995	-0.806986415	0
2.53	2.929864802	-0.813492028	0	2.929864802	-0.807326519	0
2.54	2.95878621	-0.811527767	0	2.95878621	-0.807132694	0
2.55	2.985413039	-0.809217636	0	2.985413039	-0.806652731	0
2.56	3.009213661	-0.807064131	0	3.009213661	-0.806178655	0
2.57	3.029802087	-0.805529731	0	3.029802087	-0.805996725	0
2.58	3.046961148	-0.804977357	0	3.046961148	-0.806342559	0
2.59	3.060653497	-0.805631094	0	3.060653497	-0.807405166	0
2.6	3.071020473	-0.80756634	0	3.071020473	-0.809327747	0
2.61	3.078364722	-0.810731788	0	3.078364722	-0.812188917	0
2.62	3.083121276	-0.814992039	0	3.083121276	-0.815974581	0
2.63	3.085798332	-0.820163167	0	3.085798332	-0.820241814	0
2.64	3.08695561	-0.826018865	0	3.08695561	-0.825299343	0
2.65	3.087116853	-0.8324218	0	3.087116853	-0.831847881	0
2.66	3.086622854	-0.839335558	0	3.086622854	-0.839136829	0
2.67	3.085756214	-0.846757934	0	3.085756214	-0.846671157	0
2.68	3.084866667	-0.854715385	0	3.084866667	-0.854541507	0
2.69	3.084351597	-0.86327726	0	3.084351597	-0.862982814	0
2.7	3.084580085	-0.87255054	0	3.084580085	-0.872185199	0
2.71	3.08656872	-0.882503506	0	3.08656872	-0.899601927	0
2.72	3.089816866	-0.891615339	0	3.089816866	-0.893759789	0
2.73	3.09334104	-0.900023257	0	3.09334104	-0.891053689	0
2.74	3.096750624	-0.907969712	0	3.096750624	-0.894348496	0
2.75	3.100001782	-0.915263285	0	3.100001782	-0.922596459	0
2.76	3.100971452	-0.921190216	0	3.100971452	-1.206521554	0
2.77	3.1016892	-0.925437134	0	3.1016892	-1.226456469	0
2.78	3.102840187	-0.927381821	0	3.102840187	-1.221725988	0
2.79	3.104340752	-0.927044475	0	3.104340752	-1.20319057	0
2.8	3.106027562	-0.924880156	0	3.106027562	-1.178907713	0
2.81	3.107793702	-0.921410164	0	3.107793702	-1.155785031	0
2.82	3.109604405	-0.917086672	0	3.109604405	-1.139027478	0
2.83	3.111469644	-0.912300508	0	3.111469644	-1.129767639	0
2.84	3.113438813	-0.907341147	0	3.113438813	-1.12452012	0
2.85	3.115599838	-0.902248938	0	3.115599838	-1.119442327	0
2.86	3.117963751	-0.897112353	0	3.117963751	-1.11249551	0
2.87	3.120467659	-0.892027023	0	3.120467659	-1.103556509	0
2.88	3.123057991	-0.887024367	0	3.123057991	-1.093883431	0
2.89	3.125720292	-0.882098183	0	3.125720292	-1.084622482	0
2.9	3.128463421	-0.877240712	0	3.128463421	-1.076323407	0
2.91	3.131301777	-0.872452773	0	3.131301777	-1.069183549	0
2.92	3.134251906	-0.867739001	0	3.134251906	-1.063294465	0
2.93	3.137336172	-0.863101119	0	3.137336172	-1.058642043	0
2.94	3.14058428	-0.858533214	0	3.14058428	-1.054990136	0
2.95	3.144029102	-0.85402066	0	3.144029102	-1.051829277	0
2.96	3.147698645	-0.849543565	0	3.147698645	-1.048476234	0
2.97	3.151608026	-0.845082659	0	3.151608026	-1.044278505	0
2.98	3.155754997	-0.840624317	0	3.155754997	-1.038786754	0
2.99	3.16012063	-0.836162584	0	3.16012063	-1.03181313	0
3	3.164673515	-0.831699289	0	3.164673515	-1.02338293	0
3.01	3.16937446	-0.827244092	0	3.16937446	-1.013661762	0
3.02	3.174179603	-0.822815311	0	3.174179603	-1.002922405	0
3.03	3.179041945	-0.818440759	0	3.179041945	-0.991557886	0
3.04	3.183913195	-0.814157357	0	3.183913195	-0.980091476	0
3.05	3.188747922	-0.810008435	0	3.188747922	-0.96912215	0
3.06	3.193509945	-0.806038801	0	3.193509945	-0.95921302	0
3.07	3.198179702	-0.802288379	0	3.198179702	-0.950746118	0
3.08	3.202760892	-0.798785483	0	3.202760892	-0.943792822	0
3.09	3.207283346	-0.795541528	0	3.207283346	-0.938048923	0
3.1	3.211799227	-0.792549139	0	3.211799227	-0.932833497	0
3.11	3.216371297	-0.789782222	0	3.216371297	-0.927169201	0
3.12	3.221057884	-0.787198405	0	3.221057884	-0.919941234	0
3.13	3.225899363	-0.784740963	0	3.225899363	-0.910095938	0
3.14	3.230907419	-0.782343288	0	3.230907419	-0.896802359	0
3.15	3.236058368	-0.779935435	0	3.236058368	-0.879569472	0
3.16	3.241291011	-0.777452431	0	3.241291011	-0.858376364	0
3.17	3.246508486	-0.774843119	0	3.246508486	-0.833789135	0
3.18	3.251586479	-0.772079559	0	3.251586479	-0.806966297	0
3.19	3.256388216	-0.769165046	0	3.256388216	-0.779652137	0
3.2	3.260790352	-0.766141613	0	3.260790352	-0.754269399	0
3.21	3.264768233	-0.763125459	0	3.264768233	-0.741659339	0
3.22	3.26895323	-0.760608954	0	3.26895323	-0.744136573	0
3.23	3.273760362	-0.758783942	0	3.273760362	-0.74518164	0
3.24	3.278972566	-0.757424933	0	3.278972566	-0.745827755	0
3.25	3.284345223	-0.756366424	0	3.284345223	-0.746924935	0
3.26	3.289691909	-0.755486884	0	3.289691909	-0.748296916	0
3.27	3.294918776	-0.754686397	0	3.294918776	-0.749375422	0
3.28	3.300026118	-0.753902371	0	3.300026118	-0.749687256	0
3.29	3.305069002	-0.753110468	0	3.305069002	-0.748982195	0
3.3	3.31030126	-0.75236745	0	3.31030126	-0.738720721	0
3.31	3.315901961	-0.751682659	0	3.315901961	-0.742774221	0
3.32	3.322562549	-0.750689515	0	3.322562549	-0.743043571	0
3.33	3.330838803	-0.748855037	0	3.330838803	-0.739292204	0
3.34	3.341002663	-0.746355414	0	3.341002663	-0.734170373	0
3.35	3.353415407	-0.743547894	0	3.353415407	-0.728955227	0
3.36	3.368229635	-0.741110083	0	3.368229635	-0.728148583	0
3.37	3.384969929	-0.739657307	0	3.384969929	-0.729689276	0
3.38	3.403063864	-0.73878541	0	3.403063864	-0.732287576	0
3.39	3.421970298	-0.737588975	0	3.421970298	-0.734271239	0
3.4	3.441179505	-0.735471955	0	3.441179505	-0.734549054	0
3.41	3.460271443	-0.732481662	0	3.460271443	-0.732943329	0
3.42	3.479000145	-0.72914784	0	3.479000145	-0.730053004	0
3.43	3.497317685	-0.726154535	0	3.497317685	-0.726272526	0
3.44	3.515332374	-0.723991458	0	3.515332374	-0.722758311	0
3.45	3.53324526	-0.72272383	0	3.53324526	-0.720150387	0
3.46	3.551285597	-0.722231602	0	3.551285597	-0.718778148	0
3.47	3.569608623	-0.722490851	0	3.569608623	-0.718722841	0
3.48	3.588255222	-0.723564018	0	3.588255222	-0.719904058	0
3.49	3.607171063	-0.725450654	0	3.607171063	-0.722141786	0
3.5	3.626237278	-0.728012041	0	3.626237278	-0.725146768	0
3.51	3.645298785	-0.731018684	0	3.645298785	-0.728544938	0
3.52	3.664199459	-0.734257298	0	3.664199459	-0.731990182	0
3.53	3.68282542	-0.737615563	0	3.68282542	-0.735293465	0
3.54	3.701142811	-0.741103937	0	3.701142811	-0.738472895	0
3.55	3.71921096	-0.744816707	0	3.71921096	-0.741700619	0
3.56	3.737167752	-0.748869351	0	3.737167752	-0.745201038	0
3.57	3.75519903	-0.753349873	0	3.75519903	-0.74915854	0
3.58	3.773511767	-0.758302667	0	3.773511767	-0.7536781	0
3.59	3.792318087	-0.763732305	0	3.792318087	-0.758767601	0
3.6	3.811832581	-0.769610247	0	3.811832581	-0.764355291	0
3.61	3.832272374	-0.775870708	0	3.832272374	-0.770303091	0
3.62	3.853854078	-0.782399717	0	3.853854078	-0.776423738	0
3.63	3.876784042	-0.789025772	0	3.876784042	-0.782499622	0
3.64	3.901232902	-0.795513985	0	3.901232902	-0.788297098	0
3.65	3.927297222	-0.801571104	0	3.927297222	-0.793601329	0
3.66	3.95495215	-0.806869142	0	3.95495215	-0.798246264	0
3.67	3.984014776	-0.811096438	0	3.984014776	-0.802109334	0
3.68	4.014139909	-0.814024894	0	4.014139909	-0.805084068	0
3.69	4.04484768	-0.815560907	0	4.04484768	-0.807098956	0
3.7	4.075560126	-0.815759395	0	4.075560126	-0.808203202	0
3.71	4.105633049	-0.814814307	0	4.105633049	-0.808549537	0
3.72	4.13440636	-0.813041869	0	4.13440636	-0.808328709	0
3.73	4.161257582	-0.810848294	0	4.161257582	-0.807780464	0
3.74	4.185649099	-0.808680936	0	4.185649099	-0.807196037	0
3.75	4.20716079	-0.806973149	0	4.20716079	-0.806847056	0
3.76	4.225516836	-0.806091173	0	4.225516836	-0.806962943	0
3.77	4.24060097	-0.806292473	0	4.24060097	-0.807737679	0
3.78	4.25246046	-0.807705554	0	4.25246046	-0.809321101	0
3.79	4.261297652	-0.810336452	0	4.261297652	-0.811806511	0
3.8	4.267447838	-0.814098671	0	4.267447838	-0.815225555	0
3.81	4.271339495	-0.818851627	0	4.271339495	-0.819380308	0
3.82	4.273450794	-0.824399388	0	4.273450794	-0.823988142	0
3.83	4.274292903	-0.830564929	0	4.274292903	-0.829936877	0
3.84	4.2742487	-0.837276828	0	4.2742487	-0.836991116	0
3.85	4.273588636	-0.844515311	0	4.273588636	-0.844439003	0
3.86	4.27262222	-0.852283274	0	4.27262222	-0.8521696	0
3.87	4.271731962	-0.86062072	0	4.271731962	-0.860381634	0
3.88	4.271310235	-0.86961035	0	4.271310235	-0.869274687	0
3.89	4.272096201	-0.879375456	0	4.272096201	-0.899760631	0
3.9	4.275050827	-0.88881848	0	4.275050827	-0.898585094	0
3.91	4.278464227	-0.897331235	0	4.278464227	-0.893447936	0
3.92	4.281868134	-0.905326471	0	4.281868134	-0.895177152	0
3.93	4.28510898	-0.91275068	0	4.28510898	-0.899318449	0
3.94	4.287390767	-0.91914796	0	4.287390767	-1.155050264	0
3.95	4.287955341	-0.924015536	0	4.287955341	-1.213144573	0
3.96	4.288911006	-0.926879304	0	4.288911006	-1.217941248	0
3.97	4.290277421	-0.927427808	0	4.290277421	-1.204476762	0
3.98	4.291907093	-0.925969224	0	4.291907093	-1.182569439	0
3.99	4.293650559	-0.923026947	0	4.293650559	-1.158766349	0
4	4.295441447	-0.919084042	0	4.295441447	-1.139244951	0
4.01	4.297269583	-0.91454451	0	4.297269583	-1.127026976	0
4.02	4.299160638	-0.909752878	0	4.299160638	-1.121053801	0
4.03	4.301182039	-0.904858599	0	4.301182039	-1.116845215	0
4.04	4.30339548	-0.89988853	0	4.30339548	-1.111881792	0
4.05	4.305766421	-0.894946829	0	4.305766421	-1.104964696	0
4.06	4.308230122	-0.890095595	0	4.308230122	-1.0968006	0
4.07	4.31075429	-0.885337624	0	4.31075429	-1.088672988	0
4.08	4.313341934	-0.880656628	0	4.313341934	-1.081374582	0
4.09	4.316009852	-0.876042671	0	4.316009852	-1.075168505	0
4.1	4.318776741	-0.87149371	0	4.318776741	-1.070109454	0
4.11	4.321663856	-0.867009075	0	4.321663856	-1.066188325	0
4.12	4.324698159	-0.862583606	0	4.324698159	-1.063263704	0
4.13	4.327911343	-0.858204533	0	4.327911343	-1.060963871	0
4.14	4.331334237	-0.853852315	0	4.331334237	-1.058701322	0
4.15	4.33498943	-0.849505099	0	4.33498943	-1.05581084	0
4.16	4.338885528	-0.845144162	0	4.338885528	-1.051737374	0
4.17	4.343015551	-0.840757518	0	4.343015551	-1.046146113	0
4.18	4.347359342	-0.83634089	0	4.347359342	-1.038927059	0
4.19	4.351887782	-0.831897808	0	4.351887782	-1.03013039	0
4.2	4.35656594	-0.827440145	0	4.35656594	-1.019915565	0
4.21	4.36135447	-0.822989193	0	4.36135447	-1.008545441	0
4.22	4.366209756	-0.818576355	0	4.366209756	-0.996421262	0
4.23	4.371085253	-0.814242432	0	4.371085253	-0.98408736	0
4.24	4.375935634	-0.810034523	0	4.375935634	-0.972173906	0
4.25	4.380723305	-0.806000932	0	4.380723305	-0.961281573	0
4.26	4.385426172	-0.802184803	0	4.385426172	-0.951835698	0
4.27	4.39004498	-0.798617332	0	4.39004498	-0.943953301	0
4.28	4.394606731	-0.795312641	0	4.394606731	-0.937368269	0
4.29	4.399160935	-0.792265856	0	4.399160935	-0.931430009	0
4.3	4.403767948	-0.78945363	0	4.403767948	-0.925186105	0
4.31	4.408484662	-0.786835522	0	4.408484662	-0.917541735	0
4.32	4.413351067	-0.784356293	0	4.413351067	-0.907454887	0
4.33	4.418379446	-0.781950249	0	4.418379446	-0.89408885	0
4.34	4.423547529	-0.779547617	0	4.423547529	-0.876932418	0
4.35	4.42879581	-0.777082677	0	4.42879581	-0.855938502	0
4.36	4.434029798	-0.774502585	0	4.434029798	-0.83162585	0
4.37	4.439127117	-0.771776649	0	4.439127117	-0.805109067	0
4.38	4.443952614	-0.768904642	0	4.443952614	-0.778073196	0
4.39	4.448383607	-0.765924554	0	4.448383607	-0.752893411	0
4.4	4.452395352	-0.762948891	0	4.452395352	-0.740520042	0
4.41	4.45661948	-0.76046775	0	4.45661948	-0.743036502	0
4.42	4.461465949	-0.758668852	0	4.461465949	-0.74418772	0
4.43	4.466723717	-0.757330705	0	4.466723717	-0.744978021	0
4.44	4.472152627	-0.756290574	0	4.472152627	-0.746233628	0
4.45	4.477566594	-0.755428176	0	4.477566594	-0.747767316	0
4.46	4.482868307	-0.754644145	0	4.482868307	-0.749009344	0
4.47	4.488051843	-0.75387562	0	4.488051843	-0.749490022	0
4.48	4.493165407	-0.753097366	0	4.493165407	-0.74895157	0
4.49	4.498463477	-0.752371005	0	4.498463477	-0.738595554	0
4.5	4.504082194	-0.751702652	0	4.504082194	-0.742932947	0
4.51	4.510711616	-0.750705966	0	4.510711616	-0.743316476	0
4.52	4.518916814	-0.748814193	0	4.518916814	-0.739465906	0
4.53	4.52897884	-0.746188637	0	4.52897884	-0.734203214	0
4.54	4.541269375	-0.74319916	0	4.541269375	-0.728611317	0
4.55	4.555967329	-0.740539438	0	4.555967329	-0.727473958	0
4.56	4.572615217	-0.738876729	0	4.572615217	-0.728720132	0
4.57	4.590654146	-0.737855278	0	4.590654146	-0.731114274	0
4.58	4.609556576	-0.736595034	0	4.609556576	-0.733014394	0
4.59	4.628820588	-0.734502464	0	4.628820588	-0.733341298	0
4.6	4.648023167	-0.731611823	0	4.648023167	-0.73190063	0
4.61	4.666905272	-0.728430497	0	4.666905272	-0.729250084	0
4.62	4.685400973	-0.725614774	0	4.685400973	-0.72570696	0
4.63	4.703601971	-0.723621472	0	4.703601971	-0.722403884	0
4.64	4.721699004	-0.722489271	0	4.721699004	-0.719946003	0
4.65	4.739916663	-0.722090231	0	4.739916663	-0.71865655	0
4.66	4.758410571	-0.722408116	0	4.758410571	-0.718628557	0
4.67	4.777226858	-0.723520013	0	4.777226858	-0.71980782	0
4.68	4.796319253	-0.725440554	0	4.796319253	-0.722044234	0
4.69	4.815576566	-0.728042422	0	4.815576566	-0.725071267	0
4.7	4.834848039	-0.73110183	0	4.834848039	-0.728524796	0
4.71	4.853977136	-0.734405697	0	4.853977136	-0.732056763	0
4.72	4.872844042	-0.73783717	0	4.872844042	-0.735466186	0
4.73	4.891406585	-0.741401398	0	4.891406585	-0.73875693	0
4.74	4.90971539	-0.745188219	0	4.90971539	-0.742087816	0
4.75	4.927902373	-0.749311322	0	4.927902373	-0.745675595	0
4.76	4.946151841	-0.753859414	0	4.946151841	-0.749706521	0
4.77	4.964673922	-0.758879235	0	4.964673922	-0.754285657	0
4.78	4.983689576	-0.764378911	0	4.983689576	-0.759428772	0
4.79	5.003425262	-0.770331576	0	5.003425262	-0.765067161	0
4.8	5.024110953	-0.776669195	0	5.024110953	-0.771059786	0
4.81	5.04597475	-0.783270264	0	5.04597475	-0.777214419	0
4.82	5.069227281	-0.789948558	0	5.069227281	-0.78330007	0
4.83	5.094033689	-0.796449662	0	5.094033689	-0.789075739	0
4.84	5.120471629	-0.802460278	0	5.120471629	-0.794323892	0
4.85	5.148484334	-0.807639659	0	5.148484334	-0.798882091	0
4.86	5.177849628	-0.811678342	0	5.177849628	-0.80263075	0
4.87	5.208184129	-0.814367424	0	5.208184129	-0.805464428	0
4.88	5.238977576	-0.815644236	0	5.238977576	-0.807324529	0
4.89	5.269630281	-0.815598426	0	5.269630281	-0.808284558	0
4.9	5.299490305	-0.814457418	0	5.299490305	-0.8085208	0
4.91	5.327899786	-0.812565243	0	5.327899786	-0.808231591	0
4.92	5.354251939	-0.810346093	0	5.354251939	-0.807662623	0
4.93	5.378035882	-0.80825181	0	5.378035882	-0.80711597	0
4.94	5.398865283	-0.806706195	0	5.398865283	-0.806859185	0
4.95	5.416502012	-0.806054159	0	5.416502012	-0.807109305	0
4.96	5.430869958	-0.806524301	0	5.430869958	-0.808053211	0
4.97	5.442055555	-0.80821518	0	5.442055555	-0.80983008	0
4.98	5.450296027	-0.811108114	0	5.450296027	-0.812520881	0
4.99	5.455952954	-0.81510147	0	5.455952954	-0.816138009	0
5	5.459470122	-0.820044803	0	5.459470122	-0.820373231	0
5.01	5.461336849	-0.825734811	0	5.461336849	-0.825194487	0
5.02	5.462049358	-0.832018568	0	5.462049358	-0.831456714	0
5.03	5.461950473	-0.838843555	0	5.461950473	-0.838639201	0
5.04	5.461304258	-0.84619622	0	5.461304258	-0.846141503	0
5.05	5.460433989	-0.854086812	0	5.460433989	-0.853961633	0
5.06	5.459727136	-0.862565229	0	5.459727136	-0.862314283	0
5.07	5.459564762	-0.871721917	0	5.459564762	-0.871387759	0
5.08	5.461020884	-0.88160839	0	5.461020884	-0.900415261	0
5.09	5.464123568	-0.890786358	0	5.464123568	-0.896682107	0
5.1	5.467571349	-0.899171334	0	5.467571349	-0.8932051	0
5.11	5.470940334	-0.907062533	0	5.470940334	-0.89604777	0
5.12	5.47415368	-0.914323018	0	5.47415368	-0.899937281	0
5.13	5.475836934	-0.920388254	0	5.475836934	-1.184443268	0
5.14	5.476461802	-0.92487159	0	5.476461802	-1.216203022	0
5.15	5.477515574	-0.927213	0	5.477515574	-1.215798325	0
5.16	5.47895649	-0.927267329	0	5.47895649	-1.199685887	0
5.17	5.48062142	-0.925426692	0	5.48062142	-1.176788973	0
5.18	5.482378605	-0.922219189	0	5.482378605	-1.153506638	0
5.19	5.484177433	-0.918109298	0	5.484177433	-1.135562264	0
5.2	5.486016672	-0.913486884	0	5.486016672	-1.125029296	0
5.21	5.487929648	-0.908673991	0	5.487929648	-1.119856175	0
5.22	5.489992344	-0.903759613	0	5.489992344	-1.115689998	0
5.23	5.49224611	-0.898791378	0	5.49224611	-1.110334229	0
5.24	5.494641568	-0.893871759	0	5.494641568	-1.103048919	0
5.25	5.497117824	-0.889047417	0	5.497117824	-1.09481388	0
5.26	5.499651869	-0.88431302	0	5.499651869	-1.086858894	0
5.27	5.502251838	-0.879652307	0	5.502251838	-1.079839167	0
5.28	5.504935794	-0.875057326	0	5.504935794	-1.073944731	0
5.29	5.507723129	-0.870526871	0	5.507723129	-1.069208154	0
5.3	5.510636493	-0.866059681	0	5.510636493	-1.065590965	0
5.31	5.513704325	-0.861649052	0	5.513704325	-1.062899211	0
5.32	5.516958736	-0.857280451	0	5.516958736	-1.060699806	0
5.33	5.520429135	-0.852933376	0	5.520429135	-1.058369054	0
5.34	5.524135006	-0.8485863	0	5.524135006	-1.055255882	0
5.35	5.528081027	-0.844221937	0	5.528081027	-1.050850671	0
5.36	5.532256653	-0.83983017	0	5.532256653	-1.044879997	0
5.37	5.536639234	-0.83540859	0	5.536639234	-1.037282276	0
5.38	5.541198161	-0.830962593	0	5.541198161	-1.028140572	0
5.39	5.545897723	-0.826506093	0	5.545897723	-1.017637396	0
5.4	5.550698094	-0.822062504	0	5.550698094	-1.00606241	0
5.41	5.555555221	-0.817665426	0	5.555555221	-0.99384772	0
5.42	5.56042296	-0.813357212	0	5.56042296	-0.981557801	0
5.43	5.565257574	-0.809185471	0	5.565257574	-0.969822068	0
5.44	5.570024447	-0.805197788	0	5.570024447	-0.959211926	0
5.45	5.57470594	-0.80143512	0	5.57470594	-0.95009404	0
5.46	5.57930808	-0.797925258	0	5.57930808	-0.942509421	0
5.47	5.583862699	-0.794678391	0	5.583862699	-0.936112701	0
5.48	5.588422148	-0.791685691	0	5.588422148	-0.930186485	0
5.49	5.59304683	-0.788920101	0	5.59304683	-0.923738537	0
5.5	5.597790801	-0.786337902	0	5.597790801	-0.915674446	0
5.51	5.602688927	-0.783881342	0	5.602688927	-0.904985007	0
5.52	5.607746865	-0.781483361	0	5.607746865	-0.890889278	0
5.53	5.612934973	-0.779074391	0	5.612934973	-0.872958873	0
5.54	5.618186571	-0.77659065	0	5.618186571	-0.851252116	0
5.55	5.623400916	-0.773983128	0	5.623400916	-0.826405393	0
5.56	5.628451873	-0.771226715	0	5.628451873	-0.799646928	0
5.57	5.633204413	-0.768328239	0	5.633204413	-0.77277438	0
5.58	5.637543514	-0.765334733	0	5.637543514	-0.748418346	0
5.59	5.641517332	-0.762404839	0	5.641517332	-0.74104008	0
5.6	5.645866432	-0.760071125	0	5.645866432	-0.743383008	0
5.61	5.650813835	-0.758381101	0	5.650813835	-0.744351898	0
5.62	5.656121513	-0.757112797	0	5.656121513	-0.74521447	0
5.63	5.661557139	-0.756116805	0	5.661557139	-0.746567857	0
5.64	5.666949153	-0.755276474	0	5.666949153	-0.748094646	0
5.65	5.672219767	-0.754498446	0	5.672219767	-0.749218632	0
5.66	5.677377169	-0.753727993	0	5.677377169	-0.749514609	0
5.67	5.682479511	-0.752945506	0	5.682479511	-0.748623222	0
5.68	5.687835954	-0.752246339	0	5.687835954	-0.738338644	0
5.69	5.693562086	-0.751554167	0	5.693562086	-0.743795456	0
5.7	5.700458903	-0.750402814	0	5.700458903	-0.742733134	0
5.71	5.708993068	-0.748321524	0	5.708993068	-0.738540701	0
5.72	5.71943583	-0.745584683	0	5.71943583	-0.731947975	0
5.73	5.732202399	-0.742562483	0	5.732202399	-0.728131491	0
5.74	5.747317164	-0.740065473	0	5.747317164	-0.727472753	0
5.75	5.764273111	-0.738579777	0	5.764273111	-0.729071152	0
5.76	5.782516648	-0.737577497	0	5.782516648	-0.731484961	0
5.77	5.801525627	-0.736179774	0	5.801525627	-0.73313267	0
5.78	5.820806871	-0.733910589	0	5.820806871	-0.733103668	0
5.79	5.839963617	-0.730920635	0	5.839963617	-0.731372302	0
5.8	5.858774118	-0.727772103	0	5.858774118	-0.728554284	0
5.81	5.877208576	-0.725109685	0	5.877208576	-0.724963284	0
5.82	5.895380711	-0.723307134	0	5.895380711	-0.72180351	0
5.83	5.913495874	-0.722337884	0	5.913495874	-0.719568395	0
5.84	5.93177204	-0.722083207	0	5.93177204	-0.718534022	0
5.85	5.950343692	-0.722556644	0	5.950343692	-0.718757018	0
5.86	5.969236321	-0.723835969	0	5.969236321	-0.720164822	0
5.87	5.98838878	-0.72591016	0	5.98838878	-0.72258777	0
5.88	6.007679691	-0.728625952	0	6.007679691	-0.725735462	0
5.89	6.026953662	-0.731752846	0	6.026953662	-0.729235557	0
5.9	6.046057033	-0.735091432	0	6.046057033	-0.732759501	0
5.91	6.064882038	-0.738549333	0	6.064882038	-0.736145388	0
5.92	6.08340376	-0.742152809	0	6.08340376	-0.739433826	0
5.93	6.101690271	-0.746001519	0	6.101690271	-0.742803698	0
5.94	6.119886151	-0.750207098	0	6.119886151	-0.746470572	0
5.95	6.138182678	-0.754850445	0	6.138182678	-0.750608239	0
5.96	6.156793133	-0.759970235	0	6.156793133	-0.755305121	0
5.97	6.175940176	-0.765567709	0	6.175940176	-0.760557902	0
5.98	6.195852343	-0.771608982	0	6.195852343	-0.766281554	0
5.99	6.216760922	-0.778016171	0	6.216760922	-0.772327547	0
6	6.23889227	-0.784654578	0	6.23889227	-0.778489433	0
6.01	6.262451649	-0.791323728	0	6.262451649	-0.784532878	0
6.02	6.287590288	-0.797754872	0	6.287590288	-0.790217922	0
6.03	6.314361599	-0.803624516	0	6.314361599	-0.795336665	0
6.04	6.342675514	-0.808591911	0	6.342675514	-0.799737552	0
6.05	6.372273804	-0.812362659	0	6.372273804	-0.803306054	0
6.06	6.402742797	-0.814756251	0	6.402742797	-0.805939159	0
6.07	6.433549853	-0.815742951	0	6.433549853	-0.807601977	0
6.08	6.464081589	-0.81544345	0	6.464081589	-0.808396027	0
6.09	6.493680015	-0.814112378	0	6.493680015	-0.808506175	0
6.1	6.5216936	-0.81211487	0	6.5216936	-0.808134072	0
6.11	6.547533965	-0.8098857	0	6.547533965	-0.807545812	0
6.12	6.570714861	-0.80787515	0	6.570714861	-0.807041194	0
6.13	6.590879888	-0.806494058	0	6.590879888	-0.806873447	0
6.14	6.607825214	-0.806064821	0	6.607825214	-0.807255004	0
6.15	6.621509866	-0.806788523	0	6.621509866	-0.8083643	0
6.16	6.632053746	-0.808736909	0	6.632053746	-0.810328122	0
6.17	6.639723185	-0.81187048	0	6.639723185	-0.81321451	0
6.18	6.644901041	-0.816075765	0	6.644901041	-0.817007973	0
6.19	6.648040714	-0.821191512	0	6.648040714	-0.821307852	0
6.2	6.649642052	-0.827012735	0	6.649642052	-0.826394817	0
6.21	6.650177452	-0.833410596	0	6.650177452	-0.832923402	0
6.22	6.649958431	-0.840345704	0	6.649958431	-0.840199221	0
6.23	6.649252722	-0.847808804	0	6.649252722	-0.847754288	0
6.24	6.648400366	-0.855817316	0	6.648400366	-0.8556682	0
6.25	6.647792937	-0.864430164	0	6.647792937	-0.864158896	0
6.26	6.647799985	-0.873744459	0	6.647799985	-0.873404141	0
6.27	6.649794996	-0.883639452	0	6.649794996	-0.902445377	0
6.28	6.653013775	-0.89259816	0	6.653013775	-0.895353246	0
6.29	6.656468612	-0.900872044	0	6.656468612	-0.893413277	0
6.3	6.659800396	-0.908652926	0	6.659800396	-0.896979383	0
6.31	6.662990465	-0.91574026	0	6.662990465	-0.906950471	0
6.32	6.664114246	-0.921474963	0	6.664114246	-1.197628712	0
6.33	6.664822749	-0.925559407	0	6.664822749	-1.217853873	0
6.34	6.665966264	-0.92740852	0	6.665966264	-1.213201983	0
6.35	6.667468697	-0.927023042	0	6.667468697	-1.195092311	0
6.36	6.669160676	-0.92485282	0	6.669160676	-1.171570655	0
6.37	6.670928544	-0.921421043	0	6.670928544	-1.149036079	0
6.38	6.672734579	-0.917174367	0	6.672734579	-1.132621477	0
6.39	6.674585156	-0.912490248	0	6.674585156	-1.123550299	0
6.4	6.676521449	-0.907659842	0	6.676521449	-1.118868404	0
6.41	6.678623725	-0.90272835	0	6.678623725	-1.114628722	0
6.42	6.680911786	-0.897765696	0	6.680911786	-1.10887244	0
6.43	6.683326802	-0.892867571	0	6.683326802	-1.101295522	0
6.44	6.685813931	-0.888066764	0	6.685813931	-1.093052743	0
6.45	6.688358395	-0.883352521	0	6.688358395	-1.085282768	0
6.46	6.690971957	-0.878709548	0	6.690971957	-1.078517512	0
6.47	6.693673275	-0.874131689	0	6.693673275	-1.072892498	0
6.48	6.69648223	-0.8696182	0	6.69648223	-1.06842462	0
6.49	6.699422614	-0.865167002	0	6.699422614	-1.065051725	0
6.5	6.702524049	-0.860769752	0	6.702524049	-1.062530997	0
6.51	6.705818657	-0.856410351	0	6.705818657	-1.060380551	0
6.52	6.709334296	-0.852067587	0	6.709334296	-1.057954154	0
6.53	6.713087583	-0.847720458	0	6.713087583	-1.054618352	0
6.54	6.71707992	-0.843352982	0	6.71707992	-1.049912196	0
6.55	6.721297885	-0.838956605	0	6.721297885	-1.043610885	0
6.56	6.72571693	-0.834530525	0	6.72571693	-1.035688669	0
6.57	6.730305333	-0.830081799	0	6.730305333	-1.026251531	0
6.58	6.7350267	-0.825626179	0	6.7350267	-1.015500698	0
6.59	6.73984042	-0.821189175	0	6.73984042	-1.00375237	0
6.6	6.744701934	-0.816806353	0	6.744701934	-0.991466698	0
6.61	6.74956528	-0.812521436	0	6.74956528	-0.979227411	0
6.62	6.754387985	-0.808382527	0	6.754387985	-0.967663621	0
6.63	6.759138198	-0.80443646	0	6.759138198	-0.957317336	0
6.64	6.763802512	-0.800722039	0	6.763802512	-0.948498857	0
6.65	6.768391997	-0.797263857	0	6.768391997	-0.941175892	0
6.66	6.772943134	-0.794068394	0	6.772943134	-0.934927378	0
6.67	6.777510778	-0.791123172	0	6.777510778	-0.928973497	0
6.68	6.782155215	-0.788397704	0	6.782155215	-0.922286189	0
6.69	6.786927543	-0.78584531	0	6.786927543	-0.913775577	0
6.7	6.791857567	-0.783405963	0	6.791857567	-0.902467649	0
6.71	6.796944332	-0.781011541	0	6.796944332	-0.887640748	0
6.72	6.802151003	-0.778592954	0	6.802151003	-0.868950826	0
6.73	6.807403837	-0.776088597	0	6.807403837	-0.846564561	0
6.74	6.812596249	-0.773453467	0	6.812596249	-0.821234342	0
6.75	6.817598869	-0.770668094	0	6.817598869	-0.794301024	0
6.76	6.822277729	-0.767746389	0	6.822277729	-0.767676446	0
6.77	6.826527956	-0.764745009	0	6.826527956	-0.744405089	0
6.78	6.830504555	-0.761888121	0	6.830504555	-0.741583068	0
6.79	6.834981899	-0.759697517	0	6.834981899	-0.743637427	0
6.8	6.840019588	-0.758105616	0	6.840019588	-0.744484848	0
6.81	6.845368762	-0.756900796	0	6.845368762	-0.745436536	0
6.82	6.850806299	-0.755944052	0	6.850806299	-0.746868448	0
6.83	6.85617701	-0.755122262	0	6.85617701	-0.748362777	0
6.84	6.861422072	-0.754348751	0	6.861422072	-0.749353084	0
6.85	6.866561888	-0.753576641	0	6.866561888	-0.749460439	0
6.86	6.871676965	-0.752793531	0	6.871676965	-0.747998043	0
6.87	6.877091571	-0.752120418	0	6.877091571	-0.739081241	0
6.88	6.882977171	-0.751391268	0	6.882977171	-0.744076351	0
6.89	6.890164944	-0.750066917	0	6.890164944	-0.74204046	0
6.9	6.899048493	-0.747819899	0	6.899048493	-0.737625338	0
6.91	6.90990097	-0.744994701	0	6.90990097	-0.730563299	0
6.92	6.923148672	-0.741989975	0	6.923148672	-0.727786618	0
6.93	6.938664143	-0.739682621	0	6.938664143	-0.72761933	0
6.94	6.955911106	-0.738353598	0	6.955911106	-0.729508203	0
6.95	6.974342628	-0.737336378	0	6.974342628	-0.731880206	0
6.96	6.993441113	-0.735785022	0	6.993441113	-0.733243303	0
6.97	7.012724943	-0.733346713	0	7.012724943	-0.732859517	0
6.98	7.03182679	-0.730276914	0	7.03182679	-0.730861381	0
6.99	7.050562637	-0.72717929	0	7.050562637	-0.727835163	0
7	7.068936498	-0.724673689	0	7.068936498	-0.724280436	0
7.01	7.087082371	-0.723047817	0	7.087082371	-0.721272192	0
7.02	7.10521672	-0.722227002	0	7.10521672	-0.719260531	0
7.03	7.123546923	-0.722110904	0	7.123546923	-0.718474348	0
7.04	7.142185881	-0.722737795	0	7.142185881	-0.718938205	0
7.05	7.161139934	-0.724178818	0	7.161139934	-0.720561749	0
7.06	7.180334258	-0.726395225	0	7.180334258	-0.723153529	0
7.07	7.199638606	-0.729210904	0	7.199638606	-0.726401087	0
7.08	7.218894872	-0.732393359	0	7.218894872	-0.729929516	0
7.09	7.2379545	-0.735759694	0	7.2379545	-0.733434363	0
7.1	7.256723489	-0.739241991	0	7.256723489	-0.736794112	0
7.11	7.27519514	-0.742885555	0	7.27519514	-0.740083371	0
7.12	7.293454253	-0.746796913	0	7.293454253	-0.743496551	0
7.13	7.311656729	-0.751083975	0	7.311656729	-0.747245665	0
7.14	7.329999707	-0.755819569	0	7.329999707	-0.751489067	0
7.15	7.348699393	-0.761034814	0	7.348699393	-0.756297885	0
7.16	7.367979776	-0.766724129	0	7.367979776	-0.761652859	0
7.17	7.388070248	-0.772845816	0	7.388070248	-0.76745488	0
7.18	7.409201993	-0.779311792	0	7.409201993	-0.773540454	0
7.19	7.431599777	-0.785975315	0	7.431599777	-0.779698504	0
7.2	7.455460986	-0.792621828	0	7.455460986	-0.78569061	0
7.21	7.480921351	-0.798969887	0	7.480921351	-0.791279261	0
7.22	7.508009326	-0.804688632	0	7.508009326	-0.796266821	0
7.23	7.536602545	-0.809440731	0	7.536602545	-0.800512365	0
7.24	7.566409651	-0.812949247	0	7.566409651	-0.803904259	0
7.25	7.596989946	-0.815061899	0	7.596989946	-0.806344743	0
7.26	7.627792105	-0.815779895	0	7.627792105	-0.807823168	0
7.27	7.65819052	-0.815251993	0	7.65819052	-0.808466167	0
7.28	7.687524251	-0.813757081	0	7.687524251	-0.808465638	0
7.29	7.715149768	-0.811677957	0	7.715149768	-0.808027835	0
7.3	7.740496321	-0.809457083	0	7.740496321	-0.807431652	0
7.31	7.763101944	-0.807541156	0	7.763101944	-0.806975681	0
7.32	7.782639288	-0.806326914	0	7.782639288	-0.806901717	0
7.33	7.798936262	-0.80611458	0	7.798936262	-0.807414323	0
7.34	7.811984409	-0.807079348	0	7.811984409	-0.808684801	0
7.35	7.821934047	-0.809268648	0	7.821934047	-0.8108277	0
7.36	7.829077753	-0.812624998	0	7.829077753	-0.813899495	0
7.37	7.833816565	-0.817025136	0	7.833816565	-0.817835126	0
7.38	7.836611896	-0.82229612	0	7.836611896	-0.822212145	0
7.39	7.837972089	-0.828237651	0	7.837972089	-0.827587296	0
7.4	7.838340214	-0.834743282	0	7.838340214	-0.834331824	0
7.41	7.838004928	-0.841782933	0	7.838004928	-0.841677441	0
7.42	7.83724369	-0.84935142	0	7.83724369	-0.849287539	0
7.43	7.836411267	-0.857473602	0	7.836411267	-0.857299038	0
7.44	7.835900947	-0.866216863	0	7.835900947	-0.865926835	0
7.45	7.836076413	-0.875684411	0	7.836076413	-0.879144799	0
7.46	7.83855612	-0.885496277	0	7.83855612	-0.901567645	0
7.47	7.841865347	-0.894279388	0	7.841865347	-0.894390191	0
7.48	7.845312048	-0.902455617	0	7.845312048	-0.893851531	0
7.49	7.848609516	-0.91012314	0	7.848609516	-0.897835569	0
7.5	7.851675241	-0.9170132	0	7.851675241	-1.009779431	0
7.51	7.852390588	-0.922436689	0	7.852390588	-1.204250529	0
7.52	7.853184002	-0.926113702	0	7.853184002	-1.218508711	0
7.53	7.854409535	-0.9274994	0	7.854409535	-1.210322684	0
7.54	7.855962776	-0.926718136	0	7.855962776	-1.190642135	0
7.55	7.857675839	-0.924258338	0	7.857675839	-1.166790513	0
7.56	7.859452479	-0.920632448	0	7.859452479	-1.145173302	0
7.57	7.861265697	-0.91627113	0	7.861265697	-1.130242923	0
7.58	7.863128749	-0.911540769	0	7.863128749	-1.122459277	0
7.59	7.865091033	-0.906692256	0	7.865091033	-1.118039318	0
7.6	7.867231949	-0.90174636	0	7.867231949	-1.113630918	0
7.61	7.869550503	-0.896791154	0	7.869550503	-1.107474344	0
7.62	7.871982638	-0.891912424	0	7.871982638	-1.099660287	0
7.63	7.874480697	-0.887130934	0	7.874480697	-1.091443387	0
7.64	7.877037004	-0.88243255	0	7.877037004	-1.083852846	0
7.65	7.879665883	-0.877803496	0	7.879665883	-1.077314552	0
7.66	7.882386268	-0.873239201	0	7.882386268	-1.07192495	0
7.67	7.885218534	-0.868739144	0	7.885218534	-1.067688715	0
7.68	7.888187668	-0.864300294	0	7.888187668	-1.064516618	0
7.69	7.891324187	-0.859912755	0	7.891324187	-1.062119365	0
7.7	7.894659967	-0.855559074	0	7.894659967	-1.059971214	0
7.71	7.898221124	-0.851217635	0	7.898221124	-1.057414217	0
7.72	7.902021444	-0.846868063	0	7.902021444	-1.053840863	0
7.73	7.906059197	-0.84249577	0	7.906059197	-1.04883198	0
7.74	7.910318446	-0.838093741	0	7.910318446	-1.042208807	0
7.75	7.914772929	-0.833662684	0	7.914772929	-1.03397743	0
7.76	7.919389926	-0.829211287	0	7.919389926	-1.024263079	0
7.77	7.924132258	-0.824757139	0	7.924132258	-1.013286743	0
7.78	7.928958488	-0.82032777	0	7.928958488	-1.001391719	0
7.79	7.933823546	-0.815960563	0	7.933823546	-0.989065252	0
7.8	7.938681709	-0.811700471	0	7.938681709	-0.976908077	0
7.81	7.943492018	-0.807595811	0	7.943492018	-0.965543112	0
7.82	7.948225623	-0.803692363	0	7.948225623	-0.955478355	0
7.83	7.952873478	-0.800026656	0	7.952873478	-0.94696412	0
7.84	7.957451775	-0.796619942	0	7.957451775	-0.93989405	0
7.85	7.962001424	-0.793474954	0	7.962001424	-0.933772055	0
7.86	7.966579457	-0.790575588	0	7.966579457	-0.927758179	0
7.87	7.971245274	-0.787888113	0	7.971245274	-0.920798179	0
7.88	7.976046778	-0.785362907	0	7.976046778	-0.911810985	0
7.89	7.981008368	-0.782937906	0	7.981008368	-0.899864443	0
7.9	7.986122387	-0.78054419	0	7.986122387	-0.884298485	0
7.91	7.991344792	-0.778113445	0	7.991344792	-0.86485829	0
7.92	7.996594958	-0.775586584	0	7.996594958	-0.841821672	0
7.93	8.001760891	-0.772922856	0	8.001760891	-0.816057424	0
7.94	8.00671054	-0.77010876	0	8.00671054	-0.789017061	0
7.95	8.011312096	-0.767165591	0	8.011312096	-0.762737232	0
7.96	8.015474805	-0.76416139	0	8.015474805	-0.741162398	0
7.97	8.019494244	-0.761403761	0	8.019494244	-0.742113219	0
7.98	8.024096815	-0.759348811	0	8.024096815	-0.743850102	0
7.99	8.029214432	-0.757846057	0	8.029214432	-0.744632575	0
8	8.034596308	-0.756699156	0	8.034596308	-0.745683454	0
8.01	8.040029804	-0.755777018	0	8.040029804	-0.747172986	0
8.02	8.045377185	-0.754970231	0	8.045377185	-0.748610581	0
8.03	8.050597957	-0.75419943	0	8.050597957	-0.749451465	0
8.04	8.05572294	-0.753425196	0	8.05572294	-0.749363776	0
8.05	8.06087554	-0.752650702	0	8.06087554	-0.744527337	0
8.06	8.066338878	-0.751992246	0	8.066338878	-0.74028262	0
8.07	8.072423896	-0.751204635	0	8.072423896	-0.744056827	0
8.08	8.079916757	-0.749695482	0	8.079916757	-0.741265113	0
8.09	8.089160332	-0.747301481	0	8.089160332	-0.736711761	0
8.1	8.10044519	-0.744400591	0	8.10044519	-0.72973094	0
8.11	8.114166797	-0.741458846	0	8.114166797	-0.727546558	0
8.12	8.130062706	-0.739355139	0	8.130062706	-0.727863245	0
8.13	8.147581035	-0.738157121	0	8.147581035	-0.729981114	0
8.14	8.166181753	-0.737092917	0	8.166181753	-0.732255772	0
8.15	8.185351492	-0.735375855	0	8.185351492	-0.733308333	0
8.16	8.204623313	-0.732779227	0	8.204623313	-0.732575994	0
8.17	8.223662219	-0.729651969	0	8.223662219	-0.730339293	0
8.18	8.242322156	-0.726626954	0	8.242322156	-0.727124208	0
8.19	8.26063818	-0.724285125	0	8.26063818	-0.723633403	0
8.2	8.278763689	-0.722827848	0	8.278763689	-0.72079004	0
8.21	8.296922347	-0.722148121	0	8.296922347	-0.719006885	0
8.22	8.315307611	-0.72217029	0	8.315307611	-0.718466814	0
8.23	8.334010578	-0.722952103	0	8.334010578	-0.719166282	0
8.24	8.35301955	-0.724551832	0	8.35301955	-0.720997001	0
8.25	8.372246984	-0.726901942	0	8.372246984	-0.723744291	0
8.26	8.391554789	-0.729806946	0	8.391554789	-0.727075548	0
8.27	8.410783642	-0.733036623	0	8.410783642	-0.73061895	0
8.28	8.429791848	-0.736426971	0	8.429791848	-0.734098664	0
8.29	8.448500622	-0.739934341	0	8.448500622	-0.737433859	0
8.3	8.466921599	-0.743620823	0	8.466921599	-0.740730054	0
8.31	8.485155572	-0.747597553	0	8.485155572	-0.744192951	0
8.32	8.503368722	-0.751967414	0	8.503368722	-0.748028198	0
8.33	8.521763252	-0.756794974	0	8.521763252	-0.752378562	0
8.34	8.540557374	-0.762103769	0	8.540557374	-0.757297798	0
8.35	8.559976259	-0.767881545	0	8.559976259	-0.762749519	0
8.36	8.580250168	-0.774078688	0	8.580250168	-0.768621004	0
8.37	8.601609792	-0.780596507	0	8.601609792	-0.774738251	0
8.38	8.62427679	-0.787275659	0	8.62427679	-0.780883269	0
8.39	8.648439678	-0.79388814	0	8.648439678	-0.786814748	0
8.4	8.674217192	-0.800140863	0	8.674217192	-0.792300395	0
8.41	8.701611459	-0.805697404	0	8.701611459	-0.797153334	0
8.42	8.730467504	-0.810226461	0	8.730467504	-0.801241859	0
8.43	8.760462406	-0.813471113	0	8.760462406	-0.804455476	0
8.44	8.791131061	-0.815308118	0	8.791131061	-0.806705941	0
8.45	8.82190468	-0.815768239	0	8.82190468	-0.808008075	0
8.46	8.852147954	-0.815027085	0	8.852147954	-0.808512339	0
8.47	8.88119781	-0.81338622	0	8.88119781	-0.808406949	0
8.48	8.908422348	-0.811244095	0	8.908422348	-0.807914304	0
8.49	8.933269139	-0.809048303	0	8.933269139	-0.8073243	0
8.5	8.955300307	-0.807239929	0	8.955300307	-0.806925039	0
8.51	8.974217259	-0.806200224	0	8.974217259	-0.80694898	0
8.52	8.989879441	-0.806206626	0	8.989879441	-0.807596984	0
8.53	9.002309973	-0.807408878	0	9.002309973	-0.809029448	0
8.54	9.011688657	-0.809831612	0	9.011688657	-0.811349949	0
8.55	9.018331745	-0.813401265	0	9.018331745	-0.814602299	0
8.56	9.022657048	-0.817985868	0	9.022657048	-0.81866138	0
8.57	9.025133442	-0.823400768	0	9.025133442	-0.823136181	0
8.58	9.026272811	-0.829456444	0	9.026272811	-0.828809418	0
8.59	9.026485322	-0.836066873	0	9.026485322	-0.835729495	0
8.6	9.026044086	-0.843208845	0	9.026044086	-0.843131782	0
8.61	9.025239483	-0.850881545	0	9.025239483	-0.850802658	0
8.62	9.024439041	-0.85911765	0	9.024439041	-0.858918063	0
8.63	9.024034774	-0.867992507	0	9.024034774	-0.86768633	0
8.64	9.024490118	-0.877620485	0	9.024490118	-0.899973974	0
8.65	9.027325535	-0.887267826	0	9.027325535	-0.899899395	0
8.66	9.030701285	-0.895902892	0	9.030701285	-0.893716335	0
8.67	9.03412908	-0.903986881	0	9.03412908	-0.894461605	0
8.68	9.03739503	-0.911532997	0	9.03739503	-0.898621657	0
8.69	9.040105915	-0.918176213	0	9.040105915	-1.110315859	0
8.7	9.040674672	-0.923311783	0	9.040674672	-1.209297277	0
8.71	9.041552756	-0.926566462	0	9.041552756	-1.218307228	0
8.72	9.042854396	-0.927504718	0	9.042854396	-1.207104313	0
8.73	9.044450477	-0.926355719	0	9.044450477	-1.186138922	0
8.74	9.046180627	-0.923632263	0	9.046180627	-1.16221973	0
8.75	9.047964933	-0.919832579	0	9.047964933	-1.141674352	0
8.76	9.049785698	-0.915372786	0	9.049785698	-1.128208877	0
8.77	9.051662718	-0.910608649	0	9.051662718	-1.121503751	0
8.78	9.05365413	-0.905740229	0	9.05365413	-1.117242338	0
8.79	9.055832692	-0.900783951	0	9.055832692	-1.112590476	0
8.8	9.058178482	-0.895839163	0	9.058178482	-1.10604783	0
8.81	9.060625645	-0.890979752	0	9.060625645	-1.098052126	0
8.82	9.063134366	-0.886216177	0	9.063134366	-1.08989816	0
8.83	9.065703087	-0.881532419	0	9.065703087	-1.082495983	0
8.84	9.068347938	-0.87691647	0	9.068347938	-1.076179879	0
8.85	9.071088026	-0.872365095	0	9.071088026	-1.071017442	0
8.86	9.073944367	-0.867877737	0	9.073944367	-1.067002068	0
8.87	9.076943108	-0.86345027	0	9.076943108	-1.064013297	0
8.88	9.080115498	-0.859071244	0	9.080115498	-1.061714037	0
8.89	9.083492862	-0.854722033	0	9.083492862	-1.05954272	0
8.9	9.087099375	-0.850380819	0	9.087099375	-1.05683433	0
8.91	9.090945924	-0.846028064	0	9.090945924	-1.053008572	0
8.92	9.095027828	-0.841650608	0	9.095027828	-1.04769586	0
8.93	9.099326814	-0.837242907	0	9.099326814	-1.040757994	0
8.94	9.103815128	-0.832807164	0	9.103815128	-1.032228118	0
8.95	9.108459103	-0.828353698	0	9.108459103	-1.022249984	0
8.96	9.113220716	-0.823901989	0	9.113220716	-1.011065827	0
8.97	9.1180578	-0.819481504	0	9.1180578	-0.999044726	0
8.98	9.122924882	-0.815131287	0	9.122924882	-0.986700778	0
8.99	9.127776615	-0.810897367	0	9.127776615	-0.97464834	0
9	9.13257377	-0.806828081	0	9.13257377	-0.963499235	0
9.01	9.137290738	-0.802967966	0	9.137290738	-0.953722128	0
9.02	9.141923061	-0.799351001	0	9.141923061	-0.945504839	0
9.03	9.146491968	-0.795995015	0	9.146491968	-0.938666262	0
9.04	9.151042328	-0.792899086	0	9.151042328	-0.932638095	0
9.05	9.155632731	-0.790043632	0	9.155632731	-0.926526808	0
9.06	9.160321444	-0.787391675	0	9.160321444	-0.919257566	0
9.07	9.16515268	-0.78489088	0	9.16515268	-0.909766789	0
9.08	9.170145223	-0.782477369	0	9.170145223	-0.897164639	0
9.09	9.175284629	-0.780081713	0	9.175284629	-0.880858385	0
9.1	9.180519646	-0.777636679	0	9.180519646	-0.860687518	0
9.11	9.18576307	-0.775085997	0	9.18576307	-0.837041525	0
9.12	9.190897906	-0.772393516	0	9.190897906	-0.810903126	0
9.13	9.195790276	-0.769551873	0	9.195790276	-0.783832227	0
9.14	9.2003119	-0.766589906	0	9.2003119	-0.758004189	0
9.15	9.204393137	-0.763590667	0	9.204393137	-0.740178189	0
9.16	9.208492101	-0.760954415	0	9.208492101	-0.742582245	0
9.17	9.213212148	-0.759024747	0	9.213212148	-0.74402467	0
9.18	9.218399131	-0.757602723	0	9.218399131	-0.744792629	0
9.19	9.223805258	-0.756508233	0	9.223805258	-0.745945115	0
9.2	9.229229707	-0.755616129	0	9.229229707	-0.747471287	0
9.21	9.234552888	-0.754821198	0	9.234552888	-0.748831611	0
9.22	9.239751149	-0.754051651	0	9.239751149	-0.749512558	0
9.23	9.244864107	-0.753275027	0	9.244864107	-0.749227781	0
9.24	9.250072941	-0.752518517	0	9.250072941	-0.741005209	0
9.25	9.255588048	-0.751861391	0	9.255588048	-0.741583371	0
9.26	9.261902578	-0.750990188	0	9.261902578	-0.743818614	0
9.27	9.269709237	-0.749294535	0	9.269709237	-0.740442399	0
9.28	9.279317361	-0.746773055	0	9.279317361	-0.73581956	0
9.29	9.291050218	-0.743809943	0	9.291050218	-0.729098762	0
9.3	9.30522711	-0.740970795	0	9.30522711	-0.727408953	0
9.31	9.321477908	-0.739070525	0	9.321477908	-0.72817624	0
9.32	9.339244503	-0.737970575	0	9.339244503	-0.730455815	0
9.33	9.357993507	-0.736829298	0	9.357993507	-0.732582036	0
9.34	9.377216062	-0.7349404	0	9.377216062	-0.733307134	0
9.35	9.396463426	-0.732201343	0	9.396463426	-0.732241864	0
9.36	9.415434709	-0.729041518	0	9.415434709	-0.72980185	0
9.37	9.434021118	-0.726110519	0	9.434021118	-0.72642734	0
9.38	9.452285422	-0.72393701	0	9.452285422	-0.7230209	0
9.39	9.470399186	-0.722640498	0	9.470399186	-0.720355604	0
9.4	9.488588841	-0.722096696	0	9.488588841	-0.718804254	0
9.41	9.507031345	-0.722257836	0	9.507031345	-0.718506428	0
9.42	9.525796463	-0.723194955	0	9.525796463	-0.719434328	0
9.43	9.544855816	-0.724948656	0	9.544855816	-0.721461572	0
9.44	9.564110314	-0.727423183	0	9.564110314	-0.724349857	0
9.45	9.58341493	-0.730407382	0	9.58341493	-0.727749297	0
9.46	9.602610615	-0.733677161	0	9.602610615	-0.731296508	0
9.47	9.621564435	-0.737089486	0	9.621564435	-0.734748229	0
9.48	9.64021364	-0.740623917	0	9.64021364	-0.738063252	0
9.49	9.65858791	-0.74435695	0	9.65858791	-0.741374176	0
9.5	9.676802828	-0.748401929	0	9.676802828	-0.744893509	0
9.51	9.69503363	-0.752855729	0	9.69503363	-0.748818437	0
9.52	9.713486938	-0.757774832	0	9.713486938	-0.753277183	0
9.53	9.732382371	-0.763175348	0	9.732382371	-0.758303204	0
9.54	9.751946331	-0.769038487	0	9.751946331	-0.763846506	0
9.55	9.772409603	-0.775306264	0	9.772409603	-0.769779881	0
9.56	9.794002336	-0.781869277	0	9.794002336	-0.775920351	0
9.57	9.816941947	-0.788555298	0	9.816941947	-0.782043394	0
9.58	9.841406908	-0.795123232	0	9.841406908	-0.787906403	0
9.59	9.86749742	-0.80126931	0	9.86749742	-0.793283284	0
9.6	9.895188073	-0.806653442	0	9.895188073	-0.797998972	0
9.61	9.924291192	-0.810952912	0	9.924291192	-0.801928923	0
9.62	9.95445392	-0.813932934	0	9.95445392	-0.804961889	0
9.63	9.98518874	-0.815499406	0	9.98518874	-0.807024627	0
9.64	10.01591226	-0.815711978	0	10.01591226	-0.808162623	0
9.65	10.04597854	-0.814771687	0	10.04597854	-0.808535784	0
9.66	10.07472563	-0.813001846	0	10.07472563	-0.808332778	0
9.67	10.10153477	-0.810814379	0	10.10153477	-0.807798315	0
9.68	10.12587308	-0.808659737	0	10.12587308	-0.807226639	0
9.69	10.14732711	-0.806971535	0	10.14732711	-0.806890459	0
9.7	10.16562746	-0.806114146	0	10.16562746	-0.807018099	0
9.71	10.18066518	-0.806341558	0	10.18066518	-0.807805611	0
9.72	10.19249414	-0.807778616	0	10.19249414	-0.809401899	0
9.73	10.20132211	-0.810428504	0	10.20132211	-0.811899261	0
9.74	10.20748799	-0.814203447	0	10.20748799	-0.815328027	0
9.75	10.21142263	-0.818963081	0	10.21142263	-0.819484746	0
9.76	10.21360387	-0.824512441	0	10.21360387	-0.824097309	0
9.77	10.21454012	-0.830677794	0	10.21454012	-0.830061763	0
9.78	10.21460776	-0.837390847	0	10.21460776	-0.837122727	0
9.79	10.2140717	-0.844633606	0	10.2140717	-0.844573762	0
9.8	10.21323709	-0.852410174	0	10.21323709	-0.852311897	0
9.81	10.21248214	-0.860761329	0	10.21248214	-0.860537622	0
9.82	10.21219454	-0.869769831	0	10.21219454	-0.86945001	0
9.83	10.21312777	-0.879554414	0	10.21312777	-0.898684208	0
9.84	10.21610548	-0.888976404	0	10.21610548	-0.898251482	0
9.85	10.21952584	-0.897483868	0	10.21952584	-0.893320398	0
9.86	10.22292742	-0.905476938	0	10.22292742	-0.895188498	0
9.87	10.22616546	-0.912892023	0	10.22616546	-0.899316393	0
9.88	10.22840322	-0.919264844	0	10.22840322	-1.157780797	0
9.89	10.22896996	-0.924103277	0	10.22896996	-1.21310438	0
9.9	10.22993219	-0.926925167	0	10.22993219	-1.217367469	0
9.91	10.23130368	-0.927432269	0	10.23130368	-1.203602541	0
9.92	10.2329357	-0.925940697	0	10.2329357	-1.181595144	0
9.93	10.23467992	-0.922975733	0	10.23467992	-1.157856393	0
9.94	10.23647121	-0.919019928	0	10.23647121	-1.138505973	0
9.95	10.23830015	-0.914476148	0	10.23830015	-1.126470995	0
9.96	10.24019279	-0.909687106	0	10.24019279	-1.120612946	0
9.97	10.24221641	-0.904797905	0	10.24221641	-1.116447355	0
9.98	10.24443114	-0.899835455	0	10.24443114	-1.11149327	0
9.99	10.24680118	-0.894903565	0	10.24680118	-1.104589847	0
10	10.24926174	-0.890063254	0	10.24926174	-1.096465889	0
