0	0.1939932624	-0.7424818419	0	0	0	0	0	0	36.16011077
0.01	0.2103813136	-0.7438036372	0	0	0	0	0	0	-4.725400451
0.02	0.2232170686	-0.7471142477	0	0	0	0	0	0	-2.81843246
0.03	0.2333676352	-0.7520203595	0	0	0	0	0	0	-2.043091885
0.04	0.2417329951	-0.757929009	0	0	0	0	0	0	-0.5294552186
0.05	0.2498726633	-0.7642553033	0	0	0	0	0	0	0.7761801714
0.06	0.2594254891	-0.7707683861	0	0	0	0	0	0	1.340481463
0.07	0.2714774505	-0.7775745915	0	0	0	0	0	0	1.387651116
0.08	0.2863800343	-0.78493263	0	0	0	0	0	0	1.151940063
0.09	0.3038218979	-0.7931126041	0	0	0	0	0	0	0.7198292784
0.1	0.3230018481	-0.8023283749	0	0	0	0	0	0	0.1469495068
0.11	0.3428596629	-0.8127268886	0	0	0	0	0	0	-0.4752438866
0.12	0.3623083387	-0.8244031061	0	0	0	0	0	0	-1.030612816
0.13	0.3804087724	-0.8374090702	0	0	0	0	0	0	-1.427446894
0.14	0.3964594743	-0.8517506579	0	0	0	0	0	0	-1.640096922
0.15	0.4100075616	-0.8673845892	0	0	0	0	0	0	-1.70836761
0.16	0.419049896	-0.8838055051	0	0	0	0	0	0	12.03213289
0.17	0.4235898972	-0.8987446707	0	0	0	0	0	0	23.41342115
0.18	0.425838033	-0.9123232199	0	0	0	0	0	0	-187.544052
0.19	0.4258626306	-0.9232675757	0	0	0	0	0	0	-201.4333816
0.2	0.4265694587	-0.929817632	0	0	0	0	0	0	-205.8408363
0.21	0.4280445926	-0.9315849809	0	0	0	0	0	0	-203.6925485
0.22	0.4301677656	-0.9294609873	0	0	0	0	0	0	-198.6209718
0.23	0.432714422	-0.9248126444	0	0	0	0	0	0	-194.3316288
0.24	0.4355579872	-0.918738171	0	0	0	0	0	0	-193.6289739
0.25	0.4387816895	-0.9118140536	0	0	0	0	0	0	-192.7525065
0.26	0.442634154	-0.903964392	0	0	0	0	0	0	-188.0781166
0.27	0.4472960772	-0.8951083639	0	0	0	0	0	0	-176.9082699
0.28	0.452790651	-0.8853606934	0	0	0	0	0	0	-158.5254731
0.29	0.4590132171	-0.8749436851	0	0	0	0	0	0	-134.0572666
0.3	0.465781373	-0.864115461	0	0	0	0	0	0	-105.7596919
0.31	0.4728733345	-0.8531463683	0	0	0	0	0	0	-76.43545023
0.32	0.4800492234	-0.8423187489	0	0	0	0	0	0	-48.93712395
0.33	0.4870741063	-0.8319126743	0	0	0	0	0	0	-25.70115668
0.34	0.4937589478	-0.8221760792	0	0	0	0	0	0	-8.367480834
0.35	0.5000402361	-0.8133068547	0	0	0	0	0	0	1.864122655
0.36	0.5063027169	-0.8054981101	0	0	0	0	0	0	1.376441799
0.37	0.5125539036	-0.7987289169	0	0	0	0	0	0	-0.1689064085
0.38	0.5184899783	-0.7928932423	0	0	0	0	0	0	-0.7987996151
0.39	0.523971668	-0.7879373016	0	0	0	0	0	0	-0.8908766245
0.4	0.5288902434	-0.7837990648	0	0	0	0	0	0	-4.548221516
0.41	0.5333946085	-0.7804221896	0	0	0	0	0	0	-9.565990223
0.42	0.5378304602	-0.7777486224	0	0	0	0	0	0	-13.98785645
0.43	0.5422973441	-0.775660394	0	0	0	0	0	0	-17.09186187
0.44	0.5468095815	-0.7740309936	0	0	0	0	0	0	-18.63202125
0.45	0.5513140542	-0.7727283109	0	0	0	0	0	0	-18.75406973
0.46	0.5557276667	-0.7716219341	0	0	0	0	0	0	-17.65466139
0.47	0.5599627479	-0.7705909659	0	0	0	0	0	0	-15.46559032
0.48	0.5639361514	-0.7695303216	0	0	0	0	0	0	-12.29808978
0.49	0.5675721631	-0.7683561612	0	0	0	0	0	0	-8.321360519
0.5	0.5708068918	-0.7670107241	0	0	0	0	0	0	-3.811866834
0.51	0.573599184	-0.7654665862	0	0	0	0	0	0	0.813034703
0.52	0.5759548679	-0.7637338158	0	0	0	0	0	0	4.699233724
0.53	0.5780762492	-0.7619400385	0	0	0	0	0	0	3.526783291
0.54	0.5804885091	-0.7603389933	0	0	0	0	0	0	1.47094402
0.55	0.5830445446	-0.758633336	0	0	0	0	0	0	0.565108499
0.56	0.5855099291	-0.7565813874	0	0	0	0	0	0	0.1617729111
0.57	0.5878095624	-0.7541388787	0	0	0	0	0	0	0.05437111104
0.58	0.5900324216	-0.7513779834	0	0	0	0	0	0	0.313534522
0.59	0.5924422848	-0.7485182814	0	0	0	0	0	0	0.9425852978
0.6	0.5954570872	-0.7459784095	0	0	0	0	0	0	3.389782922
0.61	0.5998819133	-0.7440253637	0	0	0	0	0	0	5.351720088
0.62	0.6062920335	-0.7425620762	0	0	0	0	0	0	6.298222852
0.63	0.6152863538	-0.7413510965	0	0	0	0	0	0	8.344065241
0.64	0.6276714848	-0.740520927	0	0	0	0	0	0	11.33092277
0.65	0.6438312434	-0.7403864973	0	0	0	0	0	0	10.7045659
0.66	0.6633752483	-0.7413523767	0	0	0	0	0	0	9.048361964
0.67	0.6856103144	-0.7432462333	0	0	0	0	0	0	6.929746064
0.68	0.7097756789	-0.7453195994	0	0	0	0	0	0	4.832233423
0.69	0.7351406635	-0.746862752	0	0	0	0	0	0	3.122585434
0.7	0.7611096319	-0.7477463128	0	0	0	0	0	0	2.068768186
0.71	0.7873633825	-0.7484675426	0	0	0	0	0	0	2.091821083
0.72	0.8139522128	-0.7497401308	0	0	0	0	0	0	2.856102834
0.73	0.8411699655	-0.7519513494	0	0	0	0	0	0	3.730577579
0.74	0.8693686635	-0.7550667859	0	0	0	0	0	0	4.411973163
0.75	0.8988260965	-0.7588723386	0	0	0	0	0	0	4.701411446
0.76	0.9296800494	-0.7631622585	0	0	0	0	0	0	4.607163718
0.77	0.9619164634	-0.7677423884	0	0	0	0	0	0	4.265368705
0.78	0.9953836927	-0.7723715188	0	0	0	0	0	0	3.818408893
0.79	1.029834012	-0.776773702	0	0	0	0	0	0	3.367181223
0.8	1.064993207	-0.7807157738	0	0	0	0	0	0	2.989490907
0.81	1.100640947	-0.7840638862	0	0	0	0	0	0	2.754185907
0.82	1.136652863	-0.7867669438	0	0	0	0	0	0	2.700345143
0.83	1.172988569	-0.7887955203	0	0	0	0	0	0	2.818012091
0.84	1.209637945	-0.790092786	0	0	0	0	0	0	3.056846958
0.85	1.246553928	-0.7905617427	0	0	0	0	0	0	3.347765522
0.86	1.283590719	-0.7900834824	0	0	0	0	0	0	3.615228873
0.87	1.320459196	-0.7885546744	0	0	0	0	0	0	3.780486777
0.88	1.356709206	-0.7859369316	0	0	0	0	0	0	3.771345787
0.89	1.391747446	-0.7823073796	0	0	0	0	0	0	3.538283682
0.9	1.424885603	-0.777893843	0	0	0	0	0	0	3.069919669
0.91	1.45540819	-0.7730805161	0	0	0	0	0	0	2.400135487
0.92	1.48263971	-0.7683786729	0	0	0	0	0	0	1.605284507
0.93	1.506004602	-0.7643657772	0	0	0	0	0	0	0.7926275398
0.94	1.525069258	-0.7616043456	0	0	0	0	0	0	0.07811499609
0.95	1.53956294	-0.7605578543	0	0	0	0	0	0	-0.4373529196
0.96	1.549386667	-0.761520411	0	0	0	0	0	0	-0.6939704167
0.97	1.554612166	-0.7645763234	0	0	0	0	0	0	-0.6861353427
0.98	1.555479267	-0.7695979792	0	0	0	0	0	0	-0.4641223242
0.99	1.552389849	-0.7762829913	0	0	0	0	0	0	-0.1171183499
1	1.545896478	-0.7842215478	0	0	0	0	0	0	0.2539039637
1.01	1.536677989	-0.7929779687	0	0	0	0	0	0	0.5709210578
1.02	1.525506176	-0.8021601499	0	0	0	0	0	0	0.8453174507
1.03	1.513198835	-0.8114668028	0	0	0	0	0	0	0.9687545853
1.04	1.500567123	-0.8207521543	0	0	0	0	0	0	0.9031207417
1.05	1.48835424	-0.8300219339	0	0	0	0	0	0	0.7579895389
1.06	1.477232259	-0.839386347	0	0	0	0	0	0	0.7169284922
1.07	1.467844028	-0.8490307097	0	0	0	0	0	0	0.8292801503
1.08	1.460774973	-0.859216378	0	0	0	0	0	0	1.01287059
1.09	1.45643425	-0.8702524159	0	0	0	0	0	0	1.181872553
1.1	1.456194122	-0.8823896798	0	0	0	0	0	0	-12.54259755
1.11	1.459877275	-0.8934831929	0	0	0	0	0	0	5.471322651
1.12	1.463824728	-0.9037411092	0	0	0	0	0	0	13.65312544
1.13	1.465665428	-0.9133071472	0	0	0	0	0	0	-161.6134482
1.14	1.465835615	-0.9213586563	0	0	0	0	0	0	-179.670535
1.15	1.466437454	-0.926821761	0	0	0	0	0	0	-183.2705599
1.16	1.467452186	-0.9291852347	0	0	0	0	0	0	-176.1448841
1.17	1.468788126	-0.9286600334	0	0	0	0	0	0	-163.1547966
1.18	1.470360012	-0.9257813494	0	0	0	0	0	0	-150.3761299
1.19	1.472122184	-0.9212224939	0	0	0	0	0	0	-142.9678385
1.2	1.474069104	-0.9156795221	0	0	0	0	0	0	-143.1493997
1.21	1.476276286	-0.9097062103	0	0	0	0	0	0	-148.0640027
1.22	1.4789068	-0.9034375231	0	0	0	0	0	0	-152.9020258
1.23	1.482023552	-0.8968892209	0	0	0	0	0	0	-155.4962351
1.24	1.485625305	-0.8900760424	0	0	0	0	0	0	-155.351996
1.25	1.489695535	-0.883011344	0	0	0	0	0	0	-152.5529932
1.26	1.494217389	-0.8757142124	0	0	0	0	0	0	-147.2631647
1.27	1.499174346	-0.8682141436	0	0	0	0	0	0	-139.6514603
1.28	1.504547222	-0.8605528391	0	0	0	0	0	0	-129.8780261
1.29	1.510310388	-0.852782484	0	0	0	0	0	0	-118.0955217
1.3	1.516426978	-0.8449640714	0	0	0	0	0	0	-104.5070608
1.31	1.522842951	-0.8371688452	0	0	0	0	0	0	-89.45928191
1.32	1.529480868	-0.8294827486	0	0	0	0	0	0	-73.5268397
1.33	1.536236635	-0.8220094092	0	0	0	0	0	0	-57.53275442
1.34	1.542984616	-0.8148661309	0	0	0	0	0	0	-42.46242836
1.35	1.549592988	-0.8081724144	0	0	0	0	0	0	-29.28122921
1.36	1.555945863	-0.8020342221	0	0	0	0	0	0	-18.71584339
1.37	1.561963581	-0.7965289862	0	0	0	0	0	0	-11.08734329
1.38	1.567614028	-0.7916947479	0	0	0	0	0	0	-6.260126002
1.39	1.572911875	-0.7875264002	0	0	0	0	0	0	-3.719517252
1.4	1.577909134	-0.7839795629	0	0	0	0	0	0	-2.729777581
1.41	1.582678979	-0.7809804654	0	0	0	0	0	0	-2.498144732
1.42	1.587295164	-0.7784370108	0	0	0	0	0	0	-2.305735934
1.43	1.591810103	-0.7762493746	0	0	0	0	0	0	-1.61157423
1.44	1.596237633	-0.7743199033	0	0	0	0	0	0	-0.1204385645
1.45	1.600545379	-0.7725609796	0	0	0	0	0	0	2.198865308
1.46	1.604657172	-0.7709011199	0	0	0	0	0	0	5.137431784
1.47	1.608464719	-0.769288713	0	0	0	0	0	0	8.305997547
1.48	1.611846368	-0.7676936032	0	0	0	0	0	0	11.21366615
1.49	1.614692294	-0.7661069753	0	0	0	0	0	0	13.32105734
1.5	1.616949302	-0.7645483456	0	0	0	0	0	0	-100.1236774
1.51	1.620312886	-0.7648625691	0	0	0	0	0	0	14.92829169
1.52	1.620988249	-0.7647293718	0	0	0	0	0	0	2.92436597
1.53	1.620787545	-0.764544195	0	0	0	0	0	0	-3.159262723
1.54	1.619912575	-0.7642276619	0	0	0	0	0	0	-9.122514024
1.55	1.618550665	-0.763710067	0	0	0	0	0	0	-14.89820725
1.56	1.616985492	-0.7629521144	0	0	0	0	0	0	-17.47695614
1.57	1.615060105	-0.761598043	0	0	0	0	0	0	-6.503680956
1.58	1.611838552	-0.7589179308	0	0	0	0	0	0	-2.668771112
1.59	1.607137995	-0.7547659205	0	0	0	0	0	0	-1.682689425
1.6	1.601433367	-0.7493493186	0	0	0	0	0	0	-0.4626231385
1.61	1.595381637	-0.7429997698	0	0	0	0	0	0	1.721295964
1.62	1.590140714	-0.7367802168	0	0	0	0	0	0	5.347941306
1.63	1.586063727	-0.7311639951	0	0	0	0	0	0	5.106083052
1.64	1.583944261	-0.7238276611	0	0	0	0	0	0	7.962489011
1.65	1.585310267	-0.7140864161	0	0	0	0	0	0	11.31600843
1.66	1.591019839	-0.7038779341	0	0	0	0	0	0	12.17827536
1.67	1.600794076	-0.6958713249	0	0	0	0	0	0	11.77665745
1.68	1.61425455	-0.6913144135	0	0	0	0	0	0	10.74159971
1.69	1.631119737	-0.6903437768	0	0	0	0	0	0	9.075414178
1.7	1.651009093	-0.692634184	0	0	0	0	0	0	6.630346048
1.71	1.673346076	-0.6974792139	0	0	0	0	0	0	3.775047626
1.72	1.697425327	-0.7036307922	0	0	0	0	0	0	1.904535211
1.73	1.722568467	-0.7094878109	0	0	0	0	0	0	1.03281477
1.74	1.74826006	-0.7137794149	0	0	0	0	0	0	0.9933029489
1.75	1.774268552	-0.7162216044	0	0	0	0	0	0	1.587876335
1.76	1.800659046	-0.717485631	0	0	0	0	0	0	2.492332227
1.77	1.827689038	-0.7186273413	0	0	0	0	0	0	3.333679325
1.78	1.855642023	-0.7205132071	0	0	0	0	0	0	3.814404373
1.79	1.884662355	-0.7235381009	0	0	0	0	0	0	3.78520629
1.8	1.914644512	-0.7276427298	0	0	0	0	0	0	3.257503328
1.81	1.945207249	-0.7324931111	0	0	0	0	0	0	2.374404062
1.82	1.975755871	-0.7376885151	0	0	0	0	0	0	1.357097337
1.83	2.005609777	-0.7429212267	0	0	0	0	0	0	0.4401714759
1.84	2.034153515	-0.7480606001	0	0	0	0	0	0	-0.1908871714
1.85	2.060970667	-0.7531660334	0	0	0	0	0	0	-0.4426862032
1.86	2.085934578	-0.7584468933	0	0	0	0	0	0	-0.3232714276
1.87	2.109241998	-0.7641885938	0	0	0	0	0	0	0.08958727982
1.88	2.131392646	-0.7706627729	0	0	0	0	0	0	0.710375183
1.89	2.15312938	-0.7780321757	0	0	0	0	0	0	1.51196512
1.9	2.175342153	-0.7862452157	0	0	0	0	0	0	2.568483327
1.91	2.19891404	-0.7949145706	0	0	0	0	0	0	3.9856757
1.92	2.224453017	-0.8032110499	0	0	0	0	0	0	5.592366983
1.93	2.251907424	-0.8099510601	0	0	0	0	0	0	6.516184407
1.94	2.280338391	-0.8141112722	0	0	0	0	0	0	5.783783432
1.95	2.308328963	-0.8155369865	0	0	0	0	0	0	4.061936517
1.96	2.334733317	-0.8149531198	0	0	0	0	0	0	2.591449194
1.97	2.358756388	-0.8133143191	0	0	0	0	0	0	1.060433034
1.98	2.379643016	-0.8114776631	0	0	0	0	0	0	-0.5164585797
1.99	2.396867589	-0.8101688423	0	0	0	0	0	0	-1.34429774
2	2.410379415	-0.8098539102	0	0	0	0	0	0	-1.500197414
2.01	2.420503735	-0.810695289	0	0	0	0	0	0	-1.353649754
2.02	2.427812721	-0.8126324612	0	0	0	0	0	0	-1.00956968
2.03	2.433064063	-0.8154859338	0	0	0	0	0	0	-0.6051007834
2.04	2.437105067	-0.8190620511	0	0	0	0	0	0	-0.2871122775
2.05	2.440753386	-0.8232313421	0	0	0	0	0	0	-0.09888495408
2.06	2.44469202	-0.8279534718	0	0	0	0	0	0	0.05873787068
2.07	2.449400484	-0.8332288563	0	0	0	0	0	0	0.2962980759
2.08	2.45514388	-0.8391036063	0	0	0	0	0	0	0.1727441406
2.09	2.46186702	-0.8456736696	0	0	0	0	0	0	-0.1576907408
2.1	2.469311377	-0.8530202998	0	0	0	0	0	0	-0.3708006679
2.11	2.477233933	-0.8612032272	0	0	0	0	0	0	-0.4280286081
2.12	2.485486013	-0.8702775801	0	0	0	0	0	0	-0.4125568118
2.13	2.493078227	-0.8800898111	0	0	0	0	0	0	14.79827255
2.14	2.496616688	-0.8892035782	0	0	0	0	0	0	1.409579074
2.15	2.500041851	-0.897915429	0	0	0	0	0	0	3.899744344
2.16	2.503302245	-0.9061562734	0	0	0	0	0	0	4.755925785
2.17	2.506501931	-0.9136020334	0	0	0	0	0	0	6.518557939
2.18	2.508484762	-0.9197737566	0	0	0	0	0	0	-129.8738733
2.19	2.509117462	-0.9243872441	0	0	0	0	0	0	-148.4197927
2.2	2.510159328	-0.926977272	0	0	0	0	0	0	-148.814913
2.21	2.511591261	-0.9273014066	0	0	0	0	0	0	-142.2781795
2.22	2.513269603	-0.9256779719	0	0	0	0	0	0	-132.9777977
2.23	2.515067676	-0.9226056742	0	0	0	0	0	0	-123.6838793
2.24	2.516933076	-0.9185457398	0	0	0	0	0	0	-116.9940583
2.25	2.518860314	-0.9138942211	0	0	0	0	0	0	-113.8604513
2.26	2.520879639	-0.9089814553	0	0	0	0	0	0	-113.1784032
2.27	2.523065952	-0.903893263	0	0	0	0	0	0	-112.8545321
2.28	2.525461526	-0.8986846833	0	0	0	0	0	0	-111.7912266
2.29	2.52801385	-0.8934704177	0	0	0	0	0	0	-109.6230681
2.3	2.530660914	-0.8883037577	0	0	0	0	0	0	-106.9074196
2.31	2.533383368	-0.8831835418	0	0	0	0	0	0	-104.3385515
2.32	2.536195782	-0.8780997846	0	0	0	0	0	0	-102.2861502
2.33	2.539122342	-0.8730537337	0	0	0	0	0	0	-100.8408639
2.34	2.54218652	-0.8680548296	0	0	0	0	0	0	-99.983439
2.35	2.545412781	-0.8631121772	0	0	0	0	0	0	-99.64706709
2.36	2.548829377	-0.8582281158	0	0	0	0	0	0	-99.68692718
2.37	2.552466029	-0.8533958667	0	0	0	0	0	0	-99.84796899
2.38	2.556346939	-0.8486023458	0	0	0	0	0	0	-99.79955189
2.39	2.560482718	-0.8438343126	0	0	0	0	0	0	-99.22927373
2.4	2.564865399	-0.8390841851	0	0	0	0	0	0	-97.93321012
2.41	2.569468811	-0.8343526071	0	0	0	0	0	0	-95.85887044
2.42	2.574253439	-0.8296483641	0	0	0	0	0	0	-93.07501372
2.43	2.579172255	-0.8249877845	0	0	0	0	0	0	-89.72322058
2.44	2.584174808	-0.8203950102	0	0	0	0	0	0	-85.98810881
2.45	2.589209264	-0.8159026073	0	0	0	0	0	0	-82.09770456
2.46	2.594225074	-0.8115505929	0	0	0	0	0	0	-78.32098211
2.47	2.599177999	-0.8073828125	0	0	0	0	0	0	-74.93682628
2.48	2.604037217	-0.8034412452	0	0	0	0	0	0	-72.17130944
2.49	2.608792682	-0.7997592713	0	0	0	0	0	0	-70.12467153
2.5	2.613459936	-0.7963556259	0	0	0	0	0	0	-68.7209082
2.51	2.618080064	-0.7932297158	0	0	0	0	0	0	-67.69338647
2.52	2.622712138	-0.7903612883	0	0	0	0	0	0	-66.61202036
2.53	2.627419924	-0.7877112226	0	0	0	0	0	0	-64.93726481
2.54	2.632256741	-0.7852240014	0	0	0	0	0	0	-62.1063859
2.55	2.637252173	-0.7828314767	0	0	0	0	0	0	-57.63423469
2.56	2.642402408	-0.7804586676	0	0	0	0	0	0	-51.1927033
2.57	2.64766494	-0.7780317638	0	0	0	0	0	0	-42.67301808
2.58	2.652958292	-0.7754876781	0	0	0	0	0	0	-32.24588123
2.59	2.658166853	-0.7727839313	0	0	0	0	0	0	-20.39941922
2.6	2.663152622	-0.7699084266	0	0	0	0	0	0	-7.940113508
2.61	2.667778193	-0.7668882331	0	0	0	0	0	0	3.983573672
2.62	2.671966539	-0.7638104267	0	0	0	0	0	0	11.53457641
2.63	2.676224507	-0.7611144831	0	0	0	0	0	0	8.845348614
2.64	2.681176181	-0.7591579569	0	0	0	0	0	0	7.080302794
2.65	2.686639705	-0.7577295472	0	0	0	0	0	0	5.93912936
2.66	2.692339737	-0.7566410089	0	0	0	0	0	0	4.77455013
2.67	2.698051583	-0.7557600707	0	0	0	0	0	0	3.534437459
2.68	2.703638751	-0.7549743873	0	0	0	0	0	0	2.443484059
2.69	2.709070158	-0.7542075996	0	0	0	0	0	0	1.721838765
2.7	2.714385429	-0.7534260831	0	0	0	0	0	0	1.49696964
2.71	2.719737864	-0.7526464287	0	0	0	0	0	0	4.456654192
2.72	2.725394726	-0.7519626109	0	0	0	0	0	0	4.985076909
2.73	2.731791644	-0.7510565345	0	0	0	0	0	0	3.509275364
2.74	2.739624159	-0.7492477106	0	0	0	0	0	0	4.420494895
2.75	2.749252303	-0.7465472937	0	0	0	0	0	0	5.598145783
2.76	2.761068894	-0.7433996152	0	0	0	0	0	0	7.547531006
2.77	2.775388878	-0.7405104846	0	0	0	0	0	0	6.953047697
2.78	2.791818935	-0.7387122164	0	0	0	0	0	0	5.585267302
2.79	2.809803023	-0.737788331	0	0	0	0	0	0	3.872085366
2.8	2.828804611	-0.7368405828	0	0	0	0	0	0	2.209713982
2.81	2.848299619	-0.735152189	0	0	0	0	0	0	0.8624029982
2.82	2.867821655	-0.7326342488	0	0	0	0	0	0	-0.01683420537
2.83	2.887057752	-0.7297291754	0	0	0	0	0	0	-0.4109077357
2.84	2.905896561	-0.7270803589	0	0	0	0	0	0	-0.1366417797
2.85	2.924407463	-0.7251653352	0	0	0	0	0	0	0.5242233733
2.86	2.942779286	-0.7240457249	0	0	0	0	0	0	1.248283946
2.87	2.961256121	-0.7236019524	0	0	0	0	0	0	1.77331274
2.88	2.98002675	-0.7238314537	0	0	0	0	0	0	2.013968297
2.89	2.999169833	-0.7248425876	0	0	0	0	0	0	2.022307237
2.9	3.018661759	-0.7266871639	0	0	0	0	0	0	1.876586414
2.91	3.038400048	-0.7292615987	0	0	0	0	0	0	1.646325747
2.92	3.058226881	-0.732342291	0	0	0	0	0	0	1.406122479
2.93	3.077964041	-0.7356978211	0	0	0	0	0	0	1.233269578
2.94	3.097460686	-0.7391880808	0	0	0	0	0	0	1.183298718
2.95	3.11664276	-0.7428022508	0	0	0	0	0	0	1.269741938
2.96	3.135537522	-0.7466266612	0	0	0	0	0	0	1.466009107
2.97	3.15426631	-0.7507806015	0	0	0	0	0	0	1.722490145
2.98	3.173016611	-0.7553629868	0	0	0	0	0	0	1.987279918
2.99	3.192013396	-0.7604311595	0	0	0	0	0	0	2.225220699
3	3.211500001	-0.7660005889	0	0	0	0	0	0	2.427849413
3.01	3.231728522	-0.7720451703	0	0	0	0	0	0	2.615531525
3.02	3.252951796	-0.7784866993	0	0	0	0	0	0	2.824838867
3.03	3.27541058	-0.7851792851	0	0	0	0	0	0	3.091158004
3.04	3.299311422	-0.7918992346	0	0	0	0	0	0	3.431961645
3.05	3.324792006	-0.7983475178	0	0	0	0	0	0	3.828269316
3.06	3.351876736	-0.8041713781	0	0	0	0	0	0	4.213884982
3.07	3.380434135	-0.8090115548	0	0	0	0	0	0	4.484776017
3.08	3.410158145	-0.8125735328	0	0	0	0	0	0	4.548070956
3.09	3.440591253	-0.8146981679	0	0	0	0	0	0	4.371103476
3.1	3.471167677	-0.8153933435	0	0	0	0	0	0	3.967308226
3.11	3.501256337	-0.8148249042	0	0	0	0	0	0	3.354057813
3.12	3.530197954	-0.8132921631	0	0	0	0	0	0	2.579818772
3.13	3.557358416	-0.8111960322	0	0	0	0	0	0	1.739588217
3.14	3.582184142	-0.8089905887	0	0	0	0	0	0	0.9225226461
3.15	3.604236717	-0.8071249823	0	0	0	0	0	0	0.2039641634
3.16	3.623215362	-0.8059895198	0	0	0	0	0	0	-0.3416450636
3.17	3.638983746	-0.8058684274	0	0	0	0	0	0	-0.6800237238
3.18	3.651561788	-0.8069203775	0	0	0	0	0	0	-0.8071039862
3.19	3.661129069	-0.8091771746	0	0	0	0	0	0	-0.7654871897
3.2	3.668002654	-0.8125713413	0	0	0	0	0	0	-0.6155722062
3.21	3.672601038	-0.8169774377	0	0	0	0	0	0	-0.3851770575
3.22	3.675394317	-0.82222777	0	0	0	0	0	0	0.05566046783
3.23	3.676890313	-0.8281332827	0	0	0	0	0	0	0.3240747773
3.24	3.677519375	-0.8346008387	0	0	0	0	0	0	0.1896835676
3.25	3.677548108	-0.8416111777	0	0	0	0	0	0	0.02766083928
3.26	3.677228454	-0.8491669406	0	0	0	0	0	0	0.002022199838
3.27	3.676888248	-0.8572978979	0	0	0	0	0	0	0.05508434272
3.28	3.676893805	-0.8660727736	0	0	0	0	0	0	0.1119460199
3.29	3.677581698	-0.8755923058	0	0	0	0	0	0	-1.549391745
3.3	3.680210285	-0.8854377528	0	0	0	0	0	0	-7.492135784
3.31	3.683537309	-0.8942714767	0	0	0	0	0	0	0.3481319661
3.32	3.68698074	-0.9025103216	0	0	0	0	0	0	4.568364781
3.33	3.690268205	-0.9102323177	0	0	0	0	0	0	6.37473952
3.34	3.693300106	-0.9171545278	0	0	0	0	0	0	-52.06491554
3.35	3.693979838	-0.9225919116	0	0	0	0	0	0	-140.7218803
3.36	3.694769681	-0.926255957	0	0	0	0	0	0	-145.5343794
3.37	3.695990588	-0.9276119791	0	0	0	0	0	0	-140.3915944
3.38	3.697537933	-0.9267977407	0	0	0	0	0	0	-130.7338224
3.39	3.699244855	-0.9243092406	0	0	0	0	0	0	-119.9974904
3.4	3.701016033	-0.9206632916	0	0	0	0	0	0	-111.0735942
3.41	3.702825102	-0.9162928962	0	0	0	0	0	0	-105.8975551
3.42	3.704685107	-0.9115646044	0	0	0	0	0	0	-104.4610409
3.43	3.706643561	-0.9067295974	0	0	0	0	0	0	-104.7347959
3.44	3.708776989	-0.9018069344	0	0	0	0	0	0	-105.0305596
3.45	3.711083187	-0.8968819749	0	0	0	0	0	0	-104.4597099
3.46	3.71349686	-0.8920401685	0	0	0	0	0	0	-103.0369563
3.47	3.715969306	-0.8873018447	0	0	0	0	0	0	-101.3899142
3.48	3.718492858	-0.8826515719	0	0	0	0	0	0	-100.0532646
3.49	3.721083048	-0.8780741029	0	0	0	0	0	0	-99.25237287
3.5	3.723760683	-0.8735636689	0	0	0	0	0	0	-99.03108003
3.51	3.726548024	-0.8691187627	0	0	0	0	0	0	-99.37590957
3.52	3.729471489	-0.864735358	0	0	0	0	0	0	-100.2228832
3.53	3.73256217	-0.8604025848	0	0	0	0	0	0	-101.4141358
3.54	3.735851672	-0.8561020986	0	0	0	0	0	0	-102.6849267
3.55	3.739365191	-0.8518115574	0	0	0	0	0	0	-103.7159454
3.56	3.743115396	-0.8475099987	0	0	0	0	0	0	-104.2199014
3.57	3.74709985	-0.8431823129	0	0	0	0	0	0	-104.004582
3.58	3.751302669	-0.8388208669	0	0	0	0	0	0	-102.9936013
3.59	3.755698823	-0.834425622	0	0	0	0	0	0	-101.1938885
3.6	3.76025788	-0.8300042672	0	0	0	0	0	0	-98.66167802
3.61	3.764945774	-0.8255732068	0	0	0	0	0	0	-95.48908448
3.62	3.769724778	-0.8211584493	0	0	0	0	0	0	-91.81620969
3.63	3.77455307	-0.8167959423	0	0	0	0	0	0	-87.84926109
3.64	3.779387147	-0.8125294391	0	0	0	0	0	0	-83.85005624
3.65	3.784186389	-0.8084067647	0	0	0	0	0	0	-80.10069143
3.66	3.788919816	-0.8044744023	0	0	0	0	0	0	-76.84370451
3.67	3.793573821	-0.800770895	0	0	0	0	0	0	-74.21543835
3.68	3.798158285	-0.7973207487	0	0	0	0	0	0	-72.19371686
3.69	3.802707701	-0.7941306566	0	0	0	0	0	0	-70.5748028
3.7	3.807274603	-0.7911886305	0	0	0	0	0	0	-68.9870454
3.71	3.811917368	-0.7884647569	0	0	0	0	0	0	-66.94245004
3.72	3.816685969	-0.785913046	0	0	0	0	0	0	-63.92879
3.73	3.821609953	-0.7834742701	0	0	0	0	0	0	-59.49179094
3.74	3.82668902	-0.7810810826	0	0	0	0	0	0	-53.30120391
3.75	3.83188748	-0.7786650045	0	0	0	0	0	0	-45.21347776
3.76	3.837133199	-0.7761647598	0	0	0	0	0	0	-35.33309716
3.77	3.842321135	-0.7735352501	0	0	0	0	0	0	-24.04605591
3.78	3.847323185	-0.7707564682	0	0	0	0	0	0	-12.0184158
3.79	3.85200573	-0.7678413497	0	0	0	0	0	0	-0.1845282631
3.8	3.856262501	-0.7648448873	0	0	0	0	0	0	10.00993458
3.81	3.860228563	-0.7619784881	0	0	0	0	0	0	10.31138373
3.82	3.864676217	-0.7597679331	0	0	0	0	0	0	8.141031792
3.83	3.869688659	-0.758162028	0	0	0	0	0	0	6.891099034
3.84	3.87501829	-0.7569475927	0	0	0	0	0	0	5.800354324
3.85	3.880440422	-0.7559843994	0	0	0	0	0	0	4.59388413
3.86	3.885796604	-0.7551589019	0	0	0	0	0	0	3.416143531
3.87	3.891024182	-0.7543833724	0	0	0	0	0	0	2.50747843
3.88	3.89614083	-0.7536096241	0	0	0	0	0	0	2.037129641
3.89	3.901220722	-0.7528232918	0	0	0	0	0	0	2.131642345
3.9	3.906588797	-0.7521440678	0	0	0	0	0	0	6.610199401
3.91	3.912390634	-0.751419757	0	0	0	0	0	0	3.651060023
3.92	3.919458488	-0.7501107916	0	0	0	0	0	0	3.94774492
3.93	3.928201654	-0.7478522725	0	0	0	0	0	0	5.045543287
3.94	3.938898081	-0.7449821126	0	0	0	0	0	0	7.180000858
3.95	3.951981556	-0.7418997142	0	0	0	0	0	0	7.144156671
3.96	3.967356423	-0.7394860843	0	0	0	0	0	0	6.112403181
3.97	3.984494661	-0.738071904	0	0	0	0	0	0	4.522055967
3.98	4.002852114	-0.7370215034	0	0	0	0	0	0	2.828297708
3.99	4.021913708	-0.7354854504	0	0	0	0	0	0	1.357754986
4	4.041196369	-0.7330883605	0	0	0	0	0	0	0.3068243228
4.01	4.060325152	-0.7300635283	0	0	0	0	0	0	-0.2566146064
4.02	4.079104867	-0.7270010811	0	0	0	0	0	0	-0.3257485182
4.03	4.097528753	-0.7245172357	0	0	0	0	0	0	0.1814644378
4.04	4.115723372	-0.7229051753	0	0	0	0	0	0	0.8667044545
4.05	4.133901262	-0.7220918991	0	0	0	0	0	0	1.467604285
4.06	4.152270779	-0.7219733476	0	0	0	0	0	0	1.813578777
4.07	4.170948643	-0.7225871779	0	0	0	0	0	0	1.906061918
4.08	4.189945448	-0.7240104297	0	0	0	0	0	0	1.823237329
4.09	4.209190029	-0.7262129602	0	0	0	0	0	0	1.640113708
4.1	4.228554647	-0.7290249429	0	0	0	0	0	0	1.423821028
4.11	4.247881282	-0.7322146966	0	0	0	0	0	0	1.245453813
4.12	4.267018628	-0.7355955086	0	0	0	0	0	0	1.167312008
4.13	4.285867396	-0.739093704	0	0	0	0	0	0	1.218800615
4.14	4.304414248	-0.7427497613	0	0	0	0	0	0	1.387721324
4.15	4.322738071	-0.746668293	0	0	0	0	0	0	1.632136289
4.16	4.340990922	-0.7509579272	0	0	0	0	0	0	1.899919758
4.17	4.359368393	-0.7556935776	0	0	0	0	0	0	2.147784444
4.18	4.3780873	-0.7609088676	0	0	0	0	0	0	2.354415832
4.19	4.397373798	-0.7666005113	0	0	0	0	0	0	2.525224846
4.2	4.417460518	-0.7727287784	0	0	0	0	0	0	2.688692185
4.21	4.438582483	-0.7792069646	0	0	0	0	0	0	2.881263967
4.22	4.460967998	-0.7858885293	0	0	0	0	0	0	3.136578394
4.23	4.484818041	-0.7925580444	0	0	0	0	0	0	3.466922677
4.24	4.510270858	-0.7989315088	0	0	0	0	0	0	3.849964594
4.25	4.537355721	-0.8046744032	0	0	0	0	0	0	4.218249434
4.26	4.565949249	-0.8094457928	0	0	0	0	0	0	4.47182155
4.27	4.59575749	-0.8129666194	0	0	0	0	0	0	4.527976695
4.28	4.626337326	-0.815084942	0	0	0	0	0	0	4.36005895
4.29	4.657134938	-0.8158037979	0	0	0	0	0	0	3.975120552
4.3	4.687524187	-0.8152747181	0	0	0	0	0	0	3.384702358
4.31	4.716843098	-0.8137791527	0	0	0	0	0	0	2.635088548
4.32	4.744449465	-0.8117019567	0	0	0	0	0	0	1.813919028
4.33	4.769775032	-0.8094863156	0	0	0	0	0	0	1.001501152
4.34	4.792359655	-0.8075786753	0	0	0	0	0	0	0.273685441
4.35	4.811878428	-0.8063747475	0	0	0	0	0	0	-0.2931370989
4.36	4.828162333	-0.8061730643	0	0	0	0	0	0	-0.652720491
4.37	4.841204998	-0.8071473004	0	0	0	0	0	0	-0.8033377294
4.38	4.851158574	-0.8093438397	0	0	0	0	0	0	-0.7789404191
4.39	4.858316414	-0.8127048226	0	0	0	0	0	0	-0.636237488
4.4	4.863079554	-0.8171073126	0	0	0	0	0	0	-0.4037207847
4.41	4.865908273	-0.8223787968	0	0	0	0	0	0	0.04371683232
4.42	4.867309377	-0.8283201303	0	0	0	0	0	0	0.3228698728
4.43	4.867722637	-0.834826301	0	0	0	0	0	0	0.2014146345
4.44	4.867433816	-0.8418678451	0	0	0	0	0	0	0.04906408734
4.45	4.866718928	-0.8494398039	0	0	0	0	0	0	0.02904693711
4.46	4.86593135	-0.8575671328	0	0	0	0	0	0	0.08477340379
4.47	4.865463304	-0.8663171677	0	0	0	0	0	0	0.1424741166
4.48	4.865679098	-0.8757929336	0	0	0	0	0	0	-2.039295084
4.49	4.868191329	-0.885595599	0	0	0	0	0	0	-7.932849583
4.5	4.871505072	-0.8943688406	0	0	0	0	0	0	0.006682179469
4.51	4.874950253	-0.9025388079	0	0	0	0	0	0	4.31616336
4.52	4.878245083	-0.9101978419	0	0	0	0	0	0	6.145121927
4.53	4.881301632	-0.917073799	0	0	0	0	0	0	-48.35947484
4.54	4.882009301	-0.9224803151	0	0	0	0	0	0	-140.8732998
4.55	4.882805948	-0.9261367806	0	0	0	0	0	0	-146.0558382
4.56	4.884034525	-0.9275018906	0	0	0	0	0	0	-141.2104964
4.57	4.885589781	-0.9267041177	0	0	0	0	0	0	-131.748814
4.58	4.887303866	-0.9242332071	0	0	0	0	0	0	-121.0718823
4.59	4.889081099	-0.9206012574	0	0	0	0	0	0	-112.1162166
4.6	4.890894838	-0.9162381445	0	0	0	0	0	0	-106.8752999
4.61	4.892758531	-0.91150943	0	0	0	0	0	0	-105.3810517
4.62	4.894721601	-0.9066642335	0	0	0	0	0	0	-105.6083165
4.63	4.896863025	-0.9017225418	0	0	0	0	0	0	-105.8830772
4.64	4.899181204	-0.8967724979	0	0	0	0	0	0	-105.2878534
4.65	4.901612006	-0.8918994385	0	0	0	0	0	0	-103.8307626
4.66	4.904108025	-0.8871236821	0	0	0	0	0	0	-102.1293398
4.67	4.906661884	-0.8824308	0	0	0	0	0	0	-100.7040067
4.68	4.909288183	-0.8778068565	0	0	0	0	0	0	-99.77270594
4.69	4.912006088	-0.8732471892	0	0	0	0	0	0	-99.3840627
4.7	4.914836177	-0.8687511994	0	0	0	0	0	0	-99.53905163
4.71	4.917803571	-0.86431579	0	0	0	0	0	0	-100.191816
4.72	4.920938857	-0.8599309709	0	0	0	0	0	0	-101.2006206
4.73	4.924273785	-0.8555792917	0	0	0	0	0	0	-102.3103695
4.74	4.92783428	-0.8512391823	0	0	0	0	0	0	-103.2035582
4.75	4.931633945	-0.846890314	0	0	0	0	0	0	-103.5872574
4.76	4.93567087	-0.8425182091	0	0	0	0	0	0	-103.2609439
4.77	4.939929029	-0.8381159536	0	0	0	0	0	0	-102.1405581
4.78	4.944382136	-0.8336843563	0	0	0	0	0	0	-100.2301839
4.79	4.948997558	-0.8292321968	0	0	0	0	0	0	-97.58884165
4.8	4.953738269	-0.8247771398	0	0	0	0	0	0	-94.31858457
4.81	4.958562989	-0.8203468003	0	0	0	0	0	0	-90.57731596
4.82	4.96342692	-0.8159785126	0	0	0	0	0	0	-86.58900058
4.83	4.968284457	-0.8117172484	0	0	0	0	0	0	-82.63118509
4.84	4.973094701	-0.8076113405	0	0	0	0	0	0	-78.99083165
4.85	4.977828801	-0.8037065929	0	0	0	0	0	0	-75.89875707
4.86	4.982477619	-0.8000395123	0	0	0	0	0	0	-73.46278298
4.87	4.987057091	-0.7966314372	0	0	0	0	0	0	-71.62016114
4.88	4.991607752	-0.7934852346	0	0	0	0	0	0	-70.12329672
4.89	4.996186471	-0.7905849411	0	0	0	0	0	0	-68.56169845
4.9	5.000852557	-0.7878967768	0	0	0	0	0	0	-66.4262839
4.91	5.005653802	-0.7853713091	0	0	0	0	0	0	-63.20161796
4.92	5.010614772	-0.7829465187	0	0	0	0	0	0	-58.45130426
4.93	5.015728044	-0.7805534893	0	0	0	0	0	0	-51.87956833
4.94	5.020949847	-0.7781238605	0	0	0	0	0	0	-43.39087979
4.95	5.02619993	-0.7755984456	0	0	0	0	0	0	-33.15071078
4.96	5.031366564	-0.7729363332	0	0	0	0	0	0	-21.61116793
4.97	5.036317847	-0.7701237716	0	0	0	0	0	0	-9.502629324
4.98	5.0409219	-0.7671817642	0	0	0	0	0	0	2.169131459
4.99	5.045087538	-0.7641778233	0	0	0	0	0	0	11.48608183
5	5.049106092	-0.7614173198	0	0	0	0	0	0	9.668414055
5.01	5.053706572	-0.7593589071	0	0	0	0	0	0	7.763422626
5.02	5.058823823	-0.7578539982	0	0	0	0	0	0	6.616216397
5.03	5.064206843	-0.7567057625	0	0	0	0	0	0	5.515328425
5.04	5.069642422	-0.7557828998	0	0	0	0	0	0	4.306829156
5.05	5.074992121	-0.7549758805	0	0	0	0	0	0	3.180903863
5.06	5.08021458	-0.7542050376	0	0	0	0	0	0	2.37040575
5.07	5.085340202	-0.7534307635	0	0	0	0	0	0	2.022031562
5.08	5.090490699	-0.7526555249	0	0	0	0	0	0	3.990230343
5.09	5.095950828	-0.751996538	0	0	0	0	0	0	5.869099739
5.1	5.102025316	-0.7512099675	0	0	0	0	0	0	3.568210499
5.11	5.109502297	-0.7497016084	0	0	0	0	0	0	4.204566682
5.12	5.118726928	-0.7473026606	0	0	0	0	0	0	5.288396878
5.13	5.129990709	-0.7443918372	0	0	0	0	0	0	7.33638856
5.14	5.143691792	-0.7414354807	0	0	0	0	0	0	6.965512505
5.15	5.15957148	-0.7393159345	0	0	0	0	0	0	5.760314316
5.16	5.17707881	-0.7381076602	0	0	0	0	0	0	4.104449938
5.17	5.195674154	-0.7370416671	0	0	0	0	0	0	2.434594606
5.18	5.214844527	-0.7353301175	0	0	0	0	0	0	1.04711996
5.19	5.234122422	-0.7327427706	0	0	0	0	0	0	0.1106958633
5.2	5.253171327	-0.7296256589	0	0	0	0	0	0	-0.3392960073
5.21	5.271843345	-0.7266096578	0	0	0	0	0	0	-0.248737622
5.22	5.290171964	-0.724275166	0	0	0	0	0	0	0.3238523499
5.23	5.308309691	-0.7228232722	0	0	0	0	0	0	1.016916643
5.24	5.326479948	-0.7221466855	0	0	0	0	0	0	1.570057888
5.25	5.344876644	-0.7221696644	0	0	0	0	0	0	1.853124083
5.26	5.363591633	-0.7229506883	0	0	0	0	0	0	1.896105228
5.27	5.382613952	-0.7245493761	0	0	0	0	0	0	1.781900208
5.28	5.401856745	-0.7268995402	0	0	0	0	0	0	1.583741563
5.29	5.421182084	-0.7298062939	0	0	0	0	0	0	1.370112331
5.3	5.440430309	-0.7330391525	0	0	0	0	0	0	1.211926389
5.31	5.459459335	-0.7364337678	0	0	0	0	0	0	1.165392521
5.32	5.478189171	-0.739945481	0	0	0	0	0	0	1.249633298
5.33	5.496630381	-0.7436358646	0	0	0	0	0	0	1.443260794
5.34	5.51488301	-0.7476159858	0	0	0	0	0	0	1.699815966
5.35	5.533113042	-0.7519889953	0	0	0	0	0	0	1.966848669
5.36	5.551522605	-0.7568196279	0	0	0	0	0	0	2.205474698
5.37	5.570330271	-0.7621317546	0	0	0	0	0	0	2.401165295
5.38	5.589762273	-0.7679136326	0	0	0	0	0	0	2.565388913
5.39	5.610049778	-0.7741156527	0	0	0	0	0	0	2.728991516
5.4	5.631424403	-0.7806387764	0	0	0	0	0	0	2.930487155
5.41	5.654108351	-0.7873228516	0	0	0	0	0	0	3.199049992
5.42	5.678290211	-0.7939386623	0	0	0	0	0	0	3.540897373
5.43	5.704087913	-0.8001916913	0	0	0	0	0	0	3.925348953
5.44	5.73150194	-0.8057442853	0	0	0	0	0	0	4.27668751
5.45	5.760374993	-0.8102647167	0	0	0	0	0	0	4.495268963
5.46	5.790381768	-0.8134967992	0	0	0	0	0	0	4.508194221
5.47	5.821055203	-0.8153188898	0	0	0	0	0	0	4.298423987
5.48	5.851824909	-0.8157639696	0	0	0	0	0	0	3.872786188
5.49	5.882054147	-0.8150099178	0	0	0	0	0	0	3.247707324
5.5	5.911080772	-0.8133604447	0	0	0	0	0	0	2.478049856
5.51	5.938273198	-0.8112153264	0	0	0	0	0	0	1.652300026
5.52	5.963080975	-0.8090226596	0	0	0	0	0	0	0.849896282
5.53	5.985068111	-0.8072231905	0	0	0	0	0	0	0.1478861496
5.54	6.00393863	-0.806196963	0	0	0	0	0	0	-0.3809315483
5.55	6.019554851	-0.806219562	0	0	0	0	0	0	-0.69869642
5.56	6.031942458	-0.8074387913	0	0	0	0	0	0	-0.8109079733
5.57	6.04128356	-0.8098775878	0	0	0	0	0	0	-0.7578036909
5.58	6.047896662	-0.8134613215	0	0	0	0	0	0	-0.5981580992
5.59	6.052199994	-0.8180575117	0	0	0	0	0	0	-0.3329143524
5.6	6.054663242	-0.8234809073	0	0	0	0	0	0	0.1378225967
5.61	6.055798085	-0.829543154	0	0	0	0	0	0	0.322426806
5.62	6.056011841	-0.8361597604	0	0	0	0	0	0	0.165411918
5.63	6.055576306	-0.8433080811	0	0	0	0	0	0	0.03700246381
5.64	6.054782359	-0.850987719	0	0	0	0	0	0	0.03927337713
5.65	6.053997762	-0.8592319235	0	0	0	0	0	0	0.099842184
5.66	6.05361384	-0.8681165307	0	0	0	0	0	0	0.1528221909
5.67	6.054110268	-0.8777570858	0	0	0	0	0	0	-12.10677239
5.68	6.056961894	-0.8873896026	0	0	0	0	0	0	-6.1846636
5.69	6.060341834	-0.8960155753	0	0	0	0	0	0	1.173842753
5.7	6.063767955	-0.9040937876	0	0	0	0	0	0	4.794532461
5.71	6.067031716	-0.9116313963	0	0	0	0	0	0	6.480595279
5.72	6.0697118	-0.9182561692	0	0	0	0	0	0	-98.39034203
5.73	6.070277328	-0.9233714319	0	0	0	0	0	0	-143.1030254
5.74	6.071161262	-0.9265958743	0	0	0	0	0	0	-145.8179227
5.75	6.072467942	-0.927503172	0	0	0	0	0	0	-139.6634383
5.76	6.074066739	-0.9263291324	0	0	0	0	0	0	-129.7274352
5.77	6.075797976	-0.9235879078	0	0	0	0	0	0	-119.1428982
5.78	6.077582826	-0.9197767609	0	0	0	0	0	0	-110.8187449
5.79	6.079404207	-0.9153108181	0	0	0	0	0	0	-106.3722154
5.8	6.081282342	-0.9105449839	0	0	0	0	0	0	-105.4373786
5.81	6.083275958	-0.9056755354	0	0	0	0	0	0	-105.7472292
5.82	6.085457066	-0.900719163	0	0	0	0	0	0	-105.8907906
5.83	6.087804532	-0.8957756868	0	0	0	0	0	0	-105.0793274
5.84	6.090252474	-0.8909181223	0	0	0	0	0	0	-103.5063727
5.85	6.092761631	-0.8861562561	0	0	0	0	0	0	-101.8150152
5.86	6.095330859	-0.8814739574	0	0	0	0	0	0	-100.4642377
5.87	6.097976422	-0.8768593267	0	0	0	0	0	0	-99.62425555
5.88	6.10071749	-0.8723091938	0	0	0	0	0	0	-99.32936539
5.89	6.103575172	-0.8678229871	0	0	0	0	0	0	-99.57572202
5.9	6.106575718	-0.8633964953	0	0	0	0	0	0	-100.303509
5.91	6.109750399	-0.8590181784	0	0	0	0	0	0	-101.3482199
5.92	6.113130499	-0.8546693253	0	0	0	0	0	0	-102.436692
5.93	6.116740024	-0.8503281223	0	0	0	0	0	0	-103.24756
5.94	6.120589619	-0.8459751076	0	0	0	0	0	0	-103.5016092
5.95	6.124674344	-0.8415972226	0	0	0	0	0	0	-103.0227638
5.96	6.128975773	-0.8371890723	0	0	0	0	0	0	-101.7459633
5.97	6.133466094	-0.8327529608	0	0	0	0	0	0	-99.68763236
5.98	6.138111545	-0.8282993321	0	0	0	0	0	0	-96.91586113
5.99	6.142874076	-0.8238478197	0	0	0	0	0	0	-93.54211686
6	6.147711627	-0.8194279032	0	0	0	0	0	0	-89.73641412
6.01	6.152578612	-0.8150788197	0	0	0	0	0	0	-85.73790034
6.02	6.157429771	-0.8108466383	0	0	0	0	0	0	-81.83072626
6.03	6.162226016	-0.8067796875	0	0	0	0	0	0	-78.29602848
6.04	6.166941975	-0.8029224165	0	0	0	0	0	0	-75.34435674
6.05	6.171573504	-0.7993085998	0	0	0	0	0	0	-73.05074536
6.06	6.176142096	-0.7959558564	0	0	0	0	0	0	-71.3137285
6.07	6.180692835	-0.7928630412	0	0	0	0	0	0	-69.84726304
6.08	6.185284377	-0.7900103331	0	0	0	0	0	0	-68.21314395
6.09	6.189974817	-0.7873605719	0	0	0	0	0	0	-65.89262361
6.1	6.194808115	-0.7848612552	0	0	0	0	0	0	-62.38040183
6.11	6.199802699	-0.782448401	0	0	0	0	0	0	-57.26499866
6.12	6.204943707	-0.7800525564	0	0	0	0	0	0	-50.28703454
6.13	6.210179455	-0.7776065603	0	0	0	0	0	0	-41.40267793
6.14	6.21542238	-0.7750543286	0	0	0	0	0	0	-30.83785067
6.15	6.2205552	-0.7723600028	0	0	0	0	0	0	-19.10536412
6.16	6.225443982	-0.7695165869	0	0	0	0	0	0	-6.991827842
6.17	6.229960635	-0.7665534668	0	0	0	0	0	0	4.42438666
6.18	6.234037343	-0.7635548548	0	0	0	0	0	0	11.68812442
6.19	6.238142859	-0.7609268866	0	0	0	0	0	0	9.159285821
6.2	6.242870716	-0.7590048664	0	0	0	0	0	0	7.485360106
6.21	6.248062444	-0.7575877405	0	0	0	0	0	0	6.392081555
6.22	6.253470581	-0.7564964532	0	0	0	0	0	0	5.266523056
6.23	6.258894965	-0.755606139	0	0	0	0	0	0	4.056999592
6.24	6.264217132	-0.7548118648	0	0	0	0	0	0	2.982174254
6.25	6.269414463	-0.754042349	0	0	0	0	0	0	2.26191682
6.26	6.274527038	-0.753265524	0	0	0	0	0	0	2.021545532
6.27	6.279739963	-0.7525103088	0	0	0	0	0	0	5.844746746
6.28	6.285258807	-0.7518527452	0	0	0	0	0	0	5.092471719
6.29	6.291588369	-0.7509750544	0	0	0	0	0	0	3.587812314
6.3	6.299414421	-0.7492665092	0	0	0	0	0	0	4.438898986
6.31	6.309044755	-0.7467356389	0	0	0	0	0	0	5.487960338
6.32	6.320805578	-0.7437667315	0	0	0	0	0	0	7.355110807
6.33	6.335009944	-0.7409330039	0	0	0	0	0	0	6.769670757
6.34	6.351281921	-0.7390435596	0	0	0	0	0	0	5.428877023
6.35	6.369063392	-0.737947288	0	0	0	0	0	0	3.73783203
6.36	6.387821495	-0.7367994154	0	0	0	0	0	0	2.106814405
6.37	6.407047799	-0.7348995866	0	0	0	0	0	0	0.8048299576
6.38	6.426294796	-0.7321531413	0	0	0	0	0	0	-0.02633272529
6.39	6.445263754	-0.7289941785	0	0	0	0	0	0	-0.3814842984
6.4	6.46384807	-0.7260723488	0	0	0	0	0	0	-0.1518364373
6.41	6.482111981	-0.7239122579	0	0	0	0	0	0	0.4669782431
6.42	6.500228087	-0.7226278525	0	0	0	0	0	0	1.150554124
6.43	6.518422945	-0.7220939764	0	0	0	0	0	0	1.651200134
6.44	6.536872367	-0.7222649735	0	0	0	0	0	0	1.877604592
6.45	6.55564486	-0.7232128433	0	0	0	0	0	0	1.880176156
6.46	6.574711068	-0.7249771457	0	0	0	0	0	0	1.742298257
6.47	6.593971235	-0.7274603284	0	0	0	0	0	0	1.534992698
6.48	6.613279961	-0.730450382	0	0	0	0	0	0	1.327700259
6.49	6.632478212	-0.7337237317	0	0	0	0	0	0	1.18997117
6.5	6.651433507	-0.7371386903	0	0	0	0	0	0	1.17166267
6.51	6.670084068	-0.7406763397	0	0	0	0	0	0	1.282616209
6.52	6.688460698	-0.7444140327	0	0	0	0	0	0	1.49437343
6.53	6.706679732	-0.7484650412	0	0	0	0	0	0	1.757369818
6.54	6.724916999	-0.7529259167	0	0	0	0	0	0	2.021542445
6.55	6.743379477	-0.7578526656	0	0	0	0	0	0	2.251180056
6.56	6.762286993	-0.7632609285	0	0	0	0	0	0	2.43795978
6.57	6.781866314	-0.7691315256	0	0	0	0	0	0	2.598342838
6.58	6.802348327	-0.775405734	0	0	0	0	0	0	2.766426888
6.59	6.823963515	-0.7819733817	0	0	0	0	0	0	2.978574535
6.6	6.846929095	-0.7886610012	0	0	0	0	0	0	3.261353238
6.61	6.87142258	-0.7952261183	0	0	0	0	0	0	3.614899225
6.62	6.897542477	-0.801363886	0	0	0	0	0	0	3.999609404
6.63	6.925260791	-0.8067337482	0	0	0	0	0	0	4.332199227
6.64	6.954387104	-0.8110138117	0	0	0	0	0	0	4.514313402
6.65	6.984565758	-0.8139709786	0	0	0	0	0	0	4.483475758
6.66	7.015306322	-0.8155135915	0	0	0	0	0	0	4.230965371
6.67	7.046023832	-0.8157042695	0	0	0	0	0	0	3.765174713
6.68	7.076072106	-0.8147467179	0	0	0	0	0	0	3.106470674
6.69	7.104790831	-0.8129659929	0	0	0	0	0	0	2.318924351
6.7	7.131560302	-0.8107752542	0	0	0	0	0	0	1.492251784
6.71	7.155850015	-0.808625422	0	0	0	0	0	0	0.7033842402
6.72	7.177249436	-0.8069493179	0	0	0	0	0	0	0.02976235296
6.73	7.195491853	-0.806109642	0	0	0	0	0	0	-0.4595376927
6.74	7.210471209	-0.8063581994	0	0	0	0	0	0	-0.7355554674
6.75	7.222244412	-0.8078174415	0	0	0	0	0	0	-0.8117295712
6.76	7.231021948	-0.810488547	0	0	0	0	0	0	-0.7329967396
6.77	7.237144884	-0.8142824645	0	0	0	0	0	0	-0.558576806
6.78	7.241045268	-0.8190580194	0	0	0	0	0	0	-0.2529701884
6.79	7.2432019	-0.8246194265	0	0	0	0	0	0	0.2137687128
6.8	7.244122387	-0.8307947018	0	0	0	0	0	0	0.305939885
6.81	7.244179908	-0.8375171269	0	0	0	0	0	0	0.1307913911
6.82	7.243638785	-0.8447691777	0	0	0	0	0	0	0.02916620926
6.83	7.242805526	-0.8525554846	0	0	0	0	0	0	0.04992522436
6.84	7.242059045	-0.8609176086	0	0	0	0	0	0	0.1127500652
6.85	7.241786386	-0.8699389743	0	0	0	0	0	0	0.1602879817
6.86	7.242769078	-0.8797358267	0	0	0	0	0	0	-9.403225784
6.87	7.245758501	-0.889135855	0	0	0	0	0	0	-4.481390885
6.88	7.249182189	-0.8976321413	0	0	0	0	0	0	2.168700127
6.89	7.252581078	-0.9056166147	0	0	0	0	0	0	5.178428242
6.9	7.255816742	-0.9130187962	0	0	0	0	0	0	6.821892078
6.91	7.258007239	-0.9193653145	0	0	0	0	0	0	-120.7055728
6.92	7.258577295	-0.9241741861	0	0	0	0	0	0	-144.6192949
6.93	7.259547522	-0.9269545084	0	0	0	0	0	0	-145.1469002
6.94	7.260925355	-0.9274214437	0	0	0	0	0	0	-137.9203533
6.95	7.262560521	-0.9258984484	0	0	0	0	0	0	-127.6348342
6.96	7.264305984	-0.922911578	0	0	0	0	0	0	-117.2747928
6.97	7.266097979	-0.9189417308	0	0	0	0	0	0	-109.6446835
6.98	7.267927814	-0.91439063	0	0	0	0	0	0	-105.970034
6.99	7.269822133	-0.9095994626	0	0	0	0	0	0	-105.471687
7	7.271849079	-0.9047081764	0	0	0	0	0	0	-105.8368212
7.01	7.274067295	-0.8997451695	0	0	0	0	0	0	-105.8251214
7.02	7.27643965	-0.8948143887	0	0	0	0	0	0	-104.821719
7.03	7.278901584	-0.8899755984	0	0	0	0	0	0	-103.1735994
7.04	7.281422119	-0.885230007	0	0	0	0	0	0	-101.5213526
7.05	7.284005303	-0.8805608901	0	0	0	0	0	0	-100.2613376
7.06	7.286668583	-0.8759582974	0	0	0	0	0	0	-99.52410683
7.07	7.28943125	-0.8714201511	0	0	0	0	0	0	-99.33323797
7.08	7.292315155	-0.8669456089	0	0	0	0	0	0	-99.6777408
7.09	7.29534771	-0.8625292214	0	0	0	0	0	0	-100.4814827
7.1	7.298560721	-0.8581578833	0	0	0	0	0	0	-101.5566081
7.11	7.301984642	-0.8538118709	0	0	0	0	0	0	-102.6139197
7.12	7.305641267	-0.8494694091	0	0	0	0	0	0	-103.334759
7.13	7.309538216	-0.8451120614	0	0	0	0	0	0	-103.4552283
7.14	7.313667708	-0.8407282163	0	0	0	0	0	0	-102.8219434
7.15	7.318009081	-0.8363139705	0	0	0	0	0	0	-101.3889758
7.16	7.322533121	-0.8318731813	0	0	0	0	0	0	-99.18437259
7.17	7.327205168	-0.8274180025	0	0	0	0	0	0	-96.28417736
7.18	7.331986402	-0.8229699117	0	0	0	0	0	0	-92.80998842
7.19	7.33683374	-0.8185605307	0	0	0	0	0	0	-88.94673147
7.2	7.341701357	-0.814230678	0	0	0	0	0	0	-84.94393166
7.21	7.346544649	-0.810027295	0	0	0	0	0	0	-81.09016943
7.22	7.351326594	-0.8059984636	0	0	0	0	0	0	-77.65852495
7.23	7.356025455	-0.8021870449	0	0	0	0	0	0	-74.83762167
7.24	7.36064195	-0.798624002	0	0	0	0	0	0	-72.66956952
7.25	7.365202683	-0.7953233531	0	0	0	0	0	0	-71.01568712
7.26	7.36975642	-0.7922802882	0	0	0	0	0	0	-69.55628287
7.27	7.374363076	-0.7894712045	0	0	0	0	0	0	-67.82995219
7.28	7.379078908	-0.7868557987	0	0	0	0	0	0	-65.3121799
7.29	7.383943612	-0.7843789287	0	0	0	0	0	0	-61.51091604
7.3	7.388969478	-0.7819749607	0	0	0	0	0	0	-56.04136668
7.31	7.394134456	-0.779574259	0	0	0	0	0	0	-48.68153375
7.32	7.39937957	-0.7771111552	0	0	0	0	0	0	-39.43722641
7.33	7.404610724	-0.7745328373	0	0	0	0	0	0	-28.5907583
7.34	7.409705964	-0.7718085413	0	0	0	0	0	0	-16.71166674
7.35	7.414530503	-0.7689377709	0	0	0	0	0	0	-4.638215404
7.36	7.418961416	-0.7659582724	0	0	0	0	0	0	6.465234977
7.37	7.422971978	-0.7629812436	0	0	0	0	0	0	11.24719268
7.38	7.427188863	-0.7604944978	0	0	0	0	0	0	8.737721216
7.39	7.432028835	-0.7586911282	0	0	0	0	0	0	7.250131951
7.4	7.437281922	-0.757350013	0	0	0	0	0	0	6.180158781
7.41	7.442707132	-0.756307812	0	0	0	0	0	0	5.028544634
7.42	7.448117299	-0.7554440369	0	0	0	0	0	0	3.825858979
7.43	7.453413812	-0.7546589985	0	0	0	0	0	0	2.806766056
7.44	7.458589948	-0.7538894993	0	0	0	0	0	0	2.175060363
7.45	7.463693456	-0.7531100022	0	0	0	0	0	0	2.046701642
7.46	7.468975351	-0.7523805391	0	0	0	0	0	0	6.845152073
7.47	7.474573012	-0.7517114344	0	0	0	0	0	0	4.400385193
7.48	7.481168016	-0.7507158969	0	0	0	0	0	0	3.679220003
7.49	7.489331873	-0.7488191859	0	0	0	0	0	0	4.660641979
7.5	7.49934946	-0.7461777961	0	0	0	0	0	0	5.969304206
7.51	7.511594018	-0.7431661784	0	0	0	0	0	0	7.30664496
7.52	7.526251346	-0.740479399	0	0	0	0	0	0	6.554652362
7.53	7.542867284	-0.7387940084	0	0	0	0	0	0	5.105485454
7.54	7.560883935	-0.7377622683	0	0	0	0	0	0	3.398495923
7.55	7.579774314	-0.7365050189	0	0	0	0	0	0	1.815309167
7.56	7.599036202	-0.7344243465	0	0	0	0	0	0	0.5995398185
7.57	7.61824485	-0.731549166	0	0	0	0	0	0	-0.1328696905
7.58	7.637138538	-0.7283827586	0	0	0	0	0	0	-0.4051342425
7.59	7.655648526	-0.7255791692	0	0	0	0	0	0	-0.04723746656
7.6	7.673864591	-0.7235947568	0	0	0	0	0	0	0.6059158827
7.61	7.691976463	-0.7224683082	0	0	0	0	0	0	1.26966628
7.62	7.710208823	-0.7220715753	0	0	0	0	0	0	1.717198395
7.63	7.728718087	-0.7223887063	0	0	0	0	0	0	1.892722351
7.64	7.747551332	-0.7234982352	0	0	0	0	0	0	1.861036653
7.65	7.766663118	-0.7254168006	0	0	0	0	0	0	1.704011563
7.66	7.785942636	-0.7280186121	0	0	0	0	0	0	1.491014417
7.67	7.805238969	-0.7310803671	0	0	0	0	0	0	1.292208898
7.68	7.824394639	-0.7343883208	0	0	0	0	0	0	1.175486434
7.69	7.843288321	-0.7378243718	0	0	0	0	0	0	1.18357433
7.7	7.861875831	-0.7413924749	0	0	0	0	0	0	1.31796397
7.71	7.880206311	-0.7451821108	0	0	0	0	0	0	1.544389903
7.72	7.898410504	-0.7493068639	0	0	0	0	0	0	1.81123496
7.73	7.916672361	-0.7538559913	0	0	0	0	0	0	2.070552157
7.74	7.935202227	-0.758876903	0	0	0	0	0	0	2.291617431
7.75	7.954221643	-0.7643782614	0	0	0	0	0	0	2.470920452
7.76	7.973958095	-0.7703336776	0	0	0	0	0	0	2.629486153
7.77	7.99464275	-0.7766753278	0	0	0	0	0	0	2.803210458
7.78	8.016504787	-0.783281504	0	0	0	0	0	0	3.027833191
7.79	8.039756005	-0.7899654376	0	0	0	0	0	0	3.325431468
7.8	8.064561919	-0.7964715801	0	0	0	0	0	0	3.689495486
7.81	8.091000024	-0.8024853973	0	0	0	0	0	0	4.071457093
7.82	8.119012867	-0.8076651204	0	0	0	0	0	0	4.382314134
7.83	8.148376617	-0.8117005773	0	0	0	0	0	0	4.525495482
7.84	8.178706218	-0.8143834239	0	0	0	0	0	0	4.450875292
7.85	8.20949012	-0.8156524853	0	0	0	0	0	0	4.156913797
7.86	8.240128848	-0.8155991022	0	0	0	0	0	0	3.651153135
7.87	8.269969895	-0.8144521582	0	0	0	0	0	0	2.959867403
7.88	8.298355294	-0.8125570227	0	0	0	0	0	0	2.158670295
7.89	8.324680354	-0.8103385368	0	0	0	0	0	0	1.334029032
7.9	8.348435621	-0.8082483656	0	0	0	0	0	0	0.5609352642
7.91	8.369236647	-0.8067095299	0	0	0	0	0	0	-0.08136256832
7.92	8.386847005	-0.806065805	0	0	0	0	0	0	-0.5299366716
7.93	8.401192473	-0.8065444396	0	0	0	0	0	0	-0.7648256344
7.94	8.412360961	-0.8082428648	0	0	0	0	0	0	-0.8066033985
7.95	8.42059075	-0.8111416979	0	0	0	0	0	0	-0.7047614426
7.96	8.426244209	-0.8151391435	0	0	0	0	0	0	-0.5167020189
7.97	8.429764563	-0.8200848811	0	0	0	0	0	0	-0.1616869087
7.98	8.431640864	-0.8257760094	0	0	0	0	0	0	0.2707279118
7.99	8.432367942	-0.8320606849	0	0	0	0	0	0	0.2788427364
8	8.432286554	-0.8388870985	0	0	0	0	0	0	0.09996165592
8.01	8.431659659	-0.8462419696	0	0	0	0	0	0	0.02589650552
8.02	8.430810202	-0.8541357684	0	0	0	0	0	0	0.06139929191
8.03	8.430124585	-0.8626184989	0	0	0	0	0	0	0.1243265523
8.04	8.429982838	-0.871780585	0	0	0	0	0	0	0.1658347691
8.05	8.431464427	-0.88166923	0	0	0	0	0	0	-9.400923985
8.06	8.43457108	-0.8908404941	0	0	0	0	0	0	-2.895162062
8.07	8.438018812	-0.8992226821	0	0	0	0	0	0	3.00509766
8.08	8.441385888	-0.9071110152	0	0	0	0	0	0	5.512687108
8.09	8.444597582	-0.9143662667	0	0	0	0	0	0	7.19972012
8.1	8.446268515	-0.9204221519	0	0	0	0	0	0	-132.1513672
8.11	8.446894892	-0.9248944699	0	0	0	0	0	0	-145.600589
8.12	8.44795044	-0.9272226463	0	0	0	0	0	0	-144.1691038
8.13	8.44939263	-0.9272651044	0	0	0	0	0	0	-136.0593067
8.14	8.451058109	-0.9254155718	0	0	0	0	0	0	-125.5279182
8.15	8.45281539	-0.9222025043	0	0	0	0	0	0	-115.5068851
8.16	8.454614183	-0.9180900302	0	0	0	0	0	0	-108.6155941
8.17	8.456453408	-0.9134675353	0	0	0	0	0	0	-105.6838016
8.18	8.458366446	-0.9086564593	0	0	0	0	0	0	-105.5163914
8.19	8.460429122	-0.9037447641	0	0	0	0	0	0	-105.8963304
8.2	8.462682363	-0.8987801507	0	0	0	0	0	0	-105.7061349
8.21	8.465076576	-0.8938649041	0	0	0	0	0	0	-104.529186
8.22	8.467550935	-0.8890453799	0	0	0	0	0	0	-102.8338858
8.23	8.47008259	-0.8843160221	0	0	0	0	0	0	-101.2373343
8.24	8.47267982	-0.8796604327	0	0	0	0	0	0	-100.0742607
8.25	8.47536084	-0.8750705504	0	0	0	0	0	0	-99.44270617
8.26	8.47814517	-0.8705450785	0	0	0	0	0	0	-99.35828136
8.27	8.481055559	-0.8660826743	0	0	0	0	0	0	-99.80114087
8.28	8.484120552	-0.8616765124	0	0	0	0	0	0	-100.676177
8.29	8.487372242	-0.8573119816	0	0	0	0	0	0	-101.7728779
8.3	8.49083995	-0.8529685335	0	0	0	0	0	0	-102.7893691
8.31	8.494543061	-0.8486246309	0	0	0	0	0	0	-103.4117343
8.32	8.498486145	-0.8442629857	0	0	0	0	0	0	-103.3945736
8.33	8.502658634	-0.8398734643	0	0	0	0	0	0	-102.6071759
8.34	8.50703788	-0.8354536647	0	0	0	0	0	0	-101.0207863
8.35	8.511593432	-0.8310089771	0	0	0	0	0	0	-98.67414805
8.36	8.516289751	-0.8265533016	0	0	0	0	0	0	-95.65163461
8.37	8.521087246	-0.8221100197	0	0	0	0	0	0	-92.08537703
8.38	8.525942066	-0.8177127055	0	0	0	0	0	0	-88.17380796
8.39	8.53080825	-0.8134036529	0	0	0	0	0	0	-84.17689994
8.4	8.535642095	-0.8092304765	0	0	0	0	0	0	-80.3852963
8.41	8.540408911	-0.8052407864	0	0	0	0	0	0	-77.0612925
8.42	8.545090823	-0.8014756477	0	0	0	0	0	0	-74.36911731
8.43	8.549693507	-0.797963035	0	0	0	0	0	0	-72.31766
8.44	8.554248426	-0.7947134383	0	0	0	0	0	0	-70.73226991
8.45	8.558807679	-0.7917180784	0	0	0	0	0	0	-69.2597455
8.46	8.563431388	-0.7889502412	0	0	0	0	0	0	-67.42070934
8.47	8.568173662	-0.7863664147	0	0	0	0	0	0	-64.68946182
8.48	8.573069583	-0.7839090607	0	0	0	0	0	0	-60.59070524
8.49	8.578125219	-0.7815111817	0	0	0	0	0	0	-54.76559197
8.5	8.583311464	-0.7791032603	0	0	0	0	0	0	-47.03119154
8.51	8.588562229	-0.7766213837	0	0	0	0	0	0	-37.44461859
8.52	8.593777185	-0.7740163043	0	0	0	0	0	0	-26.34460927
8.53	8.598830524	-0.7712625196	0	0	0	0	0	0	-14.35391665
8.54	8.603587206	-0.7683663972	0	0	0	0	0	0	-2.3636098
8.55	8.607931712	-0.7653741302	0	0	0	0	0	0	8.345504183
8.56	8.611906156	-0.7624409193	0	0	0	0	0	0	10.72740253
8.57	8.616245914	-0.7600978239	0	0	0	0	0	0	8.37464327
8.58	8.621185999	-0.758401123	0	0	0	0	0	0	7.034762072
8.59	8.626489547	-0.7571284917	0	0	0	0	0	0	5.968216753
8.6	8.631923765	-0.7561297728	0	0	0	0	0	0	4.793243512
8.61	8.637316061	-0.7552881337	0	0	0	0	0	0	3.606740829
8.62	8.642587131	-0.7545097631	0	0	0	0	0	0	2.649587058
8.63	8.647744152	-0.7537393741	0	0	0	0	0	0	2.108595904
8.64	8.652844296	-0.752956984	0	0	0	0	0	0	2.147047219
8.65	8.658193719	-0.7522557481	0	0	0	0	0	0	6.96791725
8.66	8.663906347	-0.7515653733	0	0	0	0	0	0	3.899199237
8.67	8.670778	-0.7504240207	0	0	0	0	0	0	3.820630251
8.68	8.679281839	-0.7483514714	0	0	0	0	0	0	4.874468513
8.69	8.689690133	-0.7456159086	0	0	0	0	0	0	6.773865205
8.7	8.702416686	-0.7425877988	0	0	0	0	0	0	7.224022322
8.71	8.717497058	-0.7400723992	0	0	0	0	0	0	6.316513383
8.72	8.734427212	-0.7385702434	0	0	0	0	0	0	4.780397741
8.73	8.752653468	-0.7375646661	0	0	0	0	0	0	3.072217004
8.74	8.771653634	-0.7361760663	0	0	0	0	0	0	1.545172629
8.75	8.790933941	-0.7339201203	0	0	0	0	0	0	0.4181954886
8.76	8.810095473	-0.7309395039	0	0	0	0	0	0	-0.2186242488
8.77	8.82891352	-0.7277925354	0	0	0	0	0	0	-0.3932673736
8.78	8.847355456	-0.7251242938	0	0	0	0	0	0	0.06545940179
8.79	8.865533213	-0.7233134362	0	0	0	0	0	0	0.7424291528
8.8	8.883651055	-0.7223367395	0	0	0	0	0	0	1.377523044
8.81	8.90192744	-0.7220745064	0	0	0	0	0	0	1.771227707
8.82	8.920498308	-0.722538695	0	0	0	0	0	0	1.899850356
8.83	8.939390603	-0.7238076961	0	0	0	0	0	0	1.837859355
8.84	8.958544198	-0.7258726261	0	0	0	0	0	0	1.664686117
8.85	8.977838448	-0.7285820825	0	0	0	0	0	0	1.448807391
8.86	8.997118192	-0.7317059657	0	0	0	0	0	0	1.261081863
8.87	9.016229307	-0.7350437501	0	0	0	0	0	0	1.166495779
8.88	9.035062849	-0.7385012796	0	0	0	0	0	0	1.200353535
8.89	9.053592454	-0.7421033387	0	0	0	0	0	0	1.35601504
8.9	9.071884745	-0.7459489316	0	0	0	0	0	0	1.59443721
8.91	9.090083308	-0.7501498736	0	0	0	0	0	0	1.863712096
8.92	9.108378673	-0.7547874963	0	0	0	0	0	0	2.116760805
8.93	9.126984262	-0.7599013441	0	0	0	0	0	0	2.329282118
8.94	9.146122934	-0.7654933068	0	0	0	0	0	0	2.502303209
8.95	9.166023118	-0.7715298204	0	0	0	0	0	0	2.66062142
8.96	9.186916297	-0.7779336696	0	0	0	0	0	0	2.841840272
8.97	9.209029595	-0.7845711532	0	0	0	0	0	0	3.079055997
8.98	9.232568524	-0.7912423419	0	0	0	0	0	0	3.391158054
8.99	9.257685428	-0.7976792019	0	0	0	0	0	0	3.763856113
9	9.284435334	-0.8035586447	0	0	0	0	0	0	4.140154594
9.01	9.312730168	-0.8085396094	0	0	0	0	0	0	4.424896277
9.02	9.34231345	-0.8123264449	0	0	0	0	0	0	4.528371282
9.03	9.372772898	-0.8147370191	0	0	0	0	0	0	4.411083745
9.04	9.403577334	-0.8157400045	0	0	0	0	0	0	4.075702322
9.05	9.434114213	-0.8154544759	0	0	0	0	0	0	3.530649735
9.06	9.463725367	-0.8141336728	0	0	0	0	0	0	2.811670453
9.07	9.491759153	-0.8121417493	0	0	0	0	0	0	1.999804563
9.08	9.51762646	-0.8099129442	0	0	0	0	0	0	1.179028099
9.09	9.540839681	-0.80789762	0	0	0	0	0	0	0.4249801409
9.1	9.561040972	-0.8065072797	0	0	0	0	0	0	-0.1836644797
9.11	9.578024722	-0.8060655063	0	0	0	0	0	0	-0.591396989
9.12	9.591748123	-0.8067748394	0	0	0	0	0	0	-0.78649091
9.13	9.602329281	-0.808708486	0	0	0	0	0	0	-0.7963088668
9.14	9.610032738	-0.8118280853	0	0	0	0	0	0	-0.6738934831
9.15	9.615240222	-0.8160208722	0	0	0	0	0	0	-0.4695008106
9.16	9.618404447	-0.8211263789	0	0	0	0	0	0	-0.06450951829
9.17	9.620024503	-0.8269396503	0	0	0	0	0	0	0.3070986814
9.18	9.620574102	-0.8333305339	0	0	0	0	0	0	0.2455952749
9.19	9.62036627	-0.8402590246	0	0	0	0	0	0	0.07442728786
9.2	9.619668046	-0.847715644	0	0	0	0	0	0	0.02682524055
9.21	9.618818223	-0.8557173625	0	0	0	0	0	0	0.07356118423
9.22	9.61820818	-0.8643225625	0	0	0	0	0	0	0.134783934
9.23	9.618208111	-0.8736279349	0	0	0	0	0	0	0.1697481186
9.24	9.620173912	-0.883525278	0	0	0	0	0	0	-9.447241896
9.25	9.623386472	-0.8924956408	0	0	0	0	0	0	-1.462979637
9.26	9.626841183	-0.9007757258	0	0	0	0	0	0	3.689571718
9.27	9.630174878	-0.9085631106	0	0	0	0	0	0	5.817173405
9.28	9.633366478	-0.9156606891	0	0	0	0	0	0	5.508824145
9.29	9.634522591	-0.9214147962	0	0	0	0	0	0	-137.8407289
9.3	9.635225784	-0.9255231718	0	0	0	0	0	0	-146.1074541
9.31	9.636363972	-0.9274008351	0	0	0	0	0	0	-142.9569982
9.32	9.63786292	-0.9270403392	0	0	0	0	0	0	-134.134289
9.33	9.639553381	-0.924888675	0	0	0	0	0	0	-123.4641076
9.34	9.641320582	-0.9214696084	0	0	0	0	0	0	-113.8824469
9.35	9.643126087	-0.9172308055	0	0	0	0	0	0	-107.7503407
9.36	9.644975819	-0.9125503715	0	0	0	0	0	0	-105.5149676
9.37	9.646910433	-0.9077217575	0	0	0	0	0	0	-105.5790435
9.38	9.649009988	-0.9027922222	0	0	0	0	0	0	-105.9300154
9.39	9.651295608	-0.8978303044	0	0	0	0	0	0	-105.5482623
9.4	9.653708947	-0.8929321664	0	0	0	0	0	0	-104.2206345
9.41	9.656194721	-0.8881314177	0	0	0	0	0	0	-102.5032675
9.42	9.658737675	-0.8834175419	0	0	0	0	0	0	-100.9739598
9.43	9.661349393	-0.8787751254	0	0	0	0	0	0	-99.91008152
9.44	9.664048546	-0.8741978583	0	0	0	0	0	0	-99.38368678
9.45	9.666855023	-0.8696849415	0	0	0	0	0	0	-99.40385855
9.46	9.669792567	-0.8652343246	0	0	0	0	0	0	-99.94093637
9.47	9.672890737	-0.8608377409	0	0	0	0	0	0	-100.8788735
9.48	9.676181639	-0.8564791827	0	0	0	0	0	0	-101.9861356
9.49	9.679693239	-0.852137455	0	0	0	0	0	0	-102.9508876
9.5	9.683442333	-0.8477914878	0	0	0	0	0	0	-103.4661118
9.51	9.687430503	-0.8434252202	0	0	0	0	0	0	-103.3081911
9.52	9.691644513	-0.8390299891	0	0	0	0	0	0	-102.3676962
9.53	9.696059948	-0.8346048819	0	0	0	0	0	0	-100.6312984
9.54	9.700645221	-0.8301568348	0	0	0	0	0	0	-98.1475379
9.55	9.705364004	-0.8257014904	0	0	0	0	0	0	-95.00879384
9.56	9.710175851	-0.8212641916	0	0	0	0	0	0	-91.359038
9.57	9.715036318	-0.8168803295	0	0	0	0	0	0	-87.40926924
9.58	9.719899449	-0.8125935382	0	0	0	0	0	0	-83.42882929
9.59	9.724722675	-0.8084519028	0	0	0	0	0	0	-79.70818534
9.6	9.729473911	-0.8045023183	0	0	0	0	0	0	-76.49620876
9.61	9.734139359	-0.8007838331	0	0	0	0	0	0	-73.93112335
9.62	9.738729708	-0.7973212796	0	0	0	0	0	0	-71.98754532
9.63	9.743280978	-0.7941214482	0	0	0	0	0	0	-70.45510392
9.64	9.747847724	-0.791172243	0	0	0	0	0	0	-68.95288067
9.65	9.752490114	-0.7884435122	0	0	0	0	0	0	-66.98333856
9.66	9.757259727	-0.7858887165	0	0	0	0	0	0	-64.02468819
9.67	9.762186743	-0.7834480916	0	0	0	0	0	0	-59.61947308
9.68	9.767270822	-0.7810536257	0	0	0	0	0	0	-53.43610651
9.69	9.77247578	-0.7786362022	0	0	0	0	0	0	-45.33365612
9.7	9.777728442	-0.7761340028	0	0	0	0	0	0	-35.42254503
9.71	9.782922762	-0.7735016163	0	0	0	0	0	0	-24.09612205
9.72	9.78792964	-0.7707190852	0	0	0	0	0	0	-12.02898917
9.73	9.792615002	-0.7677996742	0	0	0	0	0	0	-0.1650886248
9.74	9.796873039	-0.7647991148	0	0	0	0	0	0	10.02694835
9.75	9.800847223	-0.7619346208	0	0	0	0	0	0	10.20314945
9.76	9.805312207	-0.7597312675	0	0	0	0	0	0	8.059425976
9.77	9.810341317	-0.7581307956	0	0	0	0	0	0	6.830619221
9.78	9.815686272	-0.7569203877	0	0	0	0	0	0	5.753699986
9.79	9.821123103	-0.755960221	0	0	0	0	0	0	4.560376973
9.8	9.826495069	-0.7551368642	0	0	0	0	0	0	3.399130189
9.81	9.831741584	-0.7543629992	0	0	0	0	0	0	2.510197731
9.82	9.836881965	-0.7535910382	0	0	0	0	0	0	2.061384053
9.83	9.841993755	-0.7528075965	0	0	0	0	0	0	2.286158464
9.84	9.847402262	-0.7521324551	0	0	0	0	0	0	6.573346653
9.85	9.853269637	-0.7514075155	0	0	0	0	0	0	3.670739003
9.86	9.86042779	-0.7500995274	0	0	0	0	0	0	3.994993964
9.87	9.869276308	-0.7478663474	0	0	0	0	0	0	5.078259847
9.88	9.880087602	-0.7450476291	0	0	0	0	0	0	7.195499706
9.89	9.893288774	-0.7420380757	0	0	0	0	0	0	7.11400788
9.9	9.908765998	-0.7397111711	0	0	0	0	0	0	6.057787514
9.91	9.925985149	-0.7383676932	0	0	0	0	0	0	4.454361855
9.92	9.944398661	-0.7373526666	0	0	0	0	0	0	2.758036745
9.93	9.963488672	-0.7358160738	0	0	0	0	0	0	1.294304014
9.94	9.982772259	-0.7333933213	0	0	0	0	0	0	0.2581954125
9.95	10.00187923	-0.7303304938	0	0	0	0	0	0	-0.2863498216
9.96	10.02062197	-0.7272278567	0	0	0	0	0	0	-0.3344430302
9.97	10.03900139	-0.7247079519	0	0	0	0	0	0	0.1849572029
9.98	10.05714961	-0.7230664778	0	0	0	0	0	0	0.8752599495
9.99	10.07528213	-0.7222325735	0	0	0	0	0	0	1.474391174
10	10.09360742	-0.7221038834	0	0	0	0	0	0	1.814495165
