0	0.1939932624	-0.7424818419	0	-0.6845775371	-0.7289400494	0	0.7289400494	-0.6845775371	0	0	0	1
0.01	0.2103813136	-0.7438036372	0	-0.6836647259	-0.7297962336	0	0.7297962336	-0.6836647259	0	0	0	1
0.02	0.2232170686	-0.7471142477	0	-0.6695068176	-0.7428059109	0	0.7428059109	-0.6695068176	0	0	0	1
0.03	0.2333676352	-0.7520203595	0	-0.6456621887	-0.763623165	0	0.763623165	-0.6456621887	0	0	0	1
0.04	0.2417329951	-0.757929009	0	-0.6129382534	-0.7901308104	0	0.7901308104	-0.6129382534	0	0	0	1
0.05	0.2498726633	-0.7642553033	0	-0.5743328268	-0.8186218932	0	0.8186218932	-0.5743328268	0	0	0	1
0.06	0.2594254891	-0.7707683861	0	-0.5341778705	-0.845372109	0	0.845372109	-0.5341778705	0	0	0	1
0.07	0.2714774505	-0.7775745915	0	-0.495839899	-0.8684139534	0	0.8684139534	-0.495839899	0	0	0	1
0.08	0.2863800343	-0.78493263	0	-0.4610884263	-0.8873541926	0	0.8873541926	-0.4610884263	0	0	0	1
0.09	0.3038218979	-0.7931126041	0	-0.4302797552	-0.9026955922	0	0.9026955922	-0.4302797552	0	0	0	1
0.1	0.3230018481	-0.8023283749	0	-0.402646676	-0.9153554797	0	0.9153554797	-0.402646676	0	0	0	1
0.11	0.3428596629	-0.8127268886	0	-0.3767222855	-0.926326249	0	0.926326249	-0.3767222855	0	0	0	1
0.12	0.3623083387	-0.8244031061	0	-0.3508620328	-0.9364271643	0	0.9364271643	-0.3508620328	0	0	0	1
0.13	0.3804087724	-0.8374090702	0	-0.3236742634	-0.9461685744	0	0.9461685744	-0.3236742634	0	0	0	1
0.14	0.3964594743	-0.8517506579	0	-0.2942293578	-0.9557348403	0	0.9557348403	-0.2942293578	0	0	0	1
0.15	0.4100075616	-0.8673845892	0	-0.262042643	-0.9650562954	0	0.9650562954	-0.262042643	0	0	0	1
0.16	0.419049896	-0.8838055051	0	-0.2179390095	-0.9759623907	0	0.9759623907	-0.2179390095	0	0	0	1
0.17	0.4235898972	-0.8987446707	0	-0.1598914671	-0.9871346001	0	0.9871346001	-0.1598914671	0	0	0	1
0.18	0.425838033	-0.9123232199	0	-0.1313834388	-0.9913316256	0	0.9913316256	-0.1313834388	0	0	0	1
0.19	0.4258626306	-0.9232675757	0	-0.1319880037	-0.9912513137	0	0.9912513137	-0.1319880037	0	0	0	1
0.2	0.4265694587	-0.929817632	0	-0.1221761848	-0.9925084281	0	0.9925084281	-0.1221761848	0	0	0	1
0.21	0.4280445926	-0.9315849809	0	-0.1011000808	-0.9948762605	0	0.9948762605	-0.1011000808	0	0	0	1
0.22	0.4301677656	-0.9294609873	0	-0.07064788223	-0.9975013167	0	0.9975013167	-0.07064788223	0	0	0	1
0.23	0.432714422	-0.9248126444	0	-0.03475468866	-0.9993958733	0	0.9993958733	-0.03475468866	0	0	0	1
0.24	0.4355579872	-0.918738171	0	0.003027450675	-0.9999954173	0	0.9999954173	0.003027450675	0	0	0	1
0.25	0.4387816895	-0.9118140536	0	0.04194159855	-0.999120064	0	0.999120064	0.04194159855	0	0	0	1
0.26	0.442634154	-0.903964392	0	0.08429681657	-0.996440689	0	0.996440689	0.08429681657	0	0	0	1
0.27	0.4472960772	-0.8951083639	0	0.1308344649	-0.9914042278	0	0.9914042278	0.1308344649	0	0	0	1
0.28	0.452790651	-0.8853606934	0	0.1805802147	-0.9835602605	0	0.9835602605	0.1805802147	0	0	0	1
0.29	0.4590132171	-0.8749436851	0	0.2317798932	-0.9727682566	0	0.9727682566	0.2317798932	0	0	0	1
0.3	0.465781373	-0.864115461	0	0.2826119543	-0.9592343214	0	0.9592343214	0.2826119543	0	0	0	1
0.31	0.4728733345	-0.8531463683	0	0.3315057819	-0.9434531873	0	0.9434531873	0.3315057819	0	0	0	1
0.32	0.4800492234	-0.8423187489	0	0.3771957525	-0.9261335564	0	0.9261335564	0.3771957525	0	0	0	1
0.33	0.4870741063	-0.8319126743	0	0.4187417469	-0.9081053625	0	0.9081053625	0.4187417469	0	0	0	1
0.34	0.4937589478	-0.8221760792	0	0.455595429	-0.8901869495	0	0.8901869495	0.455595429	0	0	0	1
0.35	0.5000402361	-0.8133068547	0	0.4875318683	-0.8731051926	0	0.8731051926	0.4875318683	0	0	0	1
0.36	0.5063027169	-0.8054981101	0	0.5133827367	-0.8581597553	0	0.8581597553	0.5133827367	0	0	0	1
0.37	0.5125539036	-0.7987289169	0	0.5347601987	-0.8450038639	0	0.8450038639	0.5347601987	0	0	0	1
0.38	0.5184899783	-0.7928932423	0	0.5548358574	-0.8319598375	0	0.8319598375	0.5548358574	0	0	0	1
0.39	0.523971668	-0.7879373016	0	0.5748846011	-0.8182344991	0	0.8182344991	0.5748846011	0	0	0	1
0.4	0.5288902434	-0.7837990648	0	0.5951349107	-0.8036258072	0	0.8036258072	0.5951349107	0	0	0	1
0.41	0.5333946085	-0.7804221896	0	0.6144032623	-0.7889921618	0	0.7889921618	0.6144032623	0	0	0	1
0.42	0.5378304602	-0.7777486224	0	0.6327509238	-0.774355389	0	0.774355389	0.6327509238	0	0	0	1
0.43	0.5422973441	-0.775660394	0	0.6505885685	-0.7594303882	0	0.7594303882	0.6505885685	0	0	0	1
0.44	0.5468095815	-0.7740309936	0	0.6679833043	-0.7441762594	0	0.7441762594	0.6679833043	0	0	0	1
0.45	0.5513140542	-0.7727283109	0	0.6847554624	-0.7287729116	0	0.7287729116	0.6847554624	0	0	0	1
0.46	0.5557276667	-0.7716219341	0	0.7006405943	-0.7135143709	0	0.7135143709	0.7006405943	0	0	0	1
0.47	0.5599627479	-0.7705909659	0	0.7153869055	-0.6987285421	0	0.6987285421	0.7153869055	0	0	0	1
0.48	0.5639361514	-0.7695303216	0	0.7287824293	-0.6847453328	0	0.6847453328	0.7287824293	0	0	0	1
0.49	0.5675721631	-0.7683561612	0	0.7406548795	-0.671885667	0	0.671885667	0.7406548795	0	0	0	1
0.5	0.5708068918	-0.7670107241	0	0.7508715629	-0.6604482538	0	0.6604482538	0.7508715629	0	0	0	1
0.51	0.573599184	-0.7654665862	0	0.7593445249	-0.6506887831	0	0.6506887831	0.7593445249	0	0	0	1
0.52	0.5759548679	-0.7637338158	0	0.7660006839	-0.6428397563	0	0.6428397563	0.7660006839	0	0	0	1
0.53	0.5780762492	-0.7619400385	0	0.7701997094	-0.6378027968	0	0.6378027968	0.7701997094	0	0	0	1
0.54	0.5804885091	-0.7603389933	0	0.7713419266	-0.6364209553	0	0.6364209553	0.7713419266	0	0	0	1
0.55	0.5830445446	-0.758633336	0	0.7716151471	-0.6360896673	0	0.6360896673	0.7716151471	0	0	0	1
0.56	0.5855099291	-0.7565813874	0	0.7723579506	-0.6351875283	0	0.6351875283	0.7723579506	0	0	0	1
0.57	0.5878095624	-0.7541388787	0	0.7741551238	-0.6329959275	0	0.6329959275	0.7741551238	0	0	0	1
0.58	0.5900324216	-0.7513779834	0	0.7774189904	-0.6289830788	0	0.6289830788	0.7774189904	0	0	0	1
0.59	0.5924422848	-0.7485182814	0	0.7823041242	-0.6228966666	0	0.6228966666	0.7823041242	0	0	0	1
0.6	0.5954570872	-0.7459784095	0	0.7885391402	-0.6149845724	0	0.6149845724	0.7885391402	0	0	0	1
0.61	0.5998819133	-0.7440253637	0	0.7943416435	-0.6074712779	0	0.6074712779	0.7943416435	0	0	0	1
0.62	0.6062920335	-0.7425620762	0	0.7981798397	-0.6024192424	0	0.6024192424	0.7981798397	0	0	0	1
0.63	0.6152863538	-0.7413510965	0	0.8009130568	-0.5987806572	0	0.5987806572	0.8009130568	0	0	0	1
0.64	0.6276714848	-0.740520927	0	0.8009572898	-0.5987214878	0	0.5987214878	0.8009572898	0	0	0	1
0.65	0.6438312434	-0.7403864973	0	0.7949569211	-0.606665883	0	0.606665883	0.7949569211	0	0	0	1
0.66	0.6633752483	-0.7413523767	0	0.7815564392	-0.6238345393	0	0.6238345393	0.7815564392	0	0	0	1
0.67	0.6856103144	-0.7432462333	0	0.7607259914	-0.6490731592	0	0.6490731592	0.7607259914	0	0	0	1
0.68	0.7097756789	-0.7453195994	0	0.7340006173	-0.6791488009	0	0.6791488009	0.7340006173	0	0	0	1
0.69	0.7351406635	-0.746862752	0	0.7035269869	-0.7106685435	0	0.7106685435	0.7035269869	0	0	0	1
0.7	0.7611096319	-0.7477463128	0	0.670723038	-0.7417078983	0	0.7417078983	0.670723038	0	0	0	1
0.71	0.7873633825	-0.7484675426	0	0.6355537763	-0.7720566025	0	0.7720566025	0.6355537763	0	0	0	1
0.72	0.8139522128	-0.7497401308	0	0.596401811	-0.8026860407	0	0.8026860407	0.596401811	0	0	0	1
0.73	0.8411699655	-0.7519513494	0	0.551347888	-0.8342754379	0	0.8342754379	0.551347888	0	0	0	1
0.74	0.8693686635	-0.7550667859	0	0.4993787287	-0.866383798	0	0.866383798	0.4993787287	0	0	0	1
0.75	0.8988260965	-0.7588723386	0	0.440154422	-0.8979220928	0	0.8979220928	0.440154422	0	0	0	1
0.76	0.9296800494	-0.7631622585	0	0.3737817134	-0.927516701	0	0.927516701	0.3737817134	0	0	0	1
0.77	0.9619164634	-0.7677423884	0	0.3009385001	-0.9536435493	0	0.9536435493	0.3009385001	0	0	0	1
0.78	0.9953836927	-0.7723715188	0	0.2230663678	-0.9748032599	0	0.9748032599	0.2230663678	0	0	0	1
0.79	1.029834012	-0.776773702	0	0.1422499799	-0.9898307649	0	0.9898307649	0.1422499799	0	0	0	1
0.8	1.064993207	-0.7807157738	0	0.06076592312	-0.9981520438	0	0.9981520438	0.06076592312	0	0	0	1
0.81	1.100640947	-0.7840638862	0	-0.01944033295	-0.9998110189	0	0.9998110189	-0.01944033295	0	0	0	1
0.82	1.136652863	-0.7867669438	0	-0.09701862021	-0.9952825666	0	0.9952825666	-0.09701862021	0	0	0	1
0.83	1.172988569	-0.7887955203	0	-0.1712038906	-0.9852356205	0	0.9852356205	-0.1712038906	0	0	0	1
0.84	1.209637945	-0.790092786	0	-0.2416536605	-0.9703625654	0	0.9703625654	-0.2416536605	0	0	0	1
0.85	1.246553928	-0.7905617427	0	-0.3082731889	-0.9512978719	0	0.9512978719	-0.3082731889	0	0	0	1
0.86	1.283590719	-0.7900834824	0	-0.3710590493	-0.928609273	0	0.928609273	-0.3710590493	0	0	0	1
0.87	1.320459196	-0.7885546744	0	-0.4299688655	-0.9028437156	0	0.9028437156	-0.4299688655	0	0	0	1
0.88	1.356709206	-0.7859369316	0	-0.4848348167	-0.87460574	0	0.87460574	-0.4848348167	0	0	0	1
0.89	1.391747446	-0.7823073796	0	-0.535338585	-0.844637555	0	0.844637555	-0.535338585	0	0	0	1
0.9	1.424885603	-0.777893843	0	-0.581040116	-0.8138749189	0	0.8138749189	-0.581040116	0	0	0	1
0.91	1.45540819	-0.7730805161	0	-0.6214388085	-0.7834627032	0	0.7834627032	-0.6214388085	0	0	0	1
0.92	1.48263971	-0.7683786729	0	-0.6560376671	-0.7547281493	0	0.7547281493	-0.6560376671	0	0	0	1
0.93	1.506004602	-0.7643657772	0	-0.684401141	-0.7291056702	0	0.7291056702	-0.684401141	0	0	0	1
0.94	1.525069258	-0.7616043456	0	-0.7061931537	-0.7080192297	0	0.7080192297	-0.7061931537	0	0	0	1
0.95	1.53956294	-0.7605578543	0	-0.7211859416	-0.6927415374	0	0.6927415374	-0.7211859416	0	0	0	1
0.96	1.549386667	-0.761520411	0	-0.7292525272	-0.6842446577	0	0.6842446577	-0.7292525272	0	0	0	1
0.97	1.554612166	-0.7645763234	0	-0.7303450088	-0.6830784495	0	0.6830784495	-0.7303450088	0	0	0	1
0.98	1.555479267	-0.7695979792	0	-0.7244777547	-0.6892981815	0	0.6892981815	-0.7244777547	0	0	0	1
0.99	1.552389849	-0.7762829913	0	-0.7117249507	-0.7024582511	0	0.7024582511	-0.7117249507	0	0	0	1
1	1.545896478	-0.7842215478	0	-0.6922346079	-0.7216725349	0	0.7216725349	-0.6922346079	0	0	0	1
1.01	1.536677989	-0.7929779687	0	-0.6662531215	-0.7457256722	0	0.7457256722	-0.6662531215	0	0	0	1
1.02	1.525506176	-0.8021601499	0	-0.6341536937	-0.773207018	0	0.773207018	-0.6341536937	0	0	0	1
1.03	1.513198835	-0.8114668028	0	-0.5964965274	-0.8026156569	0	0.8026156569	-0.5964965274	0	0	0	1
1.04	1.500567123	-0.8207521543	0	-0.554034898	-0.8324934425	0	0.8324934425	-0.554034898	0	0	0	1
1.05	1.48835424	-0.8300219339	0	-0.5075235196	-0.8616379037	0	0.8616379037	-0.5075235196	0	0	0	1
1.06	1.477232259	-0.839386347	0	-0.457757582	-0.8890770473	0	0.8890770473	-0.457757582	0	0	0	1
1.07	1.467844028	-0.8490307097	0	-0.4059250413	-0.9139063742	0	0.9139063742	-0.4059250413	0	0	0	1
1.08	1.460774973	-0.859216378	0	-0.3537907624	-0.9353245942	0	0.9353245942	-0.3537907624	0	0	0	1
1.09	1.45643425	-0.8702524159	0	-0.3033617316	-0.9528754692	0	0.9528754692	-0.3033617316	0	0	0	1
1.1	1.456194122	-0.8823896798	0	-0.2612720147	-0.9652652145	0	0.9652652145	-0.2612720147	0	0	0	1
1.11	1.459877275	-0.8934831929	0	-0.2143253521	-0.976762327	0	0.976762327	-0.2143253521	0	0	0	1
1.12	1.463824728	-0.9037411092	0	-0.163729662	-0.9865052447	0	0.9865052447	-0.163729662	0	0	0	1
1.13	1.465665428	-0.9133071472	0	-0.1399326072	-0.9901610301	0	0.9901610301	-0.1399326072	0	0	0	1
1.14	1.465835615	-0.9213586563	0	-0.1377531795	-0.9904665878	0	0.9904665878	-0.1377531795	0	0	0	1
1.15	1.466437454	-0.926821761	0	-0.1289113023	-0.991656128	0	0.991656128	-0.1289113023	0	0	0	1
1.16	1.467452186	-0.9291852347	0	-0.1138833563	-0.9934941274	0	0.9934941274	-0.1138833563	0	0	0	1
1.17	1.468788126	-0.9286600334	0	-0.09405049485	-0.9955674284	0	0.9955674284	-0.09405049485	0	0	0	1
1.18	1.470360012	-0.9257813494	0	-0.07062490918	-0.9975029435	0	0.9975029435	-0.07062490918	0	0	0	1
1.19	1.472122184	-0.9212224939	0	-0.04439584461	-0.9990140184	0	0.9990140184	-0.04439584461	0	0	0	1
1.2	1.474069104	-0.9156795221	0	-0.01598923912	-0.9998721639	0	0.9998721639	-0.01598923912	0	0	0	1
1.21	1.476276286	-0.9097062103	0	0.01427304187	-0.9998981349	0	0.9998981349	0.01427304187	0	0	0	1
1.22	1.4789068	-0.9034375231	0	0.04716879971	-0.9988869327	0	0.9988869327	0.04716879971	0	0	0	1
1.23	1.482023552	-0.8968892209	0	0.08266293196	-0.9965775633	0	0.9965775633	0.08266293196	0	0	0	1
1.24	1.485625305	-0.8900760424	0	0.120176995	-0.9927524817	0	0.9927524817	0.120176995	0	0	0	1
1.25	1.489695535	-0.883011344	0	0.1591355096	-0.9872567496	0	0.9872567496	0.1591355096	0	0	0	1
1.26	1.494217389	-0.8757142124	0	0.1990786327	-0.9799835192	0	0.9799835192	0.1990786327	0	0	0	1
1.27	1.499174346	-0.8682141436	0	0.2396348284	-0.9708630949	0	0.9708630949	0.2396348284	0	0	0	1
1.28	1.504547222	-0.8605528391	0	0.2804764875	-0.9598608962	0	0.9598608962	0.2804764875	0	0	0	1
1.29	1.510310388	-0.852782484	0	0.3212851584	-0.9469824956	0	0.9469824956	0.3212851584	0	0	0	1
1.3	1.516426978	-0.8449640714	0	0.3617223636	-0.9322858637	0	0.9322858637	0.3617223636	0	0	0	1
1.31	1.522842951	-0.8371688452	0	0.4014045314	-0.9159008692	0	0.9159008692	0.4014045314	0	0	0	1
1.32	1.529480868	-0.8294827486	0	0.43988572	-0.8980537586	0	0.8980537586	0.43988572	0	0	0	1
1.33	1.536236635	-0.8220094092	0	0.4766637231	-0.8790857155	0	0.8790857155	0.4766637231	0	0	0	1
1.34	1.542984616	-0.8148661309	0	0.5112273811	-0.8594454984	0	0.8594454984	0.5112273811	0	0	0	1
1.35	1.549592988	-0.8081724144	0	0.5431385399	-0.8396430947	0	0.8396430947	0.5431385399	0	0	0	1
1.36	1.555945863	-0.8020342221	0	0.5721215098	-0.8201688716	0	0.8201688716	0.5721215098	0	0	0	1
1.37	1.561963581	-0.7965289862	0	0.5981247814	-0.8014029859	0	0.8014029859	0.5981247814	0	0	0	1
1.38	1.567614028	-0.7916947479	0	0.6213335219	-0.7835462045	0	0.7835462045	0.6213335219	0	0	0	1
1.39	1.572911875	-0.7875264002	0	0.6421239321	-0.7666008452	0	0.7666008452	0.6421239321	0	0	0	1
1.4	1.577909134	-0.7839795629	0	0.6609725144	-0.7504101114	0	0.7504101114	0.6609725144	0	0	0	1
1.41	1.582678979	-0.7809804654	0	0.6783506049	-0.7347383594	0	0.7347383594	0.6783506049	0	0	0	1
1.42	1.587295164	-0.7784370108	0	0.6946427049	-0.7193549281	0	0.7193549281	0.6946427049	0	0	0	1
1.43	1.591810103	-0.7762493746	0	0.7100915402	-0.7041093697	0	0.7041093697	0.7100915402	0	0	0	1
1.44	1.596237633	-0.7743199033	0	0.7247707265	-0.6889901262	0	0.6889901262	0.7247707265	0	0	0	1
1.45	1.600545379	-0.7725609796	0	0.7385898573	-0.6741550435	0	0.6741550435	0.7385898573	0	0	0	1
1.46	1.604657172	-0.7709011199	0	0.7513270587	-0.6599300348	0	0.6599300348	0.7513270587	0	0	0	1
1.47	1.608464719	-0.769288713	0	0.7626806432	-0.6467752597	0	0.6467752597	0.7626806432	0	0	0	1
1.48	1.611846368	-0.7676936032	0	0.7723264889	-0.6352257823	0	0.6352257823	0.7723264889	0	0	0	1
1.49	1.614692294	-0.7661069753	0	0.7799674086	-0.6258201352	0	0.6258201352	0.7799674086	0	0	0	1
1.5	1.616949302	-0.7645483456	0	0.7852800725	-0.619140701	0	0.619140701	0.7852800725	0	0	0	1
1.51	1.620312886	-0.7648625691	0	0.7943931728	-0.6074038912	0	0.6074038912	0.7943931728	0	0	0	1
1.52	1.620988249	-0.7647293718	0	0.7957627135	-0.6056085401	0	0.6056085401	0.7957627135	0	0	0	1
1.53	1.620787545	-0.764544195	0	0.7948241905	-0.6068397698	0	0.6068397698	0.7948241905	0	0	0	1
1.54	1.619912575	-0.7642276619	0	0.7921347249	-0.6103462768	0	0.6103462768	0.7921347249	0	0	0	1
1.55	1.618550665	-0.763710067	0	0.7883524119	-0.6152239224	0	0.6152239224	0.7883524119	0	0	0	1
1.56	1.616985492	-0.7629521144	0	0.784742176	-0.6198223271	0	0.6198223271	0.784742176	0	0	0	1
1.57	1.615060105	-0.761598043	0	0.784599881	-0.620002441	0	0.620002441	0.784599881	0	0	0	1
1.58	1.611838552	-0.7589179308	0	0.789749071	-0.6134300325	0	0.6134300325	0.789749071	0	0	0	1
1.59	1.607137995	-0.7547659205	0	0.7975387325	-0.6032677434	0	0.6032677434	0.7975387325	0	0	0	1
1.6	1.601433367	-0.7493493186	0	0.8073225166	-0.5901104593	0	0.5901104593	0.8073225166	0	0	0	1
1.61	1.595381637	-0.7429997698	0	0.818643382	-0.5743021966	0	0.5743021966	0.818643382	0	0	0	1
1.62	1.590140714	-0.7367802168	0	0.8304475994	-0.5570967462	0	0.5570967462	0.8304475994	0	0	0	1
1.63	1.586063727	-0.7311639951	0	0.8383349884	-0.5451554341	0	0.5451554341	0.8383349884	0	0	0	1
1.64	1.583944261	-0.7238276611	0	0.8463701227	-0.5325951702	0	0.5325951702	0.8463701227	0	0	0	1
1.65	1.585310267	-0.7140864161	0	0.8558338226	-0.5172508753	0	0.5172508753	0.8558338226	0	0	0	1
1.66	1.591019839	-0.7038779341	0	0.8628768339	-0.5054142554	0	0.5054142554	0.8628768339	0	0	0	1
1.67	1.600794076	-0.6958713249	0	0.8634924778	-0.5043617162	0	0.5043617162	0.8634924778	0	0	0	1
1.68	1.61425455	-0.6913144135	0	0.8560995086	-0.516811021	0	0.516811021	0.8560995086	0	0	0	1
1.69	1.631119737	-0.6903437768	0	0.8405972412	-0.541660667	0	0.541660667	0.8405972412	0	0	0	1
1.7	1.651009093	-0.692634184	0	0.8174405361	-0.5760129945	0	0.5760129945	0.8174405361	0	0	0	1
1.71	1.673346076	-0.6974792139	0	0.788118264	-0.6155238435	0	0.6155238435	0.788118264	0	0	0	1
1.72	1.697425327	-0.7036307922	0	0.7557847464	-0.654820141	0	0.654820141	0.7557847464	0	0	0	1
1.73	1.722568467	-0.7094878109	0	0.7241113117	-0.6896831217	0	0.6896831217	0.7241113117	0	0	0	1
1.74	1.74826006	-0.7137794149	0	0.6960004755	-0.7180413206	0	0.7180413206	0.6960004755	0	0	0	1
1.75	1.774268552	-0.7162216044	0	0.6722308445	-0.7403416048	0	0.7403416048	0.6722308445	0	0	0	1
1.76	1.800659046	-0.717485631	0	0.6509771943	-0.7590972879	0	0.7590972879	0.6509771943	0	0	0	1
1.77	1.827689038	-0.7186273413	0	0.6289722433	-0.7774277569	0	0.7774277569	0.6289722433	0	0	0	1
1.78	1.855642023	-0.7205132071	0	0.6030841771	-0.797677551	0	0.797677551	0.6030841771	0	0	0	1
1.79	1.884662355	-0.7235381009	0	0.5712751458	-0.8207586173	0	0.8207586173	0.5712751458	0	0	0	1
1.8	1.914644512	-0.7276427298	0	0.5327970429	-0.8462430567	0	0.8462430567	0.5327970429	0	0	0	1
1.81	1.945207249	-0.7324931111	0	0.487959058	-0.8728665177	0	0.8728665177	0.487959058	0	0	0	1
1.82	1.975755871	-0.7376885151	0	0.4377459208	-0.8990987203	0	0.8990987203	0.4377459208	0	0	0	1
1.83	2.005609777	-0.7429212267	0	0.3834008189	-0.9235820549	0	0.9235820549	0.3834008189	0	0	0	1
1.84	2.034153515	-0.7480606001	0	0.3260324148	-0.9453585904	0	0.9453585904	0.3260324148	0	0	0	1
1.85	2.060970667	-0.7531660334	0	0.2663195997	-0.9638847809	0	0.9638847809	0.2663195997	0	0	0	1
1.86	2.085934578	-0.7584468933	0	0.2043958434	-0.978888318	0	0.978888318	0.2043958434	0	0	0	1
1.87	2.109241998	-0.7641885938	0	0.1399610561	-0.9901570091	0	0.9901570091	0.1399610561	0	0	0	1
1.88	2.131392646	-0.7706627729	0	0.07257371087	-0.9973630515	0	0.9973630515	0.07257371087	0	0	0	1
1.89	2.15312938	-0.7780321757	0	0.001994708793	-0.9999980106	0	0.9999980106	0.001994708793	0	0	0	1
1.9	2.175342153	-0.7862452157	0	-0.0715348868	-0.9974380983	0	0.9974380983	-0.0715348868	0	0	0	1
1.91	2.19891404	-0.7949145706	0	-0.1471251924	-0.9891178786	0	0.9891178786	-0.1471251924	0	0	0	1
1.92	2.224453017	-0.8032110499	0	-0.2230813062	-0.9747998414	0	0.9747998414	-0.2230813062	0	0	0	1
1.93	2.251907424	-0.8099510601	0	-0.2967451401	-0.954956712	0	0.954956712	-0.2967451401	0	0	0	1
1.94	2.280338391	-0.8141112722	0	-0.3646831893	-0.9311316617	0	0.9311316617	-0.3646831893	0	0	0	1
1.95	2.308328963	-0.8155369865	0	-0.4240411046	-0.9056429438	0	0.9056429438	-0.4240411046	0	0	0	1
1.96	2.334733317	-0.8149531198	0	-0.4742006686	-0.880416791	0	0.880416791	-0.4742006686	0	0	0	1
1.97	2.358756388	-0.8133143191	0	-0.515883048	-0.8566590225	0	0.8566590225	-0.515883048	0	0	0	1
1.98	2.379643016	-0.8114776631	0	-0.5488449846	-0.835924149	0	0.835924149	-0.5488449846	0	0	0	1
1.99	2.396867589	-0.8101688423	0	-0.5723246298	-0.8200271448	0	0.8200271448	-0.5723246298	0	0	0	1
2	2.410379415	-0.8098539102	0	-0.5865297976	-0.8099276489	0	0.8099276489	-0.5865297976	0	0	0	1
2.01	2.420503735	-0.810695289	0	-0.5923381886	-0.8056894379	0	0.8056894379	-0.5923381886	0	0	0	1
2.02	2.427812721	-0.8126324612	0	-0.5907312672	-0.8068683721	0	0.8068683721	-0.5907312672	0	0	0	1
2.03	2.433064063	-0.8154859338	0	-0.5828594382	-0.8125729969	0	0.8125729969	-0.5828594382	0	0	0	1
2.04	2.437105067	-0.8190620511	0	-0.5700444537	-0.8216138514	0	0.8216138514	-0.5700444537	0	0	0	1
2.05	2.440753386	-0.8232313421	0	-0.5536179446	-0.8327707796	0	0.8327707796	-0.5536179446	0	0	0	1
2.06	2.44469202	-0.8279534718	0	-0.534779586	-0.8449915943	0	0.8449915943	-0.534779586	0	0	0	1
2.07	2.449400484	-0.8332288563	0	-0.5145242272	-0.857475842	0	0.857475842	-0.5145242272	0	0	0	1
2.08	2.45514388	-0.8391036063	0	-0.4938075267	-0.8695712314	0	0.8695712314	-0.4938075267	0	0	0	1
2.09	2.46186702	-0.8456736696	0	-0.4726980214	-0.881224478	0	0.881224478	-0.4726980214	0	0	0	1
2.1	2.469311377	-0.8530202998	0	-0.4504380574	-0.8928076817	0	0.8928076817	-0.4504380574	0	0	0	1
2.11	2.477233933	-0.8612032272	0	-0.4264453902	-0.9045133107	0	0.9045133107	-0.4264453902	0	0	0	1
2.12	2.485486013	-0.8702775801	0	-0.4006424116	-0.9162344995	0	0.9162344995	-0.4006424116	0	0	0	1
2.13	2.493078227	-0.8800898111	0	-0.3692487569	-0.9293305954	0	0.9293305954	-0.3692487569	0	0	0	1
2.14	2.496616688	-0.8892035782	0	-0.3261307648	-0.9453246661	0	0.9453246661	-0.3261307648	0	0	0	1
2.15	2.500041851	-0.897915429	0	-0.2838417331	-0.9588711439	0	0.9588711439	-0.2838417331	0	0	0	1
2.16	2.503302245	-0.9061562734	0	-0.2429620402	-0.9700357968	0	0.9700357968	-0.2429620402	0	0	0	1
2.17	2.506501931	-0.9136020334	0	-0.2022225035	-0.9793396035	0	0.9793396035	-0.2022225035	0	0	0	1
2.18	2.508484762	-0.9197737566	0	-0.176383196	-0.9843215776	0	0.9843215776	-0.176383196	0	0	0	1
2.19	2.509117462	-0.9243872441	0	-0.1672885219	-0.9859079827	0	0.9859079827	-0.1672885219	0	0	0	1
2.2	2.510159328	-0.926977272	0	-0.1521323995	-0.9883601232	0	0.9883601232	-0.1521323995	0	0	0	1
2.21	2.511591261	-0.9273014066	0	-0.1313463523	-0.9913365401	0	0.9913365401	-0.1313463523	0	0	0	1
2.22	2.513269603	-0.9256779719	0	-0.1067883501	-0.9942817751	0	0.9942817751	-0.1067883501	0	0	0	1
2.23	2.515067676	-0.9226056742	0	-0.08030188452	-0.9967705891	0	0.9967705891	-0.08030188452	0	0	0	1
2.24	2.516933076	-0.9185457398	0	-0.05307164312	-0.9985907073	0	0.9985907073	-0.05307164312	0	0	0	1
2.25	2.518860314	-0.9138942211	0	-0.02579149934	-0.999667344	0	0.999667344	-0.02579149934	0	0	0	1
2.26	2.520879639	-0.9089814553	0	0.001124231177	-0.9999993681	0	0.9999993681	0.001124231177	0	0	0	1
2.27	2.523065952	-0.903893263	0	0.02830030295	-0.9995994662	0	0.9995994662	0.02830030295	0	0	0	1
2.28	2.525461526	-0.8986846833	0	0.05602661547	-0.9984292756	0	0.9984292756	0.05602661547	0	0	0	1
2.29	2.52801385	-0.8934704177	0	0.08364944493	-0.9964952435	0	0.9964952435	0.08364944493	0	0	0	1
2.3	2.530660914	-0.8883037577	0	0.1106310637	-0.9938615436	0	0.9938615436	0.1106310637	0	0	0	1
2.31	2.533383368	-0.8831835418	0	0.1369322071	-0.9905804211	0	0.9905804211	0.1369322071	0	0	0	1
2.32	2.536195782	-0.8780997846	0	0.1627924932	-0.9866603287	0	0.9866603287	0.1627924932	0	0	0	1
2.33	2.539122342	-0.8730537337	0	0.188468921	-0.9820791545	0	0.9820791545	0.188468921	0	0	0	1
2.34	2.54218652	-0.8680548296	0	0.2141558602	-0.9767995022	0	0.9767995022	0.2141558602	0	0	0	1
2.35	2.545412781	-0.8631121772	0	0.2400134568	-0.970769561	0	0.970769561	0.2400134568	0	0	0	1
2.36	2.548829377	-0.8582281158	0	0.2661961091	-0.9639188926	0	0.9639188926	0.2661961091	0	0	0	1
2.37	2.552466029	-0.8533958667	0	0.2928381786	-0.9561620162	0	0.9561620162	0.2928381786	0	0	0	1
2.38	2.556346939	-0.8486023458	0	0.3200104978	-0.9474139968	0	0.9474139968	0.3200104978	0	0	0	1
2.39	2.560482718	-0.8438343126	0	0.3476795866	-0.9376134092	0	0.9376134092	0.3476795866	0	0	0	1
2.4	2.564865399	-0.8390841851	0	0.3756972488	-0.9267424547	0	0.9267424547	0.3756972488	0	0	0	1
2.41	2.569468811	-0.8343526071	0	0.403826942	-0.9148353955	0	0.9148353955	0.403826942	0	0	0	1
2.42	2.574253439	-0.8296483641	0	0.4317911561	-0.9019736124	0	0.9019736124	0.4317911561	0	0	0	1
2.43	2.579172255	-0.8249877845	0	0.4593133452	-0.8882743106	0	0.8882743106	0.4593133452	0	0	0	1
2.44	2.584174808	-0.8203950102	0	0.4861407274	-0.8738805371	0	0.8738805371	0.4861407274	0	0	0	1
2.45	2.589209264	-0.8159026073	0	0.5120516646	-0.8589546512	0	0.8589546512	0.5120516646	0	0	0	1
2.46	2.594225074	-0.8115505929	0	0.5368640177	-0.8436687896	0	0.8436687896	0.5368640177	0	0	0	1
2.47	2.599177999	-0.8073828125	0	0.5604518868	-0.8281869852	0	0.8281869852	0.5604518868	0	0	0	1
2.48	2.604037217	-0.8034412452	0	0.5827671655	-0.8126391763	0	0.8126391763	0.5827671655	0	0	0	1
2.49	2.608792682	-0.7997592713	0	0.6038565355	-0.7970930213	0	0.7970930213	0.6038565355	0	0	0	1
2.5	2.613459936	-0.7963556259	0	0.6238640858	-0.7815328544	0	0.7815328544	0.6238640858	0	0	0	1
2.51	2.618080064	-0.7932297158	0	0.6430146958	-0.7658538379	0	0.7658538379	0.6430146958	0	0	0	1
2.52	2.622712138	-0.7903612883	0	0.6615711847	-0.7498823692	0	0.7498823692	0.6615711847	0	0	0	1
2.53	2.627419924	-0.7877112226	0	0.6797787632	-0.7334172299	0	0.7334172299	0.6797787632	0	0	0	1
2.54	2.632256741	-0.7852240014	0	0.6978119714	-0.7162809872	0	0.7162809872	0.6978119714	0	0	0	1
2.55	2.637252173	-0.7828314767	0	0.7157376623	-0.6983692424	0	0.6983692424	0.7157376623	0	0	0	1
2.56	2.642402408	-0.7804586676	0	0.7334978944	-0.6796917234	0	0.6796917234	0.7334978944	0	0	0	1
2.57	2.64766494	-0.7780317638	0	0.7509125789	-0.6604016194	0	0.6604016194	0.7509125789	0	0	0	1
2.58	2.652958292	-0.7754876781	0	0.767699642	-0.6408098467	0	0.6408098467	0.767699642	0	0	0	1
2.59	2.658166853	-0.7727839313	0	0.7835070262	-0.6213829253	0	0.6213829253	0.7835070262	0	0	0	1
2.6	2.663152622	-0.7699084266	0	0.7979514715	-0.6027217013	0	0.6027217013	0.7979514715	0	0	0	1
2.61	2.667778193	-0.7668882331	0	0.8106508377	-0.5855298621	0	0.5855298621	0.8106508377	0	0	0	1
2.62	2.671966539	-0.7638104267	0	0.8211063796	-0.5707751864	0	0.5707751864	0.8211063796	0	0	0	1
2.63	2.676224507	-0.7611144831	0	0.8270786313	-0.5620862369	0	0.5620862369	0.8270786313	0	0	0	1
2.64	2.681176181	-0.7591579569	0	0.8289527634	-0.5593186177	0	0.5593186177	0.8289527634	0	0	0	1
2.65	2.686639705	-0.7577295472	0	0.8287743605	-0.5595829335	0	0.5595829335	0.8287743605	0	0	0	1
2.66	2.692339737	-0.7566410089	0	0.8273976731	-0.5616164977	0	0.5616164977	0.8273976731	0	0	0	1
2.67	2.698051583	-0.7557600707	0	0.8253171788	-0.5646694204	0	0.5646694204	0.8253171788	0	0	0	1
2.68	2.703638751	-0.7549743873	0	0.8231039602	-0.5678907207	0	0.5678907207	0.8231039602	0	0	0	1
2.69	2.709070158	-0.7542075996	0	0.8213436183	-0.5704337478	0	0.5704337478	0.8213436183	0	0	0	1
2.7	2.714385429	-0.7534260831	0	0.8205081191	-0.5716348717	0	0.5716348717	0.8205081191	0	0	0	1
2.71	2.719737864	-0.7526464287	0	0.8212946241	-0.5705042861	0	0.5705042861	0.8212946241	0	0	0	1
2.72	2.725394726	-0.7519626109	0	0.8227611874	-0.568387217	0	0.568387217	0.8227611874	0	0	0	1
2.73	2.731791644	-0.7510565345	0	0.8220132566	-0.5694683538	0	0.5694683538	0.8220132566	0	0	0	1
2.74	2.739624159	-0.7492477106	0	0.82201973	-0.5694590095	0	0.5694590095	0.82201973	0	0	0	1
2.75	2.749252303	-0.7465472937	0	0.8227437407	-0.568412471	0	0.568412471	0.8227437407	0	0	0	1
2.76	2.761068894	-0.7433996152	0	0.8224962407	-0.568770546	0	0.568770546	0.8224962407	0	0	0	1
2.77	2.775388878	-0.7405104846	0	0.8191128882	-0.5736323529	0	0.5736323529	0.8191128882	0	0	0	1
2.78	2.791818935	-0.7387122164	0	0.8110051687	-0.585038987	0	0.585038987	0.8110051687	0	0	0	1
2.79	2.809803023	-0.737788331	0	0.7984784296	-0.6020234193	0	0.6020234193	0.7984784296	0	0	0	1
2.8	2.828804611	-0.7368405828	0	0.7834717894	-0.6214273532	0	0.6214273532	0.7834717894	0	0	0	1
2.81	2.848299619	-0.735152189	0	0.7680552656	-0.640383564	0	0.640383564	0.7680552656	0	0	0	1
2.82	2.867821655	-0.7326342488	0	0.7533445329	-0.6576260448	0	0.6576260448	0.7533445329	0	0	0	1
2.83	2.887057752	-0.7297291754	0	0.7393691148	-0.6733003134	0	0.6733003134	0.7393691148	0	0	0	1
2.84	2.905896561	-0.7270803589	0	0.725479268	-0.6882440204	0	0.6882440204	0.725479268	0	0	0	1
2.85	2.924407463	-0.7251653352	0	0.7106106884	-0.7035854244	0	0.7035854244	0.7106106884	0	0	0	1
2.86	2.942779286	-0.7240457249	0	0.6940248294	-0.7199510651	0	0.7199510651	0.6940248294	0	0	0	1
2.87	2.961256121	-0.7236019524	0	0.6753974335	-0.7374539354	0	0.7374539354	0.6753974335	0	0	0	1
2.88	2.98002675	-0.7238314537	0	0.6542720911	-0.7562592352	0	0.7562592352	0.6542720911	0	0	0	1
2.89	2.999169833	-0.7248425876	0	0.6300028381	-0.7765928302	0	0.7765928302	0.6300028381	0	0	0	1
2.9	3.018661759	-0.7266871639	0	0.6021152532	-0.798409182	0	0.798409182	0.6021152532	0	0	0	1
2.91	3.038400048	-0.7292615987	0	0.5706080119	-0.8212225623	0	0.8212225623	0.5706080119	0	0	0	1
2.92	3.058226881	-0.732342291	0	0.5359368818	-0.8442580522	0	0.8442580522	0.5359368818	0	0	0	1
2.93	3.077964041	-0.7356978211	0	0.4987214399	-0.8667623235	0	0.8667623235	0.4987214399	0	0	0	1
2.94	3.097460686	-0.7391880808	0	0.4594023322	-0.8882282911	0	0.8882282911	0.4594023322	0	0	0	1
2.95	3.11664276	-0.7428022508	0	0.4180417643	-0.9084278085	0	0.9084278085	0.4180417643	0	0	0	1
2.96	3.135537522	-0.7466266612	0	0.3743654717	-0.9272812376	0	0.9272812376	0.3743654717	0	0	0	1
2.97	3.15426631	-0.7507806015	0	0.3279614788	-0.9446910968	0	0.9446910968	0.3279614788	0	0	0	1
2.98	3.173016611	-0.7553629868	0	0.2784916128	-0.960438661	0	0.960438661	0.2784916128	0	0	0	1
2.99	3.192013396	-0.7604311595	0	0.2258171323	-0.9741697094	0	0.9741697094	0.2258171323	0	0	0	1
3	3.211500001	-0.7660005889	0	0.1700404448	-0.9854370843	0	0.9854370843	0.1700404448	0	0	0	1
3.01	3.231728522	-0.7720451703	0	0.1115059675	-0.9937637643	0	0.9937637643	0.1115059675	0	0	0	1
3.02	3.252951796	-0.7784866993	0	0.05078487328	-0.9987096158	0	0.9987096158	0.05078487328	0	0	0	1
3.03	3.27541058	-0.7851792851	0	-0.01136383135	-0.9999354296	0	0.9999354296	-0.01136383135	0	0	0	1
3.04	3.299311422	-0.7918992346	0	-0.07406616698	-0.9972533294	0	0.9972533294	-0.07406616698	0	0	0	1
3.05	3.324792006	-0.7983475178	0	-0.136426888	-0.9906501422	0	0.9906501422	-0.136426888	0	0	0	1
3.06	3.351876736	-0.8041713781	0	-0.1976013011	-0.9802824725	0	0.9802824725	-0.1976013011	0	0	0	1
3.07	3.380434135	-0.8090115548	0	-0.2568302608	-0.9664565263	0	0.9664565263	-0.2568302608	0	0	0	1
3.08	3.410158145	-0.8125735328	0	-0.3134610743	-0.9496010504	0	0.9496010504	-0.3134610743	0	0	0	1
3.09	3.440591253	-0.8146981679	0	-0.366972766	-0.9302316857	0	0.9302316857	-0.366972766	0	0	0	1
3.1	3.471167677	-0.8153933435	0	-0.416949161	-0.9089298087	0	0.9089298087	-0.416949161	0	0	0	1
3.11	3.501256337	-0.8148249042	0	-0.4629856085	-0.8863657971	0	0.8863657971	-0.4629856085	0	0	0	1
3.12	3.530197954	-0.8132921631	0	-0.5045848118	-0.8633621301	0	0.8633621301	-0.5045848118	0	0	0	1
3.13	3.557358416	-0.8111960322	0	-0.5411847685	-0.8409037081	0	0.8409037081	-0.5411847685	0	0	0	1
3.14	3.582184142	-0.8089905887	0	-0.5722523231	-0.8200776053	0	0.8200776053	-0.5722523231	0	0	0	1
3.15	3.604236717	-0.8071249823	0	-0.5973308271	-0.8019949395	0	0.8019949395	-0.5973308271	0	0	0	1
3.16	3.623215362	-0.8059895198	0	-0.6160672158	-0.7876935861	0	0.7876935861	-0.6160672158	0	0	0	1
3.17	3.638983746	-0.8058684274	0	-0.6282768214	-0.7779898687	0	0.7779898687	-0.6282768214	0	0	0	1
3.18	3.651561788	-0.8069203775	0	-0.6339382273	-0.7733836848	0	0.7733836848	-0.6339382273	0	0	0	1
3.19	3.661129069	-0.8091771746	0	-0.6332196818	-0.7739721148	0	0.7739721148	-0.6332196818	0	0	0	1
3.2	3.668002654	-0.8125713413	0	-0.6264636557	-0.7794506322	0	0.7794506322	-0.6264636557	0	0	0	1
3.21	3.672601038	-0.8169774377	0	-0.6141609925	-0.7891807621	0	0.7891807621	-0.6141609925	0	0	0	1
3.22	3.675394317	-0.82222777	0	-0.5968871989	-0.8023251659	0	0.8023251659	-0.5968871989	0	0	0	1
3.23	3.676890313	-0.8281332827	0	-0.575518466	-0.817788784	0	0.817788784	-0.575518466	0	0	0	1
3.24	3.677519375	-0.8346008387	0	-0.5508578359	-0.8345990922	0	0.8345990922	-0.5508578359	0	0	0	1
3.25	3.677548108	-0.8416111777	0	-0.5229025735	-0.8523924558	0	0.8523924558	-0.5229025735	0	0	0	1
3.26	3.677228454	-0.8491669406	0	-0.4915421138	-0.8708538054	0	0.8708538054	-0.4915421138	0	0	0	1
3.27	3.676888248	-0.8572978979	0	-0.4571464352	-0.8893914418	0	0.8893914418	-0.4571464352	0	0	0	1
3.28	3.676893805	-0.8660727736	0	-0.4204883218	-0.9072979507	0	0.9072979507	-0.4204883218	0	0	0	1
3.29	3.677581698	-0.8755923058	0	-0.3824828838	-0.923962577	0	0.923962577	-0.3824828838	0	0	0	1
3.3	3.680210285	-0.8854377528	0	-0.3474061129	-0.9377147715	0	0.9377147715	-0.3474061129	0	0	0	1
3.31	3.683537309	-0.8942714767	0	-0.3063726689	-0.9519116491	0	0.9519116491	-0.3063726689	0	0	0	1
3.32	3.68698074	-0.9025103216	0	-0.263498534	-0.9646597963	0	0.9646597963	-0.263498534	0	0	0	1
3.33	3.690268205	-0.9102323177	0	-0.22199022	-0.9750488922	0	0.9750488922	-0.22199022	0	0	0	1
3.34	3.693300106	-0.9171545278	0	-0.1831331409	-0.9830881205	0	0.9830881205	-0.1831331409	0	0	0	1
3.35	3.693979838	-0.9225919116	0	-0.1737765943	-0.9847851011	0	0.9847851011	-0.1737765943	0	0	0	1
3.36	3.694769681	-0.926255957	0	-0.1623262789	-0.9867371378	0	0.9867371378	-0.1623262789	0	0	0	1
3.37	3.695990588	-0.9276119791	0	-0.1446466844	-0.9894833686	0	0.9894833686	-0.1446466844	0	0	0	1
3.38	3.697537933	-0.9267977407	0	-0.1222069077	-0.9925046457	0	0.9925046457	-0.1222069077	0	0	0	1
3.39	3.699244855	-0.9243092406	0	-0.09717894202	-0.9952669256	0	0.9952669256	-0.09717894202	0	0	0	1
3.4	3.701016033	-0.9206632916	0	-0.07111640844	-0.9974680228	0	0.9974680228	-0.07111640844	0	0	0	1
3.41	3.702825102	-0.9162928962	0	-0.04483659709	-0.9989943341	0	0.9989943341	-0.04483659709	0	0	0	1
3.42	3.704685107	-0.9115646044	0	-0.01879179014	-0.9998234187	0	0.9998234187	-0.01879179014	0	0	0	1
3.43	3.706643561	-0.9067295974	0	0.006940946447	-0.9999759113	0	0.9999759113	0.006940946447	0	0	0	1
3.44	3.708776989	-0.9018069344	0	0.03308899163	-0.9994524094	0	0.9994524094	0.03308899163	0	0	0	1
3.45	3.711083187	-0.8968819749	0	0.05945502325	-0.9982309854	0	0.9982309854	0.05945502325	0	0	0	1
3.46	3.71349686	-0.8920401685	0	0.0853586174	-0.996350293	0	0.996350293	0.0853586174	0	0	0	1
3.47	3.715969306	-0.8873018447	0	0.1104539641	-0.9938812413	0	0.9938812413	0.1104539641	0	0	0	1
3.48	3.718492858	-0.8826515719	0	0.1348224561	-0.9908697721	0	0.9908697721	0.1348224561	0	0	0	1
3.49	3.721083048	-0.8780741029	0	0.1587116101	-0.9873249844	0	0.9873249844	0.1587116101	0	0	0	1
3.5	3.723760683	-0.8735636689	0	0.1823567562	-0.983232431	0	0.983232431	0.1823567562	0	0	0	1
3.51	3.726548024	-0.8691187627	0	0.2059571142	-0.9785610186	0	0.9785610186	0.2059571142	0	0	0	1
3.52	3.729471489	-0.864735358	0	0.2297054131	-0.9732602032	0	0.9732602032	0.2297054131	0	0	0	1
3.53	3.73256217	-0.8604025848	0	0.2537942655	-0.9672582234	0	0.9672582234	0.2537942655	0	0	0	1
3.54	3.735851672	-0.8561020986	0	0.2783868464	-0.9604690332	0	0.9604690332	0.2783868464	0	0	0	1
3.55	3.739365191	-0.8518115574	0	0.3035737016	-0.9528079595	0	0.9528079595	0.3035737016	0	0	0	1
3.56	3.743115396	-0.8475099987	0	0.3293438667	-0.9442100494	0	0.9442100494	0.3293438667	0	0	0	1
3.57	3.74709985	-0.8431823129	0	0.3555868834	-0.9346432305	0	0.9346432305	0.3555868834	0	0	0	1
3.58	3.751302669	-0.8388208669	0	0.3821218447	-0.9241119498	0	0.9241119498	0.3821218447	0	0	0	1
3.59	3.755698823	-0.834425622	0	0.4087372606	-0.9126520979	0	0.9126520979	0.4087372606	0	0	0	1
3.6	3.76025788	-0.8300042672	0	0.4352191006	-0.9003245718	0	0.9003245718	0.4352191006	0	0	0	1
3.61	3.764945774	-0.8255732068	0	0.4613621553	-0.8872119035	0	0.8872119035	0.4613621553	0	0	0	1
3.62	3.769724778	-0.8211584493	0	0.4869696242	-0.8734189058	0	0.8734189058	0.4869696242	0	0	0	1
3.63	3.77455307	-0.8167959423	0	0.511851615	-0.8590738759	0	0.8590738759	0.511851615	0	0	0	1
3.64	3.779387147	-0.8125294391	0	0.5358370615	-0.8443214101	0	0.8443214101	0.5358370615	0	0	0	1
3.65	3.784186389	-0.8084067647	0	0.5587926669	-0.829307395	0	0.829307395	0.5587926669	0	0	0	1
3.66	3.788919816	-0.8044744023	0	0.5806468024	-0.8141555692	0	0.8141555692	0.5806468024	0	0	0	1
3.67	3.793573821	-0.800770895	0	0.6014116029	-0.7989393493	0	0.7989393493	0.6014116029	0	0	0	1
3.68	3.798158285	-0.7973207487	0	0.6211934664	-0.7836572448	0	0.7836572448	0.6211934664	0	0	0	1
3.69	3.802707701	-0.7941306566	0	0.6401814296	-0.7682237546	0	0.7682237546	0.6401814296	0	0	0	1
3.7	3.807274603	-0.7911886305	0	0.6586082248	-0.7524860173	0	0.7524860173	0.6586082248	0	0	0	1
3.71	3.811917368	-0.7884647569	0	0.6766973979	-0.7362612523	0	0.7362612523	0.6766973979	0	0	0	1
3.72	3.816685969	-0.785913046	0	0.6946123517	-0.7193842373	0	0.7193842373	0.6946123517	0	0	0	1
3.73	3.821609953	-0.7834742701	0	0.7124221164	-0.7017511867	0	0.7017511867	0.7124221164	0	0	0	1
3.74	3.82668902	-0.7810810826	0	0.730082582	-0.6833589272	0	0.6833589272	0.730082582	0	0	0	1
3.75	3.83188748	-0.7786650045	0	0.7474359271	-0.6643339032	0	0.6643339032	0.7474359271	0	0	0	1
3.76	3.837133199	-0.7761647598	0	0.7642266954	-0.6449477173	0	0.6449477173	0.7642266954	0	0	0	1
3.77	3.842321135	-0.7735352501	0	0.7801300431	-0.6256173877	0	0.6256173877	0.7801300431	0	0	0	1
3.78	3.847323185	-0.7707564682	0	0.7947888851	-0.6068860091	0	0.6068860091	0.7947888851	0	0	0	1
3.79	3.85200573	-0.7678413497	0	0.8078492491	-0.5893891674	0	0.5893891674	0.8078492491	0	0	0	1
3.8	3.856262501	-0.7648448873	0	0.818958731	-0.5738524174	0	0.5738524174	0.818958731	0	0	0	1
3.81	3.860228563	-0.7619784881	0	0.8269215095	-0.5623173633	0	0.5623173633	0.8269215095	0	0	0	1
3.82	3.864676217	-0.7597679331	0	0.8302763568	-0.5573519278	0	0.5573519278	0.8302763568	0	0	0	1
3.83	3.869688659	-0.758162028	0	0.8309974481	-0.5562762275	0	0.5562762275	0.8309974481	0	0	0	1
3.84	3.87501829	-0.7569475927	0	0.8303199091	-0.5572870432	0	0.5572870432	0.8303199091	0	0	0	1
3.85	3.880440422	-0.7559843994	0	0.8287613034	-0.5596022713	0	0.5596022713	0.8287613034	0	0	0	1
3.86	3.885796604	-0.7551589019	0	0.8268137709	-0.5624757668	0	0.5624757668	0.8268137709	0	0	0	1
3.87	3.891024182	-0.7543833724	0	0.8250357167	-0.5650805838	0	0.5650805838	0.8250357167	0	0	0	1
3.88	3.89614083	-0.7536096241	0	0.8239297062	-0.5666920145	0	0.5666920145	0.8239297062	0	0	0	1
3.89	3.901220722	-0.7528232918	0	0.8239310808	-0.5666900159	0	0.5666900159	0.8239310808	0	0	0	1
3.9	3.906588797	-0.7521440678	0	0.8258121654	-0.5639452699	0	0.5639452699	0.8258121654	0	0	0	1
3.91	3.912390634	-0.751419757	0	0.8253980866	-0.564551148	0	0.564551148	0.8253980866	0	0	0	1
3.92	3.919458488	-0.7501107916	0	0.824651734	-0.5656408026	0	0.5656408026	0.824651734	0	0	0	1
3.93	3.928201654	-0.7478522725	0	0.8249693415	-0.5651774815	0	0.5651774815	0.8249693415	0	0	0	1
3.94	3.938898081	-0.7449821126	0	0.825123373	-0.5649525815	0	0.5649525815	0.825123373	0	0	0	1
3.95	3.951981556	-0.7418997142	0	0.823291291	-0.5676191067	0	0.5676191067	0.823291291	0	0	0	1
3.96	3.967356423	-0.7394860843	0	0.8176296612	-0.5757445068	0	0.5757445068	0.8176296612	0	0	0	1
3.97	3.984494661	-0.738071904	0	0.8074436544	-0.5899446965	0	0.5899446965	0.8074436544	0	0	0	1
3.98	4.002852114	-0.7370215034	0	0.7939978431	-0.6079205747	0	0.6079205747	0.7939978431	0	0	0	1
3.99	4.021913708	-0.7354854504	0	0.7794102483	-0.6265138984	0	0.6265138984	0.7794102483	0	0	0	1
4	4.041196369	-0.7330883605	0	0.7652493438	-0.6437339837	0	0.6437339837	0.7652493438	0	0	0	1
4.01	4.060325152	-0.7300635283	0	0.7519680324	-0.6591995739	0	0.6591995739	0.7519680324	0	0	0	1
4.02	4.079104867	-0.7270010811	0	0.739148681	-0.6735422981	0	0.6735422981	0.739148681	0	0	0	1
4.03	4.097528753	-0.7245172357	0	0.7258790855	-0.6878223268	0	0.6878223268	0.7258790855	0	0	0	1
4.04	4.115723372	-0.7229051753	0	0.7111377466	-0.7030527046	0	0.7030527046	0.7111377466	0	0	0	1
4.05	4.133901262	-0.7220918991	0	0.6944706301	-0.7195210518	0	0.7195210518	0.6944706301	0	0	0	1
4.06	4.152270779	-0.7219733476	0	0.67560122	-0.7372672457	0	0.7372672457	0.67560122	0	0	0	1
4.07	4.170948643	-0.7225871779	0	0.6540401033	-0.7564598755	0	0.7564598755	0.6540401033	0	0	0	1
4.08	4.189945448	-0.7240104297	0	0.6292491261	-0.7772036653	0	0.7772036653	0.6292491261	0	0	0	1
4.09	4.209190029	-0.7262129602	0	0.600995936	-0.7992520785	0	0.7992520785	0.600995936	0	0	0	1
4.1	4.228554647	-0.7290249429	0	0.5695014828	-0.8219903047	0	0.8219903047	0.5695014828	0	0	0	1
4.11	4.247881282	-0.7322146966	0	0.5352808506	-0.8446741449	0	0.8446741449	0.5352808506	0	0	0	1
4.12	4.267018628	-0.7355955086	0	0.498825831	-0.8667022501	0	0.8667022501	0.498825831	0	0	0	1
4.13	4.285867396	-0.739093704	0	0.4603367729	-0.8877443638	0	0.8877443638	0.4603367729	0	0	0	1
4.14	4.304414248	-0.7427497613	0	0.4196511719	-0.9076854598	0	0.9076854598	0.4196511719	0	0	0	1
4.15	4.322738071	-0.746668293	0	0.3763725478	-0.9264684049	0	0.9264684049	0.3763725478	0	0	0	1
4.16	4.340990922	-0.7509579272	0	0.3300831527	-0.9439518591	0	0.9439518591	0.3300831527	0	0	0	1
4.17	4.359368393	-0.7556935776	0	0.2805178052	-0.9598488219	0	0.9598488219	0.2805178052	0	0	0	1
4.18	4.3780873	-0.7609088676	0	0.2276438632	-0.9737444591	0	0.9737444591	0.2276438632	0	0	0	1
4.19	4.397373798	-0.7666005113	0	0.1716741853	-0.9851537819	0	0.9851537819	0.1716741853	0	0	0	1
4.2	4.417460518	-0.7727287784	0	0.1130512246	-0.9935891609	0	0.9935891609	0.1130512246	0	0	0	1
4.21	4.438582483	-0.7792069646	0	0.05241333211	-0.9986254767	0	0.9986254767	0.05241333211	0	0	0	1
4.22	4.460967998	-0.7858885293	0	-0.009458843836	-0.9999552641	0	0.9999552641	-0.009458843836	0	0	0	1
4.23	4.484818041	-0.7925580444	0	-0.07172251965	-0.9974246238	0	0.9974246238	-0.07172251965	0	0	0	1
4.24	4.510270858	-0.7989315088	0	-0.1335512165	-0.9910419126	0	0.9910419126	-0.1335512165	0	0	0	1
4.25	4.537355721	-0.8046744032	0	-0.1941809379	-0.98096573	0	0.98096573	-0.1941809379	0	0	0	1
4.26	4.565949249	-0.8094457928	0	-0.2529260192	-0.967485622	0	0.967485622	-0.2529260192	0	0	0	1
4.27	4.59575749	-0.8129666194	0	-0.3091959552	-0.9509983498	0	0.9509983498	-0.3091959552	0	0	0	1
4.28	4.626337326	-0.815084942	0	-0.3625161768	-0.9319774791	0	0.9319774791	-0.3625161768	0	0	0	1
4.29	4.657134938	-0.8158037979	0	-0.4124924319	-0.9109610275	0	0.9109610275	-0.4124924319	0	0	0	1
4.3	4.687524187	-0.8152747181	0	-0.4587091217	-0.8885864852	0	0.8885864852	-0.4587091217	0	0	0	1
4.31	4.716843098	-0.8137791527	0	-0.5006486039	-0.8656506082	0	0.8656506082	-0.5006486039	0	0	0	1
4.32	4.744449465	-0.8117019567	0	-0.5377307831	-0.8431166022	0	0.8431166022	-0.5377307831	0	0	0	1
4.33	4.769775032	-0.8094863156	0	-0.5694015202	-0.8220595531	0	0.8220595531	-0.5694015202	0	0	0	1
4.34	4.792359655	-0.8075786753	0	-0.5951725177	-0.8035979556	0	0.8035979556	-0.5951725177	0	0	0	1
4.35	4.811878428	-0.8063747475	0	-0.6146585155	-0.7887933248	0	0.7887933248	-0.6146585155	0	0	0	1
4.36	4.828162333	-0.8061730643	0	-0.6276290882	-0.7785125096	0	0.7785125096	-0.6276290882	0	0	0	1
4.37	4.841204998	-0.8071473004	0	-0.6340333216	-0.7733057268	0	0.7733057268	-0.6340333216	0	0	0	1
4.38	4.851158574	-0.8093438397	0	-0.6340029892	-0.7733305954	0	0.7733305954	-0.6340029892	0	0	0	1
4.39	4.858316414	-0.8127048226	0	-0.6278443662	-0.7783389055	0	0.7783389055	-0.6278443662	0	0	0	1
4.4	4.863079554	-0.8171073126	0	-0.6160163186	-0.7877333909	0	0.7877333909	-0.6160163186	0	0	0	1
4.41	4.865908273	-0.8223787968	0	-0.5990658557	-0.8006997568	0	0.8006997568	-0.5990658557	0	0	0	1
4.42	4.867309377	-0.8283201303	0	-0.5778437352	-0.816147424	0	0.816147424	-0.5778437352	0	0	0	1
4.43	4.867722637	-0.834826301	0	-0.5531434584	-0.8330860186	0	0.8330860186	-0.5531434584	0	0	0	1
4.44	4.867433816	-0.8418678451	0	-0.5249781499	-0.8511157043	0	0.8511157043	-0.5249781499	0	0	0	1
4.45	4.866718928	-0.8494398039	0	-0.4932626069	-0.8698804519	0	0.8698804519	-0.4932626069	0	0	0	1
4.46	4.86593135	-0.8575671328	0	-0.4583930787	-0.8887495628	0	0.8887495628	-0.4583930787	0	0	0	1
4.47	4.865463304	-0.8663171677	0	-0.4211727265	-0.9069804488	0	0.9069804488	-0.4211727265	0	0	0	1
4.48	4.865679098	-0.8757929336	0	-0.3825729114	-0.923925304	0	0.923925304	-0.3825729114	0	0	0	1
4.49	4.868191329	-0.885595599	0	-0.3479578489	-0.9375101788	0	0.9375101788	-0.3479578489	0	0	0	1
4.5	4.871505072	-0.8943688406	0	-0.3070752485	-0.9516852378	0	0.9516852378	-0.3070752485	0	0	0	1
4.51	4.874950253	-0.9025388079	0	-0.2641748859	-0.9644747947	0	0.9644747947	-0.2641748859	0	0	0	1
4.52	4.878245083	-0.9101978419	0	-0.2225730992	-0.9749160043	0	0.9749160043	-0.2225730992	0	0	0	1
4.53	4.881301632	-0.917073799	0	-0.1834012839	-0.9830381321	0	0.9830381321	-0.1834012839	0	0	0	1
4.54	4.882009301	-0.9224803151	0	-0.1736670476	-0.9848044256	0	0.9848044256	-0.1736670476	0	0	0	1
4.55	4.882805948	-0.9261367806	0	-0.1621107472	-0.9867725704	0	0.9867725704	-0.1621107472	0	0	0	1
4.56	4.884034525	-0.9275018906	0	-0.1443103839	-0.989532472	0	0.989532472	-0.1443103839	0	0	0	1
4.57	4.885589781	-0.9267041177	0	-0.1217396188	-0.9925620712	0	0.9925620712	-0.1217396188	0	0	0	1
4.58	4.887303866	-0.9242332071	0	-0.09658858212	-0.9953243922	0	0.9953243922	-0.09658858212	0	0	0	1
4.59	4.889081099	-0.9206012574	0	-0.07042974284	-0.9975167424	0	0.9975167424	-0.07042974284	0	0	0	1
4.6	4.890894838	-0.9162381445	0	-0.0440880611	-0.9990276487	0	0.9990276487	-0.0440880611	0	0	0	1
4.61	4.892758531	-0.91150943	0	-0.01800667287	-0.9998378667	0	0.9998378667	-0.01800667287	0	0	0	1
4.62	4.894721601	-0.9066642335	0	0.007773333506	-0.9999697872	0	0.9999697872	0.007773333506	0	0	0	1
4.63	4.896863025	-0.9017225418	0	0.0340028532	-0.9994217358	0	0.9994217358	0.0340028532	0	0	0	1
4.64	4.899181204	-0.8967724979	0	0.06048299117	-0.998169228	0	0.998169228	0.06048299117	0	0	0	1
4.65	4.901612006	-0.8918994385	0	0.0865394285	-0.9962484265	0	0.9962484265	0.0865394285	0	0	0	1
4.66	4.904108025	-0.8871236821	0	0.1118316141	-0.9937271708	0	0.9937271708	0.1118316141	0	0	0	1
4.67	4.906661884	-0.8824308	0	0.1364357678	-0.9906489193	0	0.9906489193	0.1364357678	0	0	0	1
4.68	4.909288183	-0.8778068565	0	0.1605851203	-0.9870219953	0	0.9870219953	0.1605851203	0	0	0	1
4.69	4.912006088	-0.8732471892	0	0.1844979588	-0.9828328969	0	0.9828328969	0.1844979588	0	0	0	1
4.7	4.914836177	-0.8687511994	0	0.2083592591	-0.9780523601	0	0.9780523601	0.2083592591	0	0	0	1
4.71	4.917803571	-0.86431579	0	0.2323524971	-0.9726316451	0	0.9726316451	0.2323524971	0	0	0	1
4.72	4.920938857	-0.8599309709	0	0.2566678145	-0.9664996808	0	0.9664996808	0.2566678145	0	0	0	1
4.73	4.924273785	-0.8555792917	0	0.2814703126	-0.9595699365	0	0.9595699365	0.2814703126	0	0	0	1
4.74	4.92783428	-0.8512391823	0	0.3068558231	-0.9517560107	0	0.9517560107	0.3068558231	0	0	0	1
4.75	4.931633945	-0.846890314	0	0.332819062	-0.9429907062	0	0.9429907062	0.332819062	0	0	0	1
4.76	4.93567087	-0.8425182091	0	0.3592520573	-0.9332405688	0	0.9332405688	0.3592520573	0	0	0	1
4.77	4.939929029	-0.8381159536	0	0.385972379	-0.9225103374	0	0.9225103374	0.385972379	0	0	0	1
4.78	4.944382136	-0.8336843563	0	0.4127610224	-0.9108393593	0	0.9108393593	0.4127610224	0	0	0	1
4.79	4.948997558	-0.8292321968	0	0.4393928087	-0.8982950293	0	0.8982950293	0.4393928087	0	0	0	1
4.8	4.953738269	-0.8247771398	0	0.46564946	-0.8849692539	0	0.8849692539	0.46564946	0	0	0	1
4.81	4.958562989	-0.8203468003	0	0.4913208155	-0.8709786773	0	0.8709786773	0.4913208155	0	0	0	1
4.82	4.96342692	-0.8159785126	0	0.5162089013	-0.856462708	0	0.856462708	0.5162089013	0	0	0	1
4.83	4.968284457	-0.8117172484	0	0.5401404966	-0.8415748594	0	0.8415748594	0.5401404966	0	0	0	1
4.84	4.973094701	-0.8076113405	0	0.5629889639	-0.8264644133	0	0.8264644133	0.5629889639	0	0	0	1
4.85	4.977828801	-0.8037065929	0	0.5846985851	-0.8112506176	0	0.8112506176	0.5846985851	0	0	0	1
4.86	4.982477619	-0.8000395123	0	0.6053043881	-0.7959940941	0	0.7959940941	0.6053043881	0	0	0	1
4.87	4.987057091	-0.7966314372	0	0.6249381266	-0.7806742841	0	0.7806742841	0.6249381266	0	0	0	1
4.88	4.991607752	-0.7934852346	0	0.6438099458	-0.7651854374	0	0.7651854374	0.6438099458	0	0	0	1
4.89	4.996186471	-0.7905849411	0	0.662163823	-0.7493591072	0	0.7493591072	0.662163823	0	0	0	1
4.9	5.000852557	-0.7878967768	0	0.6802204716	-0.7330075784	0	0.7330075784	0.6802204716	0	0	0	1
4.91	5.005653802	-0.7853713091	0	0.6981296693	-0.7159713436	0	0.7159713436	0.6981296693	0	0	0	1
4.92	5.010614772	-0.7829465187	0	0.7159390969	-0.6981627385	0	0.6981627385	0.7159390969	0	0	0	1
4.93	5.015728044	-0.7805534893	0	0.7335794302	-0.6796037225	0	0.6796037225	0.7335794302	0	0	0	1
4.94	5.020949847	-0.7781238605	0	0.7508686266	-0.6604515922	0	0.6604515922	0.7508686266	0	0	0	1
4.95	5.02619993	-0.7755984456	0	0.767531237	-0.6410115446	0	0.6410115446	0.767531237	0	0	0	1
4.96	5.031366564	-0.7729363332	0	0.7832297806	-0.6217323465	0	0.6217323465	0.7832297806	0	0	0	1
4.97	5.036317847	-0.7701237716	0	0.7976028027	-0.6031830312	0	0.6031830312	0.7976028027	0	0	0	1
4.98	5.0409219	-0.7671817642	0	0.8102983563	-0.5860175542	0	0.5860175542	0.8102983563	0	0	0	1
4.99	5.045087538	-0.7641778233	0	0.8209415943	-0.5710121704	0	0.5710121704	0.8209415943	0	0	0	1
5	5.049106092	-0.7614173198	0	0.8278681911	-0.5609226846	0	0.5609226846	0.8278681911	0	0	0	1
5.01	5.053706572	-0.7593589071	0	0.8304761189	-0.5570542308	0	0.5570542308	0.8304761189	0	0	0	1
5.02	5.058823823	-0.7578539982	0	0.8308311623	-0.5565245545	0	0.5565245545	0.8308311623	0	0	0	1
5.03	5.064206843	-0.7567057625	0	0.8299289427	-0.5578691155	0	0.5578691155	0.8299289427	0	0	0	1
5.04	5.069642422	-0.7557828998	0	0.8282472081	-0.5603628844	0	0.5603628844	0.8282472081	0	0	0	1
5.05	5.074992121	-0.7549758805	0	0.8262992861	-0.5632312933	0	0.5632312933	0.8262992861	0	0	0	1
5.06	5.08021458	-0.7542050376	0	0.824642227	-0.5656546628	0	0.5656546628	0.824642227	0	0	0	1
5.07	5.085340202	-0.7534307635	0	0.8237519809	-0.5669503275	0	0.5669503275	0.8237519809	0	0	0	1
5.08	5.090490699	-0.7526555249	0	0.8242302061	-0.5662548607	0	0.5662548607	0.8242302061	0	0	0	1
5.09	5.095950828	-0.751996538	0	0.8258813417	-0.5638439584	0	0.5638439584	0.8258813417	0	0	0	1
5.1	5.102025316	-0.7512099675	0	0.8250628969	-0.5650408978	0	0.5650408978	0.8250628969	0	0	0	1
5.11	5.109502297	-0.7497016084	0	0.8245535902	-0.5657838606	0	0.5657838606	0.8245535902	0	0	0	1
5.12	5.118726928	-0.7473026606	0	0.8249112024	-0.5652623357	0	0.5652623357	0.8249112024	0	0	0	1
5.13	5.129990709	-0.7443918372	0	0.8247098334	-0.5655560897	0	0.5655560897	0.8247098334	0	0	0	1
5.14	5.143691792	-0.7414354807	0	0.8220715802	-0.5693841559	0	0.5693841559	0.8220715802	0	0	0	1
5.15	5.15957148	-0.7393159345	0	0.8152866202	-0.5790576197	0	0.5790576197	0.8152866202	0	0	0	1
5.16	5.17707881	-0.7381076602	0	0.8041195851	-0.5944675709	0	0.5944675709	0.8041195851	0	0	0	1
5.17	5.195674154	-0.7370416671	0	0.7901763801	-0.6128795055	0	0.6128795055	0.7901763801	0	0	0	1
5.18	5.214844527	-0.7353301175	0	0.7755628758	-0.6312703269	0	0.6312703269	0.7755628758	0	0	0	1
5.19	5.234122422	-0.7327427706	0	0.7616127808	-0.6480323851	0	0.6480323851	0.7616127808	0	0	0	1
5.2	5.253171327	-0.7296256589	0	0.7485379421	-0.6630919613	0	0.6630919613	0.7485379421	0	0	0	1
5.21	5.271843345	-0.7266096578	0	0.7357764795	-0.6772244622	0	0.6772244622	0.7357764795	0	0	0	1
5.22	5.290171964	-0.724275166	0	0.7223129483	-0.6915663415	0	0.6915663415	0.7223129483	0	0	0	1
5.23	5.308309691	-0.7228232722	0	0.7072137188	-0.7069998274	0	0.7069998274	0.7072137188	0	0	0	1
5.24	5.326479948	-0.7221466855	0	0.6901115221	-0.7237030379	0	0.7237030379	0.6901115221	0	0	0	1
5.25	5.344876644	-0.7221696644	0	0.6706954022	-0.7417328882	0	0.7417328882	0.6706954022	0	0	0	1
5.26	5.363591633	-0.7229506883	0	0.6484420748	-0.7612639986	0	0.7612639986	0.6484420748	0	0	0	1
5.27	5.382613952	-0.7245493761	0	0.6228641042	-0.7823300504	0	0.7823300504	0.6228641042	0	0	0	1
5.28	5.401856745	-0.7268995402	0	0.5938394427	-0.804583567	0	0.804583567	0.5938394427	0	0	0	1
5.29	5.421182084	-0.7298062939	0	0.5616869762	-0.8273498297	0	0.8273498297	0.5616869762	0	0	0	1
5.3	5.440430309	-0.7330391525	0	0.5269494558	-0.8498966237	0	0.8498966237	0.5269494558	0	0	0	1
5.31	5.459459335	-0.7364337678	0	0.4900716589	-0.8716821491	0	0.8716821491	0.4900716589	0	0	0	1
5.32	5.478189171	-0.739945481	0	0.4511678354	-0.8924391208	0	0.8924391208	0.4511678354	0	0	0	1
5.33	5.496630381	-0.7436358646	0	0.4100016361	-0.9120847869	0	0.9120847869	0.4100016361	0	0	0	1
5.34	5.51488301	-0.7476159858	0	0.3661489067	-0.9305562735	0	0.9305562735	0.3661489067	0	0	0	1
5.35	5.533113042	-0.7519889953	0	0.3192122888	-0.9476832354	0	0.9476832354	0.3192122888	0	0	0	1
5.36	5.551522605	-0.7568196279	0	0.2689758092	-0.9631469327	0	0.9631469327	0.2689758092	0	0	0	1
5.37	5.570330271	-0.7621317546	0	0.215463808	-0.9765118266	0	0.9765118266	0.215463808	0	0	0	1
5.38	5.589762273	-0.7679136326	0	0.158943588	-0.9872876662	0	0.9872876662	0.158943588	0	0	0	1
5.39	5.610049778	-0.7741156527	0	0.09990516838	-0.9949969635	0	0.9949969635	0.09990516838	0	0	0	1
5.4	5.631424403	-0.7806387764	0	0.03902279296	-0.9992383207	0	0.9992383207	0.03902279296	0	0	0	1
5.41	5.654108351	-0.7873228516	0	-0.0229037205	-0.9997376754	0	0.9997376754	-0.0229037205	0	0	0	1
5.42	5.678290211	-0.7939386623	0	-0.08503521493	-0.9963779465	0	0.9963779465	-0.08503521493	0	0	0	1
5.43	5.704087913	-0.8001916913	0	-0.146564607	-0.9892010999	0	0.9892010999	-0.146564607	0	0	0	1
5.44	5.73150194	-0.8057442853	0	-0.2067530288	-0.9783931649	0	0.9783931649	-0.2067530288	0	0	0	1
5.45	5.760374993	-0.8102647167	0	-0.2649419631	-0.9642643601	0	0.9642643601	-0.2649419631	0	0	0	1
5.46	5.790381768	-0.8134967992	0	-0.3205703822	-0.9472246988	0	0.9472246988	-0.3205703822	0	0	0	1
5.47	5.821055203	-0.8153188898	0	-0.373186762	-0.9277562399	0	0.9277562399	-0.373186762	0	0	0	1
5.48	5.851824909	-0.8157639696	0	-0.4223996594	-0.9064096909	0	0.9064096909	-0.4223996594	0	0	0	1
5.49	5.882054147	-0.8150099178	0	-0.4677722962	-0.8838490136	0	0.8838490136	-0.4677722962	0	0	0	1
5.5	5.911080772	-0.8133604447	0	-0.5087666118	-0.8609044864	0	0.8609044864	-0.5087666118	0	0	0	1
5.51	5.938273198	-0.8112153264	0	-0.5447983656	-0.8385670759	0	0.8385670759	-0.5447983656	0	0	0	1
5.52	5.963080975	-0.8090226596	0	-0.5753190216	-0.8179291066	0	0.8179291066	-0.5753190216	0	0	0	1
5.53	5.985068111	-0.8072231905	0	-0.5998545723	-0.8001090501	0	0.8001090501	-0.5998545723	0	0	0	1
5.54	6.00393863	-0.806196963	0	-0.6180448949	-0.7861428038	0	0.7861428038	-0.6180448949	0	0	0	1
5.55	6.019554851	-0.806219562	0	-0.6296918834	-0.7768449858	0	0.7768449858	-0.6296918834	0	0	0	1
5.56	6.031942458	-0.8074387913	0	-0.6347799285	-0.7726929807	0	0.7726929807	-0.6347799285	0	0	0	1
5.57	6.04128356	-0.8098775878	0	-0.6334755003	-0.7737627482	0	0.7737627482	-0.6334755003	0	0	0	1
5.58	6.047896662	-0.8134613215	0	-0.6261173512	-0.7797288391	0	0.7797288391	-0.6261173512	0	0	0	1
5.59	6.052199994	-0.8180575117	0	-0.6131890478	-0.7899361946	0	0.7899361946	-0.6131890478	0	0	0	1
5.6	6.054663242	-0.8234809073	0	-0.5952638995	-0.803530267	0	0.803530267	-0.5952638995	0	0	0	1
5.61	6.055798085	-0.829543154	0	-0.5732690519	-0.8193671912	0	0.8193671912	-0.5732690519	0	0	0	1
5.62	6.056011841	-0.8361597604	0	-0.547851275	-0.836575747	0	0.836575747	-0.547851275	0	0	0	1
5.63	6.055576306	-0.8433080811	0	-0.5189306234	-0.8548163593	0	0.8548163593	-0.5189306234	0	0	0	1
5.64	6.054782359	-0.850987719	0	-0.4864976729	-0.8736818725	0	0.8736818725	-0.4864976729	0	0	0	1
5.65	6.053997762	-0.8592319235	0	-0.4510523537	-0.8924974926	0	0.8924974926	-0.4510523537	0	0	0	1
5.66	6.05361384	-0.8681165307	0	-0.4134442797	-0.9105294216	0	0.9105294216	-0.4134442797	0	0	0	1
5.67	6.054110268	-0.8777570858	0	-0.3753951158	-0.9268648807	0	0.9268648807	-0.3753951158	0	0	0	1
5.68	6.056961894	-0.8873896026	0	-0.3401506975	-0.940370939	0	0.940370939	-0.3401506975	0	0	0	1
5.69	6.060341834	-0.8960155753	0	-0.29839459	-0.9544425958	0	0.9544425958	-0.29839459	0	0	0	1
5.7	6.063767955	-0.9040937876	0	-0.2556227558	-0.9667766064	0	0.9667766064	-0.2556227558	0	0	0	1
5.71	6.067031716	-0.9116313963	0	-0.2142877747	-0.9767705716	0	0.9767705716	-0.2142877747	0	0	0	1
5.72	6.0697118	-0.9182561692	0	-0.1797659483	-0.9837094103	0	0.9837094103	-0.1797659483	0	0	0	1
5.73	6.070277328	-0.9233714319	0	-0.1717806149	-0.9851352295	0	0.9851352295	-0.1717806149	0	0	0	1
5.74	6.071161262	-0.9265958743	0	-0.158941511	-0.9872880006	0	0.9872880006	-0.158941511	0	0	0	1
5.75	6.072467942	-0.927503172	0	-0.1400213498	-0.9901484846	0	0.9901484846	-0.1400213498	0	0	0	1
5.76	6.074066739	-0.9263291324	0	-0.1167704176	-0.9931589347	0	0.9931589347	-0.1167704176	0	0	0	1
5.77	6.075797976	-0.9235879078	0	-0.09132290589	-0.9958213328	0	0.9958213328	-0.09132290589	0	0	0	1
5.78	6.077582826	-0.9197767609	0	-0.0650830534	-0.9978798506	0	0.9978798506	-0.0650830534	0	0	0	1
5.79	6.079404207	-0.9153108181	0	-0.03876534799	-0.9992483414	0	0.9992483414	-0.03876534799	0	0	0	1
5.8	6.081282342	-0.9105449839	0	-0.0127784718	-0.999918352	0	0.999918352	-0.0127784718	0	0	0	1
5.81	6.083275958	-0.9056755354	0	0.01305185896	-0.9999148209	0	0.9999148209	0.01305185896	0	0	0	1
5.82	6.085457066	-0.900719163	0	0.03938908748	-0.9992239488	0	0.9992239488	0.03938908748	0	0	0	1
5.83	6.087804532	-0.8957756868	0	0.06584699334	-0.9978297317	0	0.9978297317	0.06584699334	0	0	0	1
5.84	6.090252474	-0.8909181223	0	0.09177577481	-0.9957796981	0	0.9957796981	0.09177577481	0	0	0	1
5.85	6.092761631	-0.8861562561	0	0.1169310452	-0.9931400358	0	0.9931400358	0.1169310452	0	0	0	1
5.86	6.095330859	-0.8814739574	0	0.1414412397	-0.989946653	0	0.989946653	0.1414412397	0	0	0	1
5.87	6.097976422	-0.8768593267	0	0.1655428653	-0.9862025957	0	0.9862025957	0.1655428653	0	0	0	1
5.88	6.10071749	-0.8723091938	0	0.1894445295	-0.9818914249	0	0.9818914249	0.1894445295	0	0	0	1
5.89	6.103575172	-0.8678229871	0	0.2133279325	-0.9769806514	0	0.9769806514	0.2133279325	0	0	0	1
5.9	6.106575718	-0.8633964953	0	0.2373786167	-0.9714172082	0	0.9714172082	0.2373786167	0	0	0	1
5.91	6.109750399	-0.8590181784	0	0.2617852309	-0.9651261539	0	0.9651261539	0.2617852309	0	0	0	1
5.92	6.113130499	-0.8546693253	0	0.2867034761	-0.9580193718	0	0.9580193718	0.2867034761	0	0	0	1
5.93	6.116740024	-0.8503281223	0	0.3122114715	-0.9500126299	0	0.9500126299	0.3122114715	0	0	0	1
5.94	6.120589619	-0.8459751076	0	0.3382827495	-0.9410445161	0	0.9410445161	0.3382827495	0	0	0	1
5.95	6.124674344	-0.8415972226	0	0.3647917572	-0.9310891331	0	0.9310891331	0.3647917572	0	0	0	1
5.96	6.128975773	-0.8371890723	0	0.3915458119	-0.9201586152	0	0.9201586152	0.3915458119	0	0	0	1
5.97	6.133466094	-0.8327529608	0	0.4183228615	-0.9082984001	0	0.9082984001	0.4183228615	0	0	0	1
5.98	6.138111545	-0.8282993321	0	0.4448977187	-0.8955813866	0	0.8955813866	0.4448977187	0	0	0	1
5.99	6.142874076	-0.8238478197	0	0.4710529855	-0.8821049171	0	0.8821049171	0.4710529855	0	0	0	1
6	6.147711627	-0.8194279032	0	0.4965806259	-0.8679906002	0	0.8679906002	0.4965806259	0	0	0	1
6.01	6.152578612	-0.8150788197	0	0.521285102	-0.8533825885	0	0.8533825885	0.521285102	0	0	0	1
6.02	6.157429771	-0.8108466383	0	0.5450005811	-0.8384356664	0	0.8384356664	0.5450005811	0	0	0	1
6.03	6.162226016	-0.8067796875	0	0.5676131573	-0.8232953927	0	0.8232953927	0.5676131573	0	0	0	1
6.04	6.166941975	-0.8029224165	0	0.5890847919	-0.808071227	0	0.808071227	0.5890847919	0	0	0	1
6.05	6.171573504	-0.7993085998	0	0.6094713057	-0.7928081278	0	0.7928081278	0.6094713057	0	0	0	1
6.06	6.176142096	-0.7959558564	0	0.6289238892	-0.7774668749	0	0.7774668749	0.6289238892	0	0	0	1
6.07	6.180692835	-0.7928630412	0	0.6476650128	-0.7619252137	0	0.7619252137	0.6476650128	0	0	0	1
6.08	6.185284377	-0.7900103331	0	0.6659385906	-0.746006564	0	0.746006564	0.6659385906	0	0	0	1
6.09	6.189974817	-0.7873605719	0	0.6839541529	-0.7295249939	0	0.7295249939	0.6839541529	0	0	0	1
6.1	6.194808115	-0.7848612552	0	0.7018426123	-0.7123320487	0	0.7123320487	0.7018426123	0	0	0	1
6.11	6.199802699	-0.782448401	0	0.7196275079	-0.6943603171	0	0.6943603171	0.7196275079	0	0	0	1
6.12	6.204943707	-0.7800525564	0	0.737214704	-0.6756585529	0	0.6756585529	0.737214704	0	0	0	1
6.13	6.210179455	-0.7776065603	0	0.7544000647	-0.6564149163	0	0.6564149163	0.7544000647	0	0	0	1
6.14	6.21542238	-0.7750543286	0	0.7708918085	-0.6369661055	0	0.6369661055	0.7708918085	0	0	0	1
6.15	6.2205552	-0.7723600028	0	0.7863438061	-0.6177891376	0	0.6177891376	0.7863438061	0	0	0	1
6.16	6.225443982	-0.7695165869	0	0.800394412	-0.5994737569	0	0.5994737569	0.800394412	0	0	0	1
6.17	6.229960635	-0.7665534668	0	0.8126949012	-0.5826894521	0	0.5826894521	0.8126949012	0	0	0	1
6.18	6.234037343	-0.7635548548	0	0.8228015012	-0.568328857	0	0.568328857	0.8228015012	0	0	0	1
6.19	6.238142859	-0.7609268866	0	0.8286753658	-0.5597295222	0	0.5597295222	0.8286753658	0	0	0	1
6.2	6.242870716	-0.7590048664	0	0.83066928	-0.5567661514	0	0.5567661514	0.83066928	0	0	0	1
6.21	6.248062444	-0.7575877405	0	0.8307129	-0.5567010668	0	0.5567010668	0.8307129	0	0	0	1
6.22	6.253470581	-0.7564964532	0	0.8296138309	-0.5583376143	0	0.5583376143	0.8296138309	0	0	0	1
6.23	6.258894965	-0.755606139	0	0.8278350083	-0.5609716562	0	0.5609716562	0.8278350083	0	0	0	1
6.24	6.264217132	-0.7548118648	0	0.8259082388	-0.5638045592	0	0.5638045592	0.8259082388	0	0	0	1
6.25	6.269414463	-0.754042349	0	0.8243820198	-0.56603382	0	0.56603382	0.8243820198	0	0	0	1
6.26	6.274527038	-0.753265524	0	0.8237040406	-0.5670199762	0	0.5670199762	0.8237040406	0	0	0	1
6.27	6.279739963	-0.7525103088	0	0.8247121978	-0.565552642	0	0.565552642	0.8247121978	0	0	0	1
6.28	6.285258807	-0.7518527452	0	0.8258696283	-0.563861115	0	0.563861115	0.8258696283	0	0	0	1
6.29	6.291588369	-0.7509750544	0	0.8248618726	-0.565334318	0	0.565334318	0.8248618726	0	0	0	1
6.3	6.299414421	-0.7492665092	0	0.8245992892	-0.5657172547	0	0.5657172547	0.8245992892	0	0	0	1
6.31	6.309044755	-0.7467356389	0	0.8249621798	-0.565187935	0	0.565187935	0.8249621798	0	0	0	1
6.32	6.320805578	-0.7437667315	0	0.8244012068	-0.5660058748	0	0.5660058748	0.8244012068	0	0	0	1
6.33	6.335009944	-0.7409330039	0	0.820999467	-0.5709289581	0	0.5709289581	0.820999467	0	0	0	1
6.34	6.351281921	-0.7390435596	0	0.8132340082	-0.5819368075	0	0.5819368075	0.8132340082	0	0	0	1
6.35	6.369063392	-0.737947288	0	0.8013068985	-0.5982535035	0	0.5982535035	0.8013068985	0	0	0	1
6.36	6.387821495	-0.7367994154	0	0.7870614584	-0.6168745907	0	0.6168745907	0.7870614584	0	0	0	1
6.37	6.407047799	-0.7348995866	0	0.7725235283	-0.6349861402	0	0.6349861402	0.7725235283	0	0	0	1
6.38	6.426294796	-0.7321531413	0	0.7587878798	-0.6513378182	0	0.6513378182	0.7587878798	0	0	0	1
6.39	6.445263754	-0.7289941785	0	0.7458625097	-0.6660999299	0	0.6660999299	0.7458625097	0	0	0	1
6.4	6.46384807	-0.7260723488	0	0.7330755906	-0.6801471741	0	0.6801471741	0.7330755906	0	0	0	1
6.41	6.482111981	-0.7239122579	0	0.7193500097	-0.6946477982	0	0.6946477982	0.7193500097	0	0	0	1
6.42	6.500228087	-0.7226278525	0	0.7038736637	-0.710325183	0	0.710325183	0.7038736637	0	0	0	1
6.43	6.518422945	-0.7220939764	0	0.6863394961	-0.7272813047	0	0.7272813047	0.6863394961	0	0	0	1
6.44	6.536872367	-0.7222649735	0	0.6663947349	-0.7455991264	0	0.7455991264	0.6663947349	0	0	0	1
6.45	6.55564486	-0.7232128433	0	0.6434952893	-0.765450072	0	0.765450072	0.6434952893	0	0	0	1
6.46	6.574711068	-0.7249771457	0	0.6172105156	-0.786798055	0	0.786798055	0.6172105156	0	0	0	1
6.47	6.593971235	-0.7274603284	0	0.5875169309	-0.8092118733	0	0.8092118733	0.5875169309	0	0	0	1
6.48	6.613279961	-0.730450382	0	0.5548066341	-0.8319793259	0	0.8319793259	0.5548066341	0	0	0	1
6.49	6.632478212	-0.7337237317	0	0.5196266651	-0.8543934275	0	0.8543934275	0.5196266651	0	0	0	1
6.5	6.651433507	-0.7371386903	0	0.4823660124	-0.8759697655	0	0.8759697655	0.4823660124	0	0	0	1
6.51	6.670084068	-0.7406763397	0	0.4430578476	-0.8964930249	0	0.8964930249	0.4430578476	0	0	0	1
6.52	6.688460698	-0.7444140327	0	0.4014080016	-0.9158993483	0	0.9158993483	0.4014080016	0	0	0	1
6.53	6.706679732	-0.7484650412	0	0.3569807732	-0.9341117318	0	0.9341117318	0.3569807732	0	0	0	1
6.54	6.724916999	-0.7529259167	0	0.3094062959	-0.9509299364	0	0.9509299364	0.3094062959	0	0	0	1
6.55	6.743379477	-0.7578526656	0	0.2585150359	-0.966007234	0	0.966007234	0.2585150359	0	0	0	1
6.56	6.762286993	-0.7632609285	0	0.2043835179	-0.9788908916	0	0.9788908916	0.2043835179	0	0	0	1
6.57	6.781866314	-0.7691315256	0	0.147327907	-0.9890877048	0	0.9890877048	0.147327907	0	0	0	1
6.58	6.802348327	-0.775405734	0	0.08787985855	-0.996131081	0	0.996131081	0.08787985855	0	0	0	1
6.59	6.823963515	-0.7819733817	0	0.02674476985	-0.9996422947	0	0.9996422947	0.02674476985	0	0	0	1
6.6	6.846929095	-0.7886610012	0	-0.03526349512	-0.9993780495	0	0.9993780495	-0.03526349512	0	0	0	1
6.61	6.87142258	-0.7952261183	0	-0.09730962744	-0.9952541567	0	0.9952541567	-0.09730962744	0	0	0	1
6.62	6.897542477	-0.801363886	0	-0.1586009722	-0.987342763	0	0.987342763	-0.1586009722	0	0	0	1
6.63	6.925260791	-0.8067337482	0	-0.2184166954	-0.9758555975	0	0.9758555975	-0.2184166954	0	0	0	1
6.64	6.954387104	-0.8110138117	0	-0.2761185391	-0.9611235885	0	0.9611235885	-0.2761185391	0	0	0	1
6.65	6.984565758	-0.8139709786	0	-0.3311684274	-0.9435716574	0	0.9435716574	-0.3311684274	0	0	0	1
6.66	7.015306322	-0.8155135915	0	-0.3831327961	-0.9236932719	0	0.9236932719	-0.3831327961	0	0	0	1
6.67	7.046023832	-0.8157042695	0	-0.4316208419	-0.9020551252	0	0.9020551252	-0.4316208419	0	0	0	1
6.68	7.076072106	-0.8147467179	0	-0.4761758467	-0.8793500799	0	0.8793500799	-0.4761758467	0	0	0	1
6.69	7.104790831	-0.8129659929	0	-0.5162430422	-0.8564421296	0	0.8564421296	-0.5162430422	0	0	0	1
6.7	7.131560302	-0.8107752542	0	-0.5512382472	-0.834347886	0	0.834347886	-0.5512382472	0	0	0	1
6.71	7.155850015	-0.808625422	0	-0.58062486	-0.8141712178	0	0.8141712178	-0.58062486	0	0	0	1
6.72	7.177249436	-0.8069493179	0	-0.6039472697	-0.7970242753	0	0.7970242753	-0.6039472697	0	0	0	1
6.73	7.195491853	-0.806109642	0	-0.6208722598	-0.7839117533	0	0.7839117533	-0.6208722598	0	0	0	1
6.74	7.210471209	-0.8063581994	0	-0.6312362407	-0.7755906191	0	0.7755906191	-0.6312362407	0	0	0	1
6.75	7.222244412	-0.8078174415	0	-0.635059254	-0.7724634256	0	0.7724634256	-0.635059254	0	0	0	1
6.76	7.231021948	-0.810488547	0	-0.6325417435	-0.7745262699	0	0.7745262699	-0.6325417435	0	0	0	1
6.77	7.237144884	-0.8142824645	0	-0.6240531668	-0.7813818817	0	0.7813818817	-0.6240531668	0	0	0	1
6.78	7.241045268	-0.8190580194	0	-0.6100968096	-0.7923268788	0	0.7923268788	-0.6100968096	0	0	0	1
6.79	7.2432019	-0.8246194265	0	-0.5912882721	-0.8064602776	0	0.8064602776	-0.5912882721	0	0	0	1
6.8	7.244122387	-0.8307947018	0	-0.5685964067	-0.8226166338	0	0.8226166338	-0.5685964067	0	0	0	1
6.81	7.244179908	-0.8375171269	0	-0.5425020691	-0.8400544655	0	0.8400544655	-0.5425020691	0	0	0	1
6.82	7.243638785	-0.8447691777	0	-0.5128708578	-0.8584657729	0	0.8584657729	-0.5128708578	0	0	0	1
6.83	7.242805526	-0.8525554846	0	-0.4797832526	-0.8773870472	0	0.8773870472	-0.4797832526	0	0	0	1
6.84	7.242059045	-0.8609176086	0	-0.443831532	-0.896110245	0	0.896110245	-0.443831532	0	0	0	1
6.85	7.241786386	-0.8699389743	0	-0.4058973527	-0.913918672	0	0.913918672	-0.4058973527	0	0	0	1
6.86	7.242769078	-0.8797358267	0	-0.3691383244	-0.9293744657	0	0.9293744657	-0.3691383244	0	0	0	1
6.87	7.245758501	-0.889135855	0	-0.3323173422	-0.9431676331	0	0.9431676331	-0.3323173422	0	0	0	1
6.88	7.249182189	-0.8976321413	0	-0.2899536206	-0.9570406982	0	0.9570406982	-0.2899536206	0	0	0	1
6.89	7.252581078	-0.9056166147	0	-0.247410397	-0.9689107779	0	0.9689107779	-0.247410397	0	0	0	1
6.9	7.255816742	-0.9130187962	0	-0.2063093763	-0.978486812	0	0.978486812	-0.2063093763	0	0	0	1
6.91	7.258007239	-0.9193653145	0	-0.1779017598	-0.9840482528	0	0.9840482528	-0.1779017598	0	0	0	1
6.92	7.258577295	-0.9241741861	0	-0.1697649248	-0.9854845865	0	0.9854845865	-0.1697649248	0	0	0	1
6.93	7.259547522	-0.9269545084	0	-0.1556706241	-0.9878090184	0	0.9878090184	-0.1556706241	0	0	0	1
6.94	7.260925355	-0.9274214437	0	-0.1357254874	-0.9907464822	0	0.9907464822	-0.1357254874	0	0	0	1
6.95	7.262560521	-0.9258984484	0	-0.1118924456	-0.9937203231	0	0.9937203231	-0.1118924456	0	0	0	1
6.96	7.264305984	-0.922911578	0	-0.08620491483	-0.9962774276	0	0.9962774276	-0.08620491483	0	0	0	1
6.97	7.266097979	-0.9189417308	0	-0.05990861719	-0.9982038657	0	0.9982038657	-0.05990861719	0	0	0	1
6.98	7.267927814	-0.91439063	0	-0.03362703073	-0.9994344515	0	0.9994344515	-0.03362703073	0	0	0	1
6.99	7.269822133	-0.9095994626	0	-0.007729129966	-0.9999701298	0	0.9999701298	-0.007729129966	0	0	0	1
7	7.271849079	-0.9047081764	0	0.01818159624	-0.9998347011	0	0.9998347011	0.01818159624	0	0	0	1
7.01	7.274067295	-0.8997451695	0	0.04459800521	-0.999005014	0	0.999005014	0.04459800521	0	0	0	1
7.02	7.27643965	-0.8948143887	0	0.07099721968	-0.9974765134	0	0.9974765134	0.07099721968	0	0	0	1
7.03	7.278901584	-0.8899755984	0	0.0967812388	-0.9953056776	0	0.9953056776	0.0967812388	0	0	0	1
7.04	7.281422119	-0.885230007	0	0.1217965574	-0.9925550859	0	0.9925550859	0.1217965574	0	0	0	1
7.05	7.284005303	-0.8805608901	0	0.1462117939	-0.98925331	0	0.98925331	0.1462117939	0	0	0	1
7.06	7.286668583	-0.8759582974	0	0.1702627982	-0.9853986907	0	0.9853986907	0.1702627982	0	0	0	1
7.07	7.28943125	-0.8714201511	0	0.1941500545	-0.9809718428	0	0.9809718428	0.1941500545	0	0	0	1
7.08	7.292315155	-0.8669456089	0	0.2180537708	-0.9759367567	0	0.9759367567	0.2180537708	0	0	0	1
7.09	7.29534771	-0.8625292214	0	0.2421616271	-0.970235923	0	0.970235923	0.2421616271	0	0	0	1
7.1	7.298560721	-0.8581578833	0	0.2666595462	-0.9637907897	0	0.9637907897	0.2666595462	0	0	0	1
7.11	7.301984642	-0.8538118709	0	0.2916914742	-0.9565124588	0	0.9565124588	0.2916914742	0	0	0	1
7.12	7.305641267	-0.8494694091	0	0.317316396	-0.9483197271	0	0.9483197271	0.317316396	0	0	0	1
7.13	7.309538216	-0.8451120614	0	0.3434870282	-0.939157421	0	0.939157421	0.3434870282	0	0	0	1
7.14	7.313667708	-0.8407282163	0	0.3700620399	-0.9290070433	0	0.9290070433	0.3700620399	0	0	0	1
7.15	7.318009081	-0.8363139705	0	0.3968397385	-0.9178879136	0	0.9178879136	0.3968397385	0	0	0	1
7.16	7.322533121	-0.8318731813	0	0.4235958534	-0.9058512864	0	0.9058512864	0.4235958534	0	0	0	1
7.17	7.327205168	-0.8274180025	0	0.4501063749	-0.8929749443	0	0.8929749443	0.4501063749	0	0	0	1
7.18	7.331986402	-0.8229699117	0	0.47615578	-0.8793609459	0	0.8793609459	0.47615578	0	0	0	1
7.19	7.33683374	-0.8185605307	0	0.5015369313	-0.8651362358	0	0.8651362358	0.5015369313	0	0	0	1
7.2	7.341701357	-0.814230678	0	0.5260589141	-0.8504481283	0	0.8504481283	0.5260589141	0	0	0	1
7.21	7.346544649	-0.810027295	0	0.5495641489	-0.8354515224	0	0.8354515224	0.5495641489	0	0	0	1
7.22	7.351326594	-0.8059984636	0	0.5719518545	-0.8202871912	0	0.8202871912	0.5719518545	0	0	0	1
7.23	7.356025455	-0.8021870449	0	0.5932014484	-0.8050540613	0	0.8050540613	0.5932014484	0	0	0	1
7.24	7.36064195	-0.798624002	0	0.6133882077	-0.7897815563	0	0.7897815563	0.6133882077	0	0	0	1
7.25	7.365202683	-0.7953233531	0	0.6326803985	-0.7744130121	0	0.7744130121	0.6326803985	0	0	0	1
7.26	7.36975642	-0.7922802882	0	0.651309126	-0.7588125081	0	0.7588125081	0.651309126	0	0	0	1
7.27	7.374363076	-0.7894712045	0	0.6695167144	-0.7427969905	0	0.7427969905	0.6695167144	0	0	0	1
7.28	7.379078908	-0.7868557987	0	0.6874998172	-0.7261845505	0	0.7261845505	0.6874998172	0	0	0	1
7.29	7.383943612	-0.7843789287	0	0.7053697223	-0.7088395833	0	0.7088395833	0.7053697223	0	0	0	1
7.3	7.388969478	-0.7819749607	0	0.7231267843	-0.6907153204	0	0.6907153204	0.7231267843	0	0	0	1
7.31	7.394134456	-0.779574259	0	0.7406538352	-0.6718868181	0	0.6718868181	0.7406538352	0	0	0	1
7.32	7.39937957	-0.7771111552	0	0.7577273161	-0.6525713098	0	0.6525713098	0.7577273161	0	0	0	1
7.33	7.404610724	-0.7745328373	0	0.7740418417	-0.6331344465	0	0.6331344465	0.7740418417	0	0	0	1
7.34	7.409705964	-0.7718085413	0	0.7892448953	-0.6140785741	0	0.6140785741	0.7892448953	0	0	0	1
7.35	7.414530503	-0.7689377709	0	0.8029763517	-0.596010888	0	0.596010888	0.8029763517	0	0	0	1
7.36	7.418961416	-0.7659582724	0	0.8148889875	-0.5796170616	0	0.5796170616	0.8148889875	0	0	0	1
7.37	7.422971978	-0.7629812436	0	0.8243750261	-0.5660440057	0	0.5660440057	0.8243750261	0	0	0	1
7.38	7.427188863	-0.7604944978	0	0.829297245	-0.5588077303	0	0.5588077303	0.829297245	0	0	0	1
7.39	7.432028835	-0.7586911282	0	0.8307928234	-0.5565817861	0	0.5565817861	0.8307928234	0	0	0	1
7.4	7.437281922	-0.757350013	0	0.8305691648	-0.5569154895	0	0.5569154895	0.8305691648	0	0	0	1
7.41	7.442707132	-0.756307812	0	0.8292983848	-0.5588060388	0	0.5588060388	0.8292983848	0	0	0	1
7.42	7.448117299	-0.7554440369	0	0.8274460865	-0.5615451664	0	0.5615451664	0.8274460865	0	0	0	1
7.43	7.453413812	-0.7546589985	0	0.825557584	-0.5643178852	0	0.5643178852	0.825557584	0	0	0	1
7.44	7.458589948	-0.7538894993	0	0.8241690795	-0.5663438253	0	0.5663438253	0.8241690795	0	0	0	1
7.45	7.463693456	-0.7531100022	0	0.8237007738	-0.5670247219	0	0.5670247219	0.8237007738	0	0	0	1
7.46	7.468975351	-0.7523805391	0	0.8251698432	-0.5648847049	0	0.5648847049	0.8251698432	0	0	0	1
7.47	7.474573012	-0.7517114344	0	0.8257425904	-0.5640471385	0	0.5640471385	0.8257425904	0	0	0	1
7.48	7.481168016	-0.7507158969	0	0.8247096923	-0.5655562956	0	0.5655562956	0.8247096923	0	0	0	1
7.49	7.489331873	-0.7488191859	0	0.8246647207	-0.5656218688	0	0.5656218688	0.8246647207	0	0	0	1
7.5	7.49934946	-0.7461777961	0	0.8249779285	-0.5651649471	0	0.5651649471	0.8249779285	0	0	0	1
7.51	7.511594018	-0.7431661784	0	0.8240071293	-0.5665794304	0	0.5665794304	0.8240071293	0	0	0	1
7.52	7.526251346	-0.740479399	0	0.819824639	-0.5726146709	0	0.5726146709	0.819824639	0	0	0	1
7.53	7.542867284	-0.7387940084	0	0.8111486625	-0.5848400185	0	0.5848400185	0.8111486625	0	0	0	1
7.54	7.560883935	-0.7377622683	0	0.7985870607	-0.6018793123	0	0.6018793123	0.7985870607	0	0	0	1
7.55	7.579774314	-0.7365050189	0	0.7841424211	-0.620580908	0	0.620580908	0.7841424211	0	0	0	1
7.56	7.599036202	-0.7344243465	0	0.7697157437	-0.6383867745	0	0.6383867745	0.7697157437	0	0	0	1
7.57	7.61824485	-0.731549166	0	0.7561715033	-0.6543734848	0	0.6543734848	0.7561715033	0	0	0	1
7.58	7.637138538	-0.7283827586	0	0.7433449642	-0.6689082629	0	0.6689082629	0.7433449642	0	0	0	1
7.59	7.655648526	-0.7255791692	0	0.7304700846	-0.6829446943	0	0.6829446943	0.7304700846	0	0	0	1
7.6	7.673864591	-0.7235947568	0	0.716444703	-0.6976438831	0	0.6976438831	0.716444703	0	0	0	1
7.61	7.691976463	-0.7224683082	0	0.7005839165	-0.7135700218	0	0.7135700218	0.7005839165	0	0	0	1
7.62	7.710208823	-0.7220715753	0	0.6826123129	-0.7307806991	0	0.7307806991	0.6826123129	0	0	0	1
7.63	7.728718087	-0.7223887063	0	0.6621312741	-0.7493878674	0	0.7493878674	0.6621312741	0	0	0	1
7.64	7.747551332	-0.7234982352	0	0.6385894006	-0.7695476447	0	0.7695476447	0.6385894006	0	0	0	1
7.65	7.766663118	-0.7254168006	0	0.6116209042	-0.7911509777	0	0.7911509777	0.6116209042	0	0	0	1
7.66	7.785942636	-0.7280186121	0	0.5812945803	-0.8136931921	0	0.8136931921	0.5812945803	0	0	0	1
7.67	7.805238969	-0.7310803671	0	0.5480589894	-0.8364396835	0	0.8364396835	0.5480589894	0	0	0	1
7.68	7.824394639	-0.7343883208	0	0.5124539664	-0.8587146979	0	0.8587146979	0.5124539664	0	0	0	1
7.69	7.843288321	-0.7378243718	0	0.4748061316	-0.8800904144	0	0.8800904144	0.4748061316	0	0	0	1
7.7	7.861875831	-0.7413924749	0	0.4350746905	-0.9003943656	0	0.9003943656	0.4350746905	0	0	0	1
7.71	7.880206311	-0.7451821108	0	0.392920111	-0.9195726107	0	0.9195726107	0.392920111	0	0	0	1
7.72	7.898410504	-0.7493068639	0	0.3479035511	-0.9375303297	0	0.9375303297	0.3479035511	0	0	0	1
7.73	7.916672361	-0.7538559913	0	0.2996876657	-0.9540373698	0	0.9540373698	0.2996876657	0	0	0	1
7.74	7.935202227	-0.758876903	0	0.2481504849	-0.968721496	0	0.968721496	0.2481504849	0	0	0	1
7.75	7.954221643	-0.7643782614	0	0.1934169762	-0.9811166461	0	0.9811166461	0.1934169762	0	0	0	1
7.76	7.973958095	-0.7703336776	0	0.1358482745	-0.9907296535	0	0.9907296535	0.1358482745	0	0	0	1
7.77	7.99464275	-0.7766753278	0	0.07601432214	-0.9971067259	0	0.9971067259	0.07601432214	0	0	0	1
7.78	8.016504787	-0.783281504	0	0.01464840413	-0.9998927064	0	0.9998927064	0.01464840413	0	0	0	1
7.79	8.039756005	-0.7899654376	0	-0.04742542603	-0.9988747814	0	0.9988747814	-0.04742542603	0	0	0	1
7.8	8.064561919	-0.7964715801	0	-0.1093766831	-0.9940003728	0	0.9940003728	-0.1093766831	0	0	0	1
7.81	8.091000024	-0.8024853973	0	-0.1704265804	-0.9853703774	0	0.9853703774	-0.1704265804	0	0	0	1
7.82	8.119012867	-0.8076651204	0	-0.2298704787	-0.9732212303	0	0.9732212303	-0.2298704787	0	0	0	1
7.83	8.148376617	-0.8117005773	0	-0.2870874787	-0.9579043687	0	0.9579043687	-0.2870874787	0	0	0	1
7.84	8.178706218	-0.8143834239	0	-0.3415610631	-0.9398595853	0	0.9398595853	-0.3415610631	0	0	0	1
7.85	8.20949012	-0.8156524853	0	-0.3928748861	-0.9195919333	0	0.9195919333	-0.3928748861	0	0	0	1
7.86	8.240128848	-0.8155991022	0	-0.4406336724	-0.8976870093	0	0.8976870093	-0.4406336724	0	0	0	1
7.87	8.269969895	-0.8144521582	0	-0.4843593681	-0.8748691345	0	0.8748691345	-0.4843593681	0	0	0	1
7.88	8.298355294	-0.8125570227	0	-0.523481652	-0.8520369476	0	0.8520369476	-0.523481652	0	0	0	1
7.89	8.324680354	-0.8103385368	0	-0.5574236325	-0.830228218	0	0.830228218	-0.5574236325	0	0	0	1
7.9	8.348435621	-0.8082483656	0	-0.5856623444	-0.8105551297	0	0.8105551297	-0.5856623444	0	0	0	1
7.91	8.369236647	-0.8067095299	0	-0.6077609403	-0.7941200409	0	0.7941200409	-0.6077609403	0	0	0	1
7.92	8.386847005	-0.806065805	0	-0.6234159468	-0.7818903742	0	0.7818903742	-0.6234159468	0	0	0	1
7.93	8.401192473	-0.8065444396	0	-0.6324993488	-0.7745608909	0	0.7745608909	-0.6324993488	0	0	0	1
7.94	8.412360961	-0.8082428648	0	-0.6350668015	-0.7724572206	0	0.7724572206	-0.6350668015	0	0	0	1
7.95	8.42059075	-0.8111416979	0	-0.6313530097	-0.7754955687	0	0.7754955687	-0.6313530097	0	0	0	1
7.96	8.426244209	-0.8151391435	0	-0.6217575831	-0.783209747	0	0.783209747	-0.6217575831	0	0	0	1
7.97	8.429764563	-0.8200848811	0	-0.6067987683	-0.7948554931	0	0.7948554931	-0.6067987683	0	0	0	1
7.98	8.431640864	-0.8257760094	0	-0.587154733	-0.8094747182	0	0.8094747182	-0.587154733	0	0	0	1
7.99	8.432367942	-0.8320606849	0	-0.5637913453	-0.8259172592	0	0.8259172592	-0.5637913453	0	0	0	1
8	8.432286554	-0.8388870985	0	-0.5370212197	-0.8435687343	0	0.8435687343	-0.5370212197	0	0	0	1
8.01	8.431659659	-0.8462419696	0	-0.5066925768	-0.8621268077	0	0.8621268077	-0.5066925768	0	0	0	1
8.02	8.430810202	-0.8541357684	0	-0.4729858182	-0.8810700402	0	0.8810700402	-0.4729858182	0	0	0	1
8.03	8.430124585	-0.8626184989	0	-0.4365734908	-0.8996685985	0	0.8996685985	-0.4365734908	0	0	0	1
8.04	8.429982838	-0.871780585	0	-0.3983581312	-0.9172299599	0	0.9172299599	-0.3983581312	0	0	0	1
8.05	8.431464427	-0.88166923	0	-0.3625846449	-0.9319508438	0	0.9319508438	-0.3625846449	0	0	0	1
8.06	8.43457108	-0.8908404941	0	-0.324312646	-0.9459499499	0	0.9459499499	-0.324312646	0	0	0	1
8.07	8.438018812	-0.8992226821	0	-0.2815735076	-0.9595396604	0	0.9595396604	-0.2815735076	0	0	0	1
8.08	8.441385888	-0.9071110152	0	-0.2393133426	-0.9709423897	0	0.9709423897	-0.2393133426	0	0	0	1
8.09	8.444597582	-0.9143662667	0	-0.1983966365	-0.9801218162	0	0.9801218162	-0.1983966365	0	0	0	1
8.1	8.446268515	-0.9204221519	0	-0.1765377854	-0.9842938638	0	0.9842938638	-0.1765377854	0	0	0	1
8.11	8.446894892	-0.9248944699	0	-0.1675266013	-0.9858675559	0	0.9858675559	-0.1675266013	0	0	0	1
8.12	8.44795044	-0.9272226463	0	-0.1522014661	-0.9883494897	0	0.9883494897	-0.1522014661	0	0	0	1
8.13	8.44939263	-0.9272651044	0	-0.1313192793	-0.9913401267	0	0.9913401267	-0.1313192793	0	0	0	1
8.14	8.451058109	-0.9254155718	0	-0.1069882029	-0.9942602901	0	0.9942602901	-0.1069882029	0	0	0	1
8.15	8.45281539	-0.9222025043	0	-0.08110948769	-0.9967051976	0	0.9967051976	-0.08110948769	0	0	0	1
8.16	8.454614183	-0.9180900302	0	-0.05478004503	-0.998498446	0	0.998498446	-0.05478004503	0	0	0	1
8.17	8.456453408	-0.9134675353	0	-0.02854882849	-0.9995923991	0	0.9995923991	-0.02854882849	0	0	0	1
8.18	8.458366446	-0.9086564593	0	-0.002722228855	-0.9999962947	0	0.9999962947	-0.002722228855	0	0	0	1
8.19	8.460429122	-0.9037447641	0	0.02328858219	-0.9997287842	0	0.9997287842	0.02328858219	0	0	0	1
8.2	8.462682363	-0.8987801507	0	0.04975841626	-0.9987612828	0	0.9987612828	0.04975841626	0	0	0	1
8.21	8.465076576	-0.8938649041	0	0.07607276083	-0.9971022691	0	0.9971022691	0.07607276083	0	0	0	1
8.22	8.467550935	-0.8890453799	0	0.1017047695	-0.9948146259	0	0.9948146259	0.1017047695	0	0	0	1
8.23	8.47008259	-0.8843160221	0	0.1265848026	-0.9919557892	0	0.9919557892	0.1265848026	0	0	0	1
8.24	8.47267982	-0.8796604327	0	0.1509109946	-0.9885473543	0	0.9885473543	0.1509109946	0	0	0	1
8.25	8.47536084	-0.8750705504	0	0.1749151296	-0.9845835147	0	0.9845835147	0.1749151296	0	0	0	1
8.26	8.47814517	-0.8705450785	0	0.1987909261	-0.9800419214	0	0.9800419214	0.1987909261	0	0	0	1
8.27	8.481055559	-0.8660826743	0	0.2227185422	-0.9748827883	0	0.9748827883	0.2227185422	0	0	0	1
8.28	8.484120552	-0.8616765124	0	0.2468875151	-0.969044145	0	0.969044145	0.2468875151	0	0	0	1
8.29	8.487372242	-0.8573119816	0	0.2714792535	-0.9624442918	0	0.9624442918	0.2714792535	0	0	0	1
8.3	8.49083995	-0.8529685335	0	0.2966241497	-0.9549943004	0	0.9549943004	0.2966241497	0	0	0	1
8.31	8.494543061	-0.8486246309	0	0.3223613289	-0.9466166984	0	0.9466166984	0.3223613289	0	0	0	1
8.32	8.498486145	-0.8442629857	0	0.3486232623	-0.9372629412	0	0.9372629412	0.3486232623	0	0	0	1
8.33	8.502658634	-0.8398734643	0	0.3752539154	-0.9269220566	0	0.9269220566	0.3752539154	0	0	0	1
8.34	8.50703788	-0.8354536647	0	0.4020445986	-0.9156200854	0	0.9156200854	0.4020445986	0	0	0	1
8.35	8.511593432	-0.8310089771	0	0.4287698401	-0.9034137614	0	0.9034137614	0.4287698401	0	0	0	1
8.36	8.516289751	-0.8265533016	0	0.4552068891	-0.8903856963	0	0.8903856963	0.4552068891	0	0	0	1
8.37	8.521087246	-0.8221100197	0	0.4811420569	-0.8766426416	0	0.8766426416	0.4811420569	0	0	0	1
8.38	8.525942066	-0.8177127055	0	0.5063702196	-0.8623161837	0	0.8623161837	0.5063702196	0	0	0	1
8.39	8.53080825	-0.8134036529	0	0.5307054011	-0.8475563564	0	0.8475563564	0.5307054011	0	0	0	1
8.4	8.535642095	-0.8092304765	0	0.5539990547	-0.8325172956	0	0.8325172956	0.5539990547	0	0	0	1
8.41	8.540408911	-0.8052407864	0	0.5761641977	-0.8173339693	0	0.8173339693	0.5761641977	0	0	0	1
8.42	8.545090823	-0.8014756477	0	0.5971980624	-0.8020938064	0	0.8020938064	0.5971980624	0	0	0	1
8.43	8.549693507	-0.797963035	0	0.6171950515	-0.7868101857	0	0.7868101857	0.6171950515	0	0	0	1
8.44	8.554248426	-0.7947134383	0	0.6363388235	-0.7714096847	0	0.7714096847	0.6363388235	0	0	0	1
8.45	8.558807679	-0.7917180784	0	0.6548677786	-0.75574347	0	0.75574347	0.6548677786	0	0	0	1
8.46	8.563431388	-0.7889502412	0	0.6730183466	-0.7396257872	0	0.7396257872	0.6730183466	0	0	0	1
8.47	8.568173662	-0.7863664147	0	0.6909737962	-0.7228798054	0	0.7228798054	0.6909737962	0	0	0	1
8.48	8.573069583	-0.7839090607	0	0.7088251768	-0.7053841994	0	0.7053841994	0.7088251768	0	0	0	1
8.49	8.578125219	-0.7815111817	0	0.726550095	-0.6871134982	0	0.6871134982	0.726550095	0	0	0	1
8.5	8.583311464	-0.7791032603	0	0.7440094843	-0.6681690559	0	0.6681690559	0.7440094843	0	0	0	1
8.51	8.588562229	-0.7766213837	0	0.760961577	-0.6487969469	0	0.6487969469	0.760961577	0	0	0	1
8.52	8.593777185	-0.7740163043	0	0.7770887311	-0.629391058	0	0.629391058	0.7770887311	0	0	0	1
8.53	8.598830524	-0.7712625196	0	0.7920341131	-0.6104768331	0	0.6104768331	0.7920341131	0	0	0	1
8.54	8.603587206	-0.7683663972	0	0.8054393713	-0.5926781751	0	0.5926781751	0.8054393713	0	0	0	1
8.55	8.607931712	-0.7653741302	0	0.8169571387	-0.5766983904	0	0.5766983904	0.8169571387	0	0	0	1
8.56	8.611906156	-0.7624409193	0	0.8257122557	-0.5640915447	0	0.5640915447	0.8257122557	0	0	0	1
8.57	8.616245914	-0.7600978239	0	0.8297808765	-0.558089327	0	0.558089327	0.8297808765	0	0	0	1
8.58	8.621185999	-0.758401123	0	0.8308533666	-0.5564914044	0	0.5564914044	0.8308533666	0	0	0	1
8.59	8.626489547	-0.7571284917	0	0.8303902994	-0.5571821522	0	0.5571821522	0.8303902994	0	0	0	1
8.6	8.631923765	-0.7561297728	0	0.8289684643	-0.559295347	0	0.559295347	0.8289684643	0	0	0	1
8.61	8.637316061	-0.7552881337	0	0.8270651683	-0.5621060463	0	0.5621060463	0.8270651683	0	0	0	1
8.62	8.642587131	-0.7545097631	0	0.8252344321	-0.5647903434	0	0.5647903434	0.8252344321	0	0	0	1
8.63	8.647744152	-0.7537393741	0	0.8239962471	-0.5665952566	0	0.5665952566	0.8239962471	0	0	0	1
8.64	8.652844296	-0.752956984	0	0.8237554579	-0.5669452756	0	0.5669452756	0.8237554579	0	0	0	1
8.65	8.658193719	-0.7522557481	0	0.8255374803	-0.5643472943	0	0.5643472943	0.8255374803	0	0	0	1
8.66	8.663906347	-0.7515653733	0	0.8255447576	-0.5643366489	0	0.5643366489	0.8255447576	0	0	0	1
8.67	8.670778	-0.7504240207	0	0.824611667	-0.5656992122	0	0.5656992122	0.824611667	0	0	0	1
8.68	8.679281839	-0.7483514714	0	0.824745084	-0.565504683	0	0.565504683	0.824745084	0	0	0	1
8.69	8.689690133	-0.7456159086	0	0.8249540616	-0.5651997844	0	0.5651997844	0.8249540616	0	0	0	1
8.7	8.702416686	-0.7425877988	0	0.8235045053	-0.56730973	0	0.56730973	0.8235045053	0	0	0	1
8.71	8.717497058	-0.7400723992	0	0.8185042284	-0.5745005032	0	0.5745005032	0.8185042284	0	0	0	1
8.72	8.734427212	-0.7385702434	0	0.8089643008	-0.5878577719	0	0.5878577719	0.8089643008	0	0	0	1
8.73	8.752653468	-0.7375646661	0	0.7958638548	-0.6054756185	0	0.6054756185	0.7958638548	0	0	0	1
8.74	8.771653634	-0.7361760663	0	0.7813001831	-0.6241554485	0	0.6241554485	0.7813001831	0	0	0	1
8.75	8.790933941	-0.7339201203	0	0.7670145548	-0.6416297007	0	0.6416297007	0.7670145548	0	0	0	1
8.76	8.810095473	-0.7309395039	0	0.7536485609	-0.6572776024	0	0.6572776024	0.7536485609	0	0	0	1
8.77	8.82891352	-0.7277925354	0	0.740887611	-0.6716290255	0	0.6716290255	0.740887611	0	0	0	1
8.78	8.847355456	-0.7251242938	0	0.7278780481	-0.6857066042	0	0.6857066042	0.7278780481	0	0	0	1
8.79	8.865533213	-0.7233134362	0	0.7135312827	-0.7006233715	0	0.7006233715	0.7135312827	0	0	0	1
8.8	8.883651055	-0.7223367395	0	0.6972832819	-0.7167956646	0	0.7167956646	0.6972832819	0	0	0	1
8.81	8.90192744	-0.7220745064	0	0.6788663954	-0.7342618179	0	0.7342618179	0.6788663954	0	0	0	1
8.82	8.920498308	-0.722538695	0	0.6578367467	-0.7531605504	0	0.7531605504	0.6578367467	0	0	0	1
8.83	8.939390603	-0.7238076961	0	0.6336499102	-0.7736199269	0	0.7736199269	0.6336499102	0	0	0	1
8.84	8.958544198	-0.7258726261	0	0.6060133928	-0.795454441	0	0.795454441	0.6060133928	0	0	0	1
8.85	8.977838448	-0.7285820825	0	0.5750836362	-0.8180946225	0	0.8180946225	0.5750836362	0	0	0	1
8.86	8.997118192	-0.7317059657	0	0.5413529639	-0.840795438	0	0.840795438	0.5413529639	0	0	0	1
8.87	9.016229307	-0.7350437501	0	0.5053413047	-0.8629195592	0	0.8629195592	0.5053413047	0	0	0	1
8.88	9.035062849	-0.7385012796	0	0.4673086097	-0.8840942615	0	0.8840942615	0.4673086097	0	0	0	1
8.89	9.053592454	-0.7421033387	0	0.4271448264	-0.9041832211	0	0.9041832211	0.4271448264	0	0	0	1
8.9	9.071884745	-0.7459489316	0	0.3844737472	-0.9231359259	0	0.9231359259	0.3844737472	0	0	0	1
8.91	9.090083308	-0.7501498736	0	0.3388624353	-0.9408359315	0	0.9408359315	0.3388624353	0	0	0	1
8.92	9.108378673	-0.7547874963	0	0.2900097527	-0.9570236901	0	0.9570236901	0.2900097527	0	0	0	1
8.93	9.126984262	-0.7599013441	0	0.2378408544	-0.9713041377	0	0.9713041377	0.2378408544	0	0	0	1
8.94	9.146122934	-0.7654933068	0	0.1825274272	-0.983200762	0	0.983200762	0.1825274272	0	0	0	1
8.95	9.166023118	-0.7715298204	0	0.1244736586	-0.9922229126	0	0.9922229126	0.1244736586	0	0	0	1
8.96	9.186916297	-0.7779336696	0	0.06428601416	-0.9979315149	0	0.9979315149	0.06428601416	0	0	0	1
8.97	9.209029595	-0.7845711532	0	0.002720939828	-0.9999962982	0	0.9999962982	0.002720939828	0	0	0	1
8.98	9.232568524	-0.7912423419	0	-0.05939016216	-0.9982348464	0	0.9982348464	-0.05939016216	0	0	0	1
8.99	9.257685428	-0.7976792019	0	-0.1212234761	-0.9926252409	0	0.9926252409	-0.1212234761	0	0	0	1
9	9.284435334	-0.8035586447	0	-0.1820138383	-0.983295969	0	0.983295969	-0.1820138383	0	0	0	1
9.01	9.312730168	-0.8085396094	0	-0.2410715779	-0.9705073386	0	0.9705073386	-0.2410715779	0	0	0	1
9.02	9.34231345	-0.8123264449	0	-0.2977943302	-0.9546300524	0	0.9546300524	-0.2977943302	0	0	0	1
9.03	9.372772898	-0.8147370191	0	-0.3516881477	-0.9361172185	0	0.9361172185	-0.3516881477	0	0	0	1
9.04	9.403577334	-0.8157400045	0	-0.4023489675	-0.915486378	0	0.915486378	-0.4023489675	0	0	0	1
9.05	9.434114213	-0.8154544759	0	-0.4493715971	-0.8933449321	0	0.8933449321	-0.4493715971	0	0	0	1
9.06	9.463725367	-0.8141336728	0	-0.4922565356	-0.8704501727	0	0.8704501727	-0.4922565356	0	0	0	1
9.07	9.491759153	-0.8121417493	0	-0.5304259751	-0.8477312575	0	0.8477312575	-0.5304259751	0	0	0	1
9.08	9.51762646	-0.8099129442	0	-0.5633101924	-0.8262455005	0	0.8262455005	-0.5633101924	0	0	0	1
9.09	9.540839681	-0.80789762	0	-0.5903994036	-0.8071112341	0	0.8071112341	-0.5903994036	0	0	0	1
9.1	9.561040972	-0.8065072797	0	-0.6112778987	-0.7914160288	0	0.7914160288	-0.6112778987	0	0	0	1
9.11	9.578024722	-0.8060655063	0	-0.6256745733	-0.7800841802	0	0.7800841802	-0.6256745733	0	0	0	1
9.12	9.591748123	-0.8067748394	0	-0.6334963746	-0.7737456581	0	0.7737456581	-0.6334963746	0	0	0	1
9.13	9.602329281	-0.808708486	0	-0.634833913	-0.7726486284	0	0.7726486284	-0.634833913	0	0	0	1
9.14	9.610032738	-0.8118280853	0	-0.6299548739	-0.7766317382	0	0.7766317382	-0.6299548739	0	0	0	1
9.15	9.615240222	-0.8160208722	0	-0.6192873263	-0.7851644462	0	0.7851644462	-0.6192873263	0	0	0	1
9.16	9.618404447	-0.8211263789	0	-0.6033623952	-0.7974671279	0	0.7974671279	-0.6033623952	0	0	0	1
9.17	9.620024503	-0.8269396503	0	-0.5829361358	-0.8125179762	0	0.8125179762	-0.5829361358	0	0	0	1
9.18	9.620574102	-0.8333305339	0	-0.558920938	-0.8292209507	0	0.8292209507	-0.558920938	0	0	0	1
9.19	9.62036627	-0.8402590246	0	-0.5314765186	-0.8470730253	0	0.8470730253	-0.5314765186	0	0	0	1
9.2	9.619668046	-0.847715644	0	-0.5004673659	-0.8657554018	0	0.8657554018	-0.5004673659	0	0	0	1
9.21	9.618818223	-0.8557173625	0	-0.4661763875	-0.884691797	0	0.884691797	-0.4661763875	0	0	0	1
9.22	9.61820818	-0.8643225625	0	-0.4293452004	-0.9031404646	0	0.9031404646	-0.4293452004	0	0	0	1
9.23	9.618208111	-0.8736279349	0	-0.3908858724	-0.9204391532	0	0.9204391532	-0.3908858724	0	0	0	1
9.24	9.620173912	-0.883525278	0	-0.3558492294	-0.9345433783	0	0.9345433783	-0.3558492294	0	0	0	1
9.25	9.623386472	-0.8924956408	0	-0.3162515133	-0.948675382	0	0.948675382	-0.3162515133	0	0	0	1
9.26	9.626841183	-0.9007757258	0	-0.2733392186	-0.9619177052	0	0.9619177052	-0.2733392186	0	0	0	1
9.27	9.630174878	-0.9085631106	0	-0.2313813823	-0.9728631229	0	0.9728631229	-0.2313813823	0	0	0	1
9.28	9.633366478	-0.9156606891	0	-0.1906044213	-0.9816669265	0	0.9816669265	-0.1906044213	0	0	0	1
9.29	9.634522591	-0.9214147962	0	-0.1752482765	-0.9845242717	0	0.9845242717	-0.1752482765	0	0	0	1
9.3	9.635225784	-0.9255231718	0	-0.1650792166	-0.9862803112	0	0.9862803112	-0.1650792166	0	0	0	1
9.31	9.636363972	-0.9274008351	0	-0.1485689516	-0.9889020511	0	0.9889020511	-0.1485689516	0	0	0	1
9.32	9.63786292	-0.9270403392	0	-0.1268468811	-0.9919223098	0	0.9919223098	-0.1268468811	0	0	0	1
9.33	9.639553381	-0.924888675	0	-0.1020959701	-0.9947745538	0	0.9947745538	-0.1020959701	0	0	0	1
9.34	9.641320582	-0.9214696084	0	-0.07606841605	-0.9971026006	0	0.9971026006	-0.07606841605	0	0	0	1
9.35	9.643126087	-0.9172308055	0	-0.04972530628	-0.9987629318	0	0.9987629318	-0.04972530628	0	0	0	1
9.36	9.644975819	-0.9125503715	0	-0.02355743791	-0.9997224851	0	0.9997224851	-0.02355743791	0	0	0	1
9.37	9.646910433	-0.9077217575	0	0.002227363285	-0.9999975194	0	0.9999975194	0.002227363285	0	0	0	1
9.38	9.649009988	-0.9027922222	0	0.02834582526	-0.9995981764	0	0.9995981764	0.02834582526	0	0	0	1
9.39	9.651295608	-0.8978303044	0	0.05484170208	-0.9984950614	0	0.9984950614	0.05484170208	0	0	0	1
9.4	9.653708947	-0.8929321664	0	0.0810514268	-0.9967099208	0	0.9967099208	0.0810514268	0	0	0	1
9.41	9.656194721	-0.8881314177	0	0.1065313288	-0.9943093462	0	0.9943093462	0.1065313288	0	0	0	1
9.42	9.658737675	-0.8834175419	0	0.1312855253	-0.9913445974	0	0.9913445974	0.1312855253	0	0	0	1
9.43	9.661349393	-0.8787751254	0	0.1555321011	-0.9878308385	0	0.9878308385	0.1555321011	0	0	0	1
9.44	9.664048546	-0.8741978583	0	0.1794964753	-0.9837586164	0	0.9837586164	0.1794964753	0	0	0	1
9.45	9.666855023	-0.8696849415	0	0.2033672462	-0.9791025294	0	0.9791025294	0.2033672462	0	0	0	1
9.46	9.669792567	-0.8652343246	0	0.2273254123	-0.9738188522	0	0.9738188522	0.2273254123	0	0	0	1
9.47	9.672890737	-0.8608377409	0	0.2515614905	-0.9678413178	0	0.9678413178	0.2515614905	0	0	0	1
9.48	9.676181639	-0.8564791827	0	0.2762505992	-0.9610856395	0	0.9610856395	0.2762505992	0	0	0	1
9.49	9.679693239	-0.852137455	0	0.3015083879	-0.9534635242	0	0.9534635242	0.3015083879	0	0	0	1
9.5	9.683442333	-0.8477914878	0	0.3273536805	-0.9449018827	0	0.9449018827	0.3273536805	0	0	0	1
9.51	9.687430503	-0.8434252202	0	0.3536998868	-0.9353589632	0	0.9353589632	0.3536998868	0	0	0	1
9.52	9.691644513	-0.8390299891	0	0.3803775187	-0.9248313053	0	0.9248313053	0.3803775187	0	0	0	1
9.53	9.696059948	-0.8346048819	0	0.4071725972	-0.9133512337	0	0.9133512337	0.4071725972	0	0	0	1
9.54	9.700645221	-0.8301568348	0	0.4338590537	-0.9009807553	0	0.9009807553	0.4338590537	0	0	0	1
9.55	9.705364004	-0.8257014904	0	0.4602158163	-0.887807075	0	0.887807075	0.4602158163	0	0	0	1
9.56	9.710175851	-0.8212641916	0	0.4860305784	-0.873941804	0	0.873941804	0.4860305784	0	0	0	1
9.57	9.715036318	-0.8168803295	0	0.5111009763	-0.8595206757	0	0.8595206757	0.5111009763	0	0	0	1
9.58	9.719899449	-0.8125935382	0	0.5352464743	-0.8446959286	0	0.8446959286	0.5352464743	0	0	0	1
9.59	9.724722675	-0.8084519028	0	0.5583283224	-0.8296200844	0	0.8296200844	0.5583283224	0	0	0	1
9.6	9.729473911	-0.8045023183	0	0.5802740333	-0.8144212953	0	0.8144212953	0.5802740333	0	0	0	1
9.61	9.734139359	-0.8007838331	0	0.6010989725	-0.79917459	0	0.79917459	0.6010989725	0	0	0	1
9.62	9.738729708	-0.7973212796	0	0.6209162237	-0.7838769312	0	0.7838769312	0.6209162237	0	0	0	1
9.63	9.743280978	-0.7941214482	0	0.6399232578	-0.7684388226	0	0.7684388226	0.6399232578	0	0	0	1
9.64	9.747847724	-0.791172243	0	0.6583618436	-0.7527015895	0	0.7527015895	0.6583618436	0	0	0	1
9.65	9.752490114	-0.7884435122	0	0.6764624771	-0.7364770988	0	0.7364770988	0.6764624771	0	0	0	1
9.66	9.757259727	-0.7858887165	0	0.6943939257	-0.7195950778	0	0.7195950778	0.6943939257	0	0	0	1
9.67	9.762186743	-0.7834480916	0	0.7122265461	-0.7019496756	0	0.7019496756	0.7122265461	0	0	0	1
9.68	9.767270822	-0.7810536257	0	0.7299151622	-0.6835377502	0	0.6835377502	0.7299151622	0	0	0	1
9.69	9.77247578	-0.7786362022	0	0.7472994376	-0.6644874344	0	0.6644874344	0.7472994376	0	0	0	1
9.7	9.777728442	-0.7761340028	0	0.7641202013	-0.6450738857	0	0.6450738857	0.7641202013	0	0	0	1
9.71	9.782922762	-0.7735016163	0	0.7800493947	-0.6257179411	0	0.6257179411	0.7800493947	0	0	0	1
9.72	9.78792964	-0.7707190852	0	0.794727228	-0.606966748	0	0.606966748	0.794727228	0	0	0	1
9.73	9.792615002	-0.7677996742	0	0.8077983951	-0.5894588644	0	0.5894588644	0.8077983951	0	0	0	1
9.74	9.796873039	-0.7647991148	0	0.8189089167	-0.573923502	0	0.573923502	0.8189089167	0	0	0	1
9.75	9.800847223	-0.7619346208	0	0.8268338096	-0.5624463097	0	0.5624463097	0.8268338096	0	0	0	1
9.76	9.805312207	-0.7597312675	0	0.8301526107	-0.5575362256	0	0.5575362256	0.8301526107	0	0	0	1
9.77	9.810341317	-0.7581307956	0	0.8308600199	-0.5564814708	0	0.5564814708	0.8308600199	0	0	0	1
9.78	9.815686272	-0.7569203877	0	0.8301792865	-0.5574965042	0	0.5574965042	0.8301792865	0	0	0	1
9.79	9.821123103	-0.755960221	0	0.8286256142	-0.559803172	0	0.559803172	0.8286256142	0	0	0	1
9.8	9.826495069	-0.7551368642	0	0.8266925334	-0.5626539392	0	0.5626539392	0.8266925334	0	0	0	1
9.81	9.831741584	-0.7543629992	0	0.8249381386	-0.5652230246	0	0.5652230246	0.8249381386	0	0	0	1
9.82	9.836881965	-0.7535910382	0	0.8238623898	-0.5667898752	0	0.5667898752	0.8238623898	0	0	0	1
9.83	9.841993755	-0.7528075965	0	0.8239080114	-0.5667235559	0	0.5667235559	0.8239080114	0	0	0	1
9.84	9.847402262	-0.7521324551	0	0.8257791024	-0.5639936826	0	0.5639936826	0.8257791024	0	0	0	1
9.85	9.853269637	-0.7514075155	0	0.8253173152	-0.5646692211	0	0.5646692211	0.8253173152	0	0	0	1
9.86	9.86042779	-0.7500995274	0	0.8245628239	-0.5657704034	0	0.5657704034	0.8245628239	0	0	0	1
9.87	9.869276308	-0.7478663474	0	0.8248260389	-0.5653865983	0	0.5653865983	0.8248260389	0	0	0	1
9.88	9.880087602	-0.7450476291	0	0.824867876	-0.5653255585	0	0.5653255585	0.824867876	0	0	0	1
9.89	9.893288774	-0.7420380757	0	0.822876859	-0.5682197418	0	0.5682197418	0.822876859	0	0	0	1
9.9	9.908765998	-0.7397111711	0	0.8170295743	-0.5765957636	0	0.5765957636	0.8170295743	0	0	0	1
9.91	9.925985149	-0.7383676932	0	0.8066782639	-0.5909908447	0	0.5909908447	0.8066782639	0	0	0	1
9.92	9.944398661	-0.7373526666	0	0.7931293223	-0.6090532638	0	0.6090532638	0.7931293223	0	0	0	1
9.93	9.963488672	-0.7358160738	0	0.7785143849	-0.6276267621	0	0.6276267621	0.7785143849	0	0	0	1
9.94	9.982772259	-0.7333933213	0	0.7643904938	-0.6447535754	0	0.6447535754	0.7643904938	0	0	0	1
9.95	10.00187923	-0.7303304938	0	0.7511863977	-0.6600901423	0	0.6600901423	0.7511863977	0	0	0	1
9.96	10.02062197	-0.7272278567	0	0.7384587228	-0.6742986837	0	0.6742986837	0.7384587228	0	0	0	1
9.97	10.03900139	-0.7247079519	0	0.7252702859	-0.6884642419	0	0.6884642419	0.7252702859	0	0	0	1
9.98	10.05714961	-0.7230664778	0	0.7105862394	-0.7036101168	0	0.7036101168	0.7105862394	0	0	0	1
9.99	10.07528213	-0.7222325735	0	0.693947158	-0.7200259314	0	0.7200259314	0.693947158	0	0	0	1
10	10.09360742	-0.7221038834	0	0.6750735279	-0.7377504537	0	0.7377504537	0.6750735279	0	0	0	1
