0	-0.1651604147	-0.7438705706	0	0	0	0	0	0	92.62526138
0.01	-0.1503142722	-0.7420615697	0	0	0	0	0	0	-9.19144129
0.02	-0.1387342705	-0.7386375855	0	0	0	0	0	0	-4.082862836
0.03	-0.1296337294	-0.734136578	0	0	0	0	0	0	-2.721685881
0.04	-0.1224200771	-0.7284941149	0	0	0	0	0	0	-0.8869011177
0.05	-0.1161697724	-0.7217274687	0	0	0	0	0	0	1.664221714
0.06	-0.109790619	-0.7143436285	0	0	0	0	0	0	3.664193372
0.07	-0.1023808651	-0.7071587703	0	0	0	0	0	0	4.538246793
0.08	-0.09339498827	-0.7009319495	0	0	0	0	0	0	4.521503339
0.09	-0.08258970363	-0.6961508819	0	0	0	0	0	0	4.123731699
0.1	-0.06987459158	-0.69303856	0	0	0	0	0	0	3.793471971
0.11	-0.05516739236	-0.6916946824	0	0	0	0	0	0	3.802289739
0.12	-0.03830162029	-0.692263854	0	0	0	0	0	0	4.22663745
0.13	-0.01900079032	-0.6950533085	0	0	0	0	0	0	4.978585437
0.14	0.003086797752	-0.7005553313	0	0	0	0	0	0	5.868396229
0.15	0.02831931037	-0.7093671646	0	0	0	0	0	0	6.677888502
0.16	0.05703554894	-0.7220143962	0	0	0	0	0	0	10.37089781
0.17	0.08966978252	-0.7382410714	0	0	0	0	0	0	10.61614094
0.18	0.1262758697	-0.7563965845	0	0	0	0	0	0	10.93337512
0.19	0.1646891074	-0.7700381829	0	0	0	0	0	0	-27.84992344
0.2	0.2032585327	-0.7784521627	0	0	0	0	0	0	-12.95697918
0.21	0.2428907192	-0.7876407904	0	0	0	0	0	0	-3.381180935
0.22	0.2837797855	-0.7976905782	0	0	0	0	0	0	7.755414886
0.23	0.3248290819	-0.8055590495	0	0	0	0	0	0	4.74620735
0.24	0.3640881669	-0.8088969571	0	0	0	0	0	0	1.35138139
0.25	0.4004924476	-0.8087523615	0	0	0	0	0	0	-0.4669060358
0.26	0.4340690464	-0.8072811504	0	0	0	0	0	0	-0.7266558396
0.27	0.4652126381	-0.8055968507	0	0	0	0	0	0	0.01998047057
0.28	0.4942878038	-0.8036560392	0	0	0	0	0	0	0.9711495181
0.29	0.5217205433	-0.8011825024	0	0	0	0	0	0	1.596507347
0.3	0.5481552279	-0.798259405	0	0	0	0	0	0	1.880386213
0.31	0.5743663681	-0.7952229016	0	0	0	0	0	0	2.004139303
0.32	0.6010131315	-0.7923162031	0	0	0	0	0	0	2.058394279
0.33	0.6284810104	-0.7895589879	0	0	0	0	0	0	2.043468994
0.34	0.6568887621	-0.786841661	0	0	0	0	0	0	1.987287062
0.35	0.6861652189	-0.7840390444	0	0	0	0	0	0	1.947288457
0.36	0.7161014204	-0.7810445	0	0	0	0	0	0	2.101052681
0.37	0.7463578142	-0.777733363	0	0	0	0	0	0	2.195273201
0.38	0.7764644138	-0.7740328141	0	0	0	0	0	0	2.073155233
0.39	0.8059147651	-0.7700046276	0	0	0	0	0	0	1.810427488
0.4	0.8342479424	-0.7658349103	0	0	0	0	0	0	1.560096508
0.41	0.861042301	-0.7617635888	0	0	0	0	0	0	1.293974665
0.42	0.885909072	-0.7580645877	0	0	0	0	0	0	0.9764001839
0.43	0.9084783775	-0.7550530777	0	0	0	0	0	0	0.5199735052
0.44	0.9283705449	-0.7530763439	0	0	0	0	0	0	-0.03423438482
0.45	0.9452293499	-0.7524786307	0	0	0	0	0	0	-0.5445311534
0.46	0.9587785402	-0.7535383521	0	0	0	0	0	0	-0.8855955314
0.47	0.9688642455	-0.7564062115	0	0	0	0	0	0	-1.000763682
0.48	0.9754818687	-0.7610701421	0	0	0	0	0	0	-0.8984912078
0.49	0.9787944248	-0.767356707	0	0	0	0	0	0	-0.6345304763
0.5	0.979141278	-0.7749681168	0	0	0	0	0	0	-0.2933638306
0.51	0.9770300671	-0.7835465542	0	0	0	0	0	0	0.03473595351
0.52	0.9731054335	-0.7927498754	0	0	0	0	0	0	0.2819267621
0.53	0.9680950817	-0.8023152321	0	0	0	0	0	0	0.4712878631
0.54	0.9627445441	-0.8120801037	0	0	0	0	0	0	0.5990430017
0.55	0.957735574	-0.8220132506	0	0	0	0	0	0	0.5202783459
0.56	0.9536112165	-0.8322116404	0	0	0	0	0	0	0.4014852859
0.57	0.9507924754	-0.8428334411	0	0	0	0	0	0	0.4005483174
0.58	0.9496250438	-0.8540738244	0	0	0	0	0	0	0.5041091
0.59	0.9503398644	-0.8661511288	0	0	0	0	0	0	0.6390172452
0.6	0.9530173243	-0.8792194515	0	0	0	0	0	0	-3.809720732
0.61	0.9569349935	-0.8914214786	0	0	0	0	0	0	4.398972722
0.62	0.9611418253	-0.9025462052	0	0	0	0	0	0	13.72163427
0.63	0.9647497578	-0.9131131524	0	0	0	0	0	0	-72.6679939
0.64	0.9649978777	-0.9220628162	0	0	0	0	0	0	-174.4190766
0.65	0.9654921355	-0.9285643723	0	0	0	0	0	0	-182.7128873
0.66	0.9664728379	-0.9318073114	0	0	0	0	0	0	-177.5774265
0.67	0.9678670188	-0.9318383828	0	0	0	0	0	0	-164.375548
0.68	0.9695567994	-0.929177491	0	0	0	0	0	0	-149.6531459
0.69	0.9714627928	-0.9245364008	0	0	0	0	0	0	-139.09107
0.7	0.9735611431	-0.9186689125	0	0	0	0	0	0	-136.1481523
0.71	0.975898042	-0.9122347844	0	0	0	0	0	0	-139.3909543
0.72	0.9786523636	-0.9054710418	0	0	0	0	0	0	-142.9854492
0.73	0.9819151732	-0.8983981802	0	0	0	0	0	0	-144.1571691
0.74	0.9856802245	-0.8910572077	0	0	0	0	0	0	-142.3247377
0.75	0.9899125736	-0.8834896125	0	0	0	0	0	0	-137.8010067
0.76	0.9945762467	-0.875735823	0	0	0	0	0	0	-130.9859808
0.77	0.9996383069	-0.8678403164	0	0	0	0	0	0	-122.241246
0.78	1.005065185	-0.8598572918	0	0	0	0	0	0	-111.9010069
0.79	1.010817912	-0.851851712	0	0	0	0	0	0	-100.2806066
0.8	1.016848188	-0.8438969565	0	0	0	0	0	0	-87.69247739
0.81	1.023095277	-0.8360724812	0	0	0	0	0	0	-74.52044998
0.82	1.029482621	-0.8284657793	0	0	0	0	0	0	-61.25562623
0.83	1.035916731	-0.8211731117	0	0	0	0	0	0	-48.55102583
0.84	1.042291254	-0.8142966325	0	0	0	0	0	0	-37.09500185
0.85	1.048499708	-0.8079341633	0	0	0	0	0	0	-27.56748408
0.86	1.054452552	-0.8021661874	0	0	0	0	0	0	-20.4184917
0.87	1.060093084	-0.7970443774	0	0	0	0	0	0	-15.77913887
0.88	1.065406635	-0.7925843336	0	0	0	0	0	0	-13.43033115
0.89	1.070420972	-0.7887643718	0	0	0	0	0	0	-12.86640445
0.9	1.075197637	-0.7855299934	0	0	0	0	0	0	-13.40742995
0.91	1.079815136	-0.7828018445	0	0	0	0	0	0	-14.32369078
0.92	1.084348141	-0.7804845189	0	0	0	0	0	0	-14.94684402
0.93	1.088847454	-0.7784756202	0	0	0	0	0	0	-14.76098858
0.94	1.093325648	-0.7766742392	0	0	0	0	0	0	-13.46256767
0.95	1.097750829	-0.7749880417	0	0	0	0	0	0	-10.98325787
0.96	1.102048738	-0.7733394751	0	0	0	0	0	0	-7.480506962
0.97	1.106112638	-0.7716700651	0	0	0	0	0	0	-3.297477261
0.98	1.109819021	-0.769943018	0	0	0	0	0	0	1.098898419
0.99	1.113048945	-0.7681435772	0	0	0	0	0	0	5.189569621
1	1.115712894	-0.7662782823	0	0	0	0	0	0	8.432259915
1.01	1.117790708	-0.7643806754	0	0	0	0	0	0	9.418512459
1.02	1.119560254	-0.7626251759	0	0	0	0	0	0	5.859530131
1.03	1.121420189	-0.7611604518	0	0	0	0	0	0	2.359410528
1.04	1.123379689	-0.7598400955	0	0	0	0	0	0	-0.04102040487
1.05	1.125012605	-0.7582388669	0	0	0	0	0	0	-1.193515137
1.06	1.125901012	-0.7560210663	0	0	0	0	0	0	-1.726261933
1.07	1.125880771	-0.7530459961	0	0	0	0	0	0	-1.745511032
1.08	1.125050448	-0.7493299893	0	0	0	0	0	0	-1.230853137
1.09	1.123751138	-0.7451012174	0	0	0	0	0	0	-0.290783898
1.1	1.12254978	-0.7408000453	0	0	0	0	0	0	3.642884022
1.11	1.122375845	-0.7366447558	0	0	0	0	0	0	4.240706653
1.12	1.123809873	-0.7326223155	0	0	0	0	0	0	5.766357841
1.13	1.127757236	-0.728546709	0	0	0	0	0	0	10.21852246
1.14	1.135305303	-0.7246301142	0	0	0	0	0	0	11.14216883
1.15	1.146649785	-0.7217445457	0	0	0	0	0	0	10.51213398
1.16	1.161360805	-0.7206789618	0	0	0	0	0	0	8.982854078
1.17	1.178852025	-0.7213236309	0	0	0	0	0	0	7.153090477
1.18	1.198568624	-0.7228899073	0	0	0	0	0	0	5.421270755
1.19	1.219992219	-0.7246496382	0	0	0	0	0	0	4.083145362
1.2	1.24269236	-0.7264442275	0	0	0	0	0	0	3.363046062
1.21	1.266455399	-0.7286749804	0	0	0	0	0	0	3.723209983
1.22	1.291377123	-0.7318813055	0	0	0	0	0	0	4.523808981
1.23	1.317750199	-0.7362956126	0	0	0	0	0	0	5.34868342
1.24	1.345907617	-0.7418136911	0	0	0	0	0	0	5.921639653
1.25	1.376089244	-0.7481821034	0	0	0	0	0	0	6.098860171
1.26	1.408374805	-0.7551120921	0	0	0	0	0	0	5.917596233
1.27	1.442672923	-0.7622718004	0	0	0	0	0	0	5.506925476
1.28	1.478741159	-0.7692721694	0	0	0	0	0	0	4.991902748
1.29	1.516236438	-0.7757251599	0	0	0	0	0	0	4.468304028
1.3	1.554789611	-0.7813328708	0	0	0	0	0	0	4.019357999
1.31	1.594085828	-0.7859309867	0	0	0	0	0	0	3.714672884
1.32	1.633907134	-0.7894570236	0	0	0	0	0	0	3.588720583
1.33	1.674119486	-0.7918841616	0	0	0	0	0	0	3.627368319
1.34	1.714621359	-0.7931722648	0	0	0	0	0	0	3.78123689
1.35	1.755277863	-0.7932545168	0	0	0	0	0	0	3.985250103
1.36	1.795858426	-0.792053088	0	0	0	0	0	0	4.166198539
1.37	1.835990938	-0.7895156417	0	0	0	0	0	0	4.245413934
1.38	1.875146045	-0.7856659011	0	0	0	0	0	0	4.148856426
1.39	1.912657813	-0.780655492	0	0	0	0	0	0	3.825794508
1.4	1.947776986	-0.7747986769	0	0	0	0	0	0	3.266527642
1.41	1.979745703	-0.7685738995	0	0	0	0	0	0	2.508481117
1.42	2.007866984	-0.7625872916	0	0	0	0	0	0	1.635067512
1.43	2.031563485	-0.7575026849	0	0	0	0	0	0	0.7622825807
1.44	2.050417383	-0.7539507112	0	0	0	0	0	0	0.01281681609
1.45	2.064185788	-0.7524370875	0	0	0	0	0	0	-0.5087181035
1.46	2.07280289	-0.7532682619	0	0	0	0	0	0	-0.7421393801
1.47	2.076374803	-0.7565106358	0	0	0	0	0	0	-0.6862919196
1.48	2.075174969	-0.7619918522	0	0	0	0	0	0	-0.3996057011
1.49	2.069639542	-0.7693441786	0	0	0	0	0	0	0.01915943395
1.5	2.06035649	-0.7780800562	0	0	0	0	0	0	-40.94224467
1.51	2.050699143	-0.7867092456	0	0	0	0	0	0	2.341803718
1.52	2.04012171	-0.7953768901	0	0	0	0	0	0	0.9167048532
1.53	2.028282454	-0.8041282132	0	0	0	0	0	0	1.534810003
1.54	2.015503152	-0.8129568008	0	0	0	0	0	0	0.7920338012
1.55	2.001627981	-0.8219581984	0	0	0	0	0	0	0.3199745478
1.56	1.98670104	-0.8311162352	0	0	0	0	0	0	0.4334874916
1.57	1.971243388	-0.8403718375	0	0	0	0	0	0	0.5134238037
1.58	1.956076265	-0.8497689226	0	0	0	0	0	0	0.5610505294
1.59	1.942076878	-0.8593657148	0	0	0	0	0	0	0.9453559295
1.6	1.930176122	-0.8693409275	0	0	0	0	0	0	1.314275118
1.61	1.921497157	-0.8800368686	0	0	0	0	0	0	-19.49878644
1.62	1.922829069	-0.8912638189	0	0	0	0	0	0	-6.94755824
1.63	1.92641646	-0.9010028814	0	0	0	0	0	0	4.322019842
1.64	1.929834205	-0.9101433439	0	0	0	0	0	0	-100.6122728
1.65	1.930155432	-0.9182455151	0	0	0	0	0	0	-182.5284352
1.66	1.930669147	-0.9246414338	0	0	0	0	0	0	-194.7375259
1.67	1.931628044	-0.9281666029	0	0	0	0	0	0	-195.1934302
1.68	1.932989186	-0.9286325875	0	0	0	0	0	0	-185.039755
1.69	1.934627749	-0.9263702288	0	0	0	0	0	0	-168.3741617
1.7	1.936430715	-0.92195055	0	0	0	0	0	0	-152.2993486
1.71	1.938312534	-0.9161649252	0	0	0	0	0	0	-142.6850993
1.72	1.940277731	-0.9098472006	0	0	0	0	0	0	-138.9172881
1.73	1.942497054	-0.9034224234	0	0	0	0	0	0	-137.3863135
1.74	1.945042096	-0.8970629259	0	0	0	0	0	0	-135.4355258
1.75	1.947931796	-0.8907667158	0	0	0	0	0	0	-131.7019072
1.76	1.9511919	-0.8844398441	0	0	0	0	0	0	-125.4207698
1.77	1.954831216	-0.8780093649	0	0	0	0	0	0	-116.2766969
1.78	1.958799917	-0.871490015	0	0	0	0	0	0	-104.7990632
1.79	1.962988839	-0.8649803146	0	0	0	0	0	0	-92.36589653
1.8	1.967271073	-0.8586117734	0	0	0	0	0	0	-80.6725879
1.81	1.971553466	-0.8524941874	0	0	0	0	0	0	-71.10354221
1.82	1.975808571	-0.8466856571	0	0	0	0	0	0	-64.36906548
1.83	1.980076385	-0.8411915325	0	0	0	0	0	0	-60.47667456
1.84	1.984442333	-0.8359807441	0	0	0	0	0	0	-58.91898751
1.85	1.989005434	-0.8310056376	0	0	0	0	0	0	-58.91856397
1.86	1.993847419	-0.8262179276	0	0	0	0	0	0	-59.64510556
1.87	1.999008799	-0.8215794507	0	0	0	0	0	0	-60.37815395
1.88	2.004474449	-0.8170686098	0	0	0	0	0	0	-60.62345232
1.89	2.010169416	-0.8126835736	0	0	0	0	0	0	-60.19583683
1.9	2.015965555	-0.8084430395	0	0	0	0	0	0	-59.26642458
1.91	2.021698831	-0.8043848058	0	0	0	0	0	0	-58.34398839
1.92	2.02719498	-0.8005600611	0	0	0	0	0	0	-58.11580688
1.93	2.032302865	-0.7970184564	0	0	0	0	0	0	-59.10311068
1.94	2.036939369	-0.793780623	0	0	0	0	0	0	-61.33976414
1.95	2.041146416	-0.7908195795	0	0	0	0	0	0	-64.47514776
1.96	2.045103722	-0.7880792619	0	0	0	0	0	0	-67.90557785
1.97	2.049048313	-0.7855075124	0	0	0	0	0	0	-70.46562664
1.98	2.053185425	-0.783057002	0	0	0	0	0	0	-70.63263957
1.99	2.057639789	-0.7806632584	0	0	0	0	0	0	-67.45442664
2	2.062427811	-0.778239573	0	0	0	0	0	0	-60.72791632
2.01	2.067470333	-0.7756980854	0	0	0	0	0	0	-50.59411355
2.02	2.072616178	-0.7729749212	0	0	0	0	0	0	-37.6883289
2.03	2.077654437	-0.7700481642	0	0	0	0	0	0	-23.33927696
2.04	2.082350347	-0.766950442	0	0	0	0	0	0	-9.343110907
2.05	2.086511934	-0.7637775983	0	0	0	0	0	0	2.076691205
2.06	2.090189128	-0.7607691371	0	0	0	0	0	0	3.780196387
2.07	2.094020997	-0.7584318999	0	0	0	0	0	0	2.238600083
2.08	2.09806911	-0.7566952993	0	0	0	0	0	0	1.728914699
2.09	2.102115829	-0.7553108117	0	0	0	0	0	0	1.440261672
2.1	2.106045344	-0.7541318651	0	0	0	0	0	0	1.164986804
2.11	2.109865935	-0.7530595727	0	0	0	0	0	0	1.087238885
2.12	2.113703659	-0.7520382565	0	0	0	0	0	0	1.47906327
2.13	2.117779984	-0.7510619426	0	0	0	0	0	0	4.539084461
2.14	2.122715181	-0.7500100239	0	0	0	0	0	0	4.77012791
2.15	2.129200555	-0.7484395454	0	0	0	0	0	0	4.867234211
2.16	2.137586239	-0.7463444123	0	0	0	0	0	0	5.613547796
2.17	2.148042133	-0.7442297172	0	0	0	0	0	0	6.03790661
2.18	2.160672571	-0.7423436494	0	0	0	0	0	0	7.486467777
2.19	2.17577312	-0.7405943415	0	0	0	0	0	0	6.796687105
2.2	2.193048015	-0.7394687585	0	0	0	0	0	0	5.443722117
2.21	2.21185738	-0.7389638434	0	0	0	0	0	0	3.697156543
2.22	2.231591608	-0.7383202452	0	0	0	0	0	0	2.01366747
2.23	2.251712059	-0.7367701064	0	0	0	0	0	0	0.6966724072
2.24	2.271767144	-0.7341232502	0	0	0	0	0	0	-0.11920315
2.25	2.291460589	-0.7308074863	0	0	0	0	0	0	-0.4481524968
2.26	2.310690363	-0.7275680885	0	0	0	0	0	0	-0.2532457568
2.27	2.329529815	-0.7250870918	0	0	0	0	0	0	0.4084754443
2.28	2.348163709	-0.7236041852	0	0	0	0	0	0	1.163565099
2.29	2.366840879	-0.7230000367	0	0	0	0	0	0	1.742220339
2.3	2.385769149	-0.7231730336	0	0	0	0	0	0	2.016188597
2.31	2.405043142	-0.7241567039	0	0	0	0	0	0	2.034290719
2.32	2.424648827	-0.7259861786	0	0	0	0	0	0	1.899350492
2.33	2.444496667	-0.7285712011	0	0	0	0	0	0	1.695684127
2.34	2.464451688	-0.7316997807	0	0	0	0	0	0	1.494298247
2.35	2.484366125	-0.735139403	0	0	0	0	0	0	1.362425338
2.36	2.504121593	-0.738742651	0	0	0	0	0	0	1.34731921
2.37	2.523674625	-0.7424957546	0	0	0	0	0	0	1.457178404
2.38	2.543080796	-0.746490572	0	0	0	0	0	0	1.663373576
2.39	2.562487033	-0.7508545254	0	0	0	0	0	0	1.917458168
2.4	2.582101421	-0.7556879041	0	0	0	0	0	0	2.171333239
2.41	2.602161676	-0.7610383345	0	0	0	0	0	0	2.394316679
2.42	2.622915104	-0.7669034307	0	0	0	0	0	0	2.583188019
2.43	2.644610224	-0.7732356863	0	0	0	0	0	0	2.766050081
2.44	2.667488956	-0.7799322611	0	0	0	0	0	0	2.984788081
2.45	2.691770156	-0.7868156202	0	0	0	0	0	0	3.274993189
2.46	2.717619897	-0.7936219192	0	0	0	0	0	0	3.642766667
2.47	2.745112364	-0.8000118741	0	0	0	0	0	0	4.052105945
2.48	2.774187404	-0.8056070483	0	0	0	0	0	0	4.421630794
2.49	2.804616238	-0.8100494414	0	0	0	0	0	0	4.642789108
2.5	2.835994056	-0.8130755408	0	0	0	0	0	0	4.628415803
2.51	2.867768866	-0.8145791603	0	0	0	0	0	0	4.350646151
2.52	2.899291995	-0.814636477	0	0	0	0	0	0	3.825030915
2.53	2.929864802	-0.8134920275	0	0	0	0	0	0	3.082754342
2.54	2.95878621	-0.8115277669	0	0	0	0	0	0	2.197536306
2.55	2.985413039	-0.8092176358	0	0	0	0	0	0	1.282452358
2.56	3.009213661	-0.8070641308	0	0	0	0	0	0	0.4427380387
2.57	3.029802087	-0.8055297306	0	0	0	0	0	0	-0.2334968078
2.58	3.046961148	-0.8049773569	0	0	0	0	0	0	-0.6826012324
2.59	3.060653497	-0.8056310939	0	0	0	0	0	0	-0.8870362046
2.6	3.071020473	-0.8075663395	0	0	0	0	0	0	-0.8807036744
2.61	3.078364722	-0.8107317878	0	0	0	0	0	0	-0.7285644414
2.62	3.083121276	-0.8149920393	0	0	0	0	0	0	-0.4912711572
2.63	3.085798332	-0.8201631668	0	0	0	0	0	0	-0.03932338706
2.64	3.08695561	-0.8260188651	0	0	0	0	0	0	0.359761037
2.65	3.087116853	-0.8324217996	0	0	0	0	0	0	0.2869595538
2.66	3.086622854	-0.8393355577	0	0	0	0	0	0	0.09936448903
2.67	3.085756214	-0.846757934	0	0	0	0	0	0	0.04338840051
2.68	3.084866667	-0.8547153848	0	0	0	0	0	0	0.08693885986
2.69	3.084351597	-0.8632772604	0	0	0	0	0	0	0.1472228361
2.7	3.084580085	-0.8725505402	0	0	0	0	0	0	0.1826703173
2.71	3.08656872	-0.8825035062	0	0	0	0	0	0	-8.549210591
2.72	3.089816866	-0.891615339	0	0	0	0	0	0	-1.072225112
2.73	3.09334104	-0.9000232573	0	0	0	0	0	0	4.484784132
2.74	3.096750624	-0.9079697123	0	0	0	0	0	0	6.810608224
2.75	3.100001782	-0.9152632846	0	0	0	0	0	0	-3.666587059
2.76	3.100971452	-0.9211902155	0	0	0	0	0	0	-142.6656688
2.77	3.1016892	-0.9254371335	0	0	0	0	0	0	-150.5096677
2.78	3.102840187	-0.9273818209	0	0	0	0	0	0	-147.1720836
2.79	3.104340752	-0.9270444751	0	0	0	0	0	0	-138.0730474
2.8	3.106027562	-0.9248801556	0	0	0	0	0	0	-127.0137787
2.81	3.107793702	-0.9214101639	0	0	0	0	0	0	-117.1874333
2.82	3.109604405	-0.9170866717	0	0	0	0	0	0	-110.9704028
2.83	3.111469644	-0.9123005076	0	0	0	0	0	0	-108.7335656
2.84	3.113438813	-0.907341147	0	0	0	0	0	0	-108.5894866
2.85	3.115599838	-0.9022489381	0	0	0	0	0	0	-108.5966945
2.86	3.117963751	-0.8971123529	0	0	0	0	0	0	-107.6915783
2.87	3.120467659	-0.8920270234	0	0	0	0	0	0	-105.7647428
2.88	3.123057991	-0.8870243674	0	0	0	0	0	0	-103.4295322
2.89	3.125720292	-0.8820981825	0	0	0	0	0	0	-101.2621495
2.9	3.128463421	-0.877240712	0	0	0	0	0	0	-99.54134725
2.91	3.131301777	-0.8724527726	0	0	0	0	0	0	-98.36538812
2.92	3.134251906	-0.8677390011	0	0	0	0	0	0	-97.77773177
2.93	3.137336172	-0.8631011191	0	0	0	0	0	0	-97.77046185
2.94	3.14058428	-0.858533214	0	0	0	0	0	0	-98.22846119
2.95	3.144029102	-0.8540206602	0	0	0	0	0	0	-98.90430863
2.96	3.147698645	-0.8495435653	0	0	0	0	0	0	-99.46633426
2.97	3.151608026	-0.8450826589	0	0	0	0	0	0	-99.59792317
2.98	3.155754997	-0.8406243171	0	0	0	0	0	0	-99.08121849
2.99	3.16012063	-0.8361625839	0	0	0	0	0	0	-97.82527297
3	3.164673515	-0.8316992889	0	0	0	0	0	0	-95.84182038
3.01	3.16937446	-0.8272440916	0	0	0	0	0	0	-93.20883496
3.02	3.174179603	-0.8228153107	0	0	0	0	0	0	-90.05354685
3.03	3.179041945	-0.8184407588	0	0	0	0	0	0	-86.55856327
3.04	3.183913195	-0.8141573568	0	0	0	0	0	0	-82.9670595
3.05	3.188747922	-0.8100084349	0	0	0	0	0	0	-79.55685769
3.06	3.193509945	-0.8060388007	0	0	0	0	0	0	-76.58710935
3.07	3.198179702	-0.8022883786	0	0	0	0	0	0	-74.22886941
3.08	3.202760892	-0.7987854832	0	0	0	0	0	0	-72.50366949
3.09	3.207283346	-0.7955415277	0	0	0	0	0	0	-71.25369748
3.1	3.211799227	-0.7925491388	0	0	0	0	0	0	-70.14217879
3.11	3.216371297	-0.7897822221	0	0	0	0	0	0	-68.69348965
3.12	3.221057884	-0.787198405	0	0	0	0	0	0	-66.37141471
3.13	3.225899363	-0.7847409626	0	0	0	0	0	0	-62.67748735
3.14	3.230907419	-0.7823432884	0	0	0	0	0	0	-57.22953551
3.15	3.236058368	-0.7799354353	0	0	0	0	0	0	-49.81701836
3.16	3.241291011	-0.7774524312	0	0	0	0	0	0	-40.46196655
3.17	3.246508486	-0.7748431188	0	0	0	0	0	0	-29.47300787
3.18	3.251586479	-0.7720795589	0	0	0	0	0	0	-17.44336909
3.19	3.256388216	-0.7691650459	0	0	0	0	0	0	-5.243545331
3.2	3.260790352	-0.7661416131	0	0	0	0	0	0	5.936107044
3.21	3.264768233	-0.7631254594	0	0	0	0	0	0	10.73305977
3.22	3.26895323	-0.7606089543	0	0	0	0	0	0	8.236190669
3.23	3.273760362	-0.7587839422	0	0	0	0	0	0	6.801151146
3.24	3.278972566	-0.7574249326	0	0	0	0	0	0	5.798589
3.25	3.284345223	-0.7563664244	0	0	0	0	0	0	4.720744742
3.26	3.289691909	-0.7554868835	0	0	0	0	0	0	3.594984234
3.27	3.294918776	-0.7546863968	0	0	0	0	0	0	2.655487416
3.28	3.300026118	-0.7539023713	0	0	0	0	0	0	2.107557357
3.29	3.305069002	-0.7531104684	0	0	0	0	0	0	2.064136364
3.3	3.31030126	-0.7523674504	0	0	0	0	0	0	6.823364411
3.31	3.315901961	-0.7516826587	0	0	0	0	0	0	4.454218878
3.32	3.322562549	-0.750689515	0	0	0	0	0	0	3.822971877
3.33	3.330838803	-0.7488550373	0	0	0	0	0	0	4.781416266
3.34	3.341002663	-0.7463554135	0	0	0	0	0	0	6.092520661
3.35	3.353415407	-0.7435478943	0	0	0	0	0	0	7.296333257
3.36	3.368229635	-0.7411100825	0	0	0	0	0	0	6.480750177
3.37	3.384969929	-0.7396573066	0	0	0	0	0	0	4.98401554
3.38	3.403063864	-0.7387854099	0	0	0	0	0	0	3.248916914
3.39	3.421970298	-0.7375889745	0	0	0	0	0	0	1.658868075
3.4	3.441179505	-0.7354719545	0	0	0	0	0	0	0.4614504867
3.41	3.460271443	-0.732481662	0	0	0	0	0	0	-0.2308337252
3.42	3.479000145	-0.7291478399	0	0	0	0	0	0	-0.4525820836
3.43	3.497317685	-0.7261545349	0	0	0	0	0	0	-0.05899547811
3.44	3.515332374	-0.723991458	0	0	0	0	0	0	0.6165732585
3.45	3.53324526	-0.7227238296	0	0	0	0	0	0	1.2867215
3.46	3.551285597	-0.7222316015	0	0	0	0	0	0	1.726726939
3.47	3.569608623	-0.7224908514	0	0	0	0	0	0	1.884005244
3.48	3.588255222	-0.7235640178	0	0	0	0	0	0	1.829979942
3.49	3.607171063	-0.7254506539	0	0	0	0	0	0	1.654433822
3.5	3.626237278	-0.7280120405	0	0	0	0	0	0	1.432636568
3.51	3.645298785	-0.7310186843	0	0	0	0	0	0	1.236873095
3.52	3.664199459	-0.7342572978	0	0	0	0	0	0	1.133558222
3.53	3.68282542	-0.7376155632	0	0	0	0	0	0	1.161049054
3.54	3.701142811	-0.7411039365	0	0	0	0	0	0	1.315520812
3.55	3.71921096	-0.744816707	0	0	0	0	0	0	1.558043912
3.56	3.737167752	-0.748869351	0	0	0	0	0	0	1.834156351
3.57	3.75519903	-0.7533498727	0	0	0	0	0	0	2.095666632
3.58	3.773511767	-0.758302667	0	0	0	0	0	0	2.312283582
3.59	3.792318087	-0.7637323047	0	0	0	0	0	0	2.482351926
3.6	3.811832581	-0.7696102468	0	0	0	0	0	0	2.627478138
3.61	3.832272374	-0.7758707076	0	0	0	0	0	0	2.783808296
3.62	3.853854078	-0.7823997167	0	0	0	0	0	0	2.98798945
3.63	3.876784042	-0.7890257724	0	0	0	0	0	0	3.26307525
3.64	3.901232902	-0.795513985	0	0	0	0	0	0	3.608443344
3.65	3.927297222	-0.801571104	0	0	0	0	0	0	3.984887379
3.66	3.95495215	-0.806869142	0	0	0	0	0	0	4.311438979
3.67	3.984014776	-0.8110964382	0	0	0	0	0	0	4.493551983
3.68	4.014139909	-0.814024894	0	0	0	0	0	0	4.470412794
3.69	4.04484768	-0.8155609068	0	0	0	0	0	0	4.230975346
3.7	4.075560126	-0.8157593949	0	0	0	0	0	0	3.778096388
3.71	4.105633049	-0.8148143072	0	0	0	0	0	0	3.13238522
3.72	4.13440636	-0.8130418691	0	0	0	0	0	0	2.356579783
3.73	4.161257582	-0.8108482943	0	0	0	0	0	0	1.53391515
3.74	4.185649099	-0.8086809359	0	0	0	0	0	0	0.7424495532
3.75	4.20716079	-0.8069731493	0	0	0	0	0	0	0.06304652228
3.76	4.225516836	-0.8060911729	0	0	0	0	0	0	-0.4358850479
3.77	4.24060097	-0.8062924727	0	0	0	0	0	0	-0.7226030087
3.78	4.25246046	-0.8077055537	0	0	0	0	0	0	-0.8077733642
3.79	4.261297652	-0.8103364523	0	0	0	0	0	0	-0.7350292602
3.8	4.267447838	-0.8140986713	0	0	0	0	0	0	-0.5634419865
3.81	4.271339495	-0.8188516269	0	0	0	0	0	0	-0.2643405432
3.82	4.273450794	-0.8243993878	0	0	0	0	0	0	0.2056230004
3.83	4.274292903	-0.8305649286	0	0	0	0	0	0	0.3140262057
3.84	4.2742487	-0.8372768281	0	0	0	0	0	0	0.1428560927
3.85	4.273588636	-0.8445153113	0	0	0	0	0	0	0.03815403921
3.86	4.27262222	-0.8522832743	0	0	0	0	0	0	0.05683683096
3.87	4.271731962	-0.8606207199	0	0	0	0	0	0	0.1195431459
3.88	4.271310235	-0.8696103502	0	0	0	0	0	0	0.1678316948
3.89	4.272096201	-0.8793754561	0	0	0	0	0	0	-10.1925877
3.9	4.275050827	-0.8888184802	0	0	0	0	0	0	-4.883307215
3.91	4.278464227	-0.8973312346	0	0	0	0	0	0	1.941649268
3.92	4.281868134	-0.9053264707	0	0	0	0	0	0	5.074659497
3.93	4.28510898	-0.91275068	0	0	0	0	0	0	6.716115269
3.94	4.287390767	-0.9191479601	0	0	0	0	0	0	-117.9511521
3.95	4.287955341	-0.9240155358	0	0	0	0	0	0	-144.5645183
3.96	4.288911006	-0.9268793041	0	0	0	0	0	0	-145.5309721
3.97	4.290277421	-0.9274278076	0	0	0	0	0	0	-138.5244769
3.98	4.291907093	-0.925969224	0	0	0	0	0	0	-128.3001074
3.99	4.293650559	-0.9230269472	0	0	0	0	0	0	-117.8697008
4	4.295441447	-0.9190840419	0	0	0	0	0	0	-110.0804546
4.01	4.297269583	-0.9145445096	0	0	0	0	0	0	-106.241233
4.02	4.299160638	-0.9097528782	0	0	0	0	0	0	-105.6504617
4.03	4.301182039	-0.9048585989	0	0	0	0	0	0	-105.9933082
4.04	4.30339548	-0.8998885302	0	0	0	0	0	0	-105.9966311
4.05	4.305766421	-0.8949468294	0	0	0	0	0	0	-105.0089333
4.06	4.308230122	-0.890095595	0	0	0	0	0	0	-103.3525027
4.07	4.31075429	-0.8853376236	0	0	0	0	0	0	-101.6676822
4.08	4.313341934	-0.8806566281	0	0	0	0	0	0	-100.3589768
4.09	4.316009852	-0.8760426705	0	0	0	0	0	0	-99.56291692
4.1	4.318776741	-0.8714937099	0	0	0	0	0	0	-99.30787188
4.11	4.321663856	-0.867009075	0	0	0	0	0	0	-99.58962484
4.12	4.324698159	-0.8625836061	0	0	0	0	0	0	-100.340049
4.13	4.327911343	-0.8582045334	0	0	0	0	0	0	-101.3796692
4.14	4.331334237	-0.8538523149	0	0	0	0	0	0	-102.4245035
4.15	4.33498943	-0.8495050989	0	0	0	0	0	0	-103.1528704
4.16	4.338885528	-0.8451441624	0	0	0	0	0	0	-103.296606
4.17	4.343015551	-0.8407575175	0	0	0	0	0	0	-102.6942975
4.18	4.347359342	-0.8363408896	0	0	0	0	0	0	-101.2930847
4.19	4.351887782	-0.8318978076	0	0	0	0	0	0	-99.11629084
4.2	4.35656594	-0.8274401454	0	0	0	0	0	0	-96.23770993
4.21	4.36135447	-0.8229891928	0	0	0	0	0	0	-92.77812391
4.22	4.366209756	-0.8185763546	0	0	0	0	0	0	-88.92245362
4.23	4.371085253	-0.8142424324	0	0	0	0	0	0	-84.92246383
4.24	4.375935634	-0.8100345231	0	0	0	0	0	0	-81.06969141
4.25	4.380723305	-0.8060009319	0	0	0	0	0	0	-77.64032037
4.26	4.385426172	-0.8021848033	0	0	0	0	0	0	-74.82544727
4.27	4.39004498	-0.7986173317	0	0	0	0	0	0	-72.66798441
4.28	4.394606731	-0.7953126407	0	0	0	0	0	0	-71.02781387
4.29	4.399160935	-0.7922658557	0	0	0	0	0	0	-69.58207654
4.3	4.403767948	-0.7894536303	0	0	0	0	0	0	-67.86623749
4.31	4.408484662	-0.7868355216	0	0	0	0	0	0	-65.3531066
4.32	4.413351067	-0.7843562925	0	0	0	0	0	0	-61.54929681
4.33	4.418379446	-0.7819502485	0	0	0	0	0	0	-56.06930036
4.34	4.423547529	-0.7795476172	0	0	0	0	0	0	-48.69240049
4.35	4.42879581	-0.7770826774	0	0	0	0	0	0	-39.42791274
4.36	4.434029798	-0.7745025845	0	0	0	0	0	0	-28.56163235
4.37	4.439127117	-0.7717766486	0	0	0	0	0	0	-16.66620894
4.38	4.443952614	-0.768904642	0	0	0	0	0	0	-4.584276945
4.39	4.448383607	-0.765924554	0	0	0	0	0	0	6.515571683
4.4	4.452395352	-0.7629488913	0	0	0	0	0	0	11.2144246
4.41	4.45661948	-0.7604677502	0	0	0	0	0	0	8.715624183
4.42	4.461465949	-0.758668852	0	0	0	0	0	0	7.240566005
4.43	4.466723717	-0.7573307052	0	0	0	0	0	0	6.176341988
4.44	4.472152627	-0.7562905736	0	0	0	0	0	0	5.028472859
4.45	4.477566594	-0.7554281756	0	0	0	0	0	0	3.830430057
4.46	4.482868307	-0.7546441449	0	0	0	0	0	0	2.817400513
4.47	4.488051843	-0.7538756202	0	0	0	0	0	0	2.192799209
4.48	4.493165407	-0.7530973656	0	0	0	0	0	0	2.072897782
4.49	4.498463477	-0.7523710045	0	0	0	0	0	0	6.887725566
4.5	4.504082194	-0.7517026516	0	0	0	0	0	0	4.384852621
4.51	4.510711616	-0.7507059662	0	0	0	0	0	0	3.694744806
4.52	4.518916814	-0.7488141928	0	0	0	0	0	0	4.674143746
4.53	4.52897884	-0.7461886365	0	0	0	0	0	0	5.992711572
4.54	4.541269375	-0.7431991596	0	0	0	0	0	0	7.293921413
4.55	4.555967329	-0.7405394381	0	0	0	0	0	0	6.532739835
4.56	4.572615217	-0.7388767289	0	0	0	0	0	0	5.078298661
4.57	4.590654146	-0.7378552778	0	0	0	0	0	0	3.370501949
4.58	4.609556576	-0.7365950343	0	0	0	0	0	0	1.79032019
4.59	4.628820588	-0.7345024639	0	0	0	0	0	0	0.5805829731
4.6	4.648023167	-0.7316118231	0	0	0	0	0	0	-0.1444035693
4.61	4.666905272	-0.7284304974	0	0	0	0	0	0	-0.4097934597
4.62	4.685400973	-0.7256147735	0	0	0	0	0	0	-0.04609286175
4.63	4.703601971	-0.7236214717	0	0	0	0	0	0	0.608793755
4.64	4.721699004	-0.7224892713	0	0	0	0	0	0	1.271634001
4.65	4.739916663	-0.7220902307	0	0	0	0	0	0	1.716840387
4.66	4.758410571	-0.7224081163	0	0	0	0	0	0	1.889779468
4.67	4.777226858	-0.7235200134	0	0	0	0	0	0	1.856096634
4.68	4.796319253	-0.7254405535	0	0	0	0	0	0	1.698160164
4.69	4.815576566	-0.7280424218	0	0	0	0	0	0	1.485577296
4.7	4.834848039	-0.7311018304	0	0	0	0	0	0	1.288516775
4.71	4.853977136	-0.7344056965	0	0	0	0	0	0	1.17446705
4.72	4.872844042	-0.7378371702	0	0	0	0	0	0	1.185492216
4.73	4.891406585	-0.7414013976	0	0	0	0	0	0	1.322233792
4.74	4.90971539	-0.7451882187	0	0	0	0	0	0	1.550201496
4.75	4.927902373	-0.7493113221	0	0	0	0	0	0	1.817863498
4.76	4.946151841	-0.7538594136	0	0	0	0	0	0	2.076446564
4.77	4.964673922	-0.7588792352	0	0	0	0	0	0	2.296788997
4.78	4.983689576	-0.7643789111	0	0	0	0	0	0	2.475069258
4.79	5.003425262	-0.7703315759	0	0	0	0	0	0	2.632207444
4.8	5.024110953	-0.7766691947	0	0	0	0	0	0	2.804704591
4.81	5.04597475	-0.7832702638	0	0	0	0	0	0	3.027922527
4.82	5.069227281	-0.789948558	0	0	0	0	0	0	3.324243755
4.83	5.094033689	-0.7964496622	0	0	0	0	0	0	3.68696148
4.84	5.120471629	-0.8024602777	0	0	0	0	0	0	4.068192763
4.85	5.148484334	-0.8076396586	0	0	0	0	0	0	4.378784175
4.86	5.177849628	-0.8116783422	0	0	0	0	0	0	4.523796016
4.87	5.208184129	-0.8143674244	0	0	0	0	0	0	4.451498093
4.88	5.238977576	-0.8156442362	0	0	0	0	0	0	4.159853371
4.89	5.269630281	-0.8155984256	0	0	0	0	0	0	3.656933846
4.9	5.299490305	-0.814457418	0	0	0	0	0	0	2.96830916
4.91	5.327899786	-0.8125652425	0	0	0	0	0	0	2.166826234
4.92	5.354251939	-0.8103460931	0	0	0	0	0	0	1.341734821
4.93	5.378035882	-0.8082518103	0	0	0	0	0	0	0.5679201308
4.94	5.398865283	-0.8067061953	0	0	0	0	0	0	-0.07649483639
4.95	5.416502012	-0.8060541587	0	0	0	0	0	0	-0.5275729912
4.96	5.430869958	-0.8065243007	0	0	0	0	0	0	-0.7644547729
4.97	5.442055555	-0.80821518	0	0	0	0	0	0	-0.8074499204
4.98	5.450296027	-0.8111081138	0	0	0	0	0	0	-0.7063832902
4.99	5.455952954	-0.8151014695	0	0	0	0	0	0	-0.5182697281
5	5.459470122	-0.8200448032	0	0	0	0	0	0	-0.1642140271
5.01	5.461336849	-0.8257348111	0	0	0	0	0	0	0.2701617776
5.02	5.462049358	-0.8320185684	0	0	0	0	0	0	0.2809268037
5.03	5.461950473	-0.8388435553	0	0	0	0	0	0	0.1021771879
5.04	5.461304258	-0.8461962198	0	0	0	0	0	0	0.0273586229
5.05	5.460433989	-0.8540868123	0	0	0	0	0	0	0.0625895892
5.06	5.459727136	-0.8625652285	0	0	0	0	0	0	0.1254730371
5.07	5.459564762	-0.8717219171	0	0	0	0	0	0	0.1670790455
5.08	5.461020884	-0.8816083897	0	0	0	0	0	0	-9.403435675
5.09	5.464123568	-0.8907863583	0	0	0	0	0	0	-2.947874707
5.1	5.467571349	-0.8991713339	0	0	0	0	0	0	2.983117109
5.11	5.470940334	-0.9070625328	0	0	0	0	0	0	5.507381583
5.12	5.47415368	-0.914323018	0	0	0	0	0	0	7.192868548
5.13	5.475836934	-0.9203882538	0	0	0	0	0	0	-132.0275072
5.14	5.476461802	-0.9248715897	0	0	0	0	0	0	-145.6657161
5.15	5.477515574	-0.9272129999	0	0	0	0	0	0	-144.2926626
5.16	5.47895649	-0.9272673292	0	0	0	0	0	0	-136.209279
5.17	5.48062142	-0.9254266917	0	0	0	0	0	0	-125.6811405
5.18	5.482378605	-0.9222191886	0	0	0	0	0	0	-115.6437243
5.19	5.484177433	-0.9181092981	0	0	0	0	0	0	-108.7264831
5.2	5.486016672	-0.9134868843	0	0	0	0	0	0	-105.7712058
5.21	5.487929648	-0.9086739912	0	0	0	0	0	0	-105.591092
5.22	5.489992344	-0.9037596131	0	0	0	0	0	0	-105.9651923
5.23	5.49224611	-0.8987913778	0	0	0	0	0	0	-105.7714257
5.24	5.494641568	-0.8938717585	0	0	0	0	0	0	-104.5885799
5.25	5.497117824	-0.8890474171	0	0	0	0	0	0	-102.8832313
5.26	5.499651869	-0.8843130204	0	0	0	0	0	0	-101.2729372
5.27	5.502251838	-0.8796523074	0	0	0	0	0	0	-100.0934302
5.28	5.504935794	-0.875057326	0	0	0	0	0	0	-99.44370264
5.29	5.507723129	-0.8705268708	0	0	0	0	0	0	-99.34064173
5.3	5.510636493	-0.8660596805	0	0	0	0	0	0	-99.76564192
5.31	5.513704325	-0.8616490524	0	0	0	0	0	0	-100.6250795
5.32	5.516958736	-0.857280451	0	0	0	0	0	0	-101.7096775
5.33	5.520429135	-0.8529333758	0	0	0	0	0	0	-102.7178389
5.34	5.524135006	-0.8485863003	0	0	0	0	0	0	-103.334791
5.35	5.528081027	-0.8442219366	0	0	0	0	0	0	-103.3143669
5.36	5.532256653	-0.8398301695	0	0	0	0	0	0	-102.5249137
5.37	5.536639234	-0.8354085898	0	0	0	0	0	0	-100.936843
5.38	5.541198161	-0.8309625927	0	0	0	0	0	0	-98.5889893
5.39	5.545897723	-0.8265060933	0	0	0	0	0	0	-95.5656513
5.4	5.550698094	-0.8220625036	0	0	0	0	0	0	-91.99995315
5.41	5.555555221	-0.8176654255	0	0	0	0	0	0	-88.09114696
5.42	5.56042296	-0.8133572121	0	0	0	0	0	0	-84.10029463
5.43	5.565257574	-0.8091854714	0	0	0	0	0	0	-80.31829836
5.44	5.570024447	-0.8051977882	0	0	0	0	0	0	-77.00706885
5.45	5.57470594	-0.8014351203	0	0	0	0	0	0	-74.32946018
5.46	5.57930808	-0.7979252578	0	0	0	0	0	0	-72.29208142
5.47	5.583862699	-0.794678391	0	0	0	0	0	0	-70.71715491
5.48	5.588422148	-0.7916856912	0	0	0	0	0	0	-69.25039698
5.49	5.59304683	-0.7889201007	0	0	0	0	0	0	-67.40921801
5.5	5.597790801	-0.7863379016	0	0	0	0	0	0	-64.66827213
5.51	5.602688927	-0.7838813417	0	0	0	0	0	0	-60.5518324
5.52	5.607746865	-0.7814833607	0	0	0	0	0	0	-54.7029585
5.53	5.612934973	-0.7790743908	0	0	0	0	0	0	-46.94224084
5.54	5.618186571	-0.7765906499	0	0	0	0	0	0	-37.3307332
5.55	5.623400916	-0.7739831284	0	0	0	0	0	0	-26.21113261
5.56	5.628451873	-0.7712267148	0	0	0	0	0	0	-14.2101063
5.57	5.633204413	-0.768328239	0	0	0	0	0	0	-2.223070327
5.58	5.637543514	-0.7653347326	0	0	0	0	0	0	8.458193264
5.59	5.641517332	-0.7624048393	0	0	0	0	0	0	10.68237928
5.6	5.645866432	-0.7600711249	0	0	0	0	0	0	8.344058262
5.61	5.650813835	-0.758381101	0	0	0	0	0	0	7.014601421
5.62	5.656121513	-0.7571127969	0	0	0	0	0	0	5.949163702
5.63	5.661557139	-0.7561168048	0	0	0	0	0	0	4.774473945
5.64	5.666949153	-0.7552764742	0	0	0	0	0	0	3.590913894
5.65	5.672219767	-0.7544984463	0	0	0	0	0	0	2.639906862
5.66	5.677377169	-0.7537279932	0	0	0	0	0	0	2.106692026
5.67	5.682479511	-0.7529455064	0	0	0	0	0	0	2.161142043
5.68	5.687835954	-0.7522463389	0	0	0	0	0	0	6.953847624
5.69	5.693562086	-0.7515541671	0	0	0	0	0	0	3.879355544
5.7	5.700458903	-0.750402814	0	0	0	0	0	0	3.834839784
5.71	5.708993068	-0.7483215238	0	0	0	0	0	0	4.890411734
5.72	5.71943583	-0.7455846833	0	0	0	0	0	0	6.818353906
5.73	5.732202399	-0.7425624827	0	0	0	0	0	0	7.215495965
5.74	5.747317164	-0.7400654734	0	0	0	0	0	0	6.296359787
5.75	5.764273111	-0.7385797773	0	0	0	0	0	0	4.754312603
5.76	5.782516648	-0.7375774966	0	0	0	0	0	0	3.046267878
5.77	5.801525627	-0.7361797735	0	0	0	0	0	0	1.523552143
5.78	5.820806871	-0.7339105894	0	0	0	0	0	0	0.4034604258
5.79	5.839963617	-0.7309206351	0	0	0	0	0	0	-0.225833406
5.8	5.858774118	-0.727772103	0	0	0	0	0	0	-0.3910903511
5.81	5.877208576	-0.7251096853	0	0	0	0	0	0	0.07320027706
5.82	5.895380711	-0.7233071343	0	0	0	0	0	0	0.7518118465
5.83	5.913495874	-0.7223378837	0	0	0	0	0	0	1.384744667
5.84	5.93177204	-0.7220832073	0	0	0	0	0	0	1.774592273
5.85	5.950343692	-0.7225566435	0	0	0	0	0	0	1.899813063
5.86	5.969236321	-0.7238359693	0	0	0	0	0	0	1.835573336
5.87	5.98838878	-0.7259101604	0	0	0	0	0	0	1.661194862
5.88	6.007679691	-0.7286259524	0	0	0	0	0	0	1.445244852
5.89	6.026953662	-0.7317528461	0	0	0	0	0	0	1.258644366
5.9	6.046057033	-0.7350914321	0	0	0	0	0	0	1.165965282
5.91	6.064882038	-0.7385493326	0	0	0	0	0	0	1.201972304
5.92	6.08340376	-0.7421528089	0	0	0	0	0	0	1.359491555
5.93	6.101690271	-0.7460015193	0	0	0	0	0	0	1.598910323
5.94	6.119886151	-0.7502070978	0	0	0	0	0	0	1.868262829
5.95	6.138182678	-0.7548504448	0	0	0	0	0	0	2.121103205
5.96	6.156793133	-0.7599702349	0	0	0	0	0	0	2.33255707
5.97	6.175940176	-0.7655677089	0	0	0	0	0	0	2.504903371
5.98	6.195852343	-0.7716089821	0	0	0	0	0	0	2.663713798
5.99	6.216760922	-0.7780161705	0	0	0	0	0	0	2.844311768
6	6.23889227	-0.784654578	0	0	0	0	0	0	3.082572555
6.01	6.262451649	-0.791323728	0	0	0	0	0	0	3.395424788
6.02	6.287590288	-0.7977548716	0	0	0	0	0	0	3.768475051
6.03	6.314361599	-0.8036245157	0	0	0	0	0	0	4.143925694
6.04	6.342675514	-0.8085919112	0	0	0	0	0	0	4.427179299
6.05	6.372273804	-0.8123626593	0	0	0	0	0	0	4.528302409
6.06	6.402742797	-0.8147562507	0	0	0	0	0	0	4.40854585
6.07	6.433549853	-0.8157429514	0	0	0	0	0	0	4.070487233
6.08	6.464081589	-0.8154434498	0	0	0	0	0	0	3.523711677
6.09	6.493680015	-0.8141123782	0	0	0	0	0	0	2.803101354
6.1	6.5216936	-0.8121148696	0	0	0	0	0	0	1.990399206
6.11	6.547533965	-0.8098856996	0	0	0	0	0	0	1.16994381
6.12	6.570714861	-0.8078751499	0	0	0	0	0	0	0.4169777923
6.13	6.590879888	-0.8064940578	0	0	0	0	0	0	-0.1896943149
6.14	6.607825214	-0.8060648208	0	0	0	0	0	0	-0.5950915565
6.15	6.621509866	-0.8067885225	0	0	0	0	0	0	-0.7878886097
6.16	6.632053746	-0.8087369093	0	0	0	0	0	0	-0.7956067147
6.17	6.639723185	-0.8118704802	0	0	0	0	0	0	-0.6720151221
6.18	6.644901041	-0.8160757645	0	0	0	0	0	0	-0.4661037593
6.19	6.648040714	-0.8211915117	0	0	0	0	0	0	-0.05816988288
6.2	6.649642052	-0.8270127353	0	0	0	0	0	0	0.3089590449
6.21	6.650177452	-0.8334105957	0	0	0	0	0	0	0.2435968204
6.22	6.649958431	-0.8403457035	0	0	0	0	0	0	0.07324165684
6.23	6.649252722	-0.8478088037	0	0	0	0	0	0	0.02725794
6.24	6.648400366	-0.8558173159	0	0	0	0	0	0	0.07455815463
6.25	6.647792937	-0.8644301643	0	0	0	0	0	0	0.1356337749
6.26	6.647799985	-0.873744459	0	0	0	0	0	0	0.1701589146
6.27	6.649794996	-0.8836394521	0	0	0	0	0	0	-9.402962699
6.28	6.653013775	-0.8925981598	0	0	0	0	0	0	-1.377543104
6.29	6.656468612	-0.9008720444	0	0	0	0	0	0	3.729383576
6.3	6.659800396	-0.9086529258	0	0	0	0	0	0	5.836771306
6.31	6.662990465	-0.9157402603	0	0	0	0	0	0	4.394894352
6.32	6.664114246	-0.9214749634	0	0	0	0	0	0	-138.0768744
6.33	6.664822749	-0.9255594073	0	0	0	0	0	0	-146.1472328
6.34	6.665966264	-0.9274085201	0	0	0	0	0	0	-142.8967316
6.35	6.667468697	-0.9270230415	0	0	0	0	0	0	-134.0346347
6.36	6.669160676	-0.9248528202	0	0	0	0	0	0	-123.3589173
6.37	6.670928544	-0.9214210425	0	0	0	0	0	0	-113.8075179
6.38	6.672734579	-0.9171743669	0	0	0	0	0	0	-107.723555
6.39	6.674585156	-0.9124902481	0	0	0	0	0	0	-105.5300254
6.4	6.676521449	-0.9076598416	0	0	0	0	0	0	-105.6042808
6.41	6.678623725	-0.9027283495	0	0	0	0	0	0	-105.9501858
6.42	6.680911786	-0.8977656955	0	0	0	0	0	0	-105.5533722
6.43	6.683326802	-0.8928675709	0	0	0	0	0	0	-104.2139756
6.44	6.685813931	-0.8880667642	0	0	0	0	0	0	-102.4929893
6.45	6.688358395	-0.8833525212	0	0	0	0	0	0	-100.9651233
6.46	6.690971957	-0.8787095481	0	0	0	0	0	0	-99.90398181
6.47	6.693673275	-0.8741316891	0	0	0	0	0	0	-99.38040429
6.48	6.69648223	-0.8696181995	0	0	0	0	0	0	-99.40321002
6.49	6.699422614	-0.8651670022	0	0	0	0	0	0	-99.94236141
6.5	6.702524049	-0.8607697519	0	0	0	0	0	0	-100.8806227
6.51	6.705818657	-0.8564103509	0	0	0	0	0	0	-101.9851001
6.52	6.709334296	-0.8520675872	0	0	0	0	0	0	-102.9432834
6.53	6.713087583	-0.8477204583	0	0	0	0	0	0	-103.448947
6.54	6.71707992	-0.8433529823	0	0	0	0	0	0	-103.2796072
6.55	6.721297885	-0.8389566052	0	0	0	0	0	0	-102.3271399
6.56	6.72571693	-0.8345305246	0	0	0	0	0	0	-100.579072
6.57	6.730305333	-0.8300817991	0	0	0	0	0	0	-98.08486581
6.58	6.7350267	-0.8256261791	0	0	0	0	0	0	-94.93725927
6.59	6.73984042	-0.8211891747	0	0	0	0	0	0	-91.28159749
6.6	6.744701934	-0.8168063533	0	0	0	0	0	0	-87.3301727
6.61	6.74956528	-0.8125214355	0	0	0	0	0	0	-83.35298748
6.62	6.754387985	-0.8083825272	0	0	0	0	0	0	-79.64054705
6.63	6.759138198	-0.8044364599	0	0	0	0	0	0	-76.44043801
6.64	6.763802512	-0.8007220394	0	0	0	0	0	0	-73.88840899
6.65	6.768391997	-0.7972638574	0	0	0	0	0	0	-71.95601765
6.66	6.772943134	-0.7940683937	0	0	0	0	0	0	-70.42949178
6.67	6.777510778	-0.7911231717	0	0	0	0	0	0	-68.92516245
6.68	6.782155215	-0.788397704	0	0	0	0	0	0	-66.94424251
6.69	6.786927543	-0.7858453102	0	0	0	0	0	0	-63.96513373
6.7	6.791857567	-0.7834059627	0	0	0	0	0	0	-59.53084309
6.71	6.796944332	-0.7810115406	0	0	0	0	0	0	-53.31460352
6.72	6.802151003	-0.7785929536	0	0	0	0	0	0	-45.17893609
6.73	6.807403837	-0.776088597	0	0	0	0	0	0	-35.23798178
6.74	6.812596249	-0.7734534665	0	0	0	0	0	0	-23.89043751
6.75	6.817598869	-0.7706680944	0	0	0	0	0	0	-11.81646484
6.76	6.822277729	-0.7677463887	0	0	0	0	0	0	0.0349715405
6.77	6.826527956	-0.7647450087	0	0	0	0	0	0	10.16995994
6.78	6.830504555	-0.7618881207	0	0	0	0	0	0	10.15252645
6.79	6.834981899	-0.7596975169	0	0	0	0	0	0	8.030045151
6.8	6.840019588	-0.7581056158	0	0	0	0	0	0	6.810384068
6.81	6.845368762	-0.7569007956	0	0	0	0	0	0	5.732129949
6.82	6.850806299	-0.755944052	0	0	0	0	0	0	4.537801775
6.83	6.85617701	-0.7551222616	0	0	0	0	0	0	3.379742292
6.84	6.861422072	-0.754348751	0	0	0	0	0	0	2.49783336
6.85	6.866561888	-0.753576641	0	0	0	0	0	0	2.058101024
6.86	6.871676965	-0.752793531	0	0	0	0	0	0	2.39774425
6.87	6.877091571	-0.7521204175	0	0	0	0	0	0	6.519588478
6.88	6.882977171	-0.7513912682	0	0	0	0	0	0	3.657458702
6.89	6.890164944	-0.7500669169	0	0	0	0	0	0	4.013228465
6.9	6.899048493	-0.7478198985	0	0	0	0	0	0	5.097280487
6.91	6.90990097	-0.7449947006	0	0	0	0	0	0	7.215700973
6.92	6.923148672	-0.7419899745	0	0	0	0	0	0	7.101678337
6.93	6.938664143	-0.7396826214	0	0	0	0	0	0	6.031645373
6.94	6.955911106	-0.738353598	0	0	0	0	0	0	4.422697418
6.95	6.974342628	-0.7373363781	0	0	0	0	0	0	2.728086009
6.96	6.993441113	-0.7357850219	0	0	0	0	0	0	1.270859377
6.97	7.012724943	-0.7333467127	0	0	0	0	0	0	0.2435979054
6.98	7.03182679	-0.730276914	0	0	0	0	0	0	-0.2922336606
6.99	7.050562637	-0.7271792899	0	0	0	0	0	0	-0.3279362911
7	7.068936498	-0.7246736893	0	0	0	0	0	0	0.1966264091
7.01	7.087082371	-0.723047817	0	0	0	0	0	0	0.887812346
7.02	7.10521672	-0.7222270015	0	0	0	0	0	0	1.483235296
7.03	7.123546923	-0.7221109036	0	0	0	0	0	0	1.8182781
7.04	7.142185881	-0.7227377952	0	0	0	0	0	0	1.899795123
7.05	7.161139934	-0.7241788184	0	0	0	0	0	0	1.808534381
7.06	7.180334258	-0.7263952248	0	0	0	0	0	0	1.620847972
7.07	7.199638606	-0.7292109036	0	0	0	0	0	0	1.404908693
7.08	7.218894872	-0.7323933593	0	0	0	0	0	0	1.231921387
7.09	7.2379545	-0.7357596936	0	0	0	0	0	0	1.162665589
7.1	7.256723489	-0.7392419907	0	0	0	0	0	0	1.223939636
7.11	7.27519514	-0.7428855547	0	0	0	0	0	0	1.40109191
7.12	7.293454253	-0.746796913	0	0	0	0	0	0	1.650180764
7.13	7.311656729	-0.7510839747	0	0	0	0	0	0	1.919154851
7.14	7.329999707	-0.7558195693	0	0	0	0	0	0	2.165250894
7.15	7.348699393	-0.7610348139	0	0	0	0	0	0	2.368464445
7.16	7.367979776	-0.766724129	0	0	0	0	0	0	2.535634854
7.17	7.388070248	-0.7728458156	0	0	0	0	0	0	2.695467921
7.18	7.409201993	-0.7793117923	0	0	0	0	0	0	2.88566899
7.19	7.431599777	-0.7859753147	0	0	0	0	0	0	3.138405256
7.2	7.455460986	-0.7926218277	0	0	0	0	0	0	3.465609098
7.21	7.480921351	-0.7989698869	0	0	0	0	0	0	3.845313022
7.22	7.508009326	-0.8046886316	0	0	0	0	0	0	4.210905255
7.23	7.536602545	-0.8094407309	0	0	0	0	0	0	4.464182838
7.24	7.566409651	-0.8129492468	0	0	0	0	0	0	4.522494142
7.25	7.596989946	-0.8150618987	0	0	0	0	0	0	4.358578173
7.26	7.627792105	-0.8157798953	0	0	0	0	0	0	3.978363669
7.27	7.65819052	-0.8152519928	0	0	0	0	0	0	3.392913056
7.28	7.687524251	-0.8137570809	0	0	0	0	0	0	2.645721634
7.29	7.715149768	-0.8116779573	0	0	0	0	0	0	1.825061234
7.3	7.740496321	-0.8094570832	0	0	0	0	0	0	1.012715543
7.31	7.763101944	-0.8075411562	0	0	0	0	0	0	0.2827373707
7.32	7.782639288	-0.8063269142	0	0	0	0	0	0	-0.2874015416
7.33	7.798936262	-0.8061145798	0	0	0	0	0	0	-0.6498712893
7.34	7.811984409	-0.8070793484	0	0	0	0	0	0	-0.8027265345
7.35	7.821934047	-0.8092686478	0	0	0	0	0	0	-0.7795260629
7.36	7.829077753	-0.8126249982	0	0	0	0	0	0	-0.6372485166
7.37	7.833816565	-0.817025136	0	0	0	0	0	0	-0.4049947559
7.38	7.836611896	-0.8222961198	0	0	0	0	0	0	0.04198761325
7.39	7.837972089	-0.8282376512	0	0	0	0	0	0	0.3251772777
7.4	7.838340214	-0.8347432824	0	0	0	0	0	0	0.2057289413
7.41	7.838004928	-0.8417829326	0	0	0	0	0	0	0.05274594563
7.42	7.83724369	-0.8493514197	0	0	0	0	0	0	0.03194048858
7.43	7.836411267	-0.8574736016	0	0	0	0	0	0	0.0872817685
7.44	7.835900947	-0.8662168628	0	0	0	0	0	0	0.1450140523
7.45	7.836076413	-0.8756844107	0	0	0	0	0	0	-1.73019421
7.46	7.83855612	-0.8854962773	0	0	0	0	0	0	-8.035684244
7.47	7.841865347	-0.8942793884	0	0	0	0	0	0	-0.05540168776
7.48	7.845312048	-0.9024556173	0	0	0	0	0	0	4.302043105
7.49	7.848609516	-0.9101231401	0	0	0	0	0	0	6.143785311
7.5	7.851675241	-0.9170131996	0	0	0	0	0	0	-46.38311542
7.51	7.852390588	-0.9224366886	0	0	0	0	0	0	-140.9069201
7.52	7.853184002	-0.9261137017	0	0	0	0	0	0	-146.1975044
7.53	7.854409535	-0.9274994	0	0	0	0	0	0	-141.4116422
7.54	7.855962776	-0.9267181364	0	0	0	0	0	0	-131.9619997
7.55	7.857675839	-0.9242583379	0	0	0	0	0	0	-121.2660877
7.56	7.859452479	-0.9206324476	0	0	0	0	0	0	-112.270427
7.57	7.861265697	-0.9162711299	0	0	0	0	0	0	-106.9858964
7.58	7.863128749	-0.9115407688	0	0	0	0	0	0	-105.4592542
7.59	7.865091033	-0.9066922556	0	0	0	0	0	0	-105.673531
7.6	7.867231949	-0.9017463597	0	0	0	0	0	0	-105.942279
7.61	7.869550503	-0.8967911544	0	0	0	0	0	0	-105.3415951
7.62	7.871982638	-0.8919124242	0	0	0	0	0	0	-103.8739313
7.63	7.874480697	-0.8871309336	0	0	0	0	0	0	-102.1562265
7.64	7.877037004	-0.8824325499	0	0	0	0	0	0	-100.7101482
7.65	7.879665883	-0.877803496	0	0	0	0	0	0	-99.75552814
7.66	7.882386268	-0.873239201	0	0	0	0	0	0	-99.3428747
7.67	7.885218534	-0.8687391438	0	0	0	0	0	0	-99.47478574
7.68	7.888187668	-0.8643002941	0	0	0	0	0	0	-100.1081619
7.69	7.891324187	-0.8599127553	0	0	0	0	0	0	-101.1033048
7.7	7.894659967	-0.8555590737	0	0	0	0	0	0	-102.2060698
7.71	7.898221124	-0.8512176347	0	0	0	0	0	0	-103.0982908
7.72	7.902021444	-0.8468680634	0	0	0	0	0	0	-103.4863999
7.73	7.906059197	-0.84249577	0	0	0	0	0	0	-103.1681052
7.74	7.910318446	-0.8380937406	0	0	0	0	0	0	-102.0575331
7.75	7.914772929	-0.8336626844	0	0	0	0	0	0	-100.157373
7.76	7.919389926	-0.829211287	0	0	0	0	0	0	-97.52589594
7.77	7.924132258	-0.824757139	0	0	0	0	0	0	-94.2648022
7.78	7.928958488	-0.8203277698	0	0	0	0	0	0	-90.53197462
7.79	7.933823546	-0.8159605627	0	0	0	0	0	0	-86.55234454
7.8	7.938681709	-0.8117004706	0	0	0	0	0	0	-82.60380324
7.81	7.943492018	-0.8075958114	0	0	0	0	0	0	-78.97365073
7.82	7.948225623	-0.8036923628	0	0	0	0	0	0	-75.89299587
7.83	7.952873478	-0.8000266561	0	0	0	0	0	0	-73.46873199
7.84	7.957451775	-0.7966199416	0	0	0	0	0	0	-71.63705396
7.85	7.962001424	-0.7934749541	0	0	0	0	0	0	-70.14855059
7.86	7.966579457	-0.7905755884	0	0	0	0	0	0	-68.5912953
7.87	7.971245274	-0.7878881129	0	0	0	0	0	0	-66.45503301
7.88	7.976046778	-0.7853629065	0	0	0	0	0	0	-63.22403908
7.89	7.981008368	-0.7829379064	0	0	0	0	0	0	-58.46326855
7.9	7.986122387	-0.7805441899	0	0	0	0	0	0	-51.87714748
7.91	7.991344792	-0.778113445	0	0	0	0	0	0	-43.37242231
7.92	7.996594958	-0.7755865835	0	0	0	0	0	0	-33.11754418
7.93	8.001760891	-0.772922856	0	0	0	0	0	0	-21.56728396
7.94	8.00671054	-0.7701087599	0	0	0	0	0	0	-9.454150705
7.95	8.011312096	-0.7671655905	0	0	0	0	0	0	2.214179342
7.96	8.015474805	-0.76416139	0	0	0	0	0	0	11.49949611
7.97	8.019494244	-0.7614037611	0	0	0	0	0	0	9.645270907
7.98	8.024096815	-0.7593488111	0	0	0	0	0	0	7.749354336
7.99	8.029214432	-0.7578460573	0	0	0	0	0	0	6.606741167
8	8.034596308	-0.7566991558	0	0	0	0	0	0	5.507851172
8.01	8.040029804	-0.7557770184	0	0	0	0	0	0	4.302016084
8.02	8.045377185	-0.7549702308	0	0	0	0	0	0	3.1798249
8.03	8.050597957	-0.75419943	0	0	0	0	0	0	2.373982583
8.04	8.05572294	-0.7534251959	0	0	0	0	0	0	2.030709755
8.05	8.06087554	-0.752650702	0	0	0	0	0	0	4.061682492
8.06	8.066338878	-0.7519922464	0	0	0	0	0	0	5.854812814
8.07	8.072423896	-0.7512046353	0	0	0	0	0	0	3.573904067
8.08	8.079916757	-0.7496954819	0	0	0	0	0	0	4.215184593
8.09	8.089160332	-0.7473014812	0	0	0	0	0	0	5.294859871
8.1	8.10044519	-0.7444005914	0	0	0	0	0	0	7.334825285
8.11	8.114166797	-0.7414588456	0	0	0	0	0	0	6.956143952
8.12	8.130062706	-0.7393551393	0	0	0	0	0	0	5.745947165
8.13	8.147581035	-0.7381571211	0	0	0	0	0	0	4.088003514
8.14	8.166181753	-0.7370929167	0	0	0	0	0	0	2.418572271
8.15	8.185351492	-0.7353758547	0	0	0	0	0	0	1.033760757
8.16	8.204623313	-0.7327792267	0	0	0	0	0	0	0.1016164063
8.17	8.223662219	-0.7296519693	0	0	0	0	0	0	-0.3436622176
8.18	8.242322156	-0.7266269537	0	0	0	0	0	0	-0.2486271792
8.19	8.26063818	-0.724285125	0	0	0	0	0	0	0.3258608629
8.2	8.278763689	-0.7228278478	0	0	0	0	0	0	1.018904023
8.21	8.296922347	-0.7221481206	0	0	0	0	0	0	1.570617829
8.22	8.315307611	-0.7221702904	0	0	0	0	0	0	1.851737908
8.23	8.334010578	-0.7229521028	0	0	0	0	0	0	1.892910678
8.24	8.35301955	-0.7245518322	0	0	0	0	0	0	1.777415502
8.25	8.372246984	-0.7269019417	0	0	0	0	0	0	1.57882571
8.26	8.391554789	-0.729806946	0	0	0	0	0	0	1.365699008
8.27	8.410783642	-0.733036623	0	0	0	0	0	0	1.208836649
8.28	8.429791848	-0.7364269714	0	0	0	0	0	0	1.164153466
8.29	8.448500622	-0.7399343405	0	0	0	0	0	0	1.250240858
8.3	8.466921599	-0.7436208232	0	0	0	0	0	0	1.445384547
8.31	8.485155572	-0.7475975525	0	0	0	0	0	0	1.702300757
8.32	8.503368722	-0.7519674139	0	0	0	0	0	0	1.96960792
8.33	8.521763252	-0.756794974	0	0	0	0	0	0	2.208205782
8.34	8.540557374	-0.7621037693	0	0	0	0	0	0	2.402985481
8.35	8.559976259	-0.7678815454	0	0	0	0	0	0	2.566013057
8.36	8.580250168	-0.7740786883	0	0	0	0	0	0	2.728841818
8.37	8.601609792	-0.7805965072	0	0	0	0	0	0	2.92912803
8.38	8.62427679	-0.7872756593	0	0	0	0	0	0	3.196194996
8.39	8.648439678	-0.7938881401	0	0	0	0	0	0	3.536696169
8.4	8.674217192	-0.8001408632	0	0	0	0	0	0	3.920234205
8.41	8.701611459	-0.8056974039	0	0	0	0	0	0	4.272035035
8.42	8.730467504	-0.8102264612	0	0	0	0	0	0	4.492301125
8.43	8.760462406	-0.8134711131	0	0	0	0	0	0	4.507818612
8.44	8.791131061	-0.8153081179	0	0	0	0	0	0	4.301088417
8.45	8.82190468	-0.8157682388	0	0	0	0	0	0	3.880082046
8.46	8.852147954	-0.8150270849	0	0	0	0	0	0	3.257373047
8.47	8.88119781	-0.8133862198	0	0	0	0	0	0	2.489635269
8.48	8.908422348	-0.8112440953	0	0	0	0	0	0	1.664895525
8.49	8.933269139	-0.8090483032	0	0	0	0	0	0	0.862001573
8.5	8.955300307	-0.8072399285	0	0	0	0	0	0	0.1574451052
8.51	8.974217259	-0.8062002237	0	0	0	0	0	0	-0.3743780221
8.52	8.989879441	-0.8062066261	0	0	0	0	0	0	-0.6951789769
8.53	9.002309973	-0.8074088784	0	0	0	0	0	0	-0.8102848468
8.54	9.011688657	-0.8098316121	0	0	0	0	0	0	-0.759168297
8.55	9.018331745	-0.8134012651	0	0	0	0	0	0	-0.6005170249
8.56	9.022657048	-0.8179858677	0	0	0	0	0	0	-0.3377559087
8.57	9.025133442	-0.8234007678	0	0	0	0	0	0	0.1322934029
8.58	9.026272811	-0.8294564439	0	0	0	0	0	0	0.3235130231
8.59	9.026485322	-0.8360668728	0	0	0	0	0	0	0.1686891237
8.6	9.026044086	-0.8432088445	0	0	0	0	0	0	0.03853156342
8.61	9.025239483	-0.8508815454	0	0	0	0	0	0	0.03944354362
8.62	9.024439041	-0.8591176501	0	0	0	0	0	0	0.09979345103
8.63	9.024034774	-0.8679925073	0	0	0	0	0	0	0.1530884125
8.64	9.024490118	-0.8776204847	0	0	0	0	0	0	-11.17674436
8.65	9.027325535	-0.8872678264	0	0	0	0	0	0	-6.31578464
8.66	9.030701285	-0.895902892	0	0	0	0	0	0	1.093278657
8.67	9.03412908	-0.9039868811	0	0	0	0	0	0	4.762637829
8.68	9.03739503	-0.911532997	0	0	0	0	0	0	6.455669971
8.69	9.040105915	-0.9181762134	0	0	0	0	0	0	-96.06982284
8.7	9.040674672	-0.9233117829	0	0	0	0	0	0	-142.992747
8.71	9.041552756	-0.9265664616	0	0	0	0	0	0	-145.8703828
8.72	9.042854396	-0.927504718	0	0	0	0	0	0	-139.7997977
8.73	9.044450477	-0.9263557194	0	0	0	0	0	0	-129.8916017
8.74	9.046180627	-0.9236322626	0	0	0	0	0	0	-119.2937335
8.75	9.047964933	-0.919832579	0	0	0	0	0	0	-110.9208867
8.76	9.049785698	-0.915372786	0	0	0	0	0	0	-106.4180456
8.77	9.051662718	-0.9106086492	0	0	0	0	0	0	-105.4475509
8.78	9.05365413	-0.9057402288	0	0	0	0	0	0	-105.7510543
8.79	9.055832692	-0.900783951	0	0	0	0	0	0	-105.9032627
8.8	9.058178482	-0.8958391627	0	0	0	0	0	0	-105.1043334
8.81	9.060625645	-0.8909797524	0	0	0	0	0	0	-103.5361872
8.82	9.063134366	-0.8862161773	0	0	0	0	0	0	-101.8409914
8.83	9.065703087	-0.8815324185	0	0	0	0	0	0	-100.481782
8.84	9.068347938	-0.8769164699	0	0	0	0	0	0	-99.63170472
8.85	9.071088026	-0.8723650949	0	0	0	0	0	0	-99.32617332
8.86	9.073944367	-0.8678777371	0	0	0	0	0	0	-99.56216564
8.87	9.076943108	-0.8634502703	0	0	0	0	0	0	-100.2815135
8.88	9.080115498	-0.8590712435	0	0	0	0	0	0	-101.3213966
8.89	9.083492862	-0.8547220333	0	0	0	0	0	0	-102.4103435
8.9	9.087099375	-0.8503808187	0	0	0	0	0	0	-103.2267554
8.91	9.090945924	-0.846028064	0	0	0	0	0	0	-103.490254
8.92	9.095027828	-0.8416506079	0	0	0	0	0	0	-103.0226261
8.93	9.099326814	-0.8372429065	0	0	0	0	0	0	-101.7575436
8.94	9.103815128	-0.8328071635	0	0	0	0	0	0	-99.71047705
8.95	9.108459103	-0.8283536979	0	0	0	0	0	0	-96.94814321
8.96	9.113220716	-0.8239019887	0	0	0	0	0	0	-93.58191908
8.97	9.1180578	-0.8194815044	0	0	0	0	0	0	-89.78161123
8.98	9.122924882	-0.8151312869	0	0	0	0	0	0	-85.78474562
8.99	9.127776615	-0.8108973674	0	0	0	0	0	0	-81.87548649
9	9.13257377	-0.8068280807	0	0	0	0	0	0	-78.33557683
9.01	9.137290738	-0.8029679663	0	0	0	0	0	0	-75.37708101
9.02	9.141923061	-0.7993510009	0	0	0	0	0	0	-73.07691923
9.03	9.146491968	-0.7959950153	0	0	0	0	0	0	-71.33562331
9.04	9.151042328	-0.7928990863	0	0	0	0	0	0	-69.86950443
9.05	9.155632731	-0.7900436316	0	0	0	0	0	0	-68.24158804
9.06	9.160321444	-0.7873916752	0	0	0	0	0	0	-65.9329457
9.07	9.16515268	-0.7848908799	0	0	0	0	0	0	-62.43795433
9.08	9.170145223	-0.7824773691	0	0	0	0	0	0	-57.34363498
9.09	9.175284629	-0.7800817125	0	0	0	0	0	0	-50.38833599
9.1	9.180519646	-0.7776366791	0	0	0	0	0	0	-41.52541964
9.11	9.18576307	-0.7750859974	0	0	0	0	0	0	-30.97776393
9.12	9.190897906	-0.7723935158	0	0	0	0	0	0	-19.25480491
9.13	9.195790276	-0.7695518725	0	0	0	0	0	0	-7.140176992
9.14	9.2003119	-0.7665899059	0	0	0	0	0	0	4.292858395
9.15	9.204393137	-0.7635906669	0	0	0	0	0	0	11.70623876
9.16	9.208492101	-0.7609544153	0	0	0	0	0	0	9.18608476
9.17	9.213212148	-0.759024747	0	0	0	0	0	0	7.500038503
9.18	9.218399131	-0.7576027226	0	0	0	0	0	0	6.405046789
9.19	9.223805258	-0.7565082328	0	0	0	0	0	0	5.281558832
9.2	9.229229707	-0.7556161286	0	0	0	0	0	0	4.07242098
9.21	9.234552888	-0.7548211975	0	0	0	0	0	0	2.994793281
9.22	9.239751149	-0.7540516512	0	0	0	0	0	0	2.269546642
9.23	9.244864107	-0.7532750271	0	0	0	0	0	0	2.023623043
9.24	9.250072941	-0.7525185168	0	0	0	0	0	0	5.756654065
9.25	9.255588048	-0.7518613907	0	0	0	0	0	0	5.139010135
9.26	9.261902578	-0.7509901883	0	0	0	0	0	0	3.585786998
9.27	9.269709237	-0.7492945353	0	0	0	0	0	0	4.426068023
9.28	9.279317361	-0.7467730545	0	0	0	0	0	0	5.476747538
9.29	9.291050218	-0.7438099429	0	0	0	0	0	0	7.355590527
9.3	9.30522711	-0.7409707947	0	0	0	0	0	0	6.780920947
9.31	9.321477908	-0.7390705253	0	0	0	0	0	0	5.447142474
9.32	9.339244503	-0.7379705749	0	0	0	0	0	0	3.757380141
9.33	9.357993507	-0.736829298	0	0	0	0	0	0	2.123630756
9.34	9.377216062	-0.7349404001	0	0	0	0	0	0	0.8166328843
9.35	9.396463426	-0.7322013426	0	0	0	0	0	0	-0.02026039518
9.36	9.415434709	-0.7290415181	0	0	0	0	0	0	-0.3801658618
9.37	9.434021118	-0.7261105193	0	0	0	0	0	0	-0.1584106881
9.38	9.452285422	-0.7239370101	0	0	0	0	0	0	0.4580551498
9.39	9.470399186	-0.7226404983	0	0	0	0	0	0	1.142447225
9.4	9.488588841	-0.7220966956	0	0	0	0	0	0	1.646220794
9.41	9.507031345	-0.7222578361	0	0	0	0	0	0	1.87570401
9.42	9.525796463	-0.7231949546	0	0	0	0	0	0	1.880313655
9.43	9.544855816	-0.724948656	0	0	0	0	0	0	1.743542185
9.44	9.564110314	-0.7274231833	0	0	0	0	0	0	1.536663122
9.45	9.58341493	-0.7304073824	0	0	0	0	0	0	1.329042387
9.46	9.602610615	-0.7336771606	0	0	0	0	0	0	1.190326311
9.47	9.621564435	-0.7370894862	0	0	0	0	0	0	1.170628582
9.48	9.64021364	-0.7406239171	0	0	0	0	0	0	1.280332521
9.49	9.65858791	-0.7443569498	0	0	0	0	0	0	1.491387241
9.5	9.676802828	-0.7484019287	0	0	0	0	0	0	1.754209779
9.51	9.69503363	-0.7528557294	0	0	0	0	0	0	2.018645848
9.52	9.713486938	-0.7577748323	0	0	0	0	0	0	2.248824273
9.53	9.732382371	-0.7631753483	0	0	0	0	0	0	2.436072174
9.54	9.751946331	-0.7690384865	0	0	0	0	0	0	2.595990438
9.55	9.772409603	-0.7753062639	0	0	0	0	0	0	2.76319127
9.56	9.794002336	-0.781869277	0	0	0	0	0	0	2.97446301
9.57	9.816941947	-0.7885552983	0	0	0	0	0	0	3.255952198
9.58	9.841406908	-0.7951232316	0	0	0	0	0	0	3.608414369
9.59	9.86749742	-0.8012693101	0	0	0	0	0	0	3.993012995
9.6	9.895188073	-0.806653442	0	0	0	0	0	0	4.327235108
9.61	9.924291192	-0.8109529116	0	0	0	0	0	0	4.511994653
9.62	9.95445392	-0.8139329344	0	0	0	0	0	0	4.485522747
9.63	9.98518874	-0.8154994063	0	0	0	0	0	0	4.237389324
9.64	10.01591226	-0.8157119778	0	0	0	0	0	0	3.774677552
9.65	10.04597854	-0.814771687	0	0	0	0	0	0	3.117951603
9.66	10.07472563	-0.8130018459	0	0	0	0	0	0	2.334533859
9.67	10.10153477	-0.8108143794	0	0	0	0	0	0	1.508031841
9.68	10.12587308	-0.8086597366	0	0	0	0	0	0	0.7165492096
9.69	10.14732711	-0.8069715351	0	0	0	0	0	0	0.04053822007
9.7	10.16562746	-0.8061141461	0	0	0	0	0	0	-0.4519766947
9.71	10.18066518	-0.8063415584	0	0	0	0	0	0	-0.7320266874
9.72	10.19249414	-0.8077786157	0	0	0	0	0	0	-0.8116412847
9.73	10.20132211	-0.810428504	0	0	0	0	0	0	-0.7353786409
9.74	10.20748799	-0.8142034473	0	0	0	0	0	0	-0.562289883
9.75	10.21142263	-0.8189630808	0	0	0	0	0	0	-0.2608323516
9.76	10.21360387	-0.8245124412	0	0	0	0	0	0	0.2075658806
9.77	10.21454012	-0.8306777936	0	0	0	0	0	0	0.3080156188
9.78	10.21460776	-0.8373908474	0	0	0	0	0	0	0.1340602344
9.79	10.2140717	-0.8446336057	0	0	0	0	0	0	0.02992208225
9.8	10.21323709	-0.8524101737	0	0	0	0	0	0	0.04913836563
9.81	10.21248214	-0.8607613288	0	0	0	0	0	0	0.1118534419
9.82	10.21219454	-0.8697698309	0	0	0	0	0	0	0.1599107319
9.83	10.21312777	-0.8795544141	0	0	0	0	0	0	-9.564896858
9.84	10.21610548	-0.8889764036	0	0	0	0	0	0	-4.637539062
9.85	10.21952584	-0.8974838684	0	0	0	0	0	0	2.081735146
9.86	10.22292742	-0.905476938	0	0	0	0	0	0	5.144220212
9.87	10.22616546	-0.9128920232	0	0	0	0	0	0	6.787815001
9.88	10.22840322	-0.919264844	0	0	0	0	0	0	-119.2579766
9.89	10.22896996	-0.9241032771	0	0	0	0	0	0	-144.5005516
9.9	10.22993219	-0.9269251666	0	0	0	0	0	0	-145.2211511
9.91	10.23130368	-0.9274322692	0	0	0	0	0	0	-138.0851362
9.92	10.2329357	-0.9259406974	0	0	0	0	0	0	-127.8272236
9.93	10.23467992	-0.9229757332	0	0	0	0	0	0	-117.4403298
9.94	10.23647121	-0.919019928	0	0	0	0	0	0	-109.7430224
9.95	10.23830015	-0.9144761479	0	0	0	0	0	0	-105.9974236
9.96	10.24019279	-0.909687106	0	0	0	0	0	0	-105.4629199
9.97	10.24221641	-0.9047979052	0	0	0	0	0	0	-105.8247248
9.98	10.24443114	-0.8998354547	0	0	0	0	0	0	-105.8289075
9.99	10.24680118	-0.894903565	0	0	0	0	0	0	-104.8431409
10	10.24926174	-0.8900632544	0	0	0	0	0	0	-103.2013177
