0	0	0.329443	0	1	0	0	0	1	0	0	0	1
0.01	0.01856833494	0.3288212287	0	0.9999999999	1.040239129e-005	0	-1.040239129e-005	0.9999999999	0	0	0	1
0.02	0.03691134221	0.3272006293	0	0.9999903909	-0.004383850486	0	0.004383850486	0.9999903909	0	0	0	1
0.03	0.05527169648	0.3245586119	0	0.999887305	-0.0150125688	0	0.0150125688	0.999887305	0	0	0	1
0.04	0.07362465791	0.3208254029	0	0.9995555164	-0.02981223998	0	0.02981223998	0.9995555164	0	0	0	1
0.05	0.09193666095	0.3159390909	0	0.9989510851	-0.04579006041	0	0.04579006041	0.9989510851	0	0	0	1
0.06	0.1102149538	0.3098986848	0	0.998179028	-0.0603210408	0	0.0603210408	0.998179028	0	0	0	1
0.07	0.128476737	0.3027570246	0	0.9974338881	-0.07159356713	0	0.07159356713	0.9974338881	0	0	0	1
0.08	0.146735639	0.2945841621	0	0.996888772	-0.07882116644	0	0.07882116644	0.996888772	0	0	0	1
0.09	0.1650029904	0.2854390911	0	0.9966157009	-0.08220185323	0	0.08220185323	0.9966157009	0	0	0	1
0.1	0.1832891878	0.2753619514	0	0.9965815203	-0.08261521259	0	0.08261521259	0.9965815203	0	0	0	1
0.11	0.2016030627	0.2643808628	0	0.9966980423	-0.08119736733	0	0.08119736733	0.9966980423	0	0	0	1
0.12	0.2199511032	0.2525219173	0	0.9968781079	-0.07895592444	0	0.07895592444	0.9968781079	0	0	0	1
0.13	0.238337267	0.2398141893	0	0.9970675752	-0.0765261422	0	0.0765261422	0.9970675752	0	0	0	1
0.14	0.2567632059	0.2262876891	0	0.9972503032	-0.0741069008	0	0.0741069008	0.9972503032	0	0	0	1
0.15	0.2752285504	0.2119663964	0	0.997436619	-0.07155550991	0	0.07155550991	0.997436619	0	0	0	1
0.16	0.2936789955	0.1970445589	0	0.9976561072	-0.06842727349	0	0.06842727349	0.9976561072	0	0	0	1
0.17	0.311867106	0.1832692933	0	0.9979079069	-0.06465144523	0	0.06465144523	0.9979079069	0	0	0	1
0.18	0.3298444181	0.1714287343	0	0.998129738	-0.06113122014	0	0.06113122014	0.998129738	0	0	0	1
0.19	0.3472859414	0.1633055946	0	0.9984161955	-0.05625922698	0	0.05625922698	0.9984161955	0	0	0	1
0.2	0.3640827596	0.1595300278	0	0.9987779955	-0.04942181421	0	0.04942181421	0.9987779955	0	0	0	1
0.21	0.380334984	0.1597736217	0	0.999147089	-0.04129279005	0	0.04129279005	0.999147089	0	0	0	1
0.22	0.3960875083	0.1631861919	0	0.9994735743	-0.03244340063	0	0.03244340063	0.9994735743	0	0	0	1
0.23	0.411373063	0.1686511358	0	0.9997188995	-0.02370911071	0	0.02370911071	0.9997188995	0	0	0	1
0.24	0.4262397519	0.1752479548	0	0.9998661526	-0.01636083482	0	0.01636083482	0.9998661526	0	0	0	1
0.25	0.440755676	0.1824412939	0	0.9999326055	-0.01160967197	0	0.01160967197	0.9999326055	0	0	0	1
0.26	0.4549669662	0.1902621342	0	0.9999513618	-0.009862763546	0	0.009862763546	0.9999513618	0	0	0	1
0.27	0.4689169518	0.1988151644	0	0.999943164	-0.01066156023	0	0.01066156023	0.999943164	0	0	0	1
0.28	0.4826480184	0.2080582608	0	0.9999164189	-0.01292885063	0	0.01292885063	0.9999164189	0	0	0	1
0.29	0.4962084471	0.2178588863	0	0.9998805343	-0.01545694583	0	0.01545694583	0.9998805343	0	0	0	1
0.3	0.5096556702	0.2280451771	0	0.9998509695	-0.01726379869	0	0.01726379869	0.9998509695	0	0	0	1
0.31	0.5230488225	0.2384105226	0	0.999843141	-0.01771139153	0	0.01771139153	0.999843141	0	0	0	1
0.32	0.5364388713	0.2487060237	0	0.9998639965	-0.01649207394	0	0.01649207394	0.9998639965	0	0	0	1
0.33	0.5498635615	0.2586557366	0	0.9999075821	-0.01359511867	0	0.01359511867	0.9999075821	0	0	0	1
0.34	0.5633464978	0.2679907331	0	0.9999571538	-0.009256924154	0	0.009256924154	0.9999571538	0	0	0	1
0.35	0.5768969577	0.2764805537	0	0.9999924966	-0.003873859151	0	0.003873859151	0.9999924966	0	0	0	1
0.36	0.5905063946	0.2839524124	0	0.9999977634	0.002114993875	0	-0.002114993875	0.9999977634	0	0	0	1
0.37	0.6041513666	0.2903512383	0	0.9999658634	0.0082626885	0	-0.0082626885	0.9999658634	0	0	0	1
0.38	0.6178159686	0.2956759962	0	0.9999012792	0.01405104136	0	-0.01405104136	0.9999012792	0	0	0	1
0.39	0.6314919872	0.2999315351	0	0.9998191567	0.01901719969	0	-0.01901719969	0.9998191567	0	0	0	1
0.4	0.6451720677	0.3031375272	0	0.9997380551	0.02288714027	0	-0.02288714027	0.9997380551	0	0	0	1
0.41	0.6588534559	0.3053654977	0	0.9996723203	0.02559789262	0	-0.02559789262	0.9996723203	0	0	0	1
0.42	0.6725183454	0.3067093054	0	0.9996263458	0.02733438836	0	-0.02733438836	0.9996263458	0	0	0	1
0.43	0.6861531794	0.3072733959	0	0.9996008509	0.0282513503	0	-0.0282513503	0.9996008509	0	0	0	1
0.44	0.6997560081	0.3071601592	0	0.9995970752	0.02838463204	0	-0.02838463204	0.9995970752	0	0	0	1
0.45	0.7133309537	0.3064556496	0	0.9996160417	0.02770864634	0	-0.02770864634	0.9996160417	0	0	0	1
0.46	0.7268842782	0.3052191266	0	0.9996566372	0.0262032013	0	-0.0262032013	0.9996566372	0	0	0	1
0.47	0.7404231184	0.3034763399	0	0.9997144349	0.02389662523	0	-0.02389662523	0.9997144349	0	0	0	1
0.48	0.7539552496	0.3012160831	0	0.999781859	0.02088622363	0	-0.02088622363	0.999781859	0	0	0	1
0.49	0.7674884213	0.298390259	0	0.9998496003	0.01734291609	0	-0.01734291609	0.9998496003	0	0	0	1
0.5	0.7810288597	0.29491798	0	0.9999088012	0.01350515993	0	-0.01350515993	0.9999088012	0	0	0	1
0.51	0.794579225	0.2906939917	0	0.999953325	0.009661663143	0	-0.009661663143	0.999953325	0	0	0	1
0.52	0.8081367784	0.2856007744	0	0.9999812538	0.006123079799	0	-0.006123079799	0.9999812538	0	0	0	1
0.53	0.821691993	0.2795258557	0	0.9999949157	0.003188810816	0	-0.003188810816	0.9999949157	0	0	0	1
0.54	0.8352215092	0.2723943725	0	0.999999364	0.001127846296	0	-0.001127846296	0.999999364	0	0	0	1
0.55	0.8487053056	0.2641737782	0	0.9999999997	-2.375587077e-005	0	2.375587077e-005	0.9999999997	0	0	0	1
0.56	0.8621518737	0.254851587	0	0.9999998771	-0.0004957433512	0	0.0004957433512	0.9999998771	0	0	0	1
0.57	0.8755776367	0.2444290016	0	0.9999998983	-0.0004509239181	0	0.0004509239181	0.9999998983	0	0	0	1
0.58	0.888995716	0.2329182377	0	0.9999999843	0.0001769713548	0	-0.0001769713548	0.9999999843	0	0	0	1
0.59	0.9024170378	0.2203433286	0	0.9999986292	0.001655773439	0	-0.001655773439	0.9999986292	0	0	0	1
0.6	0.9158465573	0.2067656067	0	0.9999904137	0.00437864045	0	-0.00437864045	0.9999904137	0	0	0	1
0.61	0.9291123695	0.1933056459	0	0.999958439	0.009117027567	0	-0.009117027567	0.999958439	0	0	0	1
0.62	0.9423281794	0.1809417074	0	0.9998958456	0.01443252766	0	-0.01443252766	0.9998958456	0	0	0	1
0.63	0.9555924909	0.1699451324	0	0.9998002337	0.01998731528	0	-0.01998731528	0.9998002337	0	0	0	1
0.64	0.9687923078	0.1613855821	0	0.9996312248	0.0271553739	0	-0.0271553739	0.9996312248	0	0	0	1
0.65	0.981704806	0.1563715922	0	0.9992839775	0.0378355954	0	-0.0378355954	0.9992839775	0	0	0	1
0.66	0.9942831704	0.154821433	0	0.9986584149	0.05178195052	0	-0.05178195052	0.9986584149	0	0	0	1
0.67	1.006573468	0.1563277725	0	0.9977349873	0.0672673402	0	-0.0672673402	0.9977349873	0	0	0	1
0.68	1.018617442	0.1602168769	0	0.9966107812	0.08226147803	0	-0.08226147803	0.9966107812	0	0	0	1
0.69	1.030423621	0.1656843634	0	0.9954705803	0.09507009966	0	-0.09507009966	0.9954705803	0	0	0	1
0.7	1.041983348	0.1719676279	0	0.9945183907	0.1045618026	0	-0.1045618026	0.9945183907	0	0	0	1
0.71	1.053286511	0.1784799586	0	0.9938979314	0.1103036808	0	-0.1103036808	0.9938979314	0	0	0	1
0.72	1.06433108	0.1850585723	0	0.9936372184	0.1126280526	0	-0.1126280526	0.9936372184	0	0	0	1
0.73	1.075139664	0.191774133	0	0.9936788117	0.1122604974	0	-0.1122604974	0.9936788117	0	0	0	1
0.74	1.085735518	0.1986595582	0	0.9939196678	0.1101076469	0	-0.1101076469	0.9939196678	0	0	0	1
0.75	1.096137162	0.2057115142	0	0.9942566399	0.1070221189	0	-0.1070221189	0.9942566399	0	0	0	1
0.76	1.106368015	0.2129096793	0	0.9946233842	0.1035583098	0	-0.1035583098	0.9946233842	0	0	0	1
0.77	1.116458626	0.2202216978	0	0.9949957173	0.09991757883	0	-0.09991757883	0.9949957173	0	0	0	1
0.78	1.126442316	0.227599764	0	0.995376973	0.09604520572	0	-0.09604520572	0.995376973	0	0	0	1
0.79	1.136351562	0.2349803052	0	0.9957796879	0.09177588515	0	-0.09177588515	0.9957796879	0	0	0	1
0.8	1.146217396	0.2422876442	0	0.9962116766	0.08696145957	0	-0.08696145957	0.9962116766	0	0	0	1
0.81	1.156069275	0.249438293	0	0.9966680761	0.08156436793	0	-0.08156436793	0.9966680761	0	0	0	1
0.82	1.165934785	0.2563414236	0	0.9971303437	0.07570388168	0	-0.07570388168	0.9971303437	0	0	0	1
0.83	1.17583874	0.2628999712	0	0.9975716425	0.06964781447	0	-0.06964781447	0.9975716425	0	0	0	1
0.84	1.185802856	0.269013709	0	0.9979653736	0.06375823883	0	-0.06375823883	0.9979653736	0	0	0	1
0.85	1.195845387	0.2745870499	0	0.9982927577	0.05840864628	0	-0.05840864628	0.9982927577	0	0	0	1
0.86	1.205980698	0.2795381795	0	0.9985462045	0.05390248199	0	-0.05390248199	0.9985462045	0	0	0	1
0.87	1.216218751	0.2838073293	0	0.9987284067	0.05041398311	0	-0.05041398311	0.9987284067	0	0	0	1
0.88	1.226564809	0.2873631323	0	0.9988493206	0.04795867644	0	-0.04795867644	0.9988493206	0	0	0	1
0.89	1.237019593	0.2902057997	0	0.9989230394	0.04639785953	0	-0.04639785953	0.9989230394	0	0	0	1
0.9	1.247579899	0.2923659506	0	0.9989655107	0.045474261	0	-0.045474261	0.9989655107	0	0	0	1
0.91	1.258239599	0.2938989407	0	0.9989929065	0.04486839413	0	-0.04486839413	0.9989929065	0	0	0	1
0.92	1.268990941	0.2948755593	0	0.9990200693	0.04425947492	0	-0.04425947492	0.9990200693	0	0	0	1
0.93	1.279826106	0.2953697478	0	0.9990586025	0.04338097298	0	-0.04338097298	0.9990586025	0	0	0	1
0.94	1.290738648	0.2954450735	0	0.9991150547	0.04206075953	0	-0.04206075953	0.9991150547	0	0	0	1
0.95	1.301724464	0.2951424343	0	0.9991900202	0.04024057196	0	-0.04024057196	0.9991900202	0	0	0	1
0.96	1.312782045	0.2944704551	0	0.9992786351	0.03797643362	0	-0.03797643362	0.9992786351	0	0	0	1
0.97	1.323911747	0.2934006944	0	0.9993724376	0.03542218206	0	-0.03542218206	0.9993724376	0	0	0	1
0.98	1.335114155	0.2918678904	0	0.9994618489	0.03280263098	0	-0.03280263098	0.9994618489	0	0	0	1
0.99	1.346387765	0.2897756851	0	0.9995384543	0.03037891426	0	-0.03037891426	0.9995384543	0	0	0	1
1	1.357726528	0.2870062524	0	0.9995962962	0.02841204969	0	-0.02841204969	0.9995962962	0	0	0	1
1.01	1.369117935	0.2834330409	0	0.9996319977	0.02712690797	0	-0.02712690797	0.9996319977	0	0	0	1
1.02	1.38054088	0.2789397927	0	0.9996437518	0.02669025014	0	-0.02669025014	0.9996437518	0	0	0	1
1.03	1.391959376	0.2734425942	0	0.9996303612	0.02718714546	0	-0.02718714546	0.9996303612	0	0	0	1
1.04	1.403339409	0.266876215	0	0.9995947456	0.02846655147	0	-0.02846655147	0.9995947456	0	0	0	1
1.05	1.414669144	0.2591976056	0	0.9995456592	0.03014092211	0	-0.03014092211	0.9995456592	0	0	0	1
1.06	1.42596008	0.2503845706	0	0.9994931963	0.03183316656	0	-0.03183316656	0.9994931963	0	0	0	1
1.07	1.437226863	0.2404306641	0	0.9994391642	0.03348667106	0	-0.03348667106	0.9994391642	0	0	0	1
1.08	1.448480381	0.2293448425	0	0.9993726473	0.03541626616	0	-0.03541626616	0.9993726473	0	0	0	1
1.09	1.459730918	0.2171528483	0	0.9992713568	0.03816746625	0	-0.03816746625	0.9992713568	0	0	0	1
1.1	1.470962257	0.2040291933	0	0.9990976911	0.04247120852	0	-0.04247120852	0.9990976911	0	0	0	1
1.11	1.482010642	0.1913096424	0	0.9987971006	0.0490341912	0	-0.0490341912	0.9987971006	0	0	0	1
1.12	1.493124535	0.1795308128	0	0.9984492397	0.05566970133	0	-0.05566970133	0.9984492397	0	0	0	1
1.13	1.504388172	0.169135025	0	0.9980538571	0.06235782481	0	-0.06235782481	0.9980538571	0	0	0	1
1.14	1.515636344	0.1616008493	0	0.9974442147	0.07144955295	0	-0.07144955295	0.9974442147	0	0	0	1
1.15	1.526705955	0.1573533759	0	0.996431174	0.08440921449	0	-0.08440921449	0.996431174	0	0	0	1
1.16	1.537594786	0.1562520647	0	0.9949538929	0.1003331998	0	-0.1003331998	0.9949538929	0	0	0	1
1.17	1.548333774	0.1578659348	0	0.993098715	0.117281466	0	-0.117281466	0.993098715	0	0	0	1
1.18	1.558914455	0.1615325377	0	0.9910794005	0.1332727351	0	-0.1332727351	0.9910794005	0	0	0	1
1.19	1.569296314	0.1665081456	0	0.9891857043	0.1466684778	0	-0.1466684778	0.9891857043	0	0	0	1
1.2	1.579437365	0.1721257305	0	0.9877029576	0.1563421492	0	-0.1563421492	0.9877029576	0	0	0	1
1.21	1.589308682	0.1779274372	0	0.9868123577	0.1618683745	0	-0.1618683745	0.9868123577	0	0	0	1
1.22	1.598909424	0.1838646958	0	0.9865317643	0.1635697956	0	-0.1635697956	0.9865317643	0	0	0	1
1.23	1.608261151	0.1900053792	0	0.9867658007	0.1621519491	0	-0.1621519491	0.9867658007	0	0	0	1
1.24	1.617380708	0.1963790406	0	0.9873573224	0.1585103083	0	-0.1585103083	0.9873573224	0	0	0	1
1.25	1.626283491	0.2029869622	0	0.9881553384	0.1534569232	0	-0.1534569232	0.9881553384	0	0	0	1
1.26	1.634992897	0.2098155005	0	0.9890604846	0.1475105348	0	-0.1475105348	0.9890604846	0	0	0	1
1.27	1.64354059	0.2168379841	0	0.9900277233	0.1408726625	0	-0.1408726625	0.9900277233	0	0	0	1
1.28	1.651962037	0.2240123058	0	0.9910447405	0.1335302303	0	-0.1335302303	0.9910447405	0	0	0	1
1.29	1.66029348	0.2312816743	0	0.9921073303	0.1253915677	0	-0.1253915677	0.9921073303	0	0	0	1
1.3	1.668571358	0.2385769757	0	0.9932019389	0.1164040742	0	-0.1164040742	0.9932019389	0	0	0	1
1.31	1.67683166	0.2458176963	0	0.9942978372	0.1066386933	0	-0.1066386933	0.9942978372	0	0	0	1
1.32	1.6851087	0.25291083	0	0.995349799	0.09632641168	0	-0.09632641168	0.995349799	0	0	0	1
1.33	1.693434067	0.2597506822	0	0.9963088444	0.08584105438	0	-0.08584105438	0.9963088444	0	0	0	1
1.34	1.701835939	0.2662233138	0	0.9971353976	0.07563728475	0	-0.07563728475	0.9971353976	0	0	0	1
1.35	1.710338572	0.2722153761	0	0.9978085531	0.06616714692	0	-0.06616714692	0.9978085531	0	0	0	1
1.36	1.71896153	0.2776252051	0	0.9983282276	0.05779922098	0	-0.05779922098	0.9983282276	0	0	0	1
1.37	1.727718896	0.2823732955	0	0.9987109293	0.05075903597	0	-0.05075903597	0.9987109293	0	0	0	1
1.38	1.736618793	0.286410706	0	0.9989825407	0.04509859619	0	-0.04509859619	0.9989825407	0	0	0	1
1.39	1.745663515	0.2897233077	0	0.9991713836	0.04070068959	0	-0.04070068959	0.9991713836	0	0	0	1
1.4	1.754850169	0.2923310244	0	0.9993035395	0.03731535912	0	-0.03731535912	0.9993035395	0	0	0	1
1.41	1.7641717	0.2942814474	0	0.9994005073	0.03462117961	0	-0.03462117961	0.9994005073	0	0	0	1
1.42	1.773618233	0.2956395424	0	0.9994785208	0.03229065588	0	-0.03229065588	0.9994785208	0	0	0	1
1.43	1.783178876	0.2964746942	0	0.9995484425	0.03004847848	0	-0.03004847848	0.9995484425	0	0	0	1
1.44	1.79284365	0.2968464925	0	0.9996158885	0.02771417423	0	-0.02771417423	0.9996158885	0	0	0	1
1.45	1.802604954	0.2967923003	0	0.9996818783	0.02522185761	0	-0.02522185761	0.9996818783	0	0	0	1
1.46	1.812458228	0.2963182259	0	0.9997441482	0.02261941813	0	-0.02261941813	0.9997441482	0	0	0	1
1.47	1.822401444	0.2953951647	0	0.9997989741	0.0200502222	0	-0.0200502222	0.9997989741	0	0	0	1
1.48	1.832433481	0.293960113	0	0.9998429306	0.01772326692	0	-0.01772326692	0.9998429306	0	0	0	1
1.49	1.842551621	0.2919225193	0	0.9998739707	0.01587585508	0	-0.01587585508	0.9998739707	0	0	0	1
1.5	1.852748806	0.2891747571	0	0.9998914516	0.01473380417	0	-0.01473380417	0.9998914516	0	0	0	1
1.51	1.863430344	0.2858935483	0	0.9998978846	0.01429057013	0	-0.01429057013	0.9998978846	0	0	0	1
1.52	1.874272981	0.2819466966	0	0.9998259731	0.01865538825	0	-0.01865538825	0.9998259731	0	0	0	1
1.53	1.885121973	0.2772914766	0	0.9996232255	0.02744825967	0	-0.02744825967	0.9996232255	0	0	0	1
1.54	1.896021663	0.2718741929	0	0.9992710542	0.03817538773	0	-0.03817538773	0.9992710542	0	0	0	1
1.55	1.906960185	0.2656282773	0	0.9988127525	0.04871432488	0	-0.04871432488	0.9988127525	0	0	0	1
1.56	1.917900892	0.2584848986	0	0.9983341427	0.05769696242	0	-0.05769696242	0.9983341427	0	0	0	1
1.57	1.928809071	0.2503583506	0	0.9979146409	0.06454742049	0	-0.06454742049	0.9979146409	0	0	0	1
1.58	1.939670653	0.2411115441	0	0.9975909235	0.06937109908	0	-0.06937109908	0.9975909235	0	0	0	1
1.59	1.950489832	0.2306849573	0	0.9973356012	0.07294997262	0	-0.07294997262	0.9973356012	0	0	0	1
1.6	1.961267679	0.2190825484	0	0.9970676346	0.07652536846	0	-0.07652536846	0.9970676346	0	0	0	1
1.61	1.972001198	0.2063842902	0	0.996682368	0.08138954007	0	-0.08138954007	0.996682368	0	0	0	1
1.62	1.982593799	0.1937736633	0	0.9960401382	0.08890468519	0	-0.08890468519	0.9960401382	0	0	0	1
1.63	1.993151354	0.1819936728	0	0.995218279	0.09767587829	0	-0.09767587829	0.995218279	0	0	0	1
1.64	2.003769596	0.1711194313	0	0.9942983769	0.1066336611	0	-0.1066336611	0.9942983769	0	0	0	1
1.65	2.01444413	0.1622133971	0	0.9931822541	0.1165719097	0	-0.1165719097	0.9931822541	0	0	0	1
1.66	2.025088353	0.1564434632	0	0.9916108934	0.1292587952	0	-0.1292587952	0.9916108934	0	0	0	1
1.67	2.035694186	0.1539386003	0	0.9894555238	0.1448370337	0	-0.1448370337	0.9894555238	0	0	0	1
1.68	2.046273444	0.1544565109	0	0.9867214412	0.162421666	0	-0.162421666	0.9867214412	0	0	0	1
1.69	2.056803035	0.1574313828	0	0.98356367	0.1805616432	0	-0.1805616432	0.98356367	0	0	0	1
1.7	2.067213196	0.1620772319	0	0.9803205973	0.1974120726	0	-0.1974120726	0.9803205973	0	0	0	1
1.71	2.077405393	0.1675626227	0	0.9775124126	0.2108778868	0	-0.2108778868	0.9775124126	0	0	0	1
1.72	2.087292686	0.1732385082	0	0.9757251533	0.2189986875	0	-0.2189986875	0.9757251533	0	0	0	1
1.73	2.096853544	0.1789094137	0	0.9753730353	0.2205616513	0	-0.2205616513	0.9753730353	0	0	0	1
1.74	2.106118846	0.1845289113	0	0.9765248707	0.2154046816	0	-0.2154046816	0.9765248707	0	0	0	1
1.75	2.115131903	0.1900761638	0	0.9788466869	0.2045951211	0	-0.2045951211	0.9788466869	0	0	0	1
1.76	2.123944214	0.1955562668	0	0.9817693216	0.1900762984	0	-0.1900762984	0.9817693216	0	0	0	1
1.77	2.132616322	0.2009845926	0	0.9847272544	0.1741040909	0	-0.1741040909	0.9847272544	0	0	0	1
1.78	2.141211012	0.2063632358	0	0.9873173642	0.158759007	0	-0.158759007	0.9873173642	0	0	0	1
1.79	2.149785678	0.2116667058	0	0.9893459373	0.1455837089	0	-0.1455837089	0.9893459373	0	0	0	1
1.8	2.15838926	0.216844382	0	0.9907908031	0.1354015675	0	-0.1354015675	0.9907908031	0	0	0	1
1.81	2.167062349	0.2218357668	0	0.9917304922	0.1283379554	0	-0.1283379554	0.9917304922	0	0	0	1
1.82	2.175837995	0.2265898698	0	0.9922818092	0.1240032707	0	-0.1240032707	0.9922818092	0	0	0	1
1.83	2.184742663	0.231080477	0	0.9925602561	0.1217544169	0	-0.1217544169	0.9925602561	0	0	0	1
1.84	2.193797733	0.2353122327	0	0.99265933	0.1209440143	0	-0.1209440143	0.99265933	0	0	0	1
1.85	2.203021371	0.2393171687	0	0.9926408975	0.1210952044	0	-0.1210952044	0.9926408975	0	0	0	1
1.86	2.21243015	0.2431443025	0	0.9925324213	0.1219811161	0	-0.1219811161	0.9925324213	0	0	0	1
1.87	2.222039988	0.2468457861	0	0.9923305115	0.1236129277	0	-0.1236129277	0.9923305115	0	0	0	1
1.88	2.231866357	0.2504628551	0	0.9920096248	0.1261622146	0	-0.1261622146	0.9920096248	0	0	0	1
1.89	2.241923683	0.254013483	0	0.9915325972	0.1298580329	0	-0.1298580329	0.9915325972	0	0	0	1
1.9	2.252223377	0.2574819663	0	0.9908597261	0.1348962681	0	-0.1348962681	0.9908597261	0	0	0	1
1.91	2.262769147	0.2608104196	0	0.9899547519	0.141384544	0	-0.141384544	0.9899547519	0	0	0	1
1.92	2.273546702	0.263895238	0	0.9887896542	0.1493151695	0	-0.1493151695	0.9887896542	0	0	0	1
1.93	2.284509787	0.26660153	0	0.9873530383	0.1585369919	0	-0.1585369919	0.9873530383	0	0	0	1
1.94	2.295575871	0.2688133322	0	0.9856771167	0.1686434751	0	-0.1686434751	0.9856771167	0	0	0	1
1.95	2.306658316	0.2704971903	0	0.9838903196	0.1787731497	0	-0.1787731497	0.9838903196	0	0	0	1
1.96	2.317710994	0.2717071461	0	0.9822458679	0.1875981212	0	-0.1875981212	0.9822458679	0	0	0	1
1.97	2.328718678	0.2725313249	0	0.9810435688	0.193787296	0	-0.193787296	0.9810435688	0	0	0	1
1.98	2.339663652	0.2730569096	0	0.9805080524	0.1964789025	0	-0.1964789025	0.9805080524	0	0	0	1
1.99	2.350536676	0.2733504757	0	0.9807409155	0.195313227	0	-0.195313227	0.9807409155	0	0	0	1
2	2.361348853	0.2734292635	0	0.9817142924	0.1903603111	0	-0.1903603111	0.9817142924	0	0	0	1
2.01	2.37211612	0.2732468109	0	0.983272857	0.1821386526	0	-0.1821386526	0.983272857	0	0	0	1
2.02	2.382850843	0.2726980605	0	0.9851816314	0.1715142944	0	-0.1715142944	0.9851816314	0	0	0	1
2.03	2.393563785	0.271633159	0	0.9871966346	0.1595080078	0	-0.1595080078	0.9871966346	0	0	0	1
2.04	2.404263104	0.2698788564	0	0.9891165594	0.1471340613	0	-0.1471340613	0.9891165594	0	0	0	1
2.05	2.414952147	0.2672641939	0	0.9908068754	0.1352839078	0	-0.1352839078	0.9908068754	0	0	0	1
2.06	2.425629332	0.2636494208	0	0.9922019238	0.1246408536	0	-0.1246408536	0.9922019238	0	0	0	1
2.07	2.436285741	0.2589775892	0	0.993290314	0.1156475342	0	-0.1156475342	0.993290314	0	0	0	1
2.08	2.446912675	0.2532536127	0	0.9941138038	0.1083408747	0	-0.1083408747	0.9941138038	0	0	0	1
2.09	2.457516216	0.2464879486	0	0.9947530583	0.1023051955	0	-0.1023051955	0.9947530583	0	0	0	1
2.1	2.468104712	0.2386863166	0	0.9952859174	0.09698423943	0	-0.09698423943	0.9952859174	0	0	0	1
2.11	2.478683441	0.2298520801	0	0.9957660784	0.09192343065	0	-0.09192343065	0.9957660784	0	0	0	1
2.12	2.489255082	0.2199889798	0	0.9962168376	0.0869023154	0	-0.0869023154	0.9962168376	0	0	0	1
2.13	2.499815869	0.2091603792	0	0.9966329462	0.08199250249	0	-0.08199250249	0.9966329462	0	0	0	1
2.14	2.510378228	0.1982919271	0	0.9969941564	0.0774767845	0	-0.0774767845	0.9969941564	0	0	0	1
2.15	2.520967724	0.1880283053	0	0.9972741382	0.07378545435	0	-0.07378545435	0.9972741382	0	0	0	1
2.16	2.531567142	0.1785246872	0	0.9974395444	0.07151472132	0	-0.07151472132	0.9974395444	0	0	0	1
2.17	2.542182228	0.1699989556	0	0.997484624	0.07088317724	0	-0.07088317724	0.997484624	0	0	0	1
2.18	2.552832867	0.1627780364	0	0.9974193969	0.07179517213	0	-0.07179517213	0.9974193969	0	0	0	1
2.19	2.563473437	0.1578878708	0	0.997196144	0.07483214862	0	-0.07483214862	0.997196144	0	0	0	1
2.2	2.574031761	0.155623051	0	0.9967721781	0.08028215857	0	-0.08028215857	0.9967721781	0	0	0	1
2.21	2.584497449	0.1557487927	0	0.9961769953	0.08735784992	0	-0.08735784992	0.9961769953	0	0	0	1
2.22	2.594874445	0.1578292473	0	0.9954868873	0.094899195	0	-0.094899195	0.9954868873	0	0	0	1
2.23	2.605162686	0.1613341388	0	0.9947971661	0.1018754057	0	-0.1018754057	0.9947971661	0	0	0	1
2.24	2.615357988	0.1657323727	0	0.9941907325	0.1076326502	0	-0.1076326502	0.9941907325	0	0	0	1
2.25	2.625454118	0.1705530547	0	0.9937106389	0.1119784185	0	-0.1119784185	0.9937106389	0	0	0	1
2.26	2.635440815	0.1754260917	0	0.993348501	0.1151466696	0	-0.1151466696	0.993348501	0	0	0	1
2.27	2.645310002	0.1802219469	0	0.9930570453	0.1176337738	0	-0.1176337738	0.9930570453	0	0	0	1
2.28	2.655079323	0.1849643089	0	0.9927891969	0.11987331	0	-0.11987331	0.9927891969	0	0	0	1
2.29	2.664768405	0.1896578084	0	0.9924944924	0.1222893398	0	-0.1222893398	0.9924944924	0	0	0	1
2.3	2.674385882	0.1942899408	0	0.9921259274	0.1252443377	0	-0.1252443377	0.9921259274	0	0	0	1
2.31	2.68393803	0.1988465059	0	0.9916619286	0.1288666729	0	-0.1288666729	0.9916619286	0	0	0	1
2.32	2.693433775	0.2033157128	0	0.9911131071	0.1330218364	0	-0.1330218364	0.9911131071	0	0	0	1
2.33	2.702882248	0.2076856437	0	0.9905136387	0.1374144519	0	-0.1374144519	0.9905136387	0	0	0	1
2.34	2.712290452	0.2119447813	0	0.989908486	0.1417081131	0	-0.1417081131	0.989908486	0	0	0	1
2.35	2.721664735	0.2160873344	0	0.9893419017	0.1456111315	0	-0.1456111315	0.9893419017	0	0	0	1
2.36	2.731013653	0.2201186954	0	0.9888475975	0.1489309538	0	-0.1489309538	0.9888475975	0	0	0	1
2.37	2.740349009	0.224056507	0	0.9884403009	0.1516105918	0	-0.1516105918	0.9884403009	0	0	0	1
2.38	2.749684701	0.2279259584	0	0.9881126729	0.1537314073	0	-0.1537314073	0.9881126729	0	0	0	1
2.39	2.759035035	0.2317521945	0	0.9878396984	0.1554758186	0	-0.1554758186	0.9878396984	0	0	0	1
2.4	2.76841374	0.2355534699	0	0.9875887891	0.157061719	0	-0.157061719	0.9875887891	0	0	0	1
2.41	2.777833873	0.2393374761	0	0.9873305275	0.1586771235	0	-0.1586771235	0.9873305275	0	0	0	1
2.42	2.787307788	0.2431002309	0	0.98704592	0.1604379999	0	-0.1604379999	0.98704592	0	0	0	1
2.43	2.79684666	0.2468258496	0	0.98672842	0.1623792634	0	-0.1623792634	0.98672842	0	0	0	1
2.44	2.806459499	0.2504860694	0	0.9863818698	0.164471295	0	-0.164471295	0.9863818698	0	0	0	1
2.45	2.816152109	0.2540398706	0	0.9860166534	0.16664681	0	-0.16664681	0.9860166534	0	0	0	1
2.46	2.82592633	0.2574348618	0	0.9856461226	0.168824527	0	-0.168824527	0.9856461226	0	0	0	1
2.47	2.835779836	0.2606114729	0	0.985284738	0.1709209909	0	-0.1709209909	0.985284738	0	0	0	1
2.48	2.845706433	0.263509706	0	0.9849485811	0.172847599	0	-0.172847599	0.9849485811	0	0	0	1
2.49	2.855697034	0.2660778816	0	0.9846579672	0.1744955234	0	-0.1744955234	0.9846579672	0	0	0	1
2.5	2.865741679	0.2682813768	0	0.9844410428	0.1757152049	0	-0.1757152049	0.9844410428	0	0	0	1
2.51	2.875832196	0.2701094594	0	0.9843355307	0.1763053118	0	-0.1763053118	0.9843355307	0	0	0	1
2.52	2.885964207	0.271575019	0	0.9843860552	0.176022994	0	-0.176022994	0.9843860552	0	0	0	1
2.53	2.896137016	0.2727101138	0	0.9846358649	0.1746201982	0	-0.1746201982	0.9846358649	0	0	0	1
2.54	2.906352743	0.2735570384	0	0.9851169971	0.171885142	0	-0.171885142	0.9851169971	0	0	0	1
2.55	2.916615811	0.2741566385	0	0.985842056	0.1676765952	0	-0.1676765952	0.985842056	0	0	0	1
2.56	2.926932102	0.2745349166	0	0.9867989749	0.1619499402	0	-0.1619499402	0.9867989749	0	0	0	1
2.57	2.937307452	0.2746902729	0	0.9879497398	0.1547750358	0	-0.1547750358	0.9879497398	0	0	0	1
2.58	2.947746419	0.2745839504	0	0.9892344168	0.1463395662	0	-0.1463395662	0.9892344168	0	0	0	1
2.59	2.958251469	0.2741358362	0	0.9905793016	0.1369403057	0	-0.1369403057	0.9905793016	0	0	0	1
2.6	2.968822191	0.2732269444	0	0.9919068415	0.1269677822	0	-0.1269677822	0.9919068415	0	0	0	1
2.61	2.979454677	0.2717097821	0	0.9931458859	0.116881347	0	-0.116881347	0.9931458859	0	0	0	1
2.62	2.990141256	0.2694273976	0	0.9942403432	0.1071734106	0	-0.1071734106	0.9942403432	0	0	0	1
2.63	3.00087034	0.2662532804	0	0.9951526979	0.0983417907	0	-0.0983417907	0.9951526979	0	0	0	1
2.64	3.011620228	0.2621468343	0	0.9958674546	0.09081857148	0	-0.09081857148	0.9958674546	0	0	0	1
2.65	3.02238212	0.257094387	0	0.9964102818	0.08465548047	0	-0.08465548047	0.9964102818	0	0	0	1
2.66	3.03315878	0.2510816173	0	0.9968272959	0.07959486306	0	-0.07959486306	0.9968272959	0	0	0	1
2.67	3.043951935	0.2440911608	0	0.9971601634	0.07531008284	0	-0.07531008284	0.9971601634	0	0	0	1
2.68	3.054759481	0.2361030447	0	0.9974364977	0.07155720182	0	-0.07155720182	0.9974364977	0	0	0	1
2.69	3.065576629	0.2270993381	0	0.9976684807	0.0682466311	0	-0.0682466311	0.9976684807	0	0	0	1
2.7	3.076398864	0.2170692881	0	0.9978568121	0.06543533128	0	-0.06543533128	0.9978568121	0	0	0	1
2.71	3.087202285	0.2061661337	0	0.9979879769	0.06340345373	0	-0.06340345373	0.9979879769	0	0	0	1
2.72	3.097941859	0.1955360751	0	0.9980556048	0.06232984637	0	-0.06232984637	0.9980556048	0	0	0	1
2.73	3.108697739	0.1855420462	0	0.9981007984	0.06160191729	0	-0.06160191729	0.9981007984	0	0	0	1
2.74	3.119454353	0.1763051138	0	0.9981082033	0.06148182276	0	-0.06148182276	0.9981082033	0	0	0	1
2.75	3.130214737	0.1680589888	0	0.9980639284	0.06219642193	0	-0.06219642193	0.9980639284	0	0	0	1
2.76	3.140986849	0.1614139993	0	0.9979438426	0.06409436012	0	-0.06409436012	0.9979438426	0	0	0	1
2.77	3.151691185	0.1573842674	0	0.9976647507	0.0683011359	0	-0.0683011359	0.9976647507	0	0	0	1
2.78	3.162285001	0.1559875859	0	0.9971879906	0.07494071869	0	-0.07494071869	0.9971879906	0	0	0	1
2.79	3.172768591	0.1569016617	0	0.9965352863	0.08317104738	0	-0.08317104738	0.9965352863	0	0	0	1
2.8	3.18314663	0.1596261681	0	0.9957764702	0.09181079113	0	-0.09181079113	0.9957764702	0	0	0	1
2.81	3.193417875	0.1635951895	0	0.9950097867	0.0997773745	0	-0.0997773745	0.9950097867	0	0	0	1
2.82	3.203577589	0.1682684808	0	0.9943311169	0.1063279359	0	-0.1063279359	0.9943311169	0	0	0	1
2.83	3.213618813	0.1731876205	0	0.9938007506	0.1111758434	0	-0.1111758434	0.9938007506	0	0	0	1
2.84	3.223530635	0.1780328698	0	0.9934242868	0.1144909882	0	-0.1144909882	0.9934242868	0	0	0	1
2.85	3.233312331	0.1827537423	0	0.9931658052	0.1167119677	0	-0.1167119677	0.9931658052	0	0	0	1
2.86	3.242985598	0.1873748842	0	0.9929769048	0.118308354	0	-0.118308354	0.9929769048	0	0	0	1
2.87	3.252567504	0.1919004464	0	0.9927937478	0.1198356139	0	-0.1198356139	0.9927937478	0	0	0	1
2.88	3.262067637	0.1963252221	0	0.9925582846	0.121770488	0	-0.121770488	0.9925582846	0	0	0	1
2.89	3.271496611	0.2006448431	0	0.9922403256	0.1243347747	0	-0.1243347747	0.9922403256	0	0	0	1
2.9	3.280867271	0.2048548862	0	0.9918400406	0.127488564	0	-0.127488564	0.9918400406	0	0	0	1
2.91	3.290190963	0.208947813	0	0.9913792384	0.1310236834	0	-0.1310236834	0.9913792384	0	0	0	1
2.92	3.29947621	0.2129154135	0	0.9908915505	0.1346623005	0	-0.1346623005	0.9908915505	0	0	0	1
2.93	3.308730995	0.2167556706	0	0.9904133072	0.1381357335	0	-0.1381357335	0.9904133072	0	0	0	1
2.94	3.317965381	0.2204785042	0	0.9899742284	0.1412481048	0	-0.1412481048	0.9899742284	0	0	0	1
2.95	3.327191959	0.2241063849	0	0.9895884893	0.143925751	0	-0.143925751	0.9895884893	0	0	0	1
2.96	3.336424588	0.2276693861	0	0.9892509366	0.1462278512	0	-0.1462278512	0.9892509366	0	0	0	1
2.97	3.345677042	0.2311979086	0	0.9889405626	0.1483123854	0	-0.1483123854	0.9889405626	0	0	0	1
2.98	3.354962381	0.2347163115	0	0.9886294084	0.1503725137	0	-0.1503725137	0.9886294084	0	0	0	1
2.99	3.364292976	0.238239385	0	0.9882921229	0.1525735227	0	-0.1525735227	0.9882921229	0	0	0	1
3	3.373680409	0.2417707428	0	0.987912686	0.1550113702	0	-0.1550113702	0.987912686	0	0	0	1
3.01	3.38313495	0.2453018602	0	0.987486797	0.1577016989	0	-0.1577016989	0.987486797	0	0	0	1
3.02	3.392664675	0.248811119	0	0.9870205591	0.1605939474	0	-0.1605939474	0.9870205591	0	0	0	1
3.03	3.402274644	0.2522633362	0	0.9865271607	0.1635975588	0	-0.1635975588	0.9865271607	0	0	0	1
3.04	3.411966307	0.255610521	0	0.9860233343	0.1666072752	0	-0.1666072752	0.9860233343	0	0	0	1
3.05	3.421737089	0.2587949276	0	0.9855267445	0.1695200164	0	-0.1695200164	0.9855267445	0	0	0	1
3.06	3.43158032	0.2617547283	0	0.9850554559	0.1722374779	0	-0.1722374779	0.9850554559	0	0	0	1
3.07	3.441485851	0.2644320355	0	0.9846300251	0.1746531237	0	-0.1746531237	0.9846300251	0	0	0	1
3.08	3.451441981	0.2667823006	0	0.984277488	0.1766290651	0	-0.1766290651	0.984277488	0	0	0	1
3.09	3.461438573	0.2687822343	0	0.984034377	0.1779784958	0	-0.1779784958	0.984034377	0	0	0	1
3.1	3.471469478	0.2704322134	0	0.9839455495	0.1784689209	0	-0.1784689209	0.9839455495	0	0	0	1
3.11	3.481532871	0.2717537624	0	0.9840564383	0.1778564767	0	-0.1778564767	0.9840564383	0	0	0	1
3.12	3.491630329	0.2727816005	0	0.984403466	0.1759255984	0	-0.1759255984	0.984403466	0	0	0	1
3.13	3.501766399	0.2735546658	0	0.9850055235	0.1725228063	0	-0.1725228063	0.9850055235	0	0	0	1
3.14	3.511947946	0.2741040657	0	0.9858582798	0.1675811806	0	-0.1675811806	0.9858582798	0	0	0	1
3.15	3.522182447	0.2744408759	0	0.9869317439	0.1611388619	0	-0.1611388619	0.9869317439	0	0	0	1
3.16	3.532476535	0.2745456421	0	0.9881731134	0.1533424209	0	-0.1533424209	0.9881731134	0	0	0	1
3.17	3.542835007	0.2743624123	0	0.9895132802	0.14444192	0	-0.14444192	0.9895132802	0	0	0	1
3.18	3.553260139	0.2737965225	0	0.9908766307	0.1347720398	0	-0.1347720398	0.9908766307	0	0	0	1
3.19	3.563750938	0.2727207634	0	0.9921898333	0.1247370623	0	-0.1247370623	0.9921898333	0	0	0	1
3.2	3.574302696	0.2709873742	0	0.9933902368	0.1147860507	0	-0.1147860507	0.9933902368	0	0	0	1
3.21	3.58490716	0.2684472193	0	0.994432234	0.105378043	0	-0.105378043	0.994432234	0	0	0	1
3.22	3.595551348	0.2649965415	0	0.9952877331	0.0969656036	0	-0.0969656036	0.9952877331	0	0	0	1
3.23	3.606214897	0.2606087098	0	0.9959524694	0.08988147053	0	-0.08988147053	0.9959524694	0	0	0	1
3.24	3.616892851	0.2552723663	0	0.9964592736	0.08407684658	0	-0.08407684658	0.9964592736	0	0	0	1
3.25	3.627588174	0.2489744416	0	0.9968534882	0.07926615338	0	-0.07926615338	0.9968534882	0	0	0	1
3.26	3.638301877	0.2416986075	0	0.9971727377	0.07514340389	0	-0.07514340389	0.9971727377	0	0	0	1
3.27	3.649031414	0.2334267031	0	0.9974398581	0.07151034573	0	-0.07151034573	0.9974398581	0	0	0	1
3.28	3.659772267	0.2241435207	0	0.9976631867	0.06832397715	0	-0.06832397715	0.9976631867	0	0	0	1
3.29	3.670520861	0.2138415087	0	0.9978410695	0.06567495683	0	-0.06567495683	0.9978410695	0	0	0	1
3.3	3.681227458	0.2029426735	0	0.9979506491	0.0639882958	0	-0.0639882958	0.9979506491	0	0	0	1
3.31	3.691899853	0.1925598545	0	0.9980110894	0.06303860223	0	-0.06303860223	0.9980110894	0	0	0	1
3.32	3.702584093	0.1828453795	0	0.9980441706	0.06251266767	0	-0.06251266767	0.9980441706	0	0	0	1
3.33	3.713261131	0.1739563073	0	0.9980336426	0.06268052501	0	-0.06268052501	0.9980336426	0	0	0	1
3.34	3.723939336	0.1661368496	0	0.997971399	0.06366385833	0	-0.06366385833	0.997971399	0	0	0	1
3.35	3.73461731	0.1601156518	0	0.9978297144	0.06584725487	0	-0.06584725487	0.9978297144	0	0	0	1
3.36	3.745211414	0.1567199522	0	0.9975307929	0.07023045829	0	-0.07023045829	0.9975307929	0	0	0	1
3.37	3.755690432	0.155862314	0	0.9970538264	0.07670506671	0	-0.07670506671	0.9970538264	0	0	0	1
3.38	3.766057646	0.1571746479	0	0.9964352188	0.0843614533	0	-0.0843614533	0.9964352188	0	0	0	1
3.39	3.776318747	0.1601394794	0	0.9957515362	0.0920808241	0	-0.0920808241	0.9957515362	0	0	0	1
3.4	3.786474295	0.1642014601	0	0.9950943228	0.09893072719	0	-0.09893072719	0.9950943228	0	0	0	1
3.41	3.7965226	0.1688493543	0	0.994539267	0.1043630509	0	-0.1043630509	0.994539267	0	0	0	1
3.42	3.806459915	0.1736609114	0	0.9941194667	0.1082889007	0	-0.1082889007	0.9941194667	0	0	0	1
3.43	3.81627796	0.1783561671	0	0.9938165061	0.1110349143	0	-0.1110349143	0.9938165061	0	0	0	1
3.44	3.825978599	0.1829071514	0	0.9935828049	0.1131070721	0	-0.1131070721	0.9935828049	0	0	0	1
3.45	3.835582957	0.1873405418	0	0.9933689841	0.1149698282	0	-0.1149698282	0.9933689841	0	0	0	1
3.46	3.845105898	0.1916618794	0	0.9931196644	0.1171039378	0	-0.1171039378	0.9931196644	0	0	0	1
3.47	3.854554972	0.1958674649	0	0.9927909315	0.1198589436	0	-0.1198589436	0.9927909315	0	0	0	1
3.48	3.863938487	0.199954465	0	0.9923669563	0.1233200065	0	-0.1233200065	0.9923669563	0	0	0	1
3.49	3.873266493	0.2039207798	0	0.9918597675	0.1273349978	0	-0.1273349978	0.9918597675	0	0	0	1
3.5	3.882547643	0.2077630774	0	0.991299785	0.1316234641	0	-0.1316234641	0.991299785	0	0	0	1
3.51	3.891788431	0.2114795309	0	0.9907254246	0.1358791116	0	-0.1358791116	0.9907254246	0	0	0	1
3.52	3.900995502	0.2150758031	0	0.9901736148	0.1398435291	0	-0.1398435291	0.9901736148	0	0	0	1
3.53	3.910177902	0.2185692688	0	0.9896707747	0.1433588426	0	-0.1433588426	0.9896707747	0	0	0	1
3.54	3.919347271	0.2219883017	0	0.989225739	0.1463982151	0	-0.1463982151	0.989225739	0	0	0	1
3.55	3.928516499	0.2253668811	0	0.9888283485	0.1490587039	0	-0.1490587039	0.9888283485	0	0	0	1
3.56	3.937698448	0.2287377111	0	0.9884548515	0.1515156971	0	-0.1515156971	0.9884548515	0	0	0	1
3.57	3.946905331	0.2321264855	0	0.9880776703	0.1539562193	0	-0.1539562193	0.9880776703	0	0	0	1
3.58	3.956148763	0.2355490382	0	0.9876746299	0.1565210063	0	-0.1565210063	0.9876746299	0	0	0	1
3.59	3.965439642	0.239010178	0	0.9872348434	0.1592713534	0	-0.1592713534	0.9872348434	0	0	0	1
3.6	3.9747878	0.2425031646	0	0.9867598914	0.1621879053	0	-0.1621879053	0.9867598914	0	0	0	1
3.61	3.984201275	0.2460089759	0	0.9862613608	0.1651923974	0	-0.1651923974	0.9862613608	0	0	0	1
3.62	3.99368569	0.2494959974	0	0.9857563611	0.1681796556	0	-0.1681796556	0.9857563611	0	0	0	1
3.63	4.003243862	0.2529199492	0	0.9852632645	0.1710447301	0	-0.1710447301	0.9852632645	0	0	0	1
3.64	4.012875422	0.2562260736	0	0.9847982541	0.17370204	0	-0.17370204	0.9847982541	0	0	0	1
3.65	4.022576606	0.2593529035	0	0.9843744583	0.1760878357	0	-0.1760878357	0.9843744583	0	0	0	1
3.66	4.032340391	0.2622383551	0	0.9840039456	0.1781466671	0	-0.1781466671	0.9840039456	0	0	0	1
3.67	4.042157635	0.2648280978	0	0.9837021813	0.179805502	0	-0.179805502	0.9837021813	0	0	0	1
3.68	4.052019438	0.2670840627	0	0.9834928582	0.1809469477	0	-0.1809469477	0.9834928582	0	0	0	1
3.69	4.06191971	0.2689898882	0	0.9834096434	0.1813986583	0	-0.1813986583	0.9834096434	0	0	0	1
3.7	4.071856264	0.2705511931	0	0.9834922429	0.1809502918	0	-0.1809502918	0.9834922429	0	0	0	1
3.71	4.081830321	0.2717915746	0	0.9837782843	0.1793886489	0	-0.1793886489	0.9837782843	0	0	0	1
3.72	4.09184597	0.2727452897	0	0.9842944011	0.1765347896	0	-0.1765347896	0.9842944011	0	0	0	1
3.73	4.101909697	0.2734474664	0	0.9850493892	0.1722721707	0	-0.1722721707	0.9850493892	0	0	0	1
3.74	4.112029143	0.2739224003	0	0.9860294867	0.16657086	0	-0.16657086	0.9860294867	0	0	0	1
3.75	4.122211551	0.2741721077	0	0.9871977252	0.159501258	0	-0.159501258	0.9871977252	0	0	0	1
3.76	4.132462733	0.2741670555	0	0.9884980336	0.1512337182	0	-0.1512337182	0.9884980336	0	0	0	1
3.77	4.142786327	0.2738408214	0	0.9898622437	0.142030766	0	-0.142030766	0.9898622437	0	0	0	1
3.78	4.153183012	0.2730904969	0	0.9912183562	0.1322352841	0	-0.1322352841	0.9912183562	0	0	0	1
3.79	4.163649939	0.2717837801	0	0.9924989301	0.1222533177	0	-0.1222533177	0.9924989301	0	0	0	1
3.8	4.174180542	0.2697728383	0	0.993648574	0.1125278249	0	-0.1125278249	0.993648574	0	0	0	1
3.81	4.184765137	0.2669182087	0	0.994628923	0.1035050988	0	-0.1035050988	0.994628923	0	0	0	1
3.82	4.195386378	0.2631487047	0	0.9954174487	0.09562480194	0	-0.09562480194	0.9954174487	0	0	0	1
3.83	4.206027555	0.258447603	0	0.9960231972	0.08909427896	0	-0.08909427896	0.9960231972	0	0	0	1
3.84	4.216687967	0.2528014586	0	0.996486173	0.08375742957	0	-0.08375742957	0.996486173	0	0	0	1
3.85	4.227369692	0.2461941333	0	0.9968499132	0.07931109952	0	-0.07931109952	0.9968499132	0	0	0	1
3.86	4.238071685	0.2386062591	0	0.9971469442	0.07548491074	0	-0.07548491074	0.9971469442	0	0	0	1
3.87	4.248789658	0.2300182274	0	0.9973946228	0.07213852213	0	-0.07213852213	0.9973946228	0	0	0	1
3.88	4.259518372	0.220415369	0	0.9975972147	0.06928056931	0	-0.06928056931	0.9975972147	0	0	0	1
3.89	4.270250517	0.2098177267	0	0.9977490741	0.0670580729	0	-0.0670580729	0.9977490741	0	0	0	1
3.9	4.280908736	0.199105814	0	0.9978219574	0.0659646977	0	-0.0659646977	0.9978219574	0	0	0	1
3.91	4.291566708	0.1890087723	0	0.9978659984	0.06529509362	0	-0.06529509362	0.9978659984	0	0	0	1
3.92	4.302228151	0.1796079979	0	0.9978816234	0.06505586531	0	-0.06505586531	0.9978816234	0	0	0	1
3.93	4.312883626	0.1710982233	0	0.9978544022	0.06547207095	0	-0.06547207095	0.9978544022	0	0	0	1
3.94	4.323548804	0.1637835183	0	0.9977753181	0.06666644314	0	-0.06666644314	0.9977753181	0	0	0	1
3.95	4.33419133	0.1586640432	0	0.9975870599	0.06942663667	0	-0.06942663667	0.9975870599	0	0	0	1
3.96	4.344735629	0.1561792557	0	0.9972198123	0.0745160781	0	-0.0745160781	0.9972198123	0	0	0	1
3.97	4.355169137	0.1561241226	0	0.9966729931	0.08150426254	0	-0.08150426254	0.9966729931	0	0	0	1
3.98	4.365497854	0.1580707682	0	0.995998608	0.08936874641	0	-0.08936874641	0.995998608	0	0	0	1
3.99	4.375724569	0.161480283	0	0.9952820626	0.09702379005	0	-0.09702379005	0.9952820626	0	0	0	1
4	4.385847058	0.1658056761	0	0.9946156886	0.1036321959	0	-0.1036321959	0.9946156886	0	0	0	1
4.01	4.395861216	0.1705610659	0	0.994068107	0.1087593609	0	-0.1087593609	0.994068107	0	0	0	1
4.02	4.405760039	0.1753588719	0	0.9936612738	0.1124156256	0	-0.1124156256	0.9936612738	0	0	0	1
4.03	4.41553424	0.1800125555	0	0.9933677766	0.114980261	0	-0.114980261	0.9933677766	0	0	0	1
4.04	4.42519532	0.1845388455	0	0.9931435945	0.116900816	0	-0.116900816	0.9931435945	0	0	0	1
4.05	4.434764041	0.1889548705	0	0.9929366485	0.1186457419	0	-0.1186457419	0.9929366485	0	0	0	1
4.06	4.4442519	0.1932608126	0	0.9926899834	0.1206921577	0	-0.1206921577	0.9926899834	0	0	0	1
4.07	4.45366694	0.1974537013	0	0.9923646385	0.1233386571	0	-0.1233386571	0.9923646385	0	0	0	1
4.08	4.463019608	0.2015325381	0	0.9919511287	0.1266213186	0	-0.1266213186	0.9919511287	0	0	0	1
4.09	4.472320961	0.2054954877	0	0.9914647807	0.1303748009	0	-0.1303748009	0.9914647807	0	0	0	1
4.1	4.481579696	0.2093389149	0	0.9909358511	0.1343359183	0	-0.1343359183	0.9909358511	0	0	0	1
4.11	4.490802764	0.2130618312	0	0.9904003	0.1382289614	0	-0.1382289614	0.9904003	0	0	0	1
4.12	4.499998108	0.2166721093	0	0.9898911779	0.1418289671	0	-0.1418289671	0.9898911779	0	0	0	1
4.13	4.509176278	0.2201895829	0	0.9894298635	0.1450122242	0	-0.1450122242	0.9894298635	0	0	0	1
4.14	4.518349923	0.2236437857	0	0.9890200503	0.1477813931	0	-0.1477813931	0.9890200503	0	0	0	1
4.15	4.527532351	0.2270678255	0	0.9886480012	0.1502502236	0	-0.1502502236	0.9886480012	0	0	0	1
4.16	4.536736475	0.2304916142	0	0.9882891617	0.1525927024	0	-0.1525927024	0.9882891617	0	0	0	1
4.17	4.545974494	0.2339369638	0	0.9879178267	0.1549786038	0	-0.1549786038	0.9879178267	0	0	0	1
4.18	4.555257988	0.237415328	0	0.9875152231	0.1575235985	0	-0.1575235985	0.9875152231	0	0	0	1
4.19	4.564597673	0.2409267064	0	0.9870739194	0.1602656469	0	-0.1602656469	0.9870739194	0	0	0	1
4.2	4.574002838	0.2444587976	0	0.9865978965	0.1631704342	0	-0.1631704342	0.9865978965	0	0	0	1
4.21	4.583480536	0.2479862224	0	0.9860995383	0.1661556518	0	-0.1661556518	0.9860995383	0	0	0	1
4.22	4.593034994	0.2514702279	0	0.9855955242	0.1691196694	0	-0.1691196694	0.9855955242	0	0	0	1
4.23	4.602667112	0.254859552	0	0.9851031023	0.1719647573	0	-0.1719647573	0.9851031023	0	0	0	1
4.24	4.612374084	0.2580936177	0	0.9846378379	0.1746090722	0	-0.1746090722	0.9846378379	0	0	0	1
4.25	4.622149354	0.261108148	0	0.9842140387	0.1769822762	0	-0.1769822762	0.9842140387	0	0	0	1
4.26	4.631983313	0.2638430335	0	0.9838479857	0.1790059805	0	-0.1790059805	0.9838479857	0	0	0	1
4.27	4.641865346	0.2662516492	0	0.9835627348	0.1805667373	0	-0.1805667373	0.9835627348	0	0	0	1
4.28	4.651786811	0.2683083881	0	0.9833913313	0.1814979052	0	-0.1814979052	0.9833913313	0	0	0	1
4.29	4.661743067	0.27001101	0	0.9833751133	0.1815857551	0	-0.1815857551	0.9833751133	0	0	0	1
4.3	4.671733523	0.27137769	0	0.9835560452	0.1806031728	0	-0.1806031728	0.9835560452	0	0	0	1
4.31	4.68176077	0.2724406034	0	0.9839674144	0.1783483319	0	-0.1783483319	0.9839674144	0	0	0	1
4.32	4.69183027	0.2732368406	0	0.9846259294	0.1746762122	0	-0.1746762122	0.9846259294	0	0	0	1
4.33	4.701949515	0.2737968569	0	0.9855260766	0.1695238989	0	-0.1695238989	0.9855260766	0	0	0	1
4.34	4.712126274	0.2741326017	0	0.9866378191	0.1629288614	0	-0.1629288614	0.9866378191	0	0	0	1
4.35	4.722367246	0.2742271222	0	0.9879092911	0.1550330046	0	-0.1550330046	0.9879092911	0	0	0	1
4.36	4.732677276	0.2740277781	0	0.9892736583	0.1460740532	0	-0.1460740532	0.9892736583	0	0	0	1
4.37	4.743058561	0.2734442201	0	0.9906572817	0.1363750354	0	-0.1363750354	0.9906572817	0	0	0	1
4.38	4.753509911	0.2723533087	0	0.9919885305	0.1263279671	0	-0.1263279671	0.9919885305	0	0	0	1
4.39	4.76402639	0.27061058	0	0.993205788	0.1163712276	0	-0.1163712276	0.993205788	0	0	0	1
4.4	4.774599553	0.2680689445	0	0.9942637323	0.1069562087	0	-0.1069562087	0.9942637323	0	0	0	1
4.41	4.78521629	0.264625682	0	0.9951338278	0.0985325564	0	-0.0985325564	0.9951338278	0	0	0	1
4.42	4.795856176	0.2602539376	0	0.9958110864	0.09143456765	0	-0.09143456765	0.9958110864	0	0	0	1
4.43	4.806514024	0.2549412512	0	0.9963279239	0.08561932073	0	-0.08561932073	0.9963279239	0	0	0	1
4.44	4.81719234	0.2486731522	0	0.9967295732	0.08080939295	0	-0.08080939295	0.9967295732	0	0	0	1
4.45	4.827891601	0.2414318128	0	0.9970537767	0.07670571284	0	-0.07670571284	0.9970537767	0	0	0	1
4.46	4.838608711	0.2331975635	0	0.9973236096	0.07311373184	0	-0.07311373184	0.9973236096	0	0	0	1
4.47	4.849338601	0.2239537156	0	0.997547677	0.06999022914	0	-0.06999022914	0.997547677	0	0	0	1
4.48	4.860077101	0.2136914768	0	0.9977244903	0.06742285515	0	-0.06742285515	0.9977244903	0	0	0	1
4.49	4.870770776	0.2028497778	0	0.9978294962	0.06585056146	0	-0.06585056146	0.9978294962	0	0	0	1
4.5	4.881428681	0.1925273846	0	0.9978849826	0.0650043194	0	-0.0650043194	0.9978849826	0	0	0	1
4.51	4.892098575	0.1828634454	0	0.9979162925	0.0645218818	0	-0.0645218818	0.9979162925	0	0	0	1
4.52	4.902761707	0.1740124374	0	0.9979075594	0.06465680783	0	-0.06465680783	0.9979075594	0	0	0	1
4.53	4.91342676	0.1662168581	0	0.997849895	0.06554072773	0	-0.06554072773	0.997849895	0	0	0	1
4.54	4.924094387	0.1601917884	0	0.9977141209	0.06757612741	0	-0.06757612741	0.9977141209	0	0	0	1
4.55	4.934682149	0.1567765104	0	0.9974183978	0.07180905026	0	-0.07180905026	0.9974183978	0	0	0	1
4.56	4.9451584	0.1558936221	0	0.9969393975	0.07817824313	0	-0.07817824313	0.9969393975	0	0	0	1
4.57	4.955526421	0.1571820606	0	0.9963121705	0.08580244126	0	-0.08580244126	0.9963121705	0	0	0	1
4.58	4.965791438	0.1601292747	0	0.9956123582	0.09357367306	0	-0.09357367306	0.9956123582	0	0	0	1
4.59	4.975953028	0.1641817706	0	0.9949320227	0.1005498391	0	-0.1005498391	0.9949320227	0	0	0	1
4.6	4.986008218	0.1688274222	0	0.9943497365	0.1061536695	0	-0.1061536695	0.9943497365	0	0	0	1
4.61	4.995951907	0.173641539	0	0.9939034918	0.1102535671	0	-0.1102535671	0.9939034918	0	0	0	1
4.62	5.005774697	0.1783435188	0	0.993580131	0.113130559	0	-0.113130559	0.993580131	0	0	0	1
4.63	5.015478388	0.1829061475	0	0.9933363139	0.1152517572	0	-0.1152517572	0.9933363139	0	0	0	1
4.64	5.025084107	0.1873547655	0	0.9931243013	0.1170646067	0	-0.1170646067	0.9931243013	0	0	0	1
4.65	5.034606703	0.1916944135	0	0.9928876124	0.1190554038	0	-0.1190554038	0.9928876124	0	0	0	1
4.66	5.044054119	0.1959218866	0	0.9925798483	0.1215945916	0	-0.1215945916	0.9925798483	0	0	0	1
4.67	5.053435413	0.2000353082	0	0.9921821707	0.1247979974	0	-0.1247979974	0.9921821707	0	0	0	1
4.68	5.062761452	0.2040333197	0	0.9917033835	0.1285472642	0	-0.1285472642	0.9917033835	0	0	0	1
4.69	5.072041584	0.2079126844	0	0.9911707805	0.1325914169	0	-0.1325914169	0.9911707805	0	0	0	1
4.7	5.081282841	0.2116709345	0	0.9906203217	0.1366432518	0	-0.1366432518	0.9906203217	0	0	0	1
4.71	5.090492279	0.2153124826	0	0.9900876456	0.1404508958	0	-0.1404508958	0.9900876456	0	0	0	1
4.72	5.099679305	0.2188532321	0	0.9895993963	0.1438507379	0	-0.1438507379	0.9895993963	0	0	0	1
4.73	5.108855822	0.2223200682	0	0.9891656362	0.1468037609	0	-0.1468037609	0.9891656362	0	0	0	1
4.74	5.118034942	0.2257457214	0	0.9887779778	0.1493924719	0	-0.1493924719	0.9887779778	0	0	0	1
4.75	5.127229739	0.2291619887	0	0.9884142203	0.1517805291	0	-0.1517805291	0.9884142203	0	0	0	1
4.76	5.136452603	0.2325938342	0	0.9880476855	0.1541485359	0	-0.1541485359	0.9880476855	0	0	0	1
4.77	5.145715283	0.2360564114	0	0.9876563129	0.1566365459	0	-0.1566365459	0.9876563129	0	0	0	1
4.78	5.155028843	0.239553788	0	0.987228489	0.1593107355	0	-0.1593107355	0.987228489	0	0	0	1
4.79	5.164403172	0.2430781515	0	0.9867645724	0.1621594237	0	-0.1621594237	0.9867645724	0	0	0	1
4.8	5.173846255	0.2466090595	0	0.9862746666	0.1651129371	0	-0.1651129371	0.9862746666	0	0	0	1
4.81	5.183363505	0.2501128048	0	0.9857746415	0.1680724728	0	-0.1680724728	0.9857746415	0	0	0	1
4.82	5.192957242	0.2535429453	0	0.9852819536	0.1709370406	0	-0.1709370406	0.9852819536	0	0	0	1
4.83	5.20262632	0.2568424334	0	0.9848127262	0.173619971	0	-0.173619971	0.9848127262	0	0	0	1
4.84	5.212365927	0.2599481314	0	0.9843810627	0.1760509115	0	-0.1760509115	0.9843810627	0	0	0	1
4.85	5.222167892	0.2627977124	0	0.9840012349	0.1781616393	0	-0.1781616393	0.9840012349	0	0	0	1
4.86	5.23202212	0.2653385386	0	0.9836921031	0.1798606301	0	-0.1798606301	0.9836921031	0	0	0	1
4.87	5.241919229	0.2675360838	0	0.9834814755	0.1810088044	0	-0.1810088044	0.9834814755	0	0	0	1
4.88	5.251853144	0.2693786458	0	0.9834067958	0.1814140952	0	-0.1814140952	0.9834067958	0	0	0	1
4.89	5.261821946	0.2708764984	0	0.9835100333	0.1808535715	0	-0.1808535715	0.9835100333	0	0	0	1
4.9	5.271827166	0.2720569638	0	0.9838284034	0.1791135746	0	-0.1791135746	0.9838284034	0	0	0	1
4.91	5.281873147	0.2729561008	0	0.9843859269	0.176023711	0	-0.176023711	0.9843859269	0	0	0	1
4.92	5.291966666	0.2736085102	0	0.9851869413	0.1714837916	0	-0.1714837916	0.9851869413	0	0	0	1
4.93	5.302115533	0.2740351929	0	0.9862121289	0.1654860622	0	-0.1654860622	0.9862121289	0	0	0	1
4.94	5.312326904	0.2742323576	0	0.9874188829	0.1581263723	0	-0.1581263723	0.9874188829	0	0	0	1
4.95	5.322606348	0.2741628232	0	0.9887464768	0.1496008174	0	-0.1496008174	0.9887464768	0	0	0	1
4.96	5.332957132	0.2737518638	0	0.9901238574	0.1401953884	0	-0.1401953884	0.9901238574	0	0	0	1
4.97	5.343379424	0.2728889849	0	0.9914781297	0.1302732446	0	-0.1302732446	0.9914781297	0	0	0	1
4.98	5.353869752	0.2714367743	0	0.9927430262	0.120255079	0	-0.120255079	0.9927430262	0	0	0	1
4.99	5.36442094	0.2692463817	0	0.993866097	0.1105901499	0	-0.1105901499	0.993866097	0	0	0	1
5	5.375022616	0.2661868436	0	0.9948122793	0.1017277194	0	-0.1017277194	0.9948122793	0	0	0	1
5.01	5.385655315	0.2622056888	0	0.9955637898	0.0940890023	0	-0.0940890023	0.9955637898	0	0	0	1
5.02	5.396306278	0.2572890778	0	0.9961387121	0.0877933153	0	-0.0877933153	0.9961387121	0	0	0	1
5.03	5.406976642	0.2514234342	0	0.9965802278	0.08263080314	0	-0.08263080314	0.9965802278	0	0	0	1
5.04	5.417668138	0.2445921949	0	0.9969304744	0.07829194914	0	-0.07829194914	0.9969304744	0	0	0	1
5.05	5.428379041	0.2367758381	0	0.9972188875	0.07452845363	0	-0.07452845363	0.9972188875	0	0	0	1
5.06	5.439104726	0.2279556611	0	0.9974596767	0.07123337209	0	-0.07123337209	0.9974596767	0	0	0	1
5.07	5.449840261	0.2181188872	0	0.9976548891	0.0684450311	0	-0.0684450311	0.9976548891	0	0	0	1
5.08	5.460567764	0.2073613176	0	0.997793433	0.06639476707	0	-0.06639476707	0.997793433	0	0	0	1
5.09	5.471223241	0.1967751311	0	0.9978585945	0.06540814452	0	-0.06540814452	0.9978585945	0	0	0	1
5.1	5.481890806	0.1868206783	0	0.9979005985	0.06476415253	0	-0.06476415253	0.9979005985	0	0	0	1
5.11	5.492556792	0.1775986576	0	0.9979092759	0.06463031022	0	-0.06463031022	0.9979092759	0	0	0	1
5.12	5.503218599	0.1693245869	0	0.997872186	0.06520046261	0	-0.06520046261	0.997872186	0	0	0	1
5.13	5.513892056	0.1623981353	0	0.9977775349	0.06663325666	0	-0.06663325666	0.9977775349	0	0	0	1
5.14	5.524521301	0.1578772704	0	0.9975537538	0.06990356347	0	-0.06990356347	0.9975537538	0	0	0	1
5.15	5.535044898	0.1559710764	0	0.9971469433	0.07548492166	0	-0.07548492166	0.9971469433	0	0	0	1
5.16	5.545457854	0.1564133583	0	0.9965699215	0.08275500916	0	-0.08275500916	0.9965699215	0	0	0	1
5.17	5.555766546	0.1587402388	0	0.995884084	0.09063603664	0	-0.09063603664	0.995884084	0	0	0	1
5.18	5.565972575	0.162403019	0	0.9951784631	0.09808071508	0	-0.09808071508	0.9951784631	0	0	0	1
5.19	5.576073455	0.1668640455	0	0.9945418624	0.1043383152	0	-0.1043383152	0.9945418624	0	0	0	1
5.2	5.586064965	0.1716577724	0	0.9940326104	0.109083314	0	-0.109083314	0.9940326104	0	0	0	1
5.21	5.595939317	0.1764272274	0	0.9936596306	0.1124301495	0	-0.1124301495	0.9936596306	0	0	0	1
5.22	5.60568974	0.1810485039	0	0.9933872763	0.1148116692	0	-0.1148116692	0.9933872763	0	0	0	1
5.23	5.615332643	0.1855482633	0	0.9931704129	0.1166727514	0	-0.1166727514	0.9931704129	0	0	0	1
5.24	5.624887103	0.1899390664	0	0.9929547043	0.1184945364	0	-0.1184945364	0.9929547043	0	0	0	1
5.25	5.634362902	0.1942192583	0	0.9926859648	0.1207252056	0	-0.1207252056	0.9926859648	0	0	0	1
5.26	5.643768228	0.1983860838	0	0.9923323692	0.1235980141	0	-0.1235980141	0.9923323692	0	0	0	1
5.27	5.653113754	0.2024384335	0	0.9918915861	0.1270869054	0	-0.1270869054	0.9918915861	0	0	0	1
5.28	5.66240995	0.2063738034	0	0.9913839729	0.1309878556	0	-0.1309878556	0.9913839729	0	0	0	1
5.29	5.671664774	0.2101886015	0	0.9908425934	0.1350220545	0	-0.1350220545	0.9908425934	0	0	0	1
5.3	5.680885021	0.2138834512	0	0.9903039767	0.1389173632	0	-0.1389173632	0.9903039767	0	0	0	1
5.31	5.690079043	0.2174689749	0	0.9897994791	0.1424675089	0	-0.1424675089	0.9897994791	0	0	0	1
5.32	5.699257902	0.2209677591	0	0.9893467811	0.145577975	0	-0.145577975	0.9893467811	0	0	0	1
5.33	5.708434463	0.224410858	0	0.9889450758	0.1482822885	0	-0.1482822885	0.9889450758	0	0	0	1
5.34	5.717621971	0.2278312341	0	0.9885770676	0.1507162282	0	-0.1507162282	0.9885770676	0	0	0	1
5.35	5.726833154	0.2312572089	0	0.9882167955	0.1530606585	0	-0.1530606585	0.9882167955	0	0	0	1
5.36	5.73608003	0.2347082187	0	0.987839407	0.1554776704	0	-0.1554776704	0.987839407	0	0	0	1
5.37	5.74537399	0.2381930664	0	0.9874284608	0.1580665521	0	-0.1580665521	0.9874284608	0	0	0	1
5.38	5.75472551	0.2417089719	0	0.9869793026	0.1608473074	0	-0.1608473074	0.9869793026	0	0	0	1
5.39	5.764143447	0.2452407139	0	0.9864982896	0.1637715622	0	-0.1637715622	0.9864982896	0	0	0	1
5.4	5.773634294	0.2487600661	0	0.9859992412	0.1667498019	0	-0.1667498019	0.9859992412	0	0	0	1
5.41	5.783201646	0.2522254357	0	0.9854993882	0.1696789791	0	-0.1696789791	0.9854993882	0	0	0	1
5.42	5.792845704	0.2555834564	0	0.9850156872	0.1724647674	0	-0.1724647674	0.9850156872	0	0	0	1
5.43	5.802563	0.2587726049	0	0.9845631387	0.1750297856	0	-0.1750297856	0.9845631387	0	0	0	1
5.44	5.812346448	0.2617291282	0	0.9841558395	0.1773056219	0	-0.1773056219	0.9841558395	0	0	0	1
5.45	5.822186272	0.2643953648	0	0.9838106701	0.1792109522	0	-0.1792109522	0.9838106701	0	0	0	1
5.46	5.832072281	0.2667288584	0	0.9835520472	0.1806249439	0	-0.1806249439	0.9835520472	0	0	0	1
5.47	5.841996744	0.2687088888	0	0.9834144009	0.1813728649	0	-0.1813728649	0.9834144009	0	0	0	1
5.48	5.851956033	0.2703377652	0	0.9834393408	0.181237587	0	-0.181237587	0.9834393408	0	0	0	1
5.49	5.861950363	0.2716370972	0	0.983667394	0.1799957164	0	-0.1799957164	0.983667394	0	0	0	1
5.5	5.871982997	0.2726408027	0	0.9841288012	0.177455636	0	-0.177455636	0.9841288012	0	0	0	1
5.51	5.882059883	0.2733855212	0	0.9848361276	0.1734871807	0	-0.1734871807	0.9848361276	0	0	0	1
5.52	5.89218865	0.2738988954	0	0.9857792045	0.1680457081	0	-0.1680457081	0.9857792045	0	0	0	1
5.53	5.902376875	0.2741878178	0	0.986923704	0.1611880963	0	-0.1611880963	0.986923704	0	0	0	1
5.54	5.912630874	0.2742286152	0	0.988214692	0.1530742387	0	-0.1530742387	0.988214692	0	0	0	1
5.55	5.922954948	0.2739610217	0	0.9895837698	0.1439581975	0	-0.1439581975	0.9895837698	0	0	0	1
5.56	5.933350587	0.2732875152	0	0.9909574367	0.1341765948	0	-0.1341765948	0.9909574367	0	0	0	1
5.57	5.943815803	0.2720795211	0	0.9922657581	0.1241316452	0	-0.1241316452	0.9922657581	0	0	0	1
5.58	5.954344855	0.2701902105	0	0.9934501197	0.114266617	0	-0.114266617	0.9934501197	0	0	0	1
5.59	5.964928704	0.2674755046	0	0.994468868	0.1050317596	0	-0.1050317596	0.994468868	0	0	0	1
5.6	5.975552041	0.2638497961	0	0.9952965815	0.09687473779	0	-0.09687473779	0.9952965815	0	0	0	1
5.61	5.98619603	0.2592931262	0	0.9959358978	0.09006490675	0	-0.09006490675	0.9959358978	0	0	0	1
5.62	5.996858319	0.2537927659	0	0.9964241	0.08449267951	0	-0.08449267951	0.9964241	0	0	0	1
5.63	6.007541376	0.2473335467	0	0.996805891	0.0798624795	0	-0.0798624795	0.996805891	0	0	0	1
5.64	6.018244928	0.2398969316	0	0.9971163185	0.0758883879	0	-0.0758883879	0.9971163185	0	0	0	1
5.65	6.028965267	0.2314633617	0	0.9973753224	0.07240487751	0	-0.07240487751	0.9973753224	0	0	0	1
5.66	6.039697248	0.2220173261	0	0.99758906	0.06939789145	0	-0.06939789145	0.99758906	0	0	0	1
5.67	6.050436387	0.211557845	0	0.997754285	0.06698049511	0	-0.06698049511	0.997754285	0	0	0	1
5.68	6.061112286	0.2007664622	0	0.9978422687	0.06565673383	0	-0.06565673383	0.9978422687	0	0	0	1
5.69	6.07177379	0.1905648388	0	0.9978929888	0.06488129786	0	-0.06488129786	0.9978929888	0	0	0	1
5.7	6.082442653	0.1810417037	0	0.9979167993	0.06451404259	0	-0.06451404259	0.9979167993	0	0	0	1
5.71	6.093104611	0.172374925	0	0.9978983888	0.06479819089	0	-0.06479819089	0.9978983888	0	0	0	1
5.72	6.10377276	0.1648297336	0	0.9978296239	0.06584862665	0	-0.06584862665	0.9978296239	0	0	0	1
5.73	6.114430951	0.1592999524	0	0.9976667145	0.06827244545	0	-0.06827244545	0.9976667145	0	0	0	1
5.74	6.1249971	0.1564058269	0	0.9973328439	0.07298765931	0	-0.07298765931	0.9973328439	0	0	0	1
5.75	6.135451266	0.1559908829	0	0.9968179029	0.07971241142	0	-0.07971241142	0.9968179029	0	0	0	1
5.76	6.145798687	0.1576547531	0	0.9961665905	0.0874764197	0	-0.0874764197	0.9961665905	0	0	0	1
5.77	6.15604342	0.1608681226	0	0.9954601956	0.09517877426	0	-0.09517877426	0.9954601956	0	0	0	1
5.78	6.166184158	0.1650800174	0	0.994790978	0.1019358132	0	-0.1019358132	0.994790978	0	0	0	1
5.79	6.17621752	0.1697926173	0	0.9942317345	0.1072532429	0	-0.1072532429	0.9942317345	0	0	0	1
5.8	6.18613761	0.1746013702	0	0.9938109495	0.111084637	0	-0.111084637	0.9938109495	0	0	0	1
5.81	6.195934758	0.1792751675	0	0.9935064521	0.1137757866	0	-0.1137757866	0.9935064521	0	0	0	1
5.82	6.205616166	0.1838163348	0	0.9932739412	0.1157880722	0	-0.1157880722	0.9932739412	0	0	0	1
5.83	6.215203203	0.1882459328	0	0.9930634792	0.1175794467	0	-0.1175794467	0.9930634792	0	0	0	1
5.84	6.224708724	0.1925660512	0	0.9928182926	0.1196320939	0	-0.1196320939	0.9928182926	0	0	0	1
5.85	6.234140486	0.1967733763	0	0.9924963282	0.122274439	0	-0.122274439	0.9924963282	0	0	0	1
5.86	6.243508198	0.2008664203	0	0.9920844921	0.1255721328	0	-0.1255721328	0.9920844921	0	0	0	1
5.87	6.252822758	0.2048435	0	0.9915958519	0.1293741336	0	-0.1293741336	0.9915958519	0	0	0	1
5.88	6.26209305	0.2087010806	0	0.9910599706	0.1334171457	0	-0.1334171457	0.9910599706	0	0	0	1
5.89	6.271325932	0.2124374796	0	0.990513283	0.1374170156	0	-0.1374170156	0.990513283	0	0	0	1
5.9	6.280528852	0.2160590883	0	0.9899902738	0.1411356008	0	-0.1411356008	0.9899902738	0	0	0	1
5.91	6.289711795	0.2195841252	0	0.9895147319	0.1444319745	0	-0.1444319745	0.9895147319	0	0	0	1
5.92	6.298887075	0.2230411632	0	0.9890930357	0.1472921135	0	-0.1472921135	0.9890930357	0	0	0	1
5.93	6.308067905	0.2264633146	0	0.9887134814	0.1498187295	0	-0.1498187295	0.9887134814	0	0	0	1
5.94	6.31726725	0.2298814017	0	0.988352198	0.1521838777	0	-0.1521838777	0.988352198	0	0	0	1
5.95	6.32649738	0.2333186211	0	0.9879828083	0.154563807	0	-0.154563807	0.9879828083	0	0	0	1
5.96	6.33576992	0.236788008	0	0.987585035	0.1570853228	0	-0.1570853228	0.987585035	0	0	0	1
5.97	6.345095738	0.2402913828	0	0.987149636	0.1597986109	0	-0.1597986109	0.987149636	0	0	0	1
5.98	6.354484426	0.2438184914	0	0.9866791307	0.1626784957	0	-0.1626784957	0.9866791307	0	0	0	1
5.99	6.36394348	0.247346195	0	0.9861850839	0.1656471558	0	-0.1656471558	0.9861850839	0	0	0	1
6	6.373477683	0.2508383017	0	0.9856838865	0.1686039023	0	-0.1686039023	0.9856838865	0	0	0	1
6.01	6.383088671	0.2542458011	0	0.9851930011	0.1714489735	0	-0.1714489735	0.9851930011	0	0	0	1
6.02	6.3927745	0.2575098942	0	0.9847281732	0.1740988943	0	-0.1740988943	0.9847281732	0	0	0	1
6.03	6.40252954	0.2605669177	0	0.984303386	0.1764846857	0	-0.1764846857	0.984303386	0	0	0	1
6.04	6.412344971	0.2633557226	0	0.9839336263	0.1785346437	0	-0.1785346437	0.9839336263	0	0	0	1
6.05	6.422210518	0.2658267817	0	0.9836395413	0.1801478636	0	-0.1801478636	0.9836395413	0	0	0	1
6.06	6.432117246	0.267950158	0	0.9834512949	0.1811727093	0	-0.1811727093	0.9834512949	0	0	0	1
6.07	6.442059891	0.269719039	0	0.983408128	0.1814068735	0	-0.1814068735	0.983408128	0	0	0	1
6.08	6.452037286	0.2711478548	0	0.9835519084	0.1806257001	0	-0.1806257001	0.9835519084	0	0	0	1
6.09	6.462051529	0.272266442	0	0.983917875	0.17862143	0	-0.17862143	0.983917875	0	0	0	1
6.1	6.472107554	0.2731116234	0	0.9845264617	0.1752359729	0	-0.1752359729	0.9845264617	0	0	0	1
6.11	6.482212529	0.2737161172	0	0.9853771864	0.1703872078	0	-0.1703872078	0.9853771864	0	0	0	1
6.12	6.492374236	0.2740965443	0	0.9864454579	0.1640894837	0	-0.1640894837	0.9864454579	0	0	0	1
6.13	6.502599573	0.2742426284	0	0.9876841083	0.1564611841	0	-0.1564611841	0.9876841083	0	0	0	1
6.14	6.512893727	0.2741093927	0	0.9890293918	0.1477188619	0	-0.1477188619	0.9890293918	0	0	0	1
6.15	6.523259405	0.2736141284	0	0.9904089906	0.1381666795	0	-0.1381666795	0.9904089906	0	0	0	1
6.16	6.533696059	0.2726396943	0	0.9917506275	0.1281822638	0	-0.1281822638	0.9917506275	0	0	0	1
6.17	6.544199448	0.2710447257	0	0.9929903456	0.118195489	0	-0.118195489	0.9929903456	0	0	0	1
6.18	6.554761688	0.2686805696	0	0.9940792727	0.1086572572	0	-0.1086572572	0.9940792727	0	0	0	1
6.19	6.565371282	0.2654287465	0	0.9949857389	0.1000168958	0	-0.1000168958	0.9949857389	0	0	0	1
6.2	6.576007564	0.2612515529	0	0.9956977771	0.09266032981	0	-0.09266032981	0.9956977771	0	0	0	1
6.21	6.586661722	0.2561361529	0	0.9962412283	0.08662225512	0	-0.08662225512	0.9962412283	0	0	0	1
6.22	6.597335832	0.250068489	0	0.9966607774	0.08165350394	0	-0.08165350394	0.9966607774	0	0	0	1
6.23	6.608031025	0.2430313404	0	0.9969964494	0.07744727157	0	-0.07744727157	0.9969964494	0	0	0	1
6.24	6.618744842	0.2350049532	0	0.9972744911	0.07378068481	0	-0.07378068481	0.9972744911	0	0	0	1
6.25	6.62947236	0.2259715333	0	0.9975061679	0.07057935256	0	-0.07057935256	0.9975061679	0	0	0	1
6.26	6.640208991	0.2159200611	0	0.9976916421	0.06790719603	0	-0.06790719603	0.9976916421	0	0	0	1
6.27	6.650920616	0.205083297	0	0.9978130278	0.06609963299	0	-0.06609963299	0.9978130278	0	0	0	1
6.28	6.661574667	0.1946278366	0	0.9978717909	0.06520651025	0	-0.06520651025	0.9978717909	0	0	0	1
6.29	6.672243445	0.1848149297	0	0.9979084878	0.06464247841	0	-0.06464247841	0.9979084878	0	0	0	1
6.3	6.682907321	0.1757724763	0	0.9979083735	0.06464424284	0	-0.06464424284	0.9979083735	0	0	0	1
6.31	6.693569712	0.1677311924	0	0.9978607924	0.0653746051	0	-0.0653746051	0.9978607924	0	0	0	1
6.32	6.704241803	0.161228385	0	0.9977472472	0.06708524896	0	-0.06708524896	0.9977472472	0	0	0	1
6.33	6.714850458	0.1572652376	0	0.9974873328	0.07084504832	0	-0.07084504832	0.9974873328	0	0	0	1
6.34	6.725349665	0.1558818118	0	0.9970426793	0.0768498257	0	-0.0768498257	0.9970426793	0	0	0	1
6.35	6.735739391	0.156761942	0	0.9964376329	0.08433293429	0	-0.08433293429	0.9964376329	0	0	0	1
6.36	6.746025632	0.1594145996	0	0.9957413543	0.09219086323	0	-0.09219086323	0.9957413543	0	0	0	1
6.37	6.756208845	0.1632863998	0	0.995045254	0.09942304779	0	-0.09942304779	0.995045254	0	0	0	1
6.38	6.766286221	0.167851218	0	0.9944338655	0.1053626461	0	-0.1053626461	0.9944338655	0	0	0	1
6.39	6.776253105	0.1726634531	0	0.9939557753	0.1097812218	0	-0.1097812218	0.9939557753	0	0	0	1
6.4	6.786100757	0.1774007023	0	0.9936087069	0.1128793052	0	-0.1128793052	0.9936087069	0	0	0	1
6.41	6.795826165	0.1819926268	0	0.9933521982	0.1151147703	0	-0.1151147703	0.9933521982	0	0	0	1
6.42	6.805448889	0.186467242	0	0.9931400146	0.1169312253	0	-0.1169312253	0.9931400146	0	0	0	1
6.43	6.814985959	0.1908330322	0	0.992916182	0.1188168993	0	-0.1188168993	0.992916182	0	0	0	1
6.44	6.824446048	0.1950873048	0	0.992629827	0.1211859174	0	-0.1211859174	0.992629827	0	0	0	1
6.45	6.833837781	0.1992277672	0	0.9922555088	0.1242135466	0	-0.1242135466	0.9922555088	0	0	0	1
6.46	6.843172048	0.2032532613	0	0.9917965956	0.1278261041	0	-0.1278261041	0.9917965956	0	0	0	1
6.47	6.852458822	0.2071608606	0	0.9912770725	0.1317944066	0	-0.1317944066	0.9912770725	0	0	0	1
6.48	6.861705571	0.2109473798	0	0.9907316081	0.1358340189	0	-0.1358340189	0.9907316081	0	0	0	1
6.49	6.870919171	0.2146152028	0	0.990196381	0.1396822357	0	-0.1396822357	0.990196381	0	0	0	1
6.5	6.880108512	0.2181775741	0	0.9897006008	0.143152788	0	-0.143152788	0.9897006008	0	0	0	1
6.51	6.889285121	0.2216593569	0	0.9892581996	0.1461787074	0	-0.1461787074	0.9892581996	0	0	0	1
6.52	6.898462039	0.2250926499	0	0.988864455	0.1488189827	0	-0.1488189827	0.988864455	0	0	0	1
6.53	6.907652411	0.228509919	0	0.9884994659	0.1512243564	0	-0.1512243564	0.9884994659	0	0	0	1
6.54	6.916868812	0.2319379388	0	0.9881367007	0.153576889	0	-0.153576889	0.9881367007	0	0	0	1
6.55	6.926123146	0.2353940772	0	0.9877525308	0.1560286445	0	-0.1560286445	0.9877525308	0	0	0	1
6.56	6.935426621	0.2388847714	0	0.9873329213	0.1586622275	0	-0.1586622275	0.9873329213	0	0	0	1
6.57	6.944789435	0.2424047471	0	0.9868757675	0.1614813287	0	-0.1614813287	0.9868757675	0	0	0	1
6.58	6.954220009	0.2459361939	0	0.9863893905	0.1644261849	0	-0.1644261849	0.9863893905	0	0	0	1
6.59	6.963724298	0.2494481244	0	0.985888745	0.1674018593	0	-0.1674018593	0.985888745	0	0	0	1
6.6	6.97330524	0.252896388	0	0.9853912793	0.1703056861	0	-0.1703056861	0.9853912793	0	0	0	1
6.61	6.982962332	0.2562257004	0	0.9849135744	0.1730469617	0	-0.1730469617	0.9849135744	0	0	0	1
6.62	6.992691399	0.2593735536	0	0.9844702056	0.1755517423	0	-0.1755517423	0.9844702056	0	0	0	1
6.63	7.002484744	0.2622767093	0	0.9840753468	0.1777518265	0	-0.1777518265	0.9840753468	0	0	0	1
6.64	7.012332349	0.2648798896	0	0.9837468603	0.1795608948	0	-0.1795608948	0.9837468603	0	0	0	1
6.65	7.022224341	0.2671445551	0	0.9835109152	0.1808487759	0	-0.1808487759	0.9835109152	0	0	0	1
6.66	7.032153772	0.2690545775	0	0.9834036669	0.1814310556	0	-0.1814310556	0.9834036669	0	0	0	1
6.67	7.042117893	0.2706164346	0	0.9834670777	0.1810870152	0	-0.1810870152	0.9834670777	0	0	0	1
6.68	7.052117593	0.271854764	0	0.9837403066	0.1795967958	0	-0.1795967958	0.9837403066	0	0	0	1
6.69	7.062156699	0.2728047835	0	0.9842505281	0.176779235	0	-0.176779235	0.9842505281	0	0	0	1
6.7	7.072241613	0.2735023184	0	0.9850061629	0.1725191557	0	-0.1725191557	0.9850061629	0	0	0	1
6.71	7.082380099	0.2739718093	0	0.9859922967	0.1667908594	0	-0.1667908594	0.9859922967	0	0	0	1
6.72	7.092579547	0.2742148516	0	0.9871702155	0.1596714301	0	-0.1596714301	0.9871702155	0	0	0	1
6.73	7.102845921	0.2742009522	0	0.988481794	0.1513398257	0	-0.1513398257	0.988481794	0	0	0	1
6.74	7.113183024	0.2738624186	0	0.9898570498	0.1420669592	0	-0.1420669592	0.9898570498	0	0	0	1
6.75	7.123591694	0.2730950023	0	0.9912226104	0.1322033909	0	-0.1322033909	0.9912226104	0	0	0	1
6.76	7.134069201	0.2717653931	0	0.992510263	0.1221612781	0	-0.1221612781	0.992510263	0	0	0	1
6.77	7.144609075	0.2697253467	0	0.9936644352	0.1123876781	0	-0.1123876781	0.9936644352	0	0	0	1
6.78	7.155201686	0.2668361247	0	0.9946469314	0.103331901	0	-0.103331901	0.9946469314	0	0	0	1
6.79	7.165829472	0.2630294947	0	0.995435851	0.09543304795	0	-0.09543304795	0.995435851	0	0	0	1
6.8	7.176476352	0.2582896053	0	0.9960417663	0.08888644316	0	-0.08888644316	0.9960417663	0	0	0	1
6.81	7.187142075	0.252603369	0	0.9965055381	0.08352671729	0	-0.08352671729	0.9965055381	0	0	0	1
6.82	7.197828829	0.2459549399	0	0.9968708248	0.07904782519	0	-0.07904782519	0.9968708248	0	0	0	1
6.83	7.208535605	0.2383252391	0	0.9971698817	0.07518129454	0	-0.07518129454	0.9971698817	0	0	0	1
6.84	7.219258186	0.2296950498	0	0.9974196851	0.07179116804	0	-0.07179116804	0.9974196851	0	0	0	1
6.85	7.229991487	0.2200501981	0	0.9976242085	0.06889077276	0	-0.06889077276	0.9976242085	0	0	0	1
6.86	7.240727113	0.2094189144	0	0.997777163	0.06663882483	0	-0.06663882483	0.997777163	0	0	0	1
6.87	7.251388904	0.1987221859	0	0.9978518673	0.06551069268	0	-0.06551069268	0.9978518673	0	0	0	1
6.88	7.262053484	0.1886454827	0	0.9978984786	0.06479680802	0	-0.06479680802	0.9978984786	0	0	0	1
6.89	7.272720506	0.1792724382	0	0.997914856	0.06454409433	0	-0.06454409433	0.997914856	0	0	0	1
6.9	7.283381508	0.1708014993	0	0.9978870602	0.06497241841	0	-0.06497241841	0.9978870602	0	0	0	1
6.91	7.294052381	0.1635478915	0	0.9978063542	0.06620029818	0	-0.06620029818	0.9978063542	0	0	0	1
6.92	7.304696719	0.1585272365	0	0.9976139753	0.06903880296	0	-0.06903880296	0.9976139753	0	0	0	1
6.93	7.315240694	0.1561395444	0	0.9972433613	0.07420025899	0	-0.07420025899	0.9972433613	0	0	0	1
6.94	7.325673034	0.1561683601	0	0.9966964413	0.08121701678	0	-0.08121701678	0.9966964413	0	0	0	1
6.95	7.335999941	0.158178995	0	0.9960267362	0.0890547063	0	-0.0890547063	0.9960267362	0	0	0	1
6.96	7.34622425	0.1616303316	0	0.9953199212	0.09663464382	0	-0.09663464382	0.9953199212	0	0	0	1
6.97	7.35634402	0.1659770735	0	0.9946669602	0.1031389272	0	-0.1031389272	0.9946669602	0	0	0	1
6.98	7.366355512	0.1707372807	0	0.994133589	0.1081591755	0	-0.1081591755	0.994133589	0	0	0	1
6.99	7.376251968	0.1755286703	0	0.9937382952	0.11173272	0	-0.11173272	0.9937382952	0	0	0	1
7	7.386024544	0.1801741536	0	0.9934511453	0.1142576992	0	-0.1142576992	0.9934511453	0	0	0	1
7.01	7.3956855	0.1846928617	0	0.9932274083	0.1161865542	0	-0.1161865542	0.9932274083	0	0	0	1
7.02	7.405255377	0.1891015498	0	0.9930149002	0.1179890165	0	-0.1179890165	0.9930149002	0	0	0	1
7.03	7.414745299	0.1934001264	0	0.992757783	0.1201331936	0	-0.1201331936	0.992757783	0	0	0	1
7.04	7.424163101	0.1975854741	0	0.9924190783	0.1228998498	0	-0.1228998498	0.9924190783	0	0	0	1
7.05	7.433519002	0.2016563703	0	0.991991339	0.1263059121	0	-0.1263059121	0.991991339	0	0	0	1
7.06	7.442823724	0.2056107542	0	0.991491608	0.130170624	0	-0.130170624	0.991491608	0	0	0	1
7.07	7.452085644	0.2094450033	0	0.9909514474	0.1342208211	0	-0.1342208211	0.9909514474	0	0	0	1
7.08	7.461311513	0.2131585219	0	0.9904075222	0.1381772047	0	-0.1381772047	0.9904075222	0	0	0	1
7.09	7.470509197	0.2167598389	0	0.9898929186	0.1418168176	0	-0.1418168176	0.9898929186	0	0	0	1
7.1	7.479689232	0.2202694846	0	0.9894284081	0.1450221545	0	-0.1450221545	0.9894284081	0	0	0	1
7.11	7.48886423	0.2237174432	0	0.9890166671	0.1478040331	0	-0.1478040331	0.9890166671	0	0	0	1
7.12	7.498047428	0.2271368877	0	0.9886430006	0.1502831239	0	-0.1502831239	0.9886430006	0	0	0	1
7.13	7.507251662	0.2305574651	0	0.9882823028	0.1526371186	0	-0.1526371186	0.9882823028	0	0	0	1
7.14	7.516489071	0.2340005471	0	0.9879087953	0.1550361641	0	-0.1550361641	0.9879087953	0	0	0	1
7.15	7.525771178	0.237477065	0	0.9875040584	0.157593574	0	-0.157593574	0.9875040584	0	0	0	1
7.16	7.535108646	0.2409865138	0	0.9870612421	0.1603437072	0	-0.1603437072	0.9870612421	0	0	0	1
7.17	7.544510702	0.244516168	0	0.9865849234	0.1632488555	0	-0.1632488555	0.9865849234	0	0	0	1
7.18	7.553984352	0.2480403943	0	0.9860879302	0.1662245286	0	-0.1662245286	0.9860879302	0	0	0	1
7.19	7.56353381	0.2515202192	0	0.9855872159	0.1691680816	0	-0.1691680816	0.9855872159	0	0	0	1
7.2	7.573159999	0.25490446	0	0.9850999952	0.1719825554	0	-0.1719825554	0.9850999952	0	0	0	1
7.21	7.582860237	0.2581328766	0	0.9846415928	0.1745878966	0	-0.1745878966	0.9846415928	0	0	0	1
7.22	7.592628188	0.2611416419	0	0.9842259217	0.1769161807	0	-0.1769161807	0.9842259217	0	0	0	1
7.23	7.602454553	0.2638711631	0	0.9838687187	0.178891991	0	-0.178891991	0.9838687187	0	0	0	1
7.24	7.612329055	0.2662752147	0	0.9835923225	0.1804054963	0	-0.1804054963	0.9835923225	0	0	0	1
7.25	7.622243327	0.2683283247	0	0.9834289659	0.1812938746	0	-0.1812938746	0.9834289659	0	0	0	1
7.26	7.63219294	0.2700280765	0	0.9834191583	0.181347068	0	-0.181347068	0.9834191583	0	0	0	1
7.27	7.642177456	0.2713927904	0	0.9836042375	0.1803405225	0	-0.1803405225	0.9836042375	0	0	0	1
7.28	7.652199549	0.2724543263	0	0.9840170992	0.178073997	0	-0.178073997	0.9840170992	0	0	0	1
7.29	7.662264634	0.2732496386	0	0.9846743968	0.1744027878	0	-0.1744027878	0.9846743968	0	0	0	1
7.3	7.672380168	0.2738092134	0	0.9855710121	0.1692624593	0	-0.1692624593	0.9855710121	0	0	0	1
7.31	7.682553881	0.2741450919	0	0.9866775792	0.1626879058	0	-0.1626879058	0.9866775792	0	0	0	1
7.32	7.692792373	0.2742406047	0	0.9879430313	0.1548178506	0	-0.1548178506	0.9879430313	0	0	0	1
7.33	7.7031004	0.2740433753	0	0.989301222	0.1458872586	0	-0.1458872586	0.989301222	0	0	0	1
7.34	7.71348009	0.2734633481	0	0.990679116	0.1362163323	0	-0.1362163323	0.990679116	0	0	0	1
7.35	7.723930196	0.2723776908	0	0.9920055008	0.1261946369	0	-0.1261946369	0.9920055008	0	0	0	1
7.36	7.734445737	0.2706419199	0	0.9932188773	0.1162594588	0	-0.1162594588	0.9932188773	0	0	0	1
7.37	7.745018226	0.2681087853	0	0.9942738985	0.1068616622	0	-0.1068616622	0.9942738985	0	0	0	1
7.38	7.75563456	0.2646747934	0	0.9951419012	0.09845098495	0	-0.09845098495	0.9951419012	0	0	0	1
7.39	7.766274219	0.2603126167	0	0.9958175581	0.09136405779	0	-0.09136405779	0.9958175581	0	0	0	1
7.4	7.776931846	0.2550096415	0	0.9963329328	0.08556101344	0	-0.08556101344	0.9963329328	0	0	0	1
7.41	7.787609896	0.2487512827	0	0.9967331235	0.0807655895	0	-0.0807655895	0.9967331235	0	0	0	1
7.42	7.798308833	0.2415196268	0	0.9970558725	0.07667846598	0	-0.07667846598	0.9970558725	0	0	0	1
7.43	7.809025544	0.2332948961	0	0.997324328	0.07310393132	0	-0.07310393132	0.997324328	0	0	0	1
7.44	7.819754929	0.2240603054	0	0.9975471614	0.06999757755	0	-0.06999757755	0.9975471614	0	0	0	1
7.45	7.830492781	0.2138068783	0	0.9977229445	0.06744572684	0	-0.06744572684	0.9977229445	0	0	0	1
7.46	7.841186591	0.2029614697	0	0.9978273783	0.06588264591	0	-0.06588264591	0.9978273783	0	0	0	1
7.47	7.851843203	0.1926298136	0	0.9978817853	0.06505338182	0	-0.06505338182	0.9978817853	0	0	0	1
7.48	7.862512055	0.1829553391	0	0.9979125074	0.06458039597	0	-0.06458039597	0.9979125074	0	0	0	1
7.49	7.873174334	0.1740913322	0	0.9979036163	0.06471763796	0	-0.06471763796	0.9979036163	0	0	0	1
7.5	7.883838541	0.1662800376	0	0.9978459544	0.06560069587	0	-0.06560069587	0.9978459544	0	0	0	1
7.51	7.894505785	0.1602316863	0	0.9977104372	0.06763049195	0	-0.06763049195	0.9977104372	0	0	0	1
7.52	7.905093777	0.1567930247	0	0.9974147728	0.07185938397	0	-0.07185938397	0.9974147728	0	0	0	1
7.53	7.915570472	0.1558902242	0	0.9969349267	0.07823523517	0	-0.07823523517	0.9969349267	0	0	0	1
7.54	7.925939041	0.1571638842	0	0.9963055163	0.0858796732	0	-0.0858796732	0.9963055163	0	0	0	1
7.55	7.936204662	0.1601020104	0	0.9956021245	0.09368249415	0	-0.09368249415	0.9956021245	0	0	0	1
7.56	7.946366827	0.1641506164	0	0.994917246	0.1006959466	0	-0.1006959466	0.994917246	0	0	0	1
7.57	7.956422433	0.1687964301	0	0.9943303141	0.1063354432	0	-0.1063354432	0.9943303141	0	0	0	1
7.58	7.966366265	0.1736134967	0	0.9938803509	0.1104619761	0	-0.1104619761	0.9938803509	0	0	0	1
7.59	7.976188841	0.1783194704	0	0.993555035	0.1133507493	0	-0.1133507493	0.993555035	0	0	0	1
7.6	7.98589183	0.1828860722	0	0.993311314	0.1154670232	0	-0.1154670232	0.993311314	0	0	0	1
7.61	7.995496369	0.1873386078	0	0.9931013949	0.1172587716	0	-0.1172587716	0.9931013949	0	0	0	1
7.62	8.005017411	0.191682133	0	0.9928684187	0.1192153649	0	-0.1192153649	0.9928684187	0	0	0	1
7.63	8.014462994	0.195913455	0	0.9925654064	0.1217124237	0	-0.1217124237	0.9925654064	0	0	0	1
7.64	8.023842279	0.2000307214	0	0.9921729383	0.1248713755	0	-0.1248713755	0.9921729383	0	0	0	1
7.65	8.03316625	0.204032586	0	0.9916992949	0.1285788027	0	-0.1285788027	0.9916992949	0	0	0	1
7.66	8.04244437	0.2079157682	0	0.9911713629	0.1325870632	0	-0.1325870632	0.9911713629	0	0	0	1
7.67	8.051683755	0.2116776768	0	0.9906248213	0.1366106272	0	-0.1366106272	0.9906248213	0	0	0	1
7.68	8.060891514	0.2153225456	0	0.9900952133	0.140397538	0	-0.140397538	0.9900952133	0	0	0	1
7.69	8.070077074	0.2188660574	0	0.9896092576	0.1437828825	0	-0.1437828825	0.9896092576	0	0	0	1
7.7	8.079252378	0.2223350014	0	0.9891772472	0.1467255046	0	-0.1467255046	0.9891772472	0	0	0	1
7.71	8.088430573	0.2257621008	0	0.9887909742	0.1493064276	0	-0.1493064276	0.9887909742	0	0	0	1
7.72	8.097624738	0.2291791689	0	0.9884283965	0.1516881836	0	-0.1516881836	0.9884283965	0	0	0	1
7.73	8.106847293	0.2326112982	0	0.9880628615	0.1540512308	0	-0.1540512308	0.9880628615	0	0	0	1
7.74	8.116110002	0.2360737698	0	0.9876722553	0.1565359901	0	-0.1565359901	0.9876722553	0	0	0	1
7.75	8.12542393	0.239570783	0	0.9872448494	0.1592093191	0	-0.1592093191	0.9872448494	0	0	0	1
7.76	8.134798976	0.243094649	0	0.9867808549	0.1620603112	0	-0.1620603112	0.9867808549	0	0	0	1
7.77	8.144243123	0.2466250076	0	0.9862902563	0.1650197879	0	-0.1650197879	0.9862902563	0	0	0	1
7.78	8.153761774	0.2501282271	0	0.9857888475	0.1679891309	0	-0.1679891309	0.9857888475	0	0	0	1
7.79	8.163357218	0.2535577592	0	0.9852941215	0.1708668902	0	-0.1708668902	0.9852941215	0	0	0	1
7.8	8.173028249	0.2568565144	0	0.9848222669	0.1735658451	0	-0.1735658451	0.9848222669	0	0	0	1
7.81	8.182769977	0.2599613015	0	0.9843875369	0.1760147071	0	-0.1760147071	0.9843875369	0	0	0	1
7.82	8.192574134	0.2628097538	0	0.9840044038	0.1781441364	0	-0.1781441364	0.9840044038	0	0	0	1
7.83	8.202430491	0.2653491488	0	0.9836919926	0.1798612344	0	-0.1798612344	0.9836919926	0	0	0	1
7.84	8.212329568	0.2675450536	0	0.9834784411	0.1810252905	0	-0.1810252905	0.9834784411	0	0	0	1
7.85	8.222265247	0.2693859505	0	0.9834015644	0.1814424513	0	-0.1814424513	0.9834015644	0	0	0	1
7.86	8.23223558	0.270882325	0	0.9835034811	0.1808891998	0	-0.1808891998	0.9835034811	0	0	0	1
7.87	8.242242027	0.272061464	0	0.9838215237	0.1791513591	0	-0.1791513591	0.9838215237	0	0	0	1
7.88	8.252288957	0.2729596151	0	0.9843797336	0.1760583428	0	-0.1760583428	0.9843797336	0	0	0	1
7.89	8.262383199	0.2736113169	0	0.9851822806	0.1715105652	0	-0.1715105652	0.9851822806	0	0	0	1
7.9	8.27253257	0.2740374091	0	0.9862095025	0.1655017136	0	-0.1655017136	0.9862095025	0	0	0	1
7.91	8.282744224	0.2742338688	0	0.9874184274	0.158129217	0	-0.158129217	0.9874184274	0	0	0	1
7.92	8.293023763	0.2741632066	0	0.9887480029	0.1495907307	0	-0.1495907307	0.9887480029	0	0	0	1
7.93	8.303374478	0.2737503988	0	0.9901269528	0.140173526	0	-0.140173526	0.9901269528	0	0	0	1
7.94	8.313796547	0.2728846914	0	0.991482246	0.1302419128	0	-0.1302419128	0.991482246	0	0	0	1
7.95	8.324286503	0.2714285353	0	0.9927476023	0.1202172952	0	-0.1202172952	0.9927476023	0	0	0	1
7.96	8.334837165	0.2692330143	0	0.9938706264	0.1105494366	0	-0.1105494366	0.9938706264	0	0	0	1
7.97	8.345438166	0.2661676317	0	0.9948164412	0.1016870114	0	-0.1016870114	0.9948164412	0	0	0	1
7.98	8.356070021	0.262180338	0	0.9955674394	0.09405037754	0	-0.09405037754	0.9955674394	0	0	0	1
7.99	8.366720089	0.2572573991	0	0.996141972	0.08775631908	0	-0.08775631908	0.996141972	0	0	0	1
8	8.377389555	0.2513852944	0	0.9965833147	0.08259356374	0	-0.08259356374	0.9965833147	0	0	0	1
8.01	8.388080156	0.2445475084	0	0.9969335737	0.07825247306	0	-0.07825247306	0.9969335737	0	0	0	1
8.02	8.398790158	0.236724553	0	0.9972221122	0.07448529315	0	-0.07448529315	0.9972221122	0	0	0	1
8.03	8.409514952	0.2278978115	0	0.997463048	0.07118614995	0	-0.07118614995	0.997463048	0	0	0	1
8.04	8.420249634	0.2180545805	0	0.9976583886	0.06839400269	0	-0.06839400269	0.9976583886	0	0	0	1
8.05	8.43097593	0.2072936986	0	0.9977968535	0.06634334319	0	-0.06634334319	0.9977968535	0	0	0	1
8.06	8.441630618	0.1967114532	0	0.9978621993	0.06535312648	0	-0.06535312648	0.9978621993	0	0	0	1
8.07	8.452297585	0.1867615582	0	0.9979043473	0.06470636525	0	-0.06470636525	0.9979043473	0	0	0	1
8.08	8.462962786	0.1775455265	0	0.9979129081	0.06457420413	0	-0.06457420413	0.9979129081	0	0	0	1
8.09	8.473623758	0.1692793018	0	0.9978755634	0.06514875314	0	-0.06514875314	0.9978755634	0	0	0	1
8.1	8.484296263	0.1623647443	0	0.9977805484	0.06658811557	0	-0.06658811557	0.9977805484	0	0	0	1
8.11	8.494923983	0.1578590703	0	0.9975562709	0.06986763463	0	-0.06986763463	0.9975562709	0	0	0	1
8.12	8.505445801	0.1559668435	0	0.9971493428	0.07545321819	0	-0.07545321819	0.9971493428	0	0	0	1
8.13	8.515856841	0.1564204329	0	0.9965729411	0.08271863791	0	-0.08271863791	0.9965729411	0	0	0	1
8.14	8.52616351	0.1587552498	0	0.9958886497	0.09058585605	0	-0.09058585605	0.9958886497	0	0	0	1
8.15	8.536367444	0.1624223724	0	0.9951854737	0.09800955555	0	-0.09800955555	0.9951854737	0	0	0	1
8.16	8.546466234	0.1668846247	0	0.9945518518	0.1042430527	0	-0.1042430527	0.9945518518	0	0	0	1
8.17	8.556455748	0.1716772969	0	0.9940455111	0.1089656917	0	-0.1089656917	0.9940455111	0	0	0	1
8.18	8.566328266	0.1764442434	0	0.9936747295	0.112296625	0	-0.112296625	0.9936747295	0	0	0	1
8.19	8.576077102	0.1810626493	0	0.9934034726	0.1146714464	0	-0.1146714464	0.9934034726	0	0	0	1
8.2	8.585718704	0.1855592927	0	0.993186482	0.1165358829	0	-0.1165358829	0.993186482	0	0	0	1
8.21	8.595272102	0.1899467486	0	0.9929695036	0.1183704561	0	-0.1183704561	0.9929695036	0	0	0	1
8.22	8.604747027	0.1942233695	0	0.992698647	0.1206208779	0	-0.1206208779	0.992698647	0	0	0	1
8.23	8.614151613	0.1983863999	0	0.9923424557	0.1235170058	0	-0.1235170058	0.9923424557	0	0	0	1
8.24	8.623496468	0.2024347279	0	0.9918989322	0.1270295568	0	-0.1270295568	0.9918989322	0	0	0	1
8.25	8.632791993	0.2063658725	0	0.9913887315	0.1309518352	0	-0.1309518352	0.9913887315	0	0	0	1
8.26	8.642046085	0.2101763255	0	0.990845098	0.135003673	0	-0.135003673	0.990845098	0	0	0	1
8.27	8.651265491	0.2138668304	0	0.9903046345	0.1389126734	0	-0.1389126734	0.9903046345	0	0	0	1
8.28	8.660458555	0.217448187	0	0.9897987294	0.1424727175	0	-0.1424727175	0.9897987294	0	0	0	1
8.29	8.669636312	0.220943126	0	0.9893449059	0.1455907179	0	-0.1455907179	0.9893449059	0	0	0	1
8.3	8.678811606	0.2243827936	0	0.9889421932	0.1483015119	0	-0.1483015119	0.9889421932	0	0	0	1
8.31	8.687997659	0.2278001891	0	0.9885731691	0.1507417971	0	-0.1507417971	0.9885731691	0	0	0	1
8.32	8.697207169	0.231223627	0	0.9882118425	0.1530926332	0	-0.1530926332	0.9882118425	0	0	0	1
8.33	8.706452151	0.2346725654	0	0.987833344	0.155516187	0	-0.155516187	0.987833344	0	0	0	1
8.34	8.715743989	0.2381557755	0	0.9874213205	0.1581111505	0	-0.1581111505	0.9874213205	0	0	0	1
8.35	8.725093125	0.2416704563	0	0.9869712651	0.1608966185	0	-0.1608966185	0.9869712651	0	0	0	1
8.36	8.734508416	0.2452013975	0	0.9864896826	0.1638233991	0	-0.1638233991	0.9864896826	0	0	0	1
8.37	8.743996354	0.2487204232	0	0.9859905063	0.1668014432	0	-0.1668014432	0.9859905063	0	0	0	1
8.38	8.753560552	0.2521860109	0	0.9854910295	0.1697275195	0	-0.1697275195	0.9854910295	0	0	0	1
8.39	8.763201254	0.2555449265	0	0.9850081925	0.1725075672	0	-0.1725075672	0.9850081925	0	0	0	1
8.4	8.772915053	0.2587357171	0	0.9845569216	0.175064754	0	-0.175064754	0.9845569216	0	0	0	1
8.41	8.782694944	0.2616946813	0	0.9841511551	0.1773316214	0	-0.1773316214	0.9841511551	0	0	0	1
8.42	8.792531234	0.2643640948	0	0.983807538	0.1792281458	0	-0.1792281458	0.983807538	0	0	0	1
8.43	8.802413789	0.2667013137	0	0.9835502012	0.1806349957	0	-0.1806349957	0.9835502012	0	0	0	1
8.44	8.812334923	0.2686852581	0	0.9834133494	0.181378566	0	-0.181378566	0.9834133494	0	0	0	1
8.45	8.822291021	0.2703181818	0	0.9834382904	0.1812432867	0	-0.1812432867	0.9834382904	0	0	0	1
8.46	8.832282303	0.2716212973	0	0.9836654319	0.180006439	0	-0.180006439	0.9836654319	0	0	0	1
8.47	8.842311984	0.2726283711	0	0.9841250677	0.1774763397	0	-0.1774763397	0.9841250677	0	0	0	1
8.48	8.852386004	0.2733760026	0	0.9848300035	0.1735219414	0	-0.1735219414	0.9848300035	0	0	0	1
8.49	8.862512009	0.2738920244	0	0.9857704561	0.1680970191	0	-0.1680970191	0.9857704561	0	0	0	1
8.5	8.872697572	0.2741836426	0	0.986912475	0.1612568346	0	-0.1612568346	0.986912475	0	0	0	1
8.51	8.882949	0.2742276946	0	0.9882014855	0.1531594724	0	-0.1531594724	0.9882014855	0	0	0	1
8.52	8.893270617	0.2739644414	0	0.9895693323	0.144057407	0	-0.144057407	0.9895693323	0	0	0	1
8.53	8.903663941	0.2732968945	0	0.9909426598	0.1342856841	0	-0.1342856841	0.9909426598	0	0	0	1
8.54	8.914127012	0.272096839	0	0.9922515096	0.1242454899	0	-0.1242454899	0.9922515096	0	0	0	1
8.55	8.924654135	0.2702177413	0	0.9934371807	0.1143790536	0	-0.1143790536	0.9934371807	0	0	0	1
8.56	8.935236278	0.267515043	0	0.994457728	0.1051371826	0	-0.1051371826	0.994457728	0	0	0	1
8.57	8.945858274	0.2639020491	0	0.9952875543	0.09696743911	0	-0.09696743911	0.9952875543	0	0	0	1
8.58	8.956501129	0.2593583988	0	0.9959287569	0.09014383579	0	-0.09014383579	0.9959287569	0	0	0	1
8.59	8.967162306	0.2538713343	0	0.9964183119	0.08456091075	0	-0.08456091075	0.9964183119	0	0	0	1
8.6	8.977844263	0.2474256893	0	0.9968009328	0.07992434182	0	-0.07992434182	0.9968009328	0	0	0	1
8.61	8.988546767	0.2400029413	0	0.9971118264	0.07594738786	0	-0.07594738786	0.9971118264	0	0	0	1
8.62	8.999266134	0.2315834763	0	0.9973711406	0.07246245856	0	-0.07246245856	0.9973711406	0	0	0	1
8.63	9.009997205	0.2221516706	0	0.997585187	0.06945354302	0	-0.06945354302	0.997585187	0	0	0	1
8.64	9.020735563	0.2117055673	0	0.9977508518	0.06703161684	0	-0.06703161684	0.9977508518	0	0	0	1
8.65	9.031411729	0.2009093011	0	0.9978395393	0.06569820213	0	-0.06569820213	0.9978395393	0	0	0	1
8.66	9.042072008	0.1906994277	0	0.997890236	0.06492362327	0	-0.06492362327	0.997890236	0	0	0	1
8.67	9.052740001	0.1811662966	0	0.9979143657	0.06455167469	0	-0.06455167469	0.9979143657	0	0	0	1
8.68	9.06340109	0.1724862371	0	0.9978965256	0.06482687846	0	-0.06482687846	0.9978965256	0	0	0	1
8.69	9.074068107	0.1649222397	0	0.9978285083	0.0658655304	0	-0.0658655304	0.9978285083	0	0	0	1
8.7	9.08472622	0.1593575432	0	0.9976674623	0.06826151662	0	-0.06826151662	0.9976674623	0	0	0	1
8.71	9.095293044	0.1564278903	0	0.9973359235	0.07294556605	0	-0.07294556605	0.9973359235	0	0	0	1
8.72	9.105747957	0.1559815086	0	0.996822881	0.07965013399	0	-0.07965013399	0.996822881	0	0	0	1
8.73	9.116096093	0.1576205888	0	0.9961724001	0.08741023597	0	-0.08741023597	0.9961724001	0	0	0	1
8.74	9.126341569	0.1608168319	0	0.9954654548	0.09512375207	0	-0.09512375207	0.9954654548	0	0	0	1
8.75	9.136483096	0.1650189729	0	0.9947944307	0.101902113	0	-0.101902113	0.9947944307	0	0	0	1
8.76	9.146517284	0.1697280271	0	0.9942327154	0.1072441498	0	-0.1072441498	0.9942327154	0	0	0	1
8.77	9.156438258	0.1745379003	0	0.993809616	0.1110965672	0	-0.1110965672	0.993809616	0	0	0	1
8.78	9.166236312	0.1792139395	0	0.9935036593	0.1138001713	0	-0.1138001713	0.9935036593	0	0	0	1
8.79	9.175918294	0.1837569208	0	0.9932706437	0.1158163563	0	-0.1158163563	0.9932706437	0	0	0	1
8.8	9.185505598	0.1881881673	0	0.9930607606	0.1176024056	0	-0.1176024056	0.9930607606	0	0	0	1
8.81	9.195011215	0.1925099384	0	0.9928171356	0.1196416954	0	-0.1196416954	0.9928171356	0	0	0	1
8.82	9.204442927	0.1967189348	0	0.9924972924	0.122266613	0	-0.122266613	0.9924972924	0	0	0	1
8.83	9.21381043	0.2008136715	0	0.992087644	0.125547229	0	-0.125547229	0.992087644	0	0	0	1
8.84	9.223124657	0.2047925053	0	0.9916008905	0.1293355091	0	-0.1293355091	0.9916008905	0	0	0	1
8.85	9.232394546	0.2086519154	0	0.9910663544	0.133369716	0	-0.133369716	0.9910663544	0	0	0	1
8.86	9.241626981	0.2123901403	0	0.9905203738	0.1373658946	0	-0.1373658946	0.9905203738	0	0	0	1
8.87	9.250829393	0.2160134032	0	0.9899974915	0.1410849632	0	-0.1410849632	0.9899974915	0	0	0	1
8.88	9.260011749	0.2195397606	0	0.989521701	0.1443842208	0	-0.1443842208	0.989521701	0	0	0	1
8.89	9.269186336	0.2229976483	0	0.9890996489	0.1472476976	0	-0.1472476976	0.9890996489	0	0	0	1
8.9	9.278366372	0.2264201636	0	0.9887198875	0.1497764469	0	-0.1497764469	0.9887198875	0	0	0	1
8.91	9.287564832	0.2298382064	0	0.9883586784	0.1521417853	0	-0.1521417853	0.9883586784	0	0	0	1
8.92	9.296793978	0.2332750945	0	0.9879896624	0.1545199887	0	-0.1545199887	0.9879896624	0	0	0	1
8.93	9.306065468	0.2367440701	0	0.9875923901	0.1570390749	0	-0.1570390749	0.9875923901	0	0	0	1
8.94	9.31539019	0.2402471042	0	0.9871574607	0.1597502669	0	-0.1597502669	0.9871574607	0	0	0	1
8.95	9.324777735	0.243774116	0	0.9866872355	0.1626293313	0	-0.1626293313	0.9866872355	0	0	0	1
8.96	9.33423563	0.2473021723	0	0.9861931716	0.1655989987	0	-0.1655989987	0.9861931716	0	0	0	1
8.97	9.343768702	0.250795106	0	0.9856916749	0.1685583637	0	-0.1685583637	0.9856916749	0	0	0	1
8.98	9.353378602	0.2542041466	0	0.9852001656	0.1714077996	0	-0.1714077996	0.9852001656	0	0	0	1
8.99	9.363063427	0.2574705599	0	0.9847344453	0.1740634143	0	-0.1740634143	0.9847344453	0	0	0	1
9	9.372817584	0.2605306944	0	0.9843085399	0.1764559386	0	-0.1764559386	0.9843085399	0	0	0	1
9.01	9.382632265	0.2633233033	0	0.9839374178	0.1785137467	0	-0.1785137467	0.9839374178	0	0	0	1
9.02	9.392497162	0.2657986141	0	0.9836416669	0.180136257	0	-0.180136257	0.9836416669	0	0	0	1
9.03	9.402403291	0.2679264269	0	0.9834513962	0.1811721591	0	-0.1811721591	0.9834513962	0	0	0	1
9.04	9.412345337	0.2696996713	0	0.9834058061	0.1814194601	0	-0.1814194601	0.9834058061	0	0	0	1
9.05	9.422322071	0.2711325349	0	0.9835468089	0.1806534657	0	-0.1806534657	0.9835468089	0	0	0	1
9.06	9.432335541	0.2722547437	0	0.9839098195	0.1786657974	0	-0.1786657974	0.9839098195	0	0	0	1
9.07	9.442390666	0.2731031061	0	0.9845154975	0.1752975618	0	-0.1752975618	0.9845154975	0	0	0	1
9.08	9.452494602	0.2737104585	0	0.985363613	0.170465686	0	-0.170465686	0.985363613	0	0	0	1
9.09	9.462655134	0.2740936765	0	0.9864298077	0.1641835393	0	-0.1641835393	0.9864298077	0	0	0	1
9.1	9.472879182	0.2742428494	0	0.9876671044	0.1565684864	0	-0.1565684864	0.9876671044	0	0	0	1
9.11	9.483171969	0.2741134324	0	0.9890118639	0.14783617	0	-0.14783617	0.9890118639	0	0	0	1
9.12	9.493536243	0.2736231616	0	0.990391792	0.1382899072	0	-0.1382899072	0.990391792	0	0	0	1
9.13	9.503971503	0.2726552402	0	0.9917345342	0.1283067173	0	-0.1283067173	0.9917345342	0	0	0	1
9.14	9.514473561	0.2710685822	0	0.9929760138	0.1183158315	0	-0.1183158315	0.9929760138	0	0	0	1
9.15	9.525034578	0.2687144547	0	0.9940671351	0.1087682437	0	-0.1087682437	0.9940671351	0	0	0	1
9.16	9.53564314	0.2654735724	0	0.9949760595	0.1001131416	0	-0.1001131416	0.9949760595	0	0	0	1
9.17	9.546278621	0.2613074859	0	0.9956904643	0.09273887711	0	-0.09273887711	0.9956904643	0	0	0	1
9.18	9.556931988	0.2562033429	0	0.9962357781	0.08668491481	0	-0.08668491481	0.9962357781	0	0	0	1
9.19	9.56760528	0.2501471257	0	0.9966566428	0.08170395532	0	-0.08170395532	0.9966566428	0	0	0	1
9.2	9.578299666	0.2431216667	0	0.9969932112	0.07748894649	0	-0.07748894649	0.9969932112	0	0	0	1
9.21	9.589012737	0.2351072366	0	0.9972719196	0.07381543419	0	-0.07381543419	0.9972719196	0	0	0	1
9.22	9.599739585	0.2260859834	0	0.9975042033	0.07060711321	0	-0.07060711321	0.9975042033	0	0	0	1
9.23	9.610475602	0.2160467893	0	0.9976903223	0.06792658375	0	-0.06792658375	0.9976903223	0	0	0	1
9.24	9.621187721	0.2052126647	0	0.9978127987	0.06610309133	0	-0.06610309133	0.9978127987	0	0	0	1
9.25	9.631841204	0.1947498022	0	0.9978719343	0.06520431491	0	-0.06520431491	0.9978719343	0	0	0	1
9.26	9.642509438	0.1849288583	0	0.99790901	0.06463441592	0	-0.06463441592	0.99790901	0	0	0	1
9.27	9.653172899	0.1758761765	0	0.9979094363	0.06462783432	0	-0.06462783432	0.9979094363	0	0	0	1
9.28	9.663834663	0.1678216694	0	0.9978624772	0.0653488838	0	-0.0653488838	0.9978624772	0	0	0	1
9.29	9.674506332	0.1612929515	0	0.9977501896	0.06704147322	0	-0.06704147322	0.9977501896	0	0	0	1
9.3	9.685115616	0.1572975692	0	0.9974925731	0.07077122719	0	-0.07077122719	0.9974925731	0	0	0	1
9.31	9.695615576	0.1558841556	0	0.9970503717	0.07674995997	0	-0.07674995997	0.9970503717	0	0	0	1
9.32	9.706005934	0.1567392993	0	0.9964472922	0.0842187264	0	-0.0842187264	0.9964472922	0	0	0	1
9.33	9.716292733	0.1593734182	0	0.9957520625	0.09207513235	0	-0.09207513235	0.9957520625	0	0	0	1
9.34	9.726476509	0.1632332813	0	0.9950559572	0.09931586961	0	-0.09931586961	0.9950559572	0	0	0	1
9.35	9.736554497	0.1677921275	0	0.9944437195	0.1052696005	0	-0.1052696005	0.9944437195	0	0	0	1
9.36	9.746522102	0.1726032508	0	0.9939644404	0.1097027403	0	-0.1097027403	0.9939644404	0	0	0	1
9.37	9.756370656	0.1773418752	0	0.9936163759	0.1128117795	0	-0.1128117795	0.9936163759	0	0	0	1
9.38	9.766096887	0.1819347486	0	0.9933592216	0.1150541474	0	-0.1150541474	0.9933592216	0	0	0	1
9.39	9.7757202	0.1864099701	0	0.9931467918	0.1168736491	0	-0.1168736491	0.9931467918	0	0	0	1
9.4	9.78525775	0.1907762846	0	0.9929232545	0.1187577812	0	-0.1187577812	0.9929232545	0	0	0	1
9.41	9.79471826	0.1950310574	0	0.9926375638	0.1211225282	0	-0.1211225282	0.9926375638	0	0	0	1
9.42	9.804110307	0.1991719665	0	0.9922639632	0.124145992	0	-0.124145992	0.9922639632	0	0	0	1
9.43	9.81344475	0.2031978649	0	0.9918055388	0.1277566954	0	-0.1277566954	0.9918055388	0	0	0	1
9.44	9.822731579	0.2071058689	0	0.9912861172	0.13172636	0	-0.13172636	0.9912861172	0	0	0	1
9.45	9.831978279	0.21089279	0	0.9907403246	0.1357704283	0	-0.1357704283	0.9907403246	0	0	0	1
9.46	9.841191707	0.2145609341	0	0.9902043894	0.1396254534	0	-0.1396254534	0.9902043894	0	0	0	1
9.47	9.850380711	0.2181234192	0	0.9897076522	0.1431040291	0	-0.1431040291	0.9897076522	0	0	0	1
9.48	9.859556772	0.2216049858	0	0.9892642665	0.1461376439	0	-0.1461376439	0.9892642665	0	0	0	1
9.49	9.868732919	0.2250377065	0	0.9888697357	0.1487838894	0	-0.1487838894	0.9888697357	0	0	0	1
9.5	9.877922307	0.2284541253	0	0.9885042668	0.1511929712	0	-0.1511929712	0.9885042668	0	0	0	1
9.51	9.887137505	0.2318811099	0	0.9881413522	0.1535469574	0	-0.1535469574	0.9881413522	0	0	0	1
9.52	9.89639042	0.2353361689	0	0.9877572835	0.1559985539	0	-0.1559985539	0.9877572835	0	0	0	1
9.53	9.90569227	0.2388258952	0	0.9873378955	0.1586312706	0	-0.1586312706	0.9873378955	0	0	0	1
9.54	9.915053261	0.2423451871	0	0.9868809579	0.1614496046	0	-0.1614496046	0.9868809579	0	0	0	1
9.55	9.924481849	0.2458763859	0	0.9863947234	0.1643941897	0	-0.1643941897	0.9863947234	0	0	0	1
9.56	9.933984013	0.2493887273	0	0.9858940926	0.167370362	0	-0.167370362	0.9858940926	0	0	0	1
9.57	9.943562749	0.2528382997	0	0.9853965162	0.1702753824	0	-0.1702753824	0.9853965162	0	0	0	1
9.58	9.953217621	0.2561699626	0	0.9849186095	0.1730183015	0	-0.1730183015	0.9849186095	0	0	0	1
9.59	9.962944516	0.2593212823	0	0.9844749439	0.1755251686	0	-0.1755251686	0.9844749439	0	0	0	1
9.6	9.972735799	0.2622289959	0	0.9840796183	0.177728177	0	-0.177728177	0.9840796183	0	0	0	1
9.61	9.982581473	0.2648375637	0	0.9837503698	0.179541666	0	-0.179541666	0.9837503698	0	0	0	1
9.62	9.992471681	0.2671081647	0	0.9835132033	0.1808363321	0	-0.1808363321	0.9835132033	0	0	0	1
9.63	10.00239945	0.2690242959	0	0.9834040284	0.1814290964	0	-0.1814290964	0.9834040284	0	0	0	1
9.64	10.01236195	0.2705920037	0	0.9834646664	0.1811001101	0	-0.1811001101	0.9834646664	0	0	0	1
9.65	10.02235995	0.2718356016	0	0.9837343193	0.1796295886	0	-0.1796295886	0.9837343193	0	0	0	1
9.66	10.03239729	0.2727903314	0	0.9842405925	0.1768345442	0	-0.1768345442	0.9842405925	0	0	0	1
9.67	10.04248043	0.2734920291	0	0.9849922779	0.1725984141	0	-0.1725984141	0.9849922779	0	0	0	1
9.68	10.05261706	0.2739654224	0	0.9859747954	0.1668942862	0	-0.1668942862	0.9859747954	0	0	0	1
9.69	10.06281455	0.2742126064	0	0.9871497805	0.1597977188	0	-0.1597977188	0.9871497805	0	0	0	1
9.7	10.07307892	0.2742037209	0	0.9884594502	0.1514856937	0	-0.1514856937	0.9884594502	0	0	0	1
9.71	10.08341403	0.2738717832	0	0.9898340296	0.1422272613	0	-0.1422272613	0.9898340296	0	0	0	1
9.72	10.09382077	0.2731131293	0	0.9912001438	0.1323717302	0	-0.1323717302	0.9912001438	0	0	0	1
9.73	10.10429647	0.2717948722	0	0.9924894523	0.1223302377	0	-0.1223302377	0.9924894523	0	0	0	1
9.74	10.1148347	0.2697689015	0	0.9936461444	0.1125492769	0	-0.1125492769	0.9936461444	0	0	0	1
9.75	10.12542591	0.2668958638	0	0.9946317281	0.1034781403	0	-0.1034781403	0.9946317281	0	0	0	1
9.76	10.13605272	0.2631059668	0	0.9954239678	0.09555691621	0	-0.09555691621	0.9954239678	0	0	0	1
9.77	10.14669876	0.2583830657	0	0.9960326998	0.0889879823	0	-0.0889879823	0.9960326998	0	0	0	1
9.78	10.1573636	0.2527140953	0	0.9964984964	0.08361068462	0	-0.08361068462	0.9964984964	0	0	0	1
9.79	10.16804947	0.2460832607	0	0.9968651182	0.07911975829	0	-0.07911975829	0.9968651182	0	0	0	1
9.8	10.17875542	0.2384715206	0	0.9971650725	0.07524505403	0	-0.07524505403	0.9971650725	0	0	0	1
9.81	10.18947727	0.2298596071	0	0.9974156007	0.07184789125	0	-0.07184789125	0.9974156007	0	0	0	1
9.82	10.20020992	0.22023321	0	0.9976208656	0.06893916515	0	-0.06893916515	0.9976208656	0	0	0	1
9.83	10.21094559	0.2096163647	0	0.9977749542	0.06667188938	0	-0.06667188938	0.9977749542	0	0	0	1
9.84	10.22160783	0.1989098643	0	0.9978506022	0.06552995991	0	-0.06552995991	0.9978506022	0	0	0	1
9.85	10.23227158	0.1888216204	0	0.9978975063	0.06481178122	0	-0.06481178122	0.9978975063	0	0	0	1
9.86	10.2429382	0.1794344515	0	0.9979145255	0.06454920454	0	-0.06454920454	0.9979145255	0	0	0	1
9.87	10.25359868	0.1709450523	0	0.9978875717	0.06496456085	0	-0.06496456085	0.9978875717	0	0	0	1
9.88	10.26426874	0.163662512	0	0.9978080425	0.06617484701	0	-0.06617484701	0.9978080425	0	0	0	1
9.89	10.27491392	0.1585943113	0	0.9976184932	0.06897348727	0	-0.06897348727	0.9976184932	0	0	0	1
9.9	10.28545938	0.1561601136	0	0.9972512409	0.07409428113	0	-0.07409428113	0.9972512409	0	0	0	1
9.91	10.29589316	0.1561485928	0	0.9967071285	0.08108575696	0	-0.08108575696	0.9967071285	0	0	0	1
9.92	10.3062214	0.1581280126	0	0.9960389017	0.08891853737	0	-0.08891853737	0.9960389017	0	0	0	1
9.93	10.31644704	0.1615582795	0	0.9953318668	0.09651152717	0	-0.09651152717	0.9953318668	0	0	0	1
9.94	10.3265682	0.1658933422	0	0.9946771956	0.1030401701	0	-0.1030401701	0.9946771956	0	0	0	1
9.95	10.33658115	0.1706497822	0	0.994141337	0.1080879368	0	-0.1080879368	0.994141337	0	0	0	1
9.96	10.34647924	0.1754430616	0	0.9937437343	0.1116843341	0	-0.1116843341	0.9937437343	0	0	0	1
9.97	10.35625348	0.1800910217	0	0.9934551185	0.1142231482	0	-0.1142231482	0.9934551185	0	0	0	1
9.98	10.36591569	0.1846116372	0	0.9932307886	0.1161576542	0	-0.1161576542	0.9932307886	0	0	0	1
9.99	10.37548653	0.189022063	0	0.9930187611	0.117956518	0	-0.117956518	0.9930187611	0	0	0	1
10	10.38497726	0.1933223911	0	0.9927630558	0.1200896126	0	-0.1200896126	0.9927630558	0	0	0	1
