0	0.230361185	-0.810170676	0	0	0	0	0	0	0
0.01	0.2466644946	-0.8115379331	0	0	0	0	0	0	0
0.02	0.2581912394	-0.8155336268	0	0	0	0	0	0	0
0.03	0.2661588649	-0.8215123685	0	0	0	0	0	0	0
0.04	0.2715692736	-0.8287400289	0	0	0	0	0	0	0
0.05	0.2762780337	-0.8364159607	0	0	0	0	0	0	0
0.06	0.2823194362	-0.8441187184	0	0	0	0	0	0	0
0.07	0.2910683935	-0.8518753251	0	0	0	0	0	0	0
0.08	0.3030155544	-0.8599503848	0	0	0	0	0	0	0
0.09	0.3178660585	-0.868658389	0	0	0	0	0	0	0
0.1	0.3347435676	-0.8782660868	0	0	0	0	0	0	0
0.11	0.3524592828	-0.8889650113	0	0	0	0	0	0	0
0.12	0.369787868	-0.9008783355	0	0	0	0	0	0	0
0.13	0.3856767877	-0.914068395	0	0	0	0	0	0	0
0.14	0.3993518836	-0.9285363208	0	0	0	0	0	0	0
0.15	0.4103256733	-0.9442240509	0	0	0	0	0	0	0
0.16	0.415877604	-0.9605801144	0	6.78752054	1588.671016	0	0	0	0
0.17	0.4158867603	-0.9751977003	0	-56.92431599	1631.877341	0	0	0	0
0.18	0.4159353043	-0.9885225639	0	-587.0841181	1881.558534	0	0	0	0
0.19	0.4160063759	-0.999472945	0	-44.4134107	1963.867442	0	0	0	0
0.2	0.4159598701	-1.005921776	0	415.5813834	1798.158027	0	0	0	0
0.21	0.4158234113	-1.007447006	0	556.5312346	1418.899945	0	0	0	0
0.22	0.4156338309	-1.004914077	0	417.5005119	940.1843152	0	0	0	0
0.23	0.4154782911	-0.999694684	0	101.1405576	468.9812401	0	0	0	0
0.24	0.4155051069	-0.9929155669	0	-22.14185851	54.76061253	0	0	0	0
0.25	0.4158572665	-0.9851548669	0	0	0	0	0	0	0
0.26	0.4166185016	-0.9762664659	0	0	0	0	0	0	0
0.27	0.4179254378	-0.9661137834	0	0	0	0	0	0	0
0.28	0.4198825303	-0.9547974246	0	0	0	0	0	0	0
0.29	0.4225181329	-0.9425640436	0	0	0	0	0	0	0
0.3	0.425780984	-0.9297231811	0	0	0	0	0	0	0
0.31	0.4295560888	-0.9166130547	0	0	0	0	0	0	0
0.32	0.4336834739	-0.9035937138	0	0	0	0	0	0	0
0.33	0.437981542	-0.8910254833	0	0	0	0	0	0	0
0.34	0.4422857387	-0.8792279224	0	0	0	0	0	0	0
0.35	0.446534838	-0.8684573437	0	0	0	0	0	0	0
0.36	0.4511745496	-0.8590265065	0	0	0	0	0	0	0
0.37	0.4560995791	-0.8508567723	0	0	0	0	0	0	0
0.38	0.4608039216	-0.8436546738	0	0	0	0	0	0	0
0.39	0.4650693864	-0.8372822637	0	0	0	0	0	0	0
0.4	0.4687742884	-0.8316579827	0	0	0	0	0	0	0
0.41	0.4721383734	-0.8268126812	0	0	0	0	0	0	0
0.42	0.4755023569	-0.8226887112	0	0	0	0	0	0	0
0.43	0.47894095	-0.8191387954	0	0	0	0	0	0	0
0.44	0.4824643034	-0.8160320559	0	0	0	0	0	0	0
0.45	0.4860290695	-0.8132533011	0	0	0	0	0	0	0
0.46	0.489565955	-0.8106991904	0	0	0	0	0	0	0
0.47	0.4929994797	-0.8082781623	0	0	0	0	0	0	0
0.48	0.4962556916	-0.8059138263	0	0	0	0	0	0	0
0.49	0.4992653034	-0.8035495835	0	0	0	0	0	0	0
0.5	0.5019683519	-0.8011524798	0	0	0	0	0	0	0
0.51	0.5043251433	-0.7987158169	0	0	0	0	0	0	0
0.52	0.506342321	-0.7962683725	0	0	0	0	0	0	0
0.53	0.50825185	-0.7940174034	0	0	0	0	0	0	0
0.54	0.5106067137	-0.7922911252	0	0	0	0	0	0	0
0.55	0.5131490347	-0.7905554564	0	0	0	0	0	0	0
0.56	0.515577163	-0.7884218065	0	0	0	0	0	0	0
0.57	0.5177868338	-0.7857809635	0	0	0	0	0	0	0
0.58	0.5198469584	-0.7826574466	0	0	0	0	0	0	0
0.59	0.5220148429	-0.7792490395	0	0	0	0	0	0	0
0.6	0.5247236544	-0.7759981622	0	0	0	0	0	0	0
0.61	0.5288666909	-0.7733722929	0	0	0	0	0	0	0
0.62	0.5350920449	-0.7714578489	0	0	0	0	0	0	0
0.63	0.5439556039	-0.769922554	0	0	0	0	0	0	0
0.64	0.5563386244	-0.7690871147	0	0	0	0	0	0	0
0.65	0.5727863137	-0.7696614358	0	0	0	0	0	0	0
0.66	0.5929847165	-0.7721675857	0	0	0	0	0	0	0
0.67	0.6162657517	-0.7763481316	0	0	0	0	0	0	0
0.68	0.6418188017	-0.7811841628	0	0	0	0	0	0	0
0.69	0.6688211002	-0.7856715085	0	0	0	0	0	0	0
0.7	0.6966099052	-0.7895098055	0	0	0	0	0	0	0
0.71	0.7248727824	-0.7931813991	0	0	0	0	0	0	0
0.72	0.7537608399	-0.7975041621	0	0	0	0	0	0	0
0.73	0.7836969336	-0.8029538461	0	0	0	0	0	0	0
0.74	0.8151170543	-0.8094833914	0	0	0	0	0	0	0
0.75	0.8483458192	-0.8168045892	0	0	0	0	0	0	0
0.76	0.8835403252	-0.8246075994	0	0	0	0	0	0	0
0.77	0.9206664076	-0.8325716794	0	0	0	0	0	0	0
0.78	0.9594951306	-0.8403157251	0	0	0	0	0	0	0
0.79	0.9996471095	-0.8474359618	0	0	0	0	0	0	0
0.8	1.040690502	-0.8536114705	0	0	0	0	0	0	0
0.81	1.082259681	-0.8586730888	0	0	0	0	0	0	0
0.82	1.124120626	-0.8625782036	0	0	0	0	0	0	0
0.83	1.166162895	-0.8653318791	0	0	0	0	0	0	0
0.84	1.20833721	-0.8669218961	0	0	0	0	0	0	0
0.85	1.250576897	-0.8672964792	0	0	0	0	0	0	0
0.86	1.292724644	-0.8663787998	0	0	0	0	0	0	0
0.87	1.33447734	-0.8641052912	0	0	0	0	0	0	0
0.88	1.375360384	-0.8604791184	0	0	0	0	0	0	0
0.89	1.414742127	-0.8556261952	0	0	0	0	0	0	0
0.9	1.451883032	-0.8498350892	0	0	0	0	0	0	0
0.91	1.486007747	-0.8435650616	0	0	0	0	0	0	0
0.92	1.516377564	-0.8374160631	0	0	0	0	0	0	0
0.93	1.542356146	-0.832063409	0	0	0	0	0	0	0
0.94	1.563456699	-0.828168664	0	0	0	0	0	0	0
0.95	1.579366341	-0.8262852713	0	0	0	0	0	0	0
0.96	1.589957392	-0.8267769847	0	0	0	0	0	0	0
0.97	1.595287117	-0.8297679823	0	0	0	0	0	0	0
0.98	1.595595321	-0.8351350399	0	0	0	0	0	0	0
0.99	1.591298222	-0.8425441608	0	0	0	0	0	0	0
1	1.582976947	-0.8515226839	0	0	0	0	0	0	0
1.01	1.571352719	-0.8615495894	0	0	0	0	0	0	0
1.02	1.55725301	-0.8721354498	0	0	0	0	0	0	0
1.03	1.541566964	-0.8828786597	0	0	0	0	0	0	0
1.04	1.525190573	-0.8935401327	0	0	0	0	0	0	0
1.05	1.508946906	-0.9040512941	0	0	0	0	0	0	0
1.06	1.493586343	-0.9144659579	0	0	0	0	0	0	0
1.07	1.479857859	-0.9249258474	0	0	0	0	0	0	0
1.08	1.468493786	-0.9356678265	0	0	0	0	0	0	0
1.09	1.460061323	-0.9470068842	0	0	0	0	0	0	0
1.1	1.456450882	-0.9592293709	0	165.9218291	1213.72411	0	0	0	0
1.11	1.456420852	-0.9702455352	0	21.39082544	1178.925042	0	0	0	0
1.12	1.456419009	-0.9802235215	0	10.35175642	1338.029467	0	0	0	0
1.13	1.456420581	-0.9895891036	0	-166.7204374	1547.939539	0	0	0	0
1.14	1.456422914	-0.9976200824	0	162.7882531	1674.619988	0	0	0	0
1.15	1.456344765	-1.002996177	0	429.2999361	1628.330987	0	0	0	0
1.16	1.456207412	-1.005198122	0	529.7768662	1430.38232	0	0	0	0
1.17	1.456029895	-1.004433588	0	492.3028285	1115.702563	0	0	0	0
1.18	1.455824339	-1.001234105	0	357.5918146	739.0449344	0	0	0	0
1.19	1.455609362	-0.9962673524	0	171.5829607	364.5516669	0	0	0	0
1.2	1.455430424	-0.990224835	0	13.67723146	43.97426462	0	0	0	0
1.21	1.455390487	-0.9836534041	0	0	0	0	0	0	0
1.22	1.455598944	-0.9766573831	0	0	0	0	0	0	0
1.23	1.456126481	-0.9692338531	0	0	0	0	0	0	0
1.24	1.457019119	-0.9613928719	0	0	0	0	0	0	0
1.25	1.458306126	-0.9531477047	0	0	0	0	0	0	0
1.26	1.460006908	-0.9445186237	0	0	0	0	0	0	0
1.27	1.462133905	-0.9355373178	0	0	0	0	0	0	0
1.28	1.464692941	-0.9262494173	0	0	0	0	0	0	0
1.29	1.467681919	-0.9167138352	0	0	0	0	0	0	0
1.3	1.471087949	-0.9070025797	0	0	0	0	0	0	0
1.31	1.474882892	-0.8972041413	0	0	0	0	0	0	0
1.32	1.479017928	-0.8874301016	0	0	0	0	0	0	0
1.33	1.483419481	-0.8778193748	0	0	0	0	0	0	0
1.34	1.487990963	-0.8685327149	0	0	0	0	0	0	0
1.35	1.492622969	-0.8597361707	0	0	0	0	0	0	0
1.36	1.497210352	-0.8515775749	0	0	0	0	0	0	0
1.37	1.501669739	-0.844163603	0	0	0	0	0	0	0
1.38	1.505951289	-0.8375435291	0	0	0	0	0	0	0
1.39	1.510041699	-0.831704959	0	0	0	0	0	0	0
1.4	1.513960715	-0.826582424	0	0	0	0	0	0	0
1.41	1.517751193	-0.822075314	0	0	0	0	0	0	0
1.42	1.521462915	-0.8180667845	0	0	0	0	0	0	0
1.43	1.525133258	-0.8144410293	0	0	0	0	0	0	0
1.44	1.528770827	-0.8110980769	0	0	0	0	0	0	0
1.45	1.532346825	-0.8079638211	0	0	0	0	0	0	0
1.46	1.535795093	-0.8049953725	0	0	0	0	0	0	0
1.47	1.539020611	-0.8021812631	0	0	0	0	0	0	0
1.48	1.541915179	-0.799537486	0	0	0	0	0	0	0
1.49	1.544380358	-0.797101098	0	0	0	0	0	0	0
1.5	1.546375407	-0.7949412614	0	0	0	0	0	0	0
1.51	1.549295174	-0.7942034738	0	0	0	0	0	0	0
1.52	1.549904464	-0.7939098381	0	0	0	0	0	0	0
1.53	1.549749021	-0.7938346743	0	0	0	0	0	0	0
1.54	1.549004183	-0.7938317837	0	0	0	0	0	0	0
1.55	1.547826348	-0.7937512909	0	0	0	0	0	0	0
1.56	1.546438013	-0.7934062982	0	0	0	0	0	0	0
1.57	1.544519619	-0.7920684195	0	0	0	0	0	0	0
1.58	1.54104612	-0.7887982871	0	0	0	0	0	0	0
1.59	1.535968776	-0.783737396	0	0	0	0	0	0	0
1.6	1.529798707	-0.7771500317	0	0	0	0	0	0	0
1.61	1.523219991	-0.7694024403	0	0	0	0	0	0	0
1.62	1.517443903	-0.7616715364	0	0	0	0	0	0	0
1.63	1.513018149	-0.7550124255	0	0	0	0	0	0	0
1.64	1.51055122	-0.7465843232	0	0	0	0	0	0	0
1.65	1.511518913	-0.7355163038	0	0	0	0	0	0	0
1.66	1.516940326	-0.7242894471	0	0	0	0	0	0	0
1.67	1.526689729	-0.7161924926	0	0	0	0	0	0	0
1.68	1.540452193	-0.7127063792	0	0	0	0	0	0	0
1.69	1.55797551	-0.7138879071	0	0	0	0	0	0	0
1.7	1.578902822	-0.7191877106	0	0	0	0	0	0	0
1.71	1.602633195	-0.727547346	0	0	0	0	0	0	0
1.72	1.628333639	-0.7372573097	0	0	0	0	0	0	0
1.73	1.655136873	-0.746330506	0	0	0	0	0	0	0
1.74	1.682353059	-0.7532847472	0	0	0	0	0	0	0
1.75	1.70968398	-0.7578537694	0	0	0	0	0	0	0
1.76	1.737280406	-0.760931598	0	0	0	0	0	0	0
1.77	1.765580535	-0.7638704404	0	0	0	0	0	0	0
1.78	1.795053875	-0.7677729199	0	0	0	0	0	0	0
1.79	1.825977983	-0.773142017	0	0	0	0	0	0	0
1.8	1.858311357	-0.779901506	0	0	0	0	0	0	0
1.81	1.89167487	-0.787617411	0	0	0	0	0	0	0
1.82	1.925431065	-0.7957558721	0	0	0	0	0	0	0
1.83	1.958833968	-0.8038837384	0	0	0	0	0	0	0
1.84	1.991204819	-0.8117772665	0	0	0	0	0	0	0
1.85	2.022087576	-0.8194420417	0	0	0	0	0	0	0
1.86	2.051351074	-0.8270645685	0	0	0	0	0	0	0
1.87	2.079218551	-0.8349204586	0	0	0	0	0	0	0
1.88	2.106229002	-0.8432657693	0	0	0	0	0	0	0
1.89	2.133153117	-0.8522302415	0	0	0	0	0	0	0
1.9	2.160875321	-0.8617112003	0	0	0	0	0	0	0
1.91	2.190223839	-0.871261702	0	0	0	0	0	0	0
1.92	2.221685529	-0.8800013167	0	0	0	0	0	0	0
1.93	2.255002028	-0.88672884	0	0	0	0	0	0	0
1.94	2.288948972	-0.8904674242	0	0	0	0	0	0	0
1.95	2.32185154	-0.8911778748	0	0	0	0	0	0	0
1.96	2.352479817	-0.8897158498	0	0	0	0	0	0	0
1.97	2.380068368	-0.8871398129	0	0	0	0	0	0	0
1.98	2.403813153	-0.8844174227	0	0	0	0	0	0	0
1.99	2.423096012	-0.8823940034	0	0	0	0	0	0	0
2	2.437862652	-0.8816109705	0	0	0	0	0	0	0
2.01	2.448502211	-0.8822528841	0	0	0	0	0	0	0
2.02	2.455668526	-0.8842457153	0	0	0	0	0	0	0
2.03	2.460222369	-0.8873666022	0	0	0	0	0	0	0
2.04	2.463132753	-0.891359794	0	0	0	0	0	0	0
2.05	2.465340383	-0.8960316419	0	0	0	0	0	0	0
2.06	2.467638182	-0.9012874864	0	0	0	0	0	0	0
2.07	2.470595393	-0.9070880459	0	0	0	0	0	0	0
2.08	2.474560997	-0.9134499554	0	0	0	0	0	0	0
2.09	2.479485952	-0.9204665657	0	0	0	0	0	0	0
2.1	2.485048105	-0.9282317316	0	0	0	0	0	0	0
2.11	2.490957397	-0.9368079268	0	0	0	0	0	0	0
2.12	2.497061511	-0.9462408074	0	0	0	0	0	0	0
2.13	2.502063458	-0.956402783	0	-91.77765329	707.3889375	0	0	0	0
2.14	2.502083802	-0.9658489611	0	-47.91658017	1000.576303	0	0	0	0
2.15	2.502100918	-0.974727956	0	-30.65752294	1094.673886	0	0	0	0
2.16	2.502105121	-0.9829870677	0	9.209189504	1224.874743	0	0	0	0
2.17	2.502095916	-0.990315729	0	47.37573004	1360.511934	0	0	0	0
2.18	2.502061712	-0.9963449554	0	168.9151077	1461.925398	0	0	0	0
2.19	2.501987787	-1.000895883	0	378.6305211	1504.205872	0	0	0	0
2.2	2.501855875	-1.003367433	0	497.4890632	1396.437207	0	0	0	0
2.21	2.501685681	-1.00350038	0	504.940411	1178.914822	0	0	0	0
2.22	2.501482494	-1.001608652	0	439.6390658	904.1209439	0	0	0	0
2.23	2.501264922	-0.9981959384	0	292.9934894	612.135404	0	0	0	0
2.24	2.50107272	-0.9937311983	0	126.8425136	332.9449149	0	0	0	0
2.25	2.500953394	-0.98861869	0	13.67759277	90.92633918	0	0	0	0
2.26	2.500967971	-0.9831968819	0	0	0	0	0	0	0
2.27	2.501144722	-0.9775401486	0	0	0	0	0	0	0
2.28	2.50150516	-0.9716949332	0	0	0	0	0	0	0
2.29	2.502045175	-0.9657893778	0	0	0	0	0	0	0
2.3	2.502741406	-0.9598922003	0	0	0	0	0	0	0
2.31	2.50357638	-0.9540068964	0	0	0	0	0	0	0
2.32	2.504546713	-0.9481193569	0	0	0	0	0	0	0
2.33	2.505657949	-0.942224092	0	0	0	0	0	0	0
2.34	2.506919872	-0.936323912	0	0	0	0	0	0	0
2.35	2.508346086	-0.9304209001	0	0	0	0	0	0	0
2.36	2.509954777	-0.924509105	0	0	0	0	0	0	0
2.37	2.511767387	-0.918572738	0	0	0	0	0	0	0
2.38	2.513804541	-0.9125910049	0	0	0	0	0	0	0
2.39	2.516080558	-0.9065467692	0	0	0	0	0	0	0
2.4	2.518598822	-0.9004340659	0	0	0	0	0	0	0
2.41	2.521350044	-0.8942607728	0	0	0	0	0	0	0
2.42	2.524313697	-0.8880472191	0	0	0	0	0	0	0
2.43	2.52746096	-0.881823918	0	0	0	0	0	0	0
2.44	2.530757311	-0.8756306429	0	0	0	0	0	0	0
2.45	2.534164151	-0.8695164078	0	0	0	0	0	0	0
2.46	2.537641039	-0.8635376204	0	0	0	0	0	0	0
2.47	2.541149829	-0.8577528	0	0	0	0	0	0	0
2.48	2.544660696	-0.8522145259	0	0	0	0	0	0	0
2.49	2.548158786	-0.8469602755	0	0	0	0	0	0	0
2.5	2.551649255	-0.8420047639	0	0	0	0	0	0	0
2.51	2.555158572	-0.8373351562	0	0	0	0	0	0	0
2.52	2.558729739	-0.8329131004	0	0	0	0	0	0	0
2.53	2.56241231	-0.8286796757	0	0	0	0	0	0	0
2.54	2.566250162	-0.8245627317	0	0	0	0	0	0	0
2.55	2.57026999	-0.8204850446	0	0	0	0	0	0	0
2.56	2.574472087	-0.8163735045	0	0	0	0	0	0	0
2.57	2.57882428	-0.8121692442	0	0	0	0	0	0	0
2.58	2.583259868	-0.8078378515	0	0	0	0	0	0	0
2.59	2.587680125	-0.8033784612	0	0	0	0	0	0	0
2.6	2.59196359	-0.7988311812	0	0	0	0	0	0	0
2.61	2.595987272	-0.7942828982	0	0	0	0	0	0	0
2.62	2.599691981	-0.7899024229	0	0	0	0	0	0	0
2.63	2.603678869	-0.786443012	0	0	0	0	0	0	0
2.64	2.608546288	-0.7842438632	0	0	0	0	0	0	0
2.65	2.614017816	-0.7828386131	0	0	0	0	0	0	0
2.66	2.619779728	-0.7819283394	0	0	0	0	0	0	0
2.67	2.62558549	-0.7813152958	0	0	0	0	0	0	0
2.68	2.63127309	-0.7808126387	0	0	0	0	0	0	0
2.69	2.636784757	-0.7802695442	0	0	0	0	0	0	0
2.7	2.642138238	-0.7795937629	0	0	0	0	0	0	0
2.71	2.647454702	-0.7787145814	0	0	0	0	0	0	0
2.72	2.653044667	-0.7778445178	0	0	0	0	0	0	0
2.73	2.659475673	-0.7770335327	0	0	0	0	0	0	0
2.74	2.667307893	-0.7752238867	0	0	0	0	0	0	0
2.75	2.676903039	-0.7724314212	0	0	0	0	0	0	0
2.76	2.688730904	-0.769315233	0	0	0	0	0	0	0
2.77	2.70320566	-0.7668541178	0	0	0	0	0	0	0
2.78	2.720011442	-0.7660634143	0	0	0	0	0	0	0
2.79	2.738588716	-0.7666487981	0	0	0	0	0	0	0
2.8	2.758319618	-0.7674391096	0	0	0	0	0	0	0
2.81	2.778583246	-0.7674636647	0	0	0	0	0	0	0
2.82	2.798855486	-0.7665174555	0	0	0	0	0	0	0
2.83	2.818818294	-0.7650531124	0	0	0	0	0	0	0
2.84	2.838391948	-0.7637890942	0	0	0	0	0	0	0
2.85	2.857702468	-0.7633077995	0	0	0	0	0	0	0
2.86	2.876981086	-0.7637320058	0	0	0	0	0	0	0
2.87	2.896493726	-0.7649569554	0	0	0	0	0	0	0
2.88	2.916459777	-0.7670013981	0	0	0	0	0	0	0
2.89	2.937001377	-0.7700032687	0	0	0	0	0	0	0
2.9	2.958131035	-0.7740204034	0	0	0	0	0	0	0
2.91	2.979756003	-0.7789131851	0	0	0	0	0	0	0
2.92	3.00169999	-0.7843914475	0	0	0	0	0	0	0
2.93	3.023753722	-0.7901555603	0	0	0	0	0	0	0
2.94	3.045743698	-0.7960190334	0	0	0	0	0	0	0
2.95	3.067595768	-0.8019528769	0	0	0	0	0	0	0
2.96	3.08935913	-0.8080429469	0	0	0	0	0	0	0
2.97	3.11118764	-0.8144094648	0	0	0	0	0	0	0
2.98	3.133298227	-0.8211418134	0	0	0	0	0	0	0
2.99	3.155933185	-0.8282737897	0	0	0	0	0	0	0
3	3.179337115	-0.8357856363	0	0	0	0	0	0	0
3.01	3.203746002	-0.8436090063	0	0	0	0	0	0	0
3.02	3.229379006	-0.8516216955	0	0	0	0	0	0	0
3.03	3.256427266	-0.859637581	0	0	0	0	0	0	0
3.04	3.285036171	-0.8674016932	0	0	0	0	0	0	0
3.05	3.315277204	-0.8745962726	0	0	0	0	0	0	0
3.06	3.347108958	-0.88086344	0	0	0	0	0	0	0
3.07	3.380337527	-0.8858516142	0	0	0	0	0	0	0
3.08	3.414599896	-0.8892851676	0	0	0	0	0	0	0
3.09	3.449389653	-0.8910329059	0	0	0	0	0	0	0
3.1	3.48409859	-0.8911376207	0	0	0	0	0	0	0
3.11	3.518052297	-0.8898069005	0	0	0	0	0	0	0
3.12	3.550538269	-0.8873912567	0	0	0	0	0	0	0
3.13	3.58086114	-0.8843535747	0	0	0	0	0	0	0
3.14	3.608406196	-0.8812180622	0	0	0	0	0	0	0
3.15	3.632679091	-0.8785073012	0	0	0	0	0	0	0
3.16	3.653332253	-0.8766816474	0	0	0	0	0	0	0
3.17	3.670199459	-0.8760822675	0	0	0	0	0	0	0
3.18	3.683289124	-0.8769045204	0	0	0	0	0	0	0
3.19	3.692791393	-0.8791907537	0	0	0	0	0	0	0
3.2	3.699054797	-0.8828576733	0	0	0	0	0	0	0
3.21	3.702546928	-0.8877421729	0	0	0	0	0	0	0
3.22	3.703797209	-0.8936258078	0	0	0	0	0	0	0
3.23	3.703400222	-0.9002556011	0	0	0	0	0	0	0
3.24	3.701865216	-0.9074821404	0	0	0	0	0	0	0
3.25	3.699465802	-0.9152591158	0	0	0	0	0	0	0
3.26	3.696451961	-0.923563586	0	0	0	0	0	0	0
3.27	3.693190728	-0.9323887308	0	0	0	0	0	0	0
3.28	3.690119815	-0.9417660806	0	0	0	0	0	0	0
3.29	3.687655839	-0.9517691772	0	68.40577804	86.39968373	0	0	0	0
3.3	3.687407724	-0.9619400465	0	29.16899438	1004.481908	0	0	0	0
3.31	3.687407018	-0.9710140947	0	-17.27293579	1029.005446	0	0	0	0
3.32	3.687414796	-0.9793492158	0	-15.52086594	1142.592422	0	0	0	0
3.33	3.687414779	-0.9870194391	0	19.56672896	1294.257084	0	0	0	0
3.34	3.687402614	-0.9937679969	0	103.6797763	1425.722052	0	0	0	0
3.35	3.687354088	-0.9991458371	0	241.2304731	1520.984429	0	0	0	0
3.36	3.687255181	-1.002727758	0	440.2846472	1477.497363	0	0	0	0
3.37	3.687109141	-1.003937099	0	489.1171625	1299.895134	0	0	0	0
3.38	3.6869307	-1.002902213	0	462.6943977	1043.658626	0	0	0	0
3.39	3.686724831	-1.000122518	0	362.8652596	757.4480149	0	0	0	0
3.4	3.686517541	-0.9961232	0	211.8427344	474.2471701	0	0	0	0
3.41	3.686345391	-0.9913450328	0	72.1050457	219.2480049	0	0	0	0
3.42	3.686255449	-0.9861618681	0	0.7091327198	11.12249681	0	0	0	0
3.43	3.686300539	-0.9808279475	0	0	0	0	0	0	0
3.44	3.686503174	-0.9753479517	0	0	0	0	0	0	0
3.45	3.686876236	-0.9698095249	0	0	0	0	0	0	0
3.46	3.687404174	-0.964314478	0	0	0	0	0	0	0
3.47	3.688062555	-0.9588952613	0	0	0	0	0	0	0
3.48	3.688836757	-0.9535382399	0	0	0	0	0	0	0
3.49	3.689723756	-0.9482239343	0	0	0	0	0	0	0
3.5	3.690727176	-0.9429408372	0	0	0	0	0	0	0
3.51	3.691855105	-0.9376811827	0	0	0	0	0	0	0
3.52	3.693120655	-0.9324333708	0	0	0	0	0	0	0
3.53	3.694542042	-0.9271773849	0	0	0	0	0	0	0
3.54	3.696140464	-0.9218852573	0	0	0	0	0	0	0
3.55	3.697936072	-0.9165265647	0	0	0	0	0	0	0
3.56	3.699943639	-0.9110757398	0	0	0	0	0	0	0
3.57	3.702169563	-0.9055174824	0	0	0	0	0	0	0
3.58	3.704611302	-0.8998480766	0	0	0	0	0	0	0
3.59	3.707258815	-0.8940743416	0	0	0	0	0	0	0
3.6	3.710096353	-0.8882127311	0	0	0	0	0	0	0
3.61	3.713103445	-0.8822898453	0	0	0	0	0	0	0
3.62	3.7162549	-0.876343376	0	0	0	0	0	0	0
3.63	3.719520444	-0.8704225604	0	0	0	0	0	0	0
3.64	3.722866411	-0.8645852784	0	0	0	0	0	0	0
3.65	3.726259181	-0.8588928282	0	0	0	0	0	0	0
3.66	3.729670639	-0.8534022996	0	0	0	0	0	0	0
3.67	3.733084823	-0.8481574451	0	0	0	0	0	0	0
3.68	3.736503743	-0.8431805504	0	0	0	0	0	0	0
3.69	3.739949552	-0.8384682129	0	0	0	0	0	0	0
3.7	3.743460542	-0.8339924819	0	0	0	0	0	0	0
3.71	3.747082116	-0.8297054418	0	0	0	0	0	0	0
3.72	3.750855391	-0.8255455974	0	0	0	0	0	0	0
3.73	3.754806851	-0.8214446474	0	0	0	0	0	0	0
3.74	3.75893953	-0.817335884	0	0	0	0	0	0	0
3.75	3.763226949	-0.8131633446	0	0	0	0	0	0	0
3.76	3.767610552	-0.8088909818	0	0	0	0	0	0	0
3.77	3.772001145	-0.8045110966	0	0	0	0	0	0	0
3.78	3.776286365	-0.8000510802	0	0	0	0	0	0	0
3.79	3.780346269	-0.7955780716	0	0	0	0	0	0	0
3.8	3.784086364	-0.7912079143	0	0	0	0	0	0	0
3.81	3.787690006	-0.7873272908	0	0	0	0	0	0	0
3.82	3.791987059	-0.7846815922	0	0	0	0	0	0	0
3.83	3.796967298	-0.7829815317	0	0	0	0	0	0	0
3.84	3.802327186	-0.7818555715	0	0	0	0	0	0	0
3.85	3.807819118	-0.7810951599	0	0	0	0	0	0	0
3.86	3.813262904	-0.7805216004	0	0	0	0	0	0	0
3.87	3.818570832	-0.7799747022	0	0	0	0	0	0	0
3.88	3.823737636	-0.7793425132	0	0	0	0	0	0	0
3.89	3.828817466	-0.7785560053	0	0	0	0	0	0	0
3.9	3.834100316	-0.7776357189	0	0	0	0	0	0	0
3.91	3.83992088	-0.7769645976	0	0	0	0	0	0	0
3.92	3.847022536	-0.7757513245	0	0	0	0	0	0	0
3.93	3.855751311	-0.773452112	0	0	0	0	0	0	0
3.94	3.866440762	-0.7705622018	0	0	0	0	0	0	0
3.95	3.879607375	-0.7677140873	0	0	0	0	0	0	0
3.96	3.895241435	-0.7660159289	0	0	0	0	0	0	0
3.97	3.912854295	-0.7658579093	0	0	0	0	0	0	0
3.98	3.931853505	-0.7664086042	0	0	0	0	0	0	0
3.99	3.951629378	-0.7665421241	0	0	0	0	0	0	0
4	3.971621869	-0.7657042004	0	0	0	0	0	0	0
4.01	3.991429972	-0.7640908438	0	0	0	0	0	0	0
4.02	4.010876976	-0.7623473533	0	0	0	0	0	0	0
4.03	4.030002819	-0.7611867377	0	0	0	0	0	0	0
4.04	4.048989812	-0.7609976411	0	0	0	0	0	0	0
4.05	4.068078493	-0.7617374175	0	0	0	0	0	0	0
4.06	4.087496957	-0.7633104505	0	0	0	0	0	0	0
4.07	4.107394914	-0.7657766173	0	0	0	0	0	0	0
4.08	4.127820834	-0.7692314027	0	0	0	0	0	0	0
4.09	4.148725688	-0.7736309686	0	0	0	0	0	0	0
4.1	4.169977525	-0.7787554653	0	0	0	0	0	0	0
4.11	4.191394843	-0.7843077508	0	0	0	0	0	0	0
4.12	4.21280175	-0.7900467182	0	0	0	0	0	0	0
4.13	4.234090632	-0.7958702027	0	0	0	0	0	0	0
4.14	4.255262496	-0.8018133654	0	0	0	0	0	0	0
4.15	4.276426795	-0.8079844391	0	0	0	0	0	0	0
4.16	4.297769401	-0.8144898421	0	0	0	0	0	0	0
4.17	4.319511285	-0.8213884401	0	0	0	0	0	0	0
4.18	4.341879909	-0.8286837073	0	0	0	0	0	0	0
4.19	4.365095245	-0.8363321327	0	0	0	0	0	0	0
4.2	4.389366743	-0.8442490125	0	0	0	0	0	0	0
4.21	4.414890469	-0.852303425	0	0	0	0	0	0	0
4.22	4.441842869	-0.8603105252	0	0	0	0	0	0	0
4.23	4.470365406	-0.8680267491	0	0	0	0	0	0	0
4.24	4.500534805	-0.8751523283	0	0	0	0	0	0	0
4.25	4.532320476	-0.8813493688	0	0	0	0	0	0	0
4.26	4.565542394	-0.8862848358	0	0	0	0	0	0	0
4.27	4.599854903	-0.8896974168	0	0	0	0	0	0	0
4.28	4.634770262	-0.8914609176	0	0	0	0	0	0	0
4.29	4.669694718	-0.8916104993	0	0	0	0	0	0	0
4.3	4.703958639	-0.8903367782	0	0	0	0	0	0	0
4.31	4.736845821	-0.8879700898	0	0	0	0	0	0	0
4.32	4.767651895	-0.8849552931	0	0	0	0	0	0	0
4.33	4.795746151	-0.8818043982	0	0	0	0	0	0	0
4.34	4.820610015	-0.8790372031	0	0	0	0	0	0	0
4.35	4.841868935	-0.8771205853	0	0	0	0	0	0	0
4.36	4.859319597	-0.8764128607	0	0	0	0	0	0	0
4.37	4.872940938	-0.8771275414	0	0	0	0	0	0	0
4.38	4.88289177	-0.8793253254	0	0	0	0	0	0	0
4.39	4.889493102	-0.8829359996	0	0	0	0	0	0	0
4.4	4.893191878	-0.8878013861	0	0	0	0	0	0	0
4.41	4.894505132	-0.8936993668	0	0	0	0	0	0	0
4.42	4.894024454	-0.9003667037	0	0	0	0	0	0	0
4.43	4.892268159	-0.9076405953	0	0	0	0	0	0	0
4.44	4.889530911	-0.915462155	0	0	0	0	0	0	0
4.45	4.88608946	-0.923798304	0	0	0	0	0	0	0
4.46	4.882339106	-0.9326350328	0	0	0	0	0	0	0
4.47	4.878746418	-0.9420004746	0	0	0	0	0	0	0
4.48	4.875760662	-0.9519688231	0	82.45192233	104.9567448	0	0	0	0
4.49	4.875433784	-0.9620936441	0	33.50404228	1000.481855	0	0	0	0
4.5	4.875431428	-0.9711085812	0	-13.85691459	1024.169723	0	0	0	0
4.51	4.875438187	-0.9793773788	0	-13.41224125	1136.742019	0	0	0	0
4.52	4.875437564	-0.9869866555	0	21.07224583	1287.660679	0	0	0	0
4.53	4.875425037	-0.9936888738	0	97.92900885	1419.021392	0	0	0	0
4.54	4.875375036	-0.999033503	0	244.8379151	1513.593611	0	0	0	0
4.55	4.875274744	-1.002606938	0	443.263458	1471.438394	0	0	0	0
4.56	4.875127138	-1.003823988	0	492.1402063	1295.142112	0	0	0	0
4.57	4.874946719	-1.002803587	0	465.6968299	1040.125498	0	0	0	0
4.58	4.874738876	-1.000039045	0	363.9358745	754.7985325	0	0	0	0
4.59	4.874530665	-0.9960511674	0	211.0319924	471.9384297	0	0	0	0
4.6	4.874358897	-0.9912779121	0	70.85610095	216.7831724	0	0	0	0
4.61	4.874270301	-0.9860921989	0	0.4894939819	8.231109924	0	0	0	0
4.62	4.874316905	-0.9807456242	0	0	0	0	0	0	0
4.63	4.874521975	-0.9752431617	0	0	0	0	0	0	0
4.64	4.874899163	-0.9696750805	0	0	0	0	0	0	0
4.65	4.87543368	-0.9641427722	0	0	0	0	0	0	0
4.66	4.876102055	-0.9586783445	0	0	0	0	0	0	0
4.67	4.876890393	-0.9532690832	0	0	0	0	0	0	0
4.68	4.877795813	-0.9478970464	0	0	0	0	0	0	0
4.69	4.878821545	-0.9425522407	0	0	0	0	0	0	0
4.7	4.879975014	-0.9372282274	0	0	0	0	0	0	0
4.71	4.881268686	-0.931914653	0	0	0	0	0	0	0
4.72	4.882720444	-0.9265924812	0	0	0	0	0	0	0
4.73	4.884351494	-0.9212345639	0	0	0	0	0	0	0
4.74	4.886182361	-0.9158110166	0	0	0	0	0	0	0
4.75	4.888228374	-0.9102966268	0	0	0	0	0	0	0
4.76	4.890496301	-0.9046765743	0	0	0	0	0	0	0
4.77	4.892983564	-0.898947914	0	0	0	0	0	0	0
4.78	4.895679357	-0.8931187183	0	0	0	0	0	0	0
4.79	4.898566426	-0.8872072348	0	0	0	0	0	0	0
4.8	4.901622128	-0.8812422793	0	0	0	0	0	0	0
4.81	4.904818473	-0.8752642935	0	0	0	0	0	0	0
4.82	4.908122594	-0.8693248862	0	0	0	0	0	0	0
4.83	4.911498702	-0.8634838604	0	0	0	0	0	0	0
4.84	4.914912341	-0.8578031424	0	0	0	0	0	0	0
4.85	4.918336429	-0.8523384934	0	0	0	0	0	0	0
4.86	4.921758028	-0.8471302262	0	0	0	0	0	0	0
4.87	4.9251837	-0.8421955405	0	0	0	0	0	0	0
4.88	4.928640475	-0.8375252861	0	0	0	0	0	0	0
4.89	4.932170451	-0.8330861564	0	0	0	0	0	0	0
4.9	4.935820274	-0.82882606	0	0	0	0	0	0	0
4.91	4.939629779	-0.8246807528	0	0	0	0	0	0	0
4.92	4.943621729	-0.8205807621	0	0	0	0	0	0	0
4.93	4.947793415	-0.8164601764	0	0	0	0	0	0	0
4.94	4.952111459	-0.8122659223	0	0	0	0	0	0	0
4.95	4.956510009	-0.8079669318	0	0	0	0	0	0	0
4.96	4.96089349	-0.8035623006	0	0	0	0	0	0	0
4.97	4.965145551	-0.7990876879	0	0	0	0	0	0	0
4.98	4.969147476	-0.7946196236	0	0	0	0	0	0	0
4.99	4.972820514	-0.7902906801	0	0	0	0	0	0	0
5	4.976524909	-0.7866438137	0	0	0	0	0	0	0
5.01	4.981008487	-0.784246505	0	0	0	0	0	0	0
5.02	4.986109883	-0.7826952342	0	0	0	0	0	0	0
5.03	4.991533221	-0.7816647051	0	0	0	0	0	0	0
5.04	4.997044202	-0.7809603201	0	0	0	0	0	0	0
5.05	5.002481635	-0.7804048688	0	0	0	0	0	0	0
5.06	5.007779059	-0.779846788	0	0	0	0	0	0	0
5.07	5.01294508	-0.7791863532	0	0	0	0	0	0	0
5.08	5.018073865	-0.7783500023	0	0	0	0	0	0	0
5.09	5.023459221	-0.7774792964	0	0	0	0	0	0	0
5.1	5.029570736	-0.7767978123	0	0	0	0	0	0	0
5.11	5.037070794	-0.7753547077	0	0	0	0	0	0	0
5.12	5.046279218	-0.7729099522	0	0	0	0	0	0	0
5.13	5.057552123	-0.7700249293	0	0	0	0	0	0	0
5.14	5.071373161	-0.7674050718	0	0	0	0	0	0	0
5.15	5.087564741	-0.7661381955	0	0	0	0	0	0	0
5.16	5.105595536	-0.766295344	0	0	0	0	0	0	0
5.17	5.124860916	-0.7668726807	0	0	0	0	0	0	0
5.18	5.144751505	-0.7668161844	0	0	0	0	0	0	0
5.19	5.164732662	-0.7657498207	0	0	0	0	0	0	0
5.2	5.184453609	-0.7640099491	0	0	0	0	0	0	0
5.21	5.203792788	-0.7622961504	0	0	0	0	0	0	0
5.22	5.222836536	-0.7612933255	0	0	0	0	0	0	0
5.23	5.241789177	-0.7612865701	0	0	0	0	0	0	0
5.24	5.260897868	-0.7621890984	0	0	0	0	0	0	0
5.25	5.280378473	-0.7639355602	0	0	0	0	0	0	0
5.26	5.300358232	-0.7666077741	0	0	0	0	0	0	0
5.27	5.3208617	-0.770277524	0	0	0	0	0	0	0
5.28	5.341817972	-0.7748552469	0	0	0	0	0	0	0
5.29	5.363078824	-0.7800896432	0	0	0	0	0	0	0
5.3	5.384458822	-0.7856851086	0	0	0	0	0	0	0
5.31	5.405793605	-0.7914282536	0	0	0	0	0	0	0
5.32	5.427	-0.7972523116	0	0	0	0	0	0	0
5.33	5.448107758	-0.803217398	0	0	0	0	0	0	0
5.34	5.469249659	-0.8094383227	0	0	0	0	0	0	0
5.35	5.490624564	-0.8160134692	0	0	0	0	0	0	0
5.36	5.512456953	-0.822988192	0	0	0	0	0	0	0
5.37	5.534972228	-0.8303535463	0	0	0	0	0	0	0
5.38	5.558386499	-0.838056094	0	0	0	0	0	0	0
5.39	5.582904023	-0.8460010618	0	0	0	0	0	0	0
5.4	5.60871432	-0.8540462436	0	0	0	0	0	0	0
5.41	5.635985653	-0.8619952823	0	0	0	0	0	0	0
5.42	5.664846634	-0.8695936311	0	0	0	0	0	0	0
5.43	5.695354445	-0.8765338854	0	0	0	0	0	0	0
5.44	5.727451028	-0.8824775517	0	0	0	0	0	0	0
5.45	5.760924047	-0.8871028752	0	0	0	0	0	0	0
5.46	5.795398417	-0.8901729839	0	0	0	0	0	0	0
5.47	5.830364	-0.8915930688	0	0	0	0	0	0	0
5.48	5.865210425	-0.8914292326	0	0	0	0	0	0	0
5.49	5.899255364	-0.8898999852	0	0	0	0	0	0	0
5.5	5.931780264	-0.887360006	0	0	0	0	0	0	0
5.51	5.962090519	-0.8842710537	0	0	0	0	0	0	0
5.52	5.989573295	-0.8811514405	0	0	0	0	0	0	0
5.53	6.013735235	-0.8785155466	0	0	0	0	0	0	0
5.54	6.03423309	-0.8768131779	0	0	0	0	0	0	0
5.55	6.050898315	-0.8763764667	0	0	0	0	0	0	0
5.56	6.063745974	-0.8773883473	0	0	0	0	0	0	0
5.57	6.072969028	-0.8798806964	0	0	0	0	0	0	0
5.58	6.07891758	-0.8837614404	0	0	0	0	0	0	0
5.59	6.082058749	-0.8888590567	0	0	0	0	0	0	0
5.6	6.082921728	-0.894936222	0	0	0	0	0	0	0
5.61	6.082109705	-0.9017380478	0	0	0	0	0	0	0
5.62	6.080095287	-0.9091281897	0	0	0	0	0	0	0
5.63	6.077151069	-0.9170572077	0	0	0	0	0	0	0
5.64	6.073575303	-0.9254942914	0	0	0	0	0	0	0
5.65	6.069786244	-0.9344325079	0	0	0	0	0	0	0
5.66	6.066252842	-0.943910064	0	0	0	0	0	0	0
5.67	6.063600682	-0.95400888	0	286.9251687	373.3249036	0	0	0	0
5.68	6.06356804	-0.9639452222	0	20.20941203	995.6686045	0	0	0	0
5.69	6.063569083	-0.972787894	0	-17.3669468	1040.960862	0	0	0	0
5.7	6.063575358	-0.9809336664	0	-8.401342524	1165.238831	0	0	0	0
5.71	6.06357234	-0.9883936056	0	29.49530383	1318.143626	0	0	0	0
5.72	6.063552015	-0.994848996	0	206.1629057	1437.734981	0	0	0	0
5.73	6.063496459	-0.9999117733	0	295.9857815	1518.181125	0	0	0	0
5.74	6.063384561	-1.003041456	0	463.8101879	1445.476539	0	0	0	0
5.75	6.063229932	-1.003785957	0	491.6541331	1248.874455	0	0	0	0
5.76	6.06304294	-1.002374381	0	452.2901647	984.4496497	0	0	0	0
5.77	6.06283222	-0.9993262286	0	335.3655088	697.2028648	0	0	0	0
5.78	6.062628265	-0.9951476118	0	180.0548176	417.8382232	0	0	0	0
5.79	6.062468744	-0.9902614295	0	49.18224498	170.5719454	0	0	0	0
5.8	6.062404386	-0.9850300619	0	0	0	0	0	0	0
5.81	6.062480486	-0.9796481817	0	0	0	0	0	0	0
5.82	6.062720076	-0.9741183002	0	0	0	0	0	0	0
5.83	6.063131011	-0.9685467073	0	0	0	0	0	0	0
5.84	6.063694706	-0.9630228313	0	0	0	0	0	0	0
5.85	6.064388733	-0.9575662182	0	0	0	0	0	0	0
5.86	6.065201698	-0.9521608563	0	0	0	0	0	0	0
5.87	6.066132248	-0.9467903829	0	0	0	0	0	0	0
5.88	6.067184392	-0.9414462709	0	0	0	0	0	0	0
5.89	6.068366396	-0.9361219339	0	0	0	0	0	0	0
5.9	6.069691786	-0.9308055423	0	0	0	0	0	0	0
5.91	6.071179315	-0.9254762518	0	0	0	0	0	0	0
5.92	6.072850455	-0.9201057227	0	0	0	0	0	0	0
5.93	6.074725083	-0.9146643389	0	0	0	0	0	0	0
5.94	6.076817026	-0.9091286045	0	0	0	0	0	0	0
5.95	6.079131179	-0.9034860277	0	0	0	0	0	0	0
5.96	6.08166318	-0.8977359348	0	0	0	0	0	0	0
5.97	6.084400799	-0.8918884062	0	0	0	0	0	0	0
5.98	6.087325548	-0.8859637628	0	0	0	0	0	0	0
5.99	6.090413585	-0.879993175	0	0	0	0	0	0	0
6	6.093635882	-0.8740192755	0	0	0	0	0	0	0
6.01	6.096958513	-0.86809588	0	0	0	0	0	0	0
6.02	6.100345459	-0.8622838369	0	0	0	0	0	0	0
6.03	6.103763201	-0.8566445388	0	0	0	0	0	0	0
6.04	6.107187023	-0.8512313155	0	0	0	0	0	0	0
6.05	6.110607742	-0.8460801721	0	0	0	0	0	0	0
6.06	6.114036408	-0.8412028183	0	0	0	0	0	0	0
6.07	6.117504012	-0.8365846218	0	0	0	0	0	0	0
6.08	6.121054602	-0.8321878162	0	0	0	0	0	0	0
6.09	6.124734407	-0.8279572835	0	0	0	0	0	0	0
6.1	6.128580611	-0.8238269047	0	0	0	0	0	0	0
6.11	6.132611232	-0.8197272265	0	0	0	0	0	0	0
6.12	6.136817428	-0.815594282	0	0	0	0	0	0	0
6.13	6.141158941	-0.8113789261	0	0	0	0	0	0	0
6.14	6.145563191	-0.8070558563	0	0	0	0	0	0	0
6.15	6.149929134	-0.8026314896	0	0	0	0	0	0	0
6.16	6.154137992	-0.7981497823	0	0	0	0	0	0	0
6.17	6.158074287	-0.7936967361	0	0	0	0	0	0	0
6.18	6.161685449	-0.7894316297	0	0	0	0	0	0	0
6.19	6.165525412	-0.7860487979	0	0	0	0	0	0	0
6.2	6.170164004	-0.7838672479	0	0	0	0	0	0	0
6.21	6.175353783	-0.7824444254	0	0	0	0	0	0	0
6.22	6.180811063	-0.7814964242	0	0	0	0	0	0	0
6.23	6.186315275	-0.7808369264	0	0	0	0	0	0	0
6.24	6.191724309	-0.7802911649	0	0	0	0	0	0	0
6.25	6.196990741	-0.7797174067	0	0	0	0	0	0	0
6.26	6.202134094	-0.7790272348	0	0	0	0	0	0	0
6.27	6.207301271	-0.778143098	0	0	0	0	0	0	0
6.28	6.212767729	-0.7773370094	0	0	0	0	0	0	0
6.29	6.219142894	-0.776588668	0	0	0	0	0	0	0
6.3	6.226980847	-0.7749137577	0	0	0	0	0	0	0
6.31	6.236594736	-0.7723363965	0	0	0	0	0	0	0
6.32	6.248380986	-0.7694393342	0	0	0	0	0	0	0
6.33	6.262740274	-0.7670385357	0	0	0	0	0	0	0
6.34	6.279370474	-0.7661202648	0	0	0	0	0	0	0
6.35	6.297713856	-0.7664718015	0	0	0	0	0	0	0
6.36	6.317160286	-0.7669887786	0	0	0	0	0	0	0
6.37	6.337106734	-0.766721772	0	0	0	0	0	0	0
6.38	6.35704921	-0.7654615922	0	0	0	0	0	0	0
6.39	6.376685012	-0.7636548227	0	0	0	0	0	0	0
6.4	6.395940068	-0.7620293708	0	0	0	0	0	0	0
6.41	6.414935414	-0.7612179276	0	0	0	0	0	0	0
6.42	6.433889595	-0.7614042446	0	0	0	0	0	0	0
6.43	6.453049942	-0.7624768244	0	0	0	0	0	0	0
6.44	6.472616808	-0.7644031648	0	0	0	0	0	0	0
6.45	6.492695696	-0.7672787797	0	0	0	0	0	0	0
6.46	6.513289934	-0.771149089	0	0	0	0	0	0	0
6.47	6.53431006	-0.7758849943	0	0	0	0	0	0	0
6.48	6.555595688	-0.7812138397	0	0	0	0	0	0	0
6.49	6.576961189	-0.7868487184	0	0	0	0	0	0	0
6.5	6.598254811	-0.7926042685	0	0	0	0	0	0	0
6.51	6.619416582	-0.7984449297	0	0	0	0	0	0	0
6.52	6.640500411	-0.8044491471	0	0	0	0	0	0	0
6.53	6.661656505	-0.8107331151	0	0	0	0	0	0	0
6.54	6.68309212	-0.8173858537	0	0	0	0	0	0	0
6.55	6.705033695	-0.8244409906	0	0	0	0	0	0	0
6.56	6.727704353	-0.8318790392	0	0	0	0	0	0	0
6.57	6.751317171	-0.839637936	0	0	0	0	0	0	0
6.58	6.776072816	-0.8476137779	0	0	0	0	0	0	0
6.59	6.802156915	-0.8556542903	0	0	0	0	0	0	0
6.6	6.82973109	-0.8635518063	0	0	0	0	0	0	0
6.61	6.858912511	-0.8710410392	0	0	0	0	0	0	0
6.62	6.889739409	-0.8778067809	0	0	0	0	0	0	0
6.63	6.922126079	-0.883509901	0	0	0	0	0	0	0
6.64	6.955828157	-0.887840418	0	0	0	0	0	0	0
6.65	6.990441615	-0.89058611	0	0	0	0	0	0	0
6.66	7.025434051	-0.8916833569	0	0	0	0	0	0	0
6.67	7.060180251	-0.8912290989	0	0	0	0	0	0	0
6.68	7.09398639	-0.8894694219	0	0	0	0	0	0	0
6.69	7.126133838	-0.8867825231	0	0	0	0	0	0	0
6.7	7.155939364	-0.8836454497	0	0	0	0	0	0	0
6.71	7.182810741	-0.880580431	0	0	0	0	0	0	0
6.72	7.206281558	-0.8780938181	0	0	0	0	0	0	0
6.73	7.226040447	-0.8766162903	0	0	0	0	0	0	0
6.74	7.241954195	-0.8764526046	0	0	0	0	0	0	0
6.75	7.254073216	-0.8777554944	0	0	0	0	0	0	0
6.76	7.262622956	-0.880529823	0	0	0	0	0	0	0
6.77	7.267979784	-0.8846643725	0	0	0	0	0	0	0
6.78	7.27062706	-0.8899757298	0	0	0	0	0	0	0
6.79	7.271107148	-0.896213429	0	0	0	0	0	0	0
6.8	7.27002269	-0.9031381768	0	0	0	0	0	0	0
6.81	7.267797264	-0.9106377432	0	0	0	0	0	0	0
6.82	7.264691323	-0.9186690742	0	0	0	0	0	0	0
6.83	7.261026539	-0.9272039859	0	0	0	0	0	0	0
6.84	7.257239835	-0.9362432196	0	0	0	0	0	0	0
6.85	7.253797918	-0.9458344759	0	0	0	0	0	0	0
6.86	7.251745241	-0.9560498657	0	57.33688634	689.7167965	0	0	0	0
6.87	7.251727662	-0.9657437735	0	9.007375085	995.9151792	0	0	0	0
6.88	7.251731285	-0.9744299679	0	-19.08015517	1060.531739	0	0	0	0
6.89	7.251736497	-0.9824520931	0	-2.291861371	1194.362607	0	0	0	0
6.9	7.251731037	-0.9897502179	0	37.83333041	1347.539292	0	0	0	0
6.91	7.251702343	-0.9959463326	0	161.0101345	1462.571818	0	0	0	0
6.92	7.251639858	-1.000700496	0	341.3410698	1516.017767	0	0	0	0
6.93	7.251517666	-1.003373914	0	477.7246123	1414.963393	0	0	0	0
6.94	7.251356573	-1.003663443	0	488.9256079	1200.747294	0	0	0	0
6.95	7.251163461	-1.001888652	0	435.4887543	928.8993715	0	0	0	0
6.96	7.250951236	-0.9985822775	0	305.8435752	641.0405979	0	0	0	0
6.97	7.250752855	-0.9942340361	0	150.7602607	366.2039189	0	0	0	0
6.98	7.250607204	-0.9892531741	0	31.15328551	127.5042348	0	0	0	0
6.99	7.250568299	-0.983988265	0	0	0	0	0	0	0
7	7.250674375	-0.9785731613	0	0	0	0	0	0	0
7.01	7.250947947	-0.9730247699	0	0	0	0	0	0	0
7.02	7.251390791	-0.9674570672	0	0	0	0	0	0	0
7.03	7.251981622	-0.9619458677	0	0	0	0	0	0	0
7.04	7.252699614	-0.9565000693	0	0	0	0	0	0	0
7.05	7.253535734	-0.9511017252	0	0	0	0	0	0	0
7.06	7.254489951	-0.9457360856	0	0	0	0	0	0	0
7.07	7.255567059	-0.9403956582	0	0	0	0	0	0	0
7.08	7.256776241	-0.9350733544	0	0	0	0	0	0	0
7.09	7.258132121	-0.9297557338	0	0	0	0	0	0	0
7.1	7.259654257	-0.9244201734	0	0	0	0	0	0	0
7.11	7.261364179	-0.9190374953	0	0	0	0	0	0	0
7.12	7.263280914	-0.9135787268	0	0	0	0	0	0	0
7.13	7.265416687	-0.908022273	0	0	0	0	0	0	0
7.14	7.267774573	-0.9023579513	0	0	0	0	0	0	0
7.15	7.270348502	-0.8965872921	0	0	0	0	0	0	0
7.16	7.273124893	-0.8907224045	0	0	0	0	0	0	0
7.17	7.276084173	-0.8847856583	0	0	0	0	0	0	0
7.18	7.279201499	-0.8788103814	0	0	0	0	0	0	0
7.19	7.282446647	-0.8728417267	0	0	0	0	0	0	0
7.2	7.285785046	-0.8669352344	0	0	0	0	0	0	0
7.21	7.289180718	-0.86115247	0	0	0	0	0	0	0
7.22	7.292601332	-0.8555539642	0	0	0	0	0	0	0
7.23	7.296024716	-0.8501903303	0	0	0	0	0	0	0
7.24	7.299445417	-0.8450932232	0	0	0	0	0	0	0
7.25	7.302878672	-0.8402691181	0	0	0	0	0	0	0
7.26	7.306358785	-0.8356985322	0	0	0	0	0	0	0
7.27	7.309931309	-0.8313394682	0	0	0	0	0	0	0
7.28	7.313641511	-0.827134219	0	0	0	0	0	0	0
7.29	7.317523513	-0.8230153691	0	0	0	0	0	0	0
7.3	7.321590506	-0.8189138054	0	0	0	0	0	0	0
7.31	7.325827651	-0.8147677875	0	0	0	0	0	0	0
7.32	7.33018826	-0.8105322068	0	0	0	0	0	0	0
7.33	7.334593658	-0.8061874516	0	0	0	0	0	0	0
7.34	7.338938102	-0.8017470408	0	0	0	0	0	0	0
7.35	7.343101498	-0.7972626954	0	0	0	0	0	0	0
7.36	7.346973104	-0.7928299495	0	0	0	0	0	0	0
7.37	7.350548574	-0.7886571961	0	0	0	0	0	0	0
7.38	7.354543527	-0.7855356466	0	0	0	0	0	0	0
7.39	7.359316607	-0.7835373731	0	0	0	0	0	0	0
7.4	7.364579681	-0.7822254661	0	0	0	0	0	0	0
7.41	7.370061744	-0.7813488125	0	0	0	0	0	0	0
7.42	7.375555109	-0.7807251119	0	0	0	0	0	0	0
7.43	7.380936843	-0.7801833596	0	0	0	0	0	0	0
7.44	7.386175888	-0.7795917933	0	0	0	0	0	0	0
7.45	7.391300661	-0.7788721301	0	0	0	0	0	0	0
7.46	7.396515927	-0.7779546679	0	0	0	0	0	0	0
7.47	7.402087677	-0.7772120276	0	0	0	0	0	0	0
7.48	7.408729437	-0.776349007	0	0	0	0	0	0	0
7.49	7.416895332	-0.7744580558	0	0	0	0	0	0	0
7.5	7.426898728	-0.7717765348	0	0	0	0	0	0	0
7.51	7.439187309	-0.7688891744	0	0	0	0	0	0	0
7.52	7.454035468	-0.766733369	0	0	0	0	0	0	0
7.53	7.471053083	-0.7661275902	0	0	0	0	0	0	0
7.54	7.489664421	-0.7666098833	0	0	0	0	0	0	0
7.55	7.509256319	-0.7670274101	0	0	0	0	0	0	0
7.56	7.529236152	-0.7665546607	0	0	0	0	0	0	0
7.57	7.549133306	-0.7651348561	0	0	0	0	0	0	0
7.58	7.568691009	-0.7633018056	0	0	0	0	0	0	0
7.59	7.587878481	-0.7617955354	0	0	0	0	0	0	0
7.6	7.606844301	-0.7611804563	0	0	0	0	0	0	0
7.61	7.625817856	-0.7615508198	0	0	0	0	0	0	0
7.62	7.645043131	-0.762788114	0	0	0	0	0	0	0
7.63	7.664703914	-0.7648927022	0	0	0	0	0	0	0
7.64	7.684885122	-0.7679656413	0	0	0	0	0	0	0
7.65	7.705570633	-0.7720227271	0	0	0	0	0	0	0
7.66	7.726654538	-0.7768993392	0	0	0	0	0	0	0
7.67	7.747967184	-0.7823087456	0	0	0	0	0	0	0
7.68	7.769324418	-0.7879763308	0	0	0	0	0	0	0
7.69	7.790589148	-0.7937457567	0	0	0	0	0	0	0
7.7	7.811723641	-0.7996089835	0	0	0	0	0	0	0
7.71	7.832803312	-0.8056582198	0	0	0	0	0	0	0
7.72	7.853993365	-0.8120087121	0	0	0	0	0	0	0
7.73	7.875507356	-0.8187393203	0	0	0	0	0	0	0
7.74	7.897572067	-0.8258722394	0	0	0	0	0	0	0
7.75	7.920409003	-0.8333790541	0	0	0	0	0	0	0
7.76	7.944228617	-0.8411896034	0	0	0	0	0	0	0
7.77	7.969228765	-0.8491910739	0	0	0	0	0	0	0
7.78	7.99559123	-0.857220852	0	0	0	0	0	0	0
7.79	8.023470854	-0.8650600307	0	0	0	0	0	0	0
7.8	8.052972542	-0.8724326911	0	0	0	0	0	0	0
7.81	8.084113972	-0.8790163476	0	0	0	0	0	0	0
7.82	8.116780693	-0.8844728118	0	0	0	0	0	0	0
7.83	8.150695811	-0.8885056904	0	0	0	0	0	0	0
7.84	8.185427206	-0.8909290468	0	0	0	0	0	0	0
7.85	8.220422402	-0.8917109448	0	0	0	0	0	0	0
7.86	8.255040971	-0.8909783608	0	0	0	0	0	0	0
7.87	8.288580554	-0.8890044715	0	0	0	0	0	0	0
7.88	8.320323026	-0.8861900507	0	0	0	0	0	0	0
7.89	8.349600291	-0.8830255426	0	0	0	0	0	0	0
7.9	8.375842019	-0.8800348086	0	0	0	0	0	0	0
7.91	8.398609474	-0.8777140445	0	0	0	0	0	0	0
7.92	8.417624517	-0.8764728274	0	0	0	0	0	0	0
7.93	8.432789647	-0.8765874452	0	0	0	0	0	0	0
7.94	8.44419045	-0.8781806066	0	0	0	0	0	0	0
7.95	8.45208429	-0.881231362	0	0	0	0	0	0	0
7.96	8.456872447	-0.8856112308	0	0	0	0	0	0	0
7.97	8.459051377	-0.8911249159	0	0	0	0	0	0	0
7.98	8.459179476	-0.8975118365	0	0	0	0	0	0	0
7.99	8.457846082	-0.9045539151	0	0	0	0	0	0	0
8	8.455427343	-0.9121599309	0	0	0	0	0	0	0
8.01	8.452180943	-0.9202911488	0	0	0	0	0	0	0
8.02	8.448453562	-0.9289229058	0	0	0	0	0	0	0
8.03	8.444695998	-0.9380643601	0	0	0	0	0	0	0
8.04	8.441369018	-0.9477724199	0	0	0	0	0	0	0
8.05	8.439902974	-0.9580445859	0	58.41078474	930.40297	0	0	0	0
8.06	8.439890823	-0.9674962467	0	-0.2337510221	1000.75113	0	0	0	0
8.07	8.439896236	-0.9760398634	0	-19.01866961	1082.720326	0	0	0	0
8.08	8.439899916	-0.9839367657	0	4.606949047	1224.085467	0	0	0	0
8.09	8.439892034	-0.9910621719	0	45.99793869	1376.123798	0	0	0	0
8.1	8.439857491	-0.9969943585	0	149.6604527	1484.489622	0	0	0	0
8.11	8.439783694	-1.001404828	0	380.8638282	1507.777491	0	0	0	0
8.12	8.439652326	-1.003613388	0	486.4196379	1380.348436	0	0	0	0
8.13	8.439484969	-1.003463807	0	484.1880463	1150.797355	0	0	0	0
8.14	8.439286262	-1.001348619	0	415.4563754	873.1192101	0	0	0	0
8.15	8.439073887	-0.9978039273	0	275.5488366	585.7329428	0	0	0	0
8.16	8.438882484	-0.993302514	0	123.0113088	316.3016557	0	0	0	0
8.17	8.438752672	-0.9882411134	0	16.78662655	86.73904496	0	0	0	0
8.18	8.438740392	-0.9829479262	0	0	0	0	0	0	0
8.19	8.438877387	-0.9775006235	0	0	0	0	0	0	0
8.2	8.439184751	-0.9719393353	0	0	0	0	0	0	0
8.21	8.439658341	-0.9663791606	0	0	0	0	0	0	0
8.22	8.440275197	-0.9608815698	0	0	0	0	0	0	0
8.23	8.441016499	-0.9554466515	0	0	0	0	0	0	0
8.24	8.441875391	-0.9500556825	0	0	0	0	0	0	0
8.25	8.442852993	-0.9446955743	0	0	0	0	0	0	0
8.26	8.443954889	-0.9393595301	0	0	0	0	0	0	0
8.27	8.445191241	-0.9340396814	0	0	0	0	0	0	0
8.28	8.446577755	-0.928720844	0	0	0	0	0	0	0
8.29	8.448134671	-0.9233787444	0	0	0	0	0	0	0
8.3	8.449883399	-0.917983647	0	0	0	0	0	0	0
8.31	8.451841952	-0.9125074876	0	0	0	0	0	0	0
8.32	8.454020877	-0.9069307129	0	0	0	0	0	0	0
8.33	8.456421407	-0.9012454689	0	0	0	0	0	0	0
8.34	8.459035871	-0.8954554247	0	0	0	0	0	0	0
8.35	8.461849431	-0.8895746528	0	0	0	0	0	0	0
8.36	8.464841446	-0.8836276034	0	0	0	0	0	0	0
8.37	8.467986072	-0.8776498195	0	0	0	0	0	0	0
8.38	8.471252077	-0.8716887116	0	0	0	0	0	0	0
8.39	8.474604334	-0.8658013991	0	0	0	0	0	0	0
8.4	8.478007107	-0.8600498848	0	0	0	0	0	0	0
8.41	8.481429491	-0.854493523	0	0	0	0	0	0	0
8.42	8.484852081	-0.8491799247	0	0	0	0	0	0	0
8.43	8.488273281	-0.8441361854	0	0	0	0	0	0	0
8.44	8.491712373	-0.839363703	0	0	0	0	0	0	0
8.45	8.495206711	-0.8348379221	0	0	0	0	0	0	0
8.46	8.498802547	-0.8305136508	0	0	0	0	0	0	0
8.47	8.502543892	-0.8263306153	0	0	0	0	0	0	0
8.48	8.506461473	-0.8222204656	0	0	0	0	0	0	0
8.49	8.510563527	-0.818114757	0	0	0	0	0	0	0
8.5	8.51482926	-0.8139542539	0	0	0	0	0	0	0
8.51	8.519205653	-0.8096981054	0	0	0	0	0	0	0
8.52	8.52360815	-0.8053326034	0	0	0	0	0	0	0
8.53	8.527927013	-0.8008783286	0	0	0	0	0	0	0
8.54	8.532041434	-0.7963950713	0	0	0	0	0	0	0
8.55	8.535847737	-0.7919881239	0	0	0	0	0	0	0
8.56	8.539422193	-0.7879454106	0	0	0	0	0	0	0
8.57	8.543578919	-0.7850760504	0	0	0	0	0	0	0
8.58	8.548471068	-0.7832394577	0	0	0	0	0	0	0
8.59	8.553795297	-0.7820272878	0	0	0	0	0	0	0
8.6	8.559293168	-0.7812136403	0	0	0	0	0	0	0
8.61	8.564771029	-0.7806184002	0	0	0	0	0	0	0
8.62	8.570124784	-0.780075606	0	0	0	0	0	0	0
8.63	8.575337937	-0.7794637608	0	0	0	0	0	0	0
8.64	8.580449016	-0.7787121297	0	0	0	0	0	0	0
8.65	8.585717659	-0.7777826912	0	0	0	0	0	0	0
8.66	8.591429958	-0.7770913817	0	0	0	0	0	0	0
8.67	8.598343864	-0.7760696843	0	0	0	0	0	0	0
8.68	8.606841656	-0.7739800482	0	0	0	0	0	0	0
8.69	8.617240482	-0.7712177068	0	0	0	0	0	0	0
8.7	8.63003281	-0.7683749767	0	0	0	0	0	0	0
8.71	8.645341811	-0.7664925506	0	0	0	0	0	0	0
8.72	8.662715337	-0.7661711684	0	0	0	0	0	0	0
8.73	8.68156481	-0.7667332592	0	0	0	0	0	0	0
8.74	8.701275763	-0.7670201799	0	0	0	0	0	0	0
8.75	8.72127012	-0.7663447419	0	0	0	0	0	0	0
8.76	8.741113644	-0.7647908147	0	0	0	0	0	0	0
8.77	8.760594472	-0.7629622906	0	0	0	0	0	0	0
8.78	8.779723075	-0.7615970935	0	0	0	0	0	0	0
8.79	8.798670131	-0.7611780941	0	0	0	0	0	0	0
8.8	8.817673521	-0.7617241613	0	0	0	0	0	0	0
8.81	8.836970811	-0.7631237505	0	0	0	0	0	0	0
8.82	8.856728145	-0.7654079192	0	0	0	0	0	0	0
8.83	8.877010344	-0.7686753606	0	0	0	0	0	0	0
8.84	8.897782673	-0.7729092191	0	0	0	0	0	0	0
8.85	8.918924164	-0.7779127139	0	0	0	0	0	0	0
8.86	8.940257881	-0.7833906741	0	0	0	0	0	0	0
8.87	8.961603739	-0.789084951	0	0	0	0	0	0	0
8.88	8.982840887	-0.7948685637	0	0	0	0	0	0	0
8.89	9.003953833	-0.8007583586	0	0	0	0	0	0	0
8.9	9.025038131	-0.8068570495	0	0	0	0	0	0	0
8.91	9.046271817	-0.8132763915	0	0	0	0	0	0	0
8.92	9.067872921	-0.8200844189	0	0	0	0	0	0	0
8.93	9.090068256	-0.8272928316	0	0	0	0	0	0	0
8.94	9.113077385	-0.83486474	0	0	0	0	0	0	0
8.95	9.137108458	-0.8427221407	0	0	0	0	0	0	0
8.96	9.162356642	-0.8507431976	0	0	0	0	0	0	0
8.97	9.188999452	-0.858754692	0	0	0	0	0	0	0
8.98	9.217184296	-0.8665266671	0	0	0	0	0	0	0
8.99	9.247002796	-0.873773127	0	0	0	0	0	0	0
9	9.278450626	-0.8801653502	0	0	0	0	0	0	0
9.01	9.31138335	-0.8853679254	0	0	0	0	0	0	0
9.02	9.345492421	-0.8891007779	0	0	0	0	0	0	0
9.03	9.380319902	-0.8912056191	0	0	0	0	0	0	0
9.04	9.415294357	-0.8916815309	0	0	0	0	0	0	0
9.05	9.449761116	-0.8906846459	0	0	0	0	0	0	0
9.06	9.483009915	-0.888514519	0	0	0	0	0	0	0
9.07	9.51432779	-0.8855928261	0	0	0	0	0	0	0
9.08	9.543062372	-0.882421002	0	0	0	0	0	0	0
9.09	9.568666034	-0.8795223234	0	0	0	0	0	0	0
9.1	9.590728506	-0.8773807895	0	0	0	0	0	0	0
9.11	9.609005723	-0.8763832255	0	0	0	0	0	0	0
9.12	9.623435479	-0.8767770933	0	0	0	0	0	0	0
9.13	9.634137685	-0.8786558198	0	0	0	0	0	0	0
9.14	9.641399955	-0.8819743736	0	0	0	0	0	0	0
9.15	9.645646315	-0.8865890912	0	0	0	0	0	0	0
9.16	9.64738437	-0.8922921585	0	0	0	0	0	0	0
9.17	9.647189593	-0.8988177548	0	0	0	0	0	0	0
9.18	9.645625168	-0.9059724512	0	0	0	0	0	0	0
9.19	9.643025948	-0.9136820661	0	0	0	0	0	0	0
9.2	9.639655236	-0.9219107671	0	0	0	0	0	0	0
9.21	9.635884252	-0.9306383522	0	0	0	0	0	0	0
9.22	9.63217414	-0.9398828431	0	0	0	0	0	0	0
9.23	9.628975934	-0.9497098516	0	0	0	0	0	0	0
9.24	9.628061032	-0.9599595465	0	51.00098635	1013.594569	0	0	0	0
9.25	9.628053733	-0.9691938855	0	-7.526700128	1009.566878	0	0	0	0
9.26	9.62806016	-0.9776061765	0	-17.2451966	1106.856032	0	0	0	0
9.27	9.628061971	-0.9853741755	0	12.1814114	1253.761287	0	0	0	0
9.28	9.628051817	-0.9923167941	0	45.01124302	1402.881251	0	0	0	0
9.29	9.628011267	-0.9979785391	0	185.3935245	1501.324841	0	0	0	0
9.3	9.627924714	-1.002015645	0	413.8361273	1493.882883	0	0	0	0
9.31	9.627785232	-1.003760571	0	491.0159754	1342.387087	0	0	0	0
9.32	9.627611695	-1.003193582	0	477.2393382	1099.781481	0	0	0	0
9.33	9.627408149	-1.000762896	0	392.7531809	817.7409259	0	0	0	0
9.34	9.627196962	-0.9970005782	0	245.2397387	531.8378691	0	0	0	0
9.35	9.627013892	-0.9923626977	0	97.33719537	268.5701977	0	0	0	0
9.36	9.626901953	-0.9872346365	0	6.58287411	48.54242861	0	0	0	0
9.37	9.626916907	-0.9819151737	0	0	0	0	0	0	0
9.38	9.627085405	-0.9764381094	0	0	0	0	0	0	0
9.39	9.627425903	-0.9708689328	0	0	0	0	0	0	0
9.4	9.627928887	-0.9653185778	0	0	0	0	0	0	0
9.41	9.628570688	-0.9598343947	0	0	0	0	0	0	0
9.42	9.629334732	-0.9544095909	0	0	0	0	0	0	0
9.43	9.63021611	-0.9490255543	0	0	0	0	0	0	0
9.44	9.631216947	-0.9436708037	0	0	0	0	0	0	0
9.45	9.632343633	-0.9383389145	0	0	0	0	0	0	0
9.46	9.633607342	-0.9330210014	0	0	0	0	0	0	0
9.47	9.635024804	-0.9277001006	0	0	0	0	0	0	0
9.48	9.636616794	-0.9223504749	0	0	0	0	0	0	0
9.49	9.638404446	-0.9169420814	0	0	0	0	0	0	0
9.5	9.640404604	-0.9114480509	0	0	0	0	0	0	0
9.51	9.642626111	-0.9058509399	0	0	0	0	0	0	0
9.52	9.645068377	-0.900145189	0	0	0	0	0	0	0
9.53	9.647722235	-0.8943365283	0	0	0	0	0	0	0
9.54	9.65057165	-0.8884409796	0	0	0	0	0	0	0
9.55	9.653594977	-0.8824850429	0	0	0	0	0	0	0
9.56	9.656765317	-0.8765065566	0	0	0	0	0	0	0
9.57	9.660050559	-0.8705550009	0	0	0	0	0	0	0
9.58	9.66341513	-0.8646888911	0	0	0	0	0	0	0
9.59	9.666823739	-0.8589703869	0	0	0	0	0	0	0
9.6	9.670247139	-0.8534573338	0	0	0	0	0	0	0
9.61	9.673668905	-0.8481940459	0	0	0	0	0	0	0
9.62	9.677091391	-0.8432028875	0	0	0	0	0	0	0
9.63	9.680537732	-0.8384800898	0	0	0	0	0	0	0
9.64	9.684047679	-0.8339969833	0	0	0	0	0	0	0
9.65	9.687668022	-0.8297048791	0	0	0	0	0	0	0
9.66	9.691441184	-0.8255412513	0	0	0	0	0	0	0
9.67	9.695394223	-0.821437082	0	0	0	0	0	0	0
9.68	9.699530215	-0.8173250222	0	0	0	0	0	0	0
9.69	9.703822336	-0.8131486466	0	0	0	0	0	0	0
9.7	9.708211199	-0.8088717029	0	0	0	0	0	0	0
9.71	9.712606766	-0.8044865267	0	0	0	0	0	0	0
9.72	9.716895797	-0.8000209137	0	0	0	0	0	0	0
9.73	9.720957934	-0.7955425786	0	0	0	0	0	0	0
9.74	9.72469919	-0.7911684067	0	0	0	0	0	0	0
9.75	9.72831262	-0.7872947351	0	0	0	0	0	0	0
9.76	9.732628581	-0.7846610622	0	0	0	0	0	0	0
9.77	9.737626089	-0.782968261	0	0	0	0	0	0	0
9.78	9.743001454	-0.7818467047	0	0	0	0	0	0	0
9.79	9.748507889	-0.7810885863	0	0	0	0	0	0	0
9.8	9.753966837	-0.7805151937	0	0	0	0	0	0	0
9.81	9.759292654	-0.7799668384	0	0	0	0	0	0	0
9.82	9.764481828	-0.779332527	0	0	0	0	0	0	0
9.83	9.769591547	-0.7785432574	0	0	0	0	0	0	0
9.84	9.774915277	-0.7776283558	0	0	0	0	0	0	0
9.85	9.780803539	-0.7769627231	0	0	0	0	0	0	0
9.86	9.787995869	-0.7757514446	0	0	0	0	0	0	0
9.87	9.796832456	-0.7734845526	0	0	0	0	0	0	0
9.88	9.807641855	-0.7706604734	0	0	0	0	0	0	0
9.89	9.820933449	-0.767905256	0	0	0	0	0	0	0
9.9	9.836678681	-0.7663161098	0	0	0	0	0	0	0
9.91	9.854380861	-0.7662465386	0	0	0	0	0	0	0
9.92	9.873442071	-0.766841077	0	0	0	0	0	0	0
9.93	9.893248783	-0.7669731273	0	0	0	0	0	0	0
9.94	9.913241301	-0.7661018828	0	0	0	0	0	0	0
9.95	9.933024421	-0.7644394215	0	0	0	0	0	0	0
9.96	9.952430301	-0.7626439619	0	0	0	0	0	0	0
9.97	9.971507929	-0.7614371797	0	0	0	0	0	0	0
9.98	9.990445936	-0.76121126	0	0	0	0	0	0	0
9.99	10.00948821	-0.7619259524	0	0	0	0	0	0	0
10	10.02886319	-0.7634873218	0	0	0	0	0	0	0
