0	-0.2320513642	-0.7816859767	0	0.7140470668	-0.7000976978	0	0.7000976978	0.7140470668	0	0	0	1
0.01	-0.2166734934	-0.7808024759	0	0.7042534717	-0.7099486232	0	0.7099486232	0.7042534717	0	0	0	1
0.02	-0.2052076491	-0.7771822869	0	0.7063477014	-0.707865047	0	0.707865047	0.7063477014	0	0	0	1
0.03	-0.1964106993	-0.772152895	0	0.7119392671	-0.7022410412	0	0.7022410412	0.7119392671	0	0	0	1
0.04	-0.189614993	-0.7657667234	0	0.7196917501	-0.694293731	0	0.694293731	0.7196917501	0	0	0	1
0.05	-0.1838762043	-0.7580626189	0	0.7292713689	-0.6842245761	0	0.6842245761	0.7292713689	0	0	0	1
0.06	-0.1780043636	-0.7497171937	0	0.7388791584	-0.6738379548	0	0.6738379548	0.7388791584	0	0	0	1
0.07	-0.1709972262	-0.7417448811	0	0.7465858072	-0.6652891345	0	0.6652891345	0.7465858072	0	0	0	1
0.08	-0.1622656124	-0.7350089387	0	0.7514924665	-0.6597416713	0	0.6597416713	0.7514924665	0	0	0	1
0.09	-0.1515784344	-0.7299881261	0	0.7537825688	-0.6571239145	0	0.6571239145	0.7537825688	0	0	0	1
0.1	-0.1388862916	-0.7268289332	0	0.7542287709	-0.6566117278	0	0.6566117278	0.7542287709	0	0	0	1
0.11	-0.1241485035	-0.7255474571	0	0.7536346109	-0.6572935975	0	0.6572935975	0.7536346109	0	0	0	1
0.12	-0.1072187944	-0.7262466022	0	0.7523942339	-0.6587130763	0	0.6587130763	0.7523942339	0	0	0	1
0.13	-0.08780647232	-0.7292612343	0	0.7502362181	-0.6611698852	0	0.6611698852	0.7502362181	0	0	0	1
0.14	-0.06550881118	-0.735182582	0	0.7461867285	-0.6657367093	0	0.6657367093	0.7461867285	0	0	0	1
0.15	-0.0398863409	-0.7447563323	0	0.738725003	-0.674006951	0	0.674006951	0.738725003	0	0	0	1
0.16	-0.01049189383	-0.7586811187	0	0.725907398	-0.6877924466	0	0.6877924466	0.725907398	0	0	0	1
0.17	0.02335788116	-0.7770629183	0	0.7033866899	-0.7108074032	0	0.7108074032	0.7033866899	0	0	0	1
0.18	0.06177284629	-0.7981549853	0	0.670781588	-0.7416549475	0	0.7416549475	0.670781588	0	0	0	1
0.19	0.102573564	-0.8152716145	0	0.6290932389	-0.7773298507	0	0.7773298507	0.6290932389	0	0	0	1
0.2	0.1434226449	-0.8266607781	0	0.5904391883	-0.8070821302	0	0.8070821302	0.5904391883	0	0	0	1
0.21	0.1862005399	-0.8395120505	0	0.5385873701	-0.8425696676	0	0.8425696676	0.5385873701	0	0	0	1
0.22	0.2312388855	-0.8537606941	0	0.4723166576	-0.8814289392	0	0.8814289392	0.4723166576	0	0	0	1
0.23	0.2771387678	-0.8658088462	0	0.3972926113	-0.9176919859	0	0.9176919859	0.3972926113	0	0	0	1
0.24	0.3212646693	-0.8726978358	0	0.3241754576	-0.9459969729	0	0.9459969729	0.3241754576	0	0	0	1
0.25	0.3623072912	-0.8754329276	0	0.2561856735	-0.9666275915	0	0.9666275915	0.2561856735	0	0	0	1
0.26	0.4004748586	-0.8763885639	0	0.1903122502	-0.9817236105	0	0.9817236105	0.1903122502	0	0	0	1
0.27	0.4362995931	-0.8767898271	0	0.1244511448	-0.9922257367	0	0.9922257367	0.1244511448	0	0	0	1
0.28	0.4700865026	-0.8765854645	0	0.05937768089	-0.9982355889	0	0.9982355889	0.05937768089	0	0	0	1
0.29	0.5021603061	-0.8754913255	0	-0.003608052391	-0.999993491	0	0.999993491	-0.003608052391	0	0	0	1
0.3	0.5331577547	-0.8736217289	0	-0.06451486801	-0.9979167459	0	0.9979167459	-0.06451486801	0	0	0	1
0.31	0.5639232888	-0.8713500725	0	-0.124347083	-0.9922387832	0	0.9922387832	-0.124347083	0	0	0	1
0.32	0.5951688774	-0.8689337517	0	-0.1838162212	-0.9829606283	0	0.9829606283	-0.1838162212	0	0	0	1
0.33	0.627266288	-0.866389506	0	-0.2427398467	-0.9700914219	0	0.9700914219	-0.2427398467	0	0	0	1
0.34	0.6602749658	-0.863607133	0	-0.3003701722	-0.9538227087	0	0.9538227087	-0.3003701722	0	0	0	1
0.35	0.6940584995	-0.8604726769	0	-0.3559245551	-0.9345146928	0	0.9345146928	-0.3559245551	0	0	0	1
0.36	0.7283544328	-0.85690139	0	-0.4088038908	-0.9126222542	0	0.9126222542	-0.4088038908	0	0	0	1
0.37	0.7627825129	-0.8527975578	0	-0.458593663	-0.8886460782	0	0.8886460782	-0.458593663	0	0	0	1
0.38	0.7968263376	-0.8481259725	0	-0.5048365806	-0.8632149367	0	0.8632149367	-0.5048365806	0	0	0	1
0.39	0.8299310625	-0.8429951853	0	-0.5470813053	-0.8370794737	0	0.8370794737	-0.5470813053	0	0	0	1
0.4	0.8616046176	-0.8376403166	0	-0.5851008468	-0.810960541	0	0.810960541	-0.5851008468	0	0	0	1
0.41	0.8914070439	-0.8323496104	0	-0.6188271975	-0.7855271476	0	0.7855271476	-0.6188271975	0	0	0	1
0.42	0.9189363973	-0.827444699	0	-0.64825491	-0.7614233853	0	0.7614233853	-0.64825491	0	0	0	1
0.43	0.943808035	-0.8232895734	0	-0.6733622946	-0.7393126674	0	0.7393126674	-0.6733622946	0	0	0	1
0.44	0.9656048066	-0.8202925162	0	-0.693882969	-0.72008779	0	0.72008779	-0.693882969	0	0	0	1
0.45	0.983913432	-0.8188709935	0	-0.7093454538	-0.7048609985	0	0.7048609985	-0.7093454538	0	0	0	1
0.46	0.9983983803	-0.8193765806	0	-0.719250108	-0.6947512376	0	0.6947512376	-0.719250108	0	0	0	1
0.47	1.008857247	-0.8220184352	0	-0.7231830012	-0.6906564608	0	0.6906564608	-0.7231830012	0	0	0	1
0.48	1.015253247	-0.826816941	0	-0.7208483962	-0.6930927713	0	0.6930927713	-0.7208483962	0	0	0	1
0.49	1.017736095	-0.8335983133	0	-0.7120779064	-0.7021004595	0	0.7021004595	-0.7120779064	0	0	0	1
0.5	1.016652547	-0.8420300939	0	-0.6968480389	-0.7172188025	0	0.7172188025	-0.6968480389	0	0	0	1
0.51	1.012539682	-0.851689575	0	-0.6753110451	-0.7375330449	0	0.7375330449	-0.6753110451	0	0	0	1
0.52	1.006093447	-0.8621486869	0	-0.6478234272	-0.7617905271	0	0.7617905271	-0.6478234272	0	0	0	1
0.53	0.9981121702	-0.8730497955	0	-0.6149548728	-0.7885623022	0	0.7885623022	-0.6149548728	0	0	0	1
0.54	0.9894286816	-0.8841381419	0	-0.5774932287	-0.8163954745	0	0.8163954745	-0.5774932287	0	0	0	1
0.55	0.9808246669	-0.8953023893	0	-0.5364259939	-0.8439473639	0	0.8439473639	-0.5364259939	0	0	0	1
0.56	0.9729266441	-0.9065844735	0	-0.4926178907	-0.8702457203	0	0.8702457203	-0.4926178907	0	0	0	1
0.57	0.9662285574	-0.9181071512	0	-0.4468670996	-0.8946003551	0	0.8946003551	-0.4468670996	0	0	0	1
0.58	0.9611709125	-0.9300415608	0	-0.4002850173	-0.9163906945	0	0.9163906945	-0.4002850173	0	0	0	1
0.59	0.9580972596	-0.9425986721	0	-0.3542627453	-0.9351459283	0	0.9351459283	-0.3542627453	0	0	0	1
0.6	0.9572047055	-0.9559453917	0	-0.3103108498	-0.9506351437	0	0.9506351437	-0.3103108498	0	0	0	1
0.61	0.9571919219	-0.9682611692	0	-0.2612741377	-0.9652646399	0	0.9652646399	-0.2612741377	0	0	0	1
0.62	0.9572049609	-0.9792854074	0	-0.2082069179	-0.9780848017	0	0.9780848017	-0.2082069179	0	0	0	1
0.63	0.9572101044	-0.9895824775	0	-0.1620017154	-0.9867904764	0	0.9867904764	-0.1620017154	0	0	0	1
0.64	0.9572314078	-0.9985094381	0	-0.1590736438	-0.9872667197	0	0.9872667197	-0.1590736438	0	0	0	1
0.65	0.9571826603	-1.004953879	0	-0.1520544766	-0.9883721142	0	0.9883721142	-0.1520544766	0	0	0	1
0.66	0.9570629572	-1.008069086	0	-0.1377898116	-0.9904614923	0	0.9904614923	-0.1377898116	0	0	0	1
0.67	0.9568957957	-1.007891235	0	-0.1174570026	-0.993077969	0	0.993077969	-0.1174570026	0	0	0	1
0.68	0.9566856185	-1.004931941	0	-0.09256619333	-0.995706533	0	0.995706533	-0.09256619333	0	0	0	1
0.69	0.9564431362	-0.9998943066	0	-0.06422111288	-0.9979356936	0	0.9979356936	-0.06422111288	0	0	0	1
0.7	0.9562159824	-0.9935257723	0	-0.03329926513	-0.9994454257	0	0.9994454257	-0.03329926513	0	0	0	1
0.71	0.9561132689	-0.98648414	0	-0.0005851941061	-0.9999998288	0	0.9999998288	-0.0005851941061	0	0	0	1
0.72	0.9562732584	-0.9789800869	0	0.03452020379	-0.9994040002	0	0.9994040002	0.03452020379	0	0	0	1
0.73	0.9567771697	-0.9710100583	0	0.07222149707	-0.997388618	0	0.997388618	0.07222149707	0	0	0	1
0.74	0.9576740111	-0.9626117747	0	0.1118349938	-0.9937267905	0	0.9937267905	0.1118349938	0	0	0	1
0.75	0.9589870546	-0.9538317502	0	0.1526118503	-0.9882862051	0	0.9882862051	0.1526118503	0	0	0	1
0.76	0.9607242938	-0.9447173375	0	0.1939759996	-0.981006275	0	0.981006275	0.1939759996	0	0	0	1
0.77	0.9628847151	-0.9353205176	0	0.23550086	-0.9718741405	0	0.9718741405	0.23550086	0	0	0	1
0.78	0.9654600083	-0.9257043419	0	0.2768391207	-0.9609162821	0	0.9609162821	0.2768391207	0	0	0	1
0.79	0.9684336603	-0.9159452321	0	0.3176699368	-0.9482013559	0	0.9482013559	0.3176699368	0	0	0	1
0.8	0.9717790288	-0.9061317938	0	0.3576698972	-0.9338480844	0	0.9338480844	0.3576698972	0	0	0	1
0.81	0.9754570558	-0.8963634753	0	0.3964992791	-0.9180350329	0	0.9180350329	0.3964992791	0	0	0	1
0.82	0.9794134325	-0.8867536888	0	0.4337913115	-0.9010133728	0	0.9010133728	0.4337913115	0	0	0	1
0.83	0.9835768849	-0.8774309515	0	0.469158339	-0.8831140657	0	0.8831140657	0.469158339	0	0	0	1
0.84	0.9878610724	-0.8685346211	0	0.5022238008	-0.8647376792	0	0.8647376792	0.5022238008	0	0	0	1
0.85	0.9921732779	-0.8602001881	0	0.5326881432	-0.8463116105	0	0.8463116105	0.5326881432	0	0	0	1
0.86	0.9964276219	-0.8525399062	0	0.5603986302	-0.8282230227	0	0.8282230227	0.5603986302	0	0	0	1
0.87	1.000558898	-0.8456250808	0	0.5853962578	-0.8107473228	0	0.8107473228	0.5853962578	0	0	0	1
0.88	1.004532602	-0.839475229	0	0.607917274	-0.7940003703	0	0.7940003703	0.607917274	0	0	0	1
0.89	1.008348964	-0.8340575259	0	0.6283453044	-0.7779345592	0	0.7779345592	0.6283453044	0	0	0	1
0.9	1.012039339	-0.8292956597	0	0.6471331454	-0.7623770013	0	0.7623770013	0.6471331454	0	0	0	1
0.91	1.015654341	-0.8250841866	0	0.6647191483	-0.7470933368	0	0.7470933368	0.6647191483	0	0	0	1
0.92	1.019246858	-0.8213039634	0	0.6814568857	-0.7318582602	0	0.7318582602	0.6814568857	0	0	0	1
0.93	1.022854544	-0.8178372755	0	0.697563129	-0.7165233291	0	0.7165233291	0.697563129	0	0	0	1
0.94	1.026486271	-0.8145807264	0	0.7130927594	-0.7010696945	0	0.7010696945	0.7130927594	0	0	0	1
0.95	1.030114955	-0.8114543631	0	0.7279437249	-0.6856368816	0	0.6856368816	0.7279437249	0	0	0	1
0.96	1.033677355	-0.8084073818	0	0.7418876541	-0.6705242044	0	0.6705242044	0.7418876541	0	0	0	1
0.97	1.037080881	-0.8054194452	0	0.7546186094	-0.6561636643	0	0.6561636643	0.7546186094	0	0	0	1
0.98	1.040216236	-0.8024984533	0	0.7658078313	-0.6430694873	0	0.6430694873	0.7658078313	0	0	0	1
0.99	1.042976149	-0.799674629	0	0.7751575156	-0.631768016	0	0.631768016	0.7751575156	0	0	0	1
1	1.045278892	-0.7969940013	0	0.7824371138	-0.6227296066	0	0.6227296066	0.7824371138	0	0	0	1
1.01	1.047111168	-0.7945270956	0	0.7874361577	-0.616396218	0	0.616396218	0.7874361577	0	0	0	1
1.02	1.048791442	-0.7925614316	0	0.7892643649	-0.6140535501	0	0.6140535501	0.7892643649	0	0	0	1
1.03	1.050708897	-0.7912323218	0	0.7880857258	-0.6155655032	0	0.6155655032	0.7880857258	0	0	0	1
1.04	1.052801952	-0.7902240896	0	0.7853583342	-0.6190414258	0	0.6190414258	0.7853583342	0	0	0	1
1.05	1.054550423	-0.7888898845	0	0.7830087151	-0.6220107331	0	0.6220107331	0.7830087151	0	0	0	1
1.06	1.055477802	-0.7867615193	0	0.7822183673	-0.6230043547	0	0.6230043547	0.7822183673	0	0	0	1
1.07	1.055389231	-0.7836294363	0	0.783604776	-0.6212596518	0	0.6212596518	0.783604776	0	0	0	1
1.08	1.054366643	-0.7794664091	0	0.7875233613	-0.6162848006	0	0.6162848006	0.7875233613	0	0	0	1
1.09	1.052756852	-0.7744987604	0	0.7939084215	-0.6080373494	0	0.6080373494	0.7939084215	0	0	0	1
1.1	1.051158927	-0.769220989	0	0.8021742177	-0.5970900472	0	0.5970900472	0.8021742177	0	0	0	1
1.11	1.050619596	-0.7641301111	0	0.8099103391	-0.5865536997	0	0.5865536997	0.8099103391	0	0	0	1
1.12	1.051742161	-0.7592803148	0	0.816604886	-0.5771970722	0	0.5771970722	0.816604886	0	0	0	1
1.13	1.055400492	-0.754409921	0	0.8229080211	-0.5681746112	0	0.5681746112	0.8229080211	0	0	0	1
1.14	1.06279943	-0.7500722538	0	0.8261971162	-0.5633811545	0	0.5633811545	0.8261971162	0	0	0	1
1.15	1.074248104	-0.7474816901	0	0.8238963992	-0.5667404374	0	0.5667404374	0.8238963992	0	0	0	1
1.16	1.089391236	-0.7476007966	0	0.8144848898	-0.5801847673	0	0.5801847673	0.8144848898	0	0	0	1
1.17	1.107660626	-0.7502405602	0	0.7980007888	-0.6026564038	0	0.6026564038	0.7980007888	0	0	0	1
1.18	1.12845932	-0.7543397018	0	0.7758894097	-0.6308689435	0	0.6308689435	0.7758894097	0	0	0	1
1.19	1.151204288	-0.758893244	0	0.7498932154	-0.6615588905	0	0.6615588905	0.7498932154	0	0	0	1
1.2	1.175430401	-0.7635957152	0	0.7209414419	-0.6929959866	0	0.6929959866	0.7209414419	0	0	0	1
1.21	1.200954469	-0.76885	0	0.6886458814	-0.725097821	0	0.725097821	0.6886458814	0	0	0	1
1.22	1.227981329	-0.7753022378	0	0.6512769485	-0.7588401257	0	0.7588401257	0.6512769485	0	0	0	1
1.23	1.256925447	-0.7832504167	0	0.6070830195	-0.794638413	0	0.794638413	0.6070830195	0	0	0	1
1.24	1.288211357	-0.792563525	0	0.5550030947	-0.8318482823	0	0.8318482823	0.5550030947	0	0	0	1
1.25	1.322142438	-0.8029008958	0	0.4945315365	-0.8691596858	0	0.8691596858	0.4945315365	0	0	0	1
1.26	1.358829732	-0.8138461521	0	0.425703185	-0.9048628616	0	0.9048628616	0.425703185	0	0	0	1
1.27	1.398162523	-0.8249074797	0	0.3492983526	-0.9370115585	0	0.9370115585	0.3492983526	0	0	0	1
1.28	1.43981331	-0.8355218984	0	0.266970609	-0.9637046715	0	0.9637046715	0.266970609	0	0	0	1
1.29	1.483296984	-0.8451470329	0	0.1810240705	-0.9834786657	0	0.9834786657	0.1810240705	0	0	0	1
1.3	1.528076459	-0.8533801579	0	0.0939223048	-0.9955795301	0	0.9955795301	0.0939223048	0	0	0	1
1.31	1.5736801	-0.8600120933	0	0.007787256672	-0.9999696789	0	0.9999696789	0.007787256672	0	0	0	1
1.32	1.619767059	-0.8649849148	0	-0.07585118973	-0.9971191489	0	0.9971191489	-0.07585118973	0	0	0	1
1.33	1.666118352	-0.8683065792	0	-0.156041861	-0.987750443	0	0.987750443	-0.156041861	0	0	0	1
1.34	1.712579039	-0.8699852389	0	-0.2322752992	-0.9726500837	0	0.9726500837	-0.2322752992	0	0	0	1
1.35	1.758982189	-0.8700052955	0	-0.3043206678	-0.9525696463	0	0.9525696463	-0.3043206678	0	0	0	1
1.36	1.805075238	-0.8683384367	0	-0.3720677329	-0.9282055818	0	0.9282055818	-0.3720677329	0	0	0	1
1.37	1.850463086	-0.864980607	0	-0.4353895554	-0.9002421536	0	0.9002421536	-0.4353895554	0	0	0	1
1.38	1.894584231	-0.8600067445	0	-0.4940539366	-0.8694312553	0	0.8694312553	-0.4940539366	0	0	0	1
1.39	1.936728069	-0.8536282737	0	-0.5477000402	-0.8366747671	0	0.8366747671	-0.5477000402	0	0	0	1
1.4	1.976089459	-0.846232618	0	-0.5958709072	-0.8030802338	0	0.8030802338	-0.5958709072	0	0	0	1
1.41	2.011848315	-0.8383866947	0	-0.6380812643	-0.7699690254	0	0.7699690254	-0.6380812643	0	0	0	1
1.42	2.043244605	-0.8307989328	0	-0.6738818845	-0.7388390932	0	0.7388390932	-0.6738818845	0	0	0	1
1.43	2.069642752	-0.8242437781	0	-0.7029120423	-0.7112767821	0	0.7112767821	-0.7029120423	0	0	0	1
1.44	2.090576348	-0.819461486	0	-0.7249290179	-0.6888235761	0	0.6888235761	-0.7249290179	0	0	0	1
1.45	2.105766125	-0.8170550383	0	-0.7398020605	-0.6728245769	0	0.6728245769	-0.7398020605	0	0	0	1
1.46	2.115123329	-0.8174039346	0	-0.7474879731	-0.6642753421	0	0.6642753421	-0.7474879731	0	0	0	1
1.47	2.118744527	-0.8206137606	0	-0.7479983388	-0.663700599	0	0.663700599	-0.7479983388	0	0	0	1
1.48	2.116906684	-0.8265121441	0	-0.7413774045	-0.6710883281	0	0.6710883281	-0.7413774045	0	0	0	1
1.49	2.110062382	-0.8346924614	0	-0.7277011166	-0.6858943686	0	0.6858943686	-0.7277011166	0	0	0	1
1.5	2.098828813	-0.8445953512	0	-0.7070957689	-0.7071177933	0	0.7071177933	-0.7070957689	0	0	0	1
1.51	2.087049342	-0.8544075993	0	-0.6843866605	-0.7291192625	0	0.7291192625	-0.6843866605	0	0	0	1
1.52	2.074522959	-0.8640861186	0	-0.6632766904	-0.7483742593	0	0.7483742593	-0.6632766904	0	0	0	1
1.53	2.060302489	-0.8739789213	0	-0.6371703224	-0.7707230243	0	0.7707230243	-0.6371703224	0	0	0	1
1.54	2.044853644	-0.8839705508	0	-0.607511127	-0.7943111674	0	0.7943111674	-0.607511127	0	0	0	1
1.55	2.027910843	-0.8941635672	0	-0.5729426321	-0.8195954736	0	0.8195954736	-0.5729426321	0	0	0	1
1.56	2.009417173	-0.9045218301	0	-0.5321277469	-0.846664078	0	0.846664078	-0.5321277469	0	0	0	1
1.57	1.989943428	-0.9149017814	0	-0.4854080648	-0.8742877162	0	0.8742877162	-0.4854080648	0	0	0	1
1.58	1.970429525	-0.9252565904	0	-0.4339709786	-0.9009268504	0	0.9009268504	-0.4339709786	0	0	0	1
1.59	1.951849891	-0.9355818042	0	-0.3788284161	-0.925466926	0	0.925466926	-0.3788284161	0	0	0	1
1.6	1.935315326	-0.9460089954	0	-0.3220840543	-0.9467110763	0	0.9467110763	-0.3220840543	0	0	0	1
1.61	1.922334832	-0.9568724227	0	-0.2685621318	-0.9632623637	0	0.9632623637	-0.2685621318	0	0	0	1
1.62	1.921059031	-0.9680835497	0	-0.2357214845	-0.9718206531	0	0.9718206531	-0.2357214845	0	0	0	1
1.63	1.921026552	-0.9776537324	0	-0.1896406765	-0.9818535603	0	0.9818535603	-0.1896406765	0	0	0	1
1.64	1.920999661	-0.9864739072	0	-0.1452546978	-0.9893942959	0	0.9893942959	-0.1452546978	0	0	0	1
1.65	1.920979902	-0.9945358402	0	-0.1408322462	-0.9900334734	0	0.9900334734	-0.1408322462	0	0	0	1
1.66	1.920900278	-1.000858054	0	-0.1331245125	-0.991099321	0	0.991099321	-0.1331245125	0	0	0	1
1.67	1.920747935	-1.004232543	0	-0.1186465676	-0.9929365498	0	0.9929365498	-0.1186465676	0	0	0	1
1.68	1.920541687	-1.004457806	0	-0.09813092211	-0.9951735136	0	0.9951735136	-0.09813092211	0	0	0	1
1.69	1.920301165	-1.001862964	0	-0.07338809925	-0.9973034578	0	0.9973034578	-0.07338809925	0	0	0	1
1.7	1.920046381	-0.9970235654	0	-0.04610590577	-0.9989365573	0	0.9989365573	-0.04610590577	0	0	0	1
1.71	1.919797874	-0.9907411371	0	-0.01765233089	-0.9998441855	0	0.9998441855	-0.01765233089	0	0	0	1
1.72	1.91962452	-0.9838596922	0	0.01112936717	-0.9999380667	0	0.9999380667	0.01112936717	0	0	0	1
1.73	1.919654369	-0.9767887361	0	0.04082824162	-0.9991661797	0	0.9991661797	0.04082824162	0	0	0	1
1.74	1.919950265	-0.9696907724	0	0.07158732909	-0.9974343358	0	0.9974343358	0.07158732909	0	0	0	1
1.75	1.920538536	-0.962558173	0	0.1033326351	-0.9946468552	0	0.9946468552	0.1033326351	0	0	0	1
1.76	1.921441977	-0.9552871879	0	0.1361341617	-0.9906904108	0	0.9906904108	0.1361341617	0	0	0	1
1.77	1.922679692	-0.9477996478	0	0.1698800034	-0.9854647556	0	0.9854647556	0.1698800034	0	0	0	1
1.78	1.924245075	-0.9401221281	0	0.2039869884	-0.9789735995	0	0.9789735995	0.2039869884	0	0	0	1
1.79	1.926093679	-0.9323832172	0	0.237540413	-0.9713776568	0	0.9713776568	0.237540413	0	0	0	1
1.8	1.92815572	-0.9247509691	0	0.2696993389	-0.9629445813	0	0.9629445813	0.2696993389	0	0	0	1
1.81	1.930364657	-0.9173624086	0	0.3000376819	-0.9539273502	0	0.9539273502	0.3000376819	0	0	0	1
1.82	1.932683508	-0.9102830861	0	0.3286503579	-0.9444516622	0	0.9444516622	0.3286503579	0	0	0	1
1.83	1.935115951	-0.9035049611	0	0.3560389464	-0.9344711171	0	0.9344711171	0.3560389464	0	0	0	1
1.84	1.937700575	-0.8969693675	0	0.382885	-0.9237960147	0	0.9237960147	0.382885	0	0	0	1
1.85	1.94049453	-0.8905967127	0	0.4098222506	-0.9121654033	0	0.9121654033	0.4098222506	0	0	0	1
1.86	1.9435535	-0.8843120389	0	0.4372677252	-0.899331383	0	0.899331383	0.4372677252	0	0	0	1
1.87	1.946912946	-0.8780633087	0	0.4653315148	-0.8851364761	0	0.8851364761	0.4653315148	0	0	0	1
1.88	1.950573527	-0.8718326011	0	0.4938028353	-0.8695738956	0	0.8695738956	0.4938028353	0	0	0	1
1.89	1.954492538	-0.8656410034	0	0.5221992507	-0.852823512	0	0.852823512	0.5221992507	0	0	0	1
1.9	1.95858327	-0.8595476124	0	0.5498641149	-0.8352541261	0	0.8352541261	0.5498641149	0	0	0	1
1.91	1.962723755	-0.8536427437	0	0.5760921144	-0.8173847783	0	0.8173847783	0.5760921144	0	0	0	1
1.92	1.966774351	-0.8480337563	0	0.6002593131	-0.7998054495	0	0.7998054495	0.6002593131	0	0	0	1
1.93	1.970604371	-0.8428191107	0	0.6219447019	-0.7830611648	0	0.7830611648	0.6219447019	0	0	0	1
1.94	1.974130273	-0.8380459769	0	0.6410644795	-0.7674870247	0	0.7674870247	0.6410644795	0	0	0	1
1.95	1.977365718	-0.833673128	0	0.6580218496	-0.752998835	0	0.752998835	0.6580218496	0	0	0	1
1.96	1.980438413	-0.8295859107	0	0.673667485	-0.7390345863	0	0.7390345863	0.673667485	0	0	0	1
1.97	1.983531491	-0.8256566104	0	0.6889327464	-0.7248252693	0	0.7248252693	0.6889327464	0	0	0	1
1.98	1.986812776	-0.8217748985	0	0.7044995756	-0.7097044089	0	0.7097044089	0.7044995756	0	0	0	1
1.99	1.990391773	-0.8178399774	0	0.720681408	-0.6932664049	0	0.6932664049	0.720681408	0	0	0	1
2	1.99429173	-0.8137625021	0	0.7374010811	-0.6754551396	0	0.6754551396	0.7374010811	0	0	0	1
2.01	1.998455577	-0.8094822164	0	0.7542881575	-0.6565435061	0	0.6565435061	0.7542881575	0	0	0	1
2.02	2.002761947	-0.80498727	0	0.7707931311	-0.6370855116	0	0.6370855116	0.7707931311	0	0	0	1
2.03	2.007032605	-0.800329526	0	0.7862574164	-0.6178990817	0	0.6178990817	0.7862574164	0	0	0	1
2.04	2.011062119	-0.7956278325	0	0.8000226605	-0.5999697848	0	0.5999697848	0.8000226605	0	0	0	1
2.05	2.014680506	-0.7910658729	0	0.8115174289	-0.5843282149	0	0.5843282149	0.8115174289	0	0	0	1
2.06	2.017980138	-0.7870420475	0	0.8196744218	-0.57282968	0	0.57282968	0.8196744218	0	0	0	1
2.07	2.021645842	-0.7842435438	0	0.8233126945	-0.5675880611	0	0.5675880611	0.8233126945	0	0	0	1
2.08	2.025631052	-0.7823298802	0	0.8246982098	-0.5655730392	0	0.5655730392	0.8246982098	0	0	0	1
2.09	2.029649968	-0.7808666933	0	0.825312064	-0.5646768961	0	0.5646768961	0.825312064	0	0	0	1
2.1	2.033558463	-0.7796280636	0	0.8257767861	-0.5639970741	0	0.5639970741	0.8257767861	0	0	0	1
2.11	2.037343288	-0.7784538579	0	0.8265687288	-0.5628357989	0	0.5628357989	0.8265687288	0	0	0	1
2.12	2.041111838	-0.7772341199	0	0.8281048182	-0.560573287	0	0.560573287	0.8281048182	0	0	0	1
2.13	2.045068179	-0.7759094278	0	0.8307833304	-0.5565959557	0	0.5565959557	0.8307833304	0	0	0	1
2.14	2.049895024	-0.7745381481	0	0.8332181488	-0.5529444064	0	0.5529444064	0.8332181488	0	0	0	1
2.15	2.05632859	-0.7728133169	0	0.8343879042	-0.5511776713	0	0.5511776713	0.8343879042	0	0	0	1
2.16	2.064672261	-0.7705922131	0	0.8353391813	-0.5497348926	0	0.5497348926	0.8353391813	0	0	0	1
2.17	2.075140313	-0.768514048	0	0.8350636346	-0.5501533661	0	0.5501533661	0.8350636346	0	0	0	1
2.18	2.087873113	-0.7669331402	0	0.8327518119	-0.5536464754	0	0.5536464754	0.8327518119	0	0	0	1
2.19	2.103197039	-0.7658355077	0	0.8277547793	-0.5610900332	0	0.5610900332	0.8277547793	0	0	0	1
2.2	2.12086575	-0.7658150036	0	0.8190921312	-0.5736619917	0	0.5736619917	0.8190921312	0	0	0	1
2.21	2.140259175	-0.7668583063	0	0.8065493383	-0.5911667826	0	0.5911667826	0.8065493383	0	0	0	1
2.22	2.160708081	-0.7679838532	0	0.7916223274	-0.6110107124	0	0.6110107124	0.7916223274	0	0	0	1
2.23	2.181579062	-0.7681670298	0	0.7763648622	-0.6302837463	0	0.6302837463	0.7763648622	0	0	0	1
2.24	2.202355145	-0.7670835062	0	0.7620495497	-0.6475187131	0	0.6475187131	0.7620495497	0	0	0	1
2.25	2.222732428	-0.7651708961	0	0.7487393773	-0.6628644997	0	0.6628644997	0.7487393773	0	0	0	1
2.26	2.242646799	-0.7632679127	0	0.7356437847	-0.6773686013	0	0.6773686013	0.7356437847	0	0	0	1
2.27	2.262237928	-0.7621843437	0	0.7214998715	-0.692414569	0	0.692414569	0.7214998715	0	0	0	1
2.28	2.281752296	-0.7622555523	0	0.7052103958	-0.7089980943	0	0.7089980943	0.7052103958	0	0	0	1
2.29	2.301466862	-0.7633812447	0	0.6863577416	-0.7272640858	0	0.7272640858	0.6863577416	0	0	0	1
2.3	2.321613049	-0.7654624996	0	0.664636189	-0.7471671408	0	0.7471671408	0.664636189	0	0	0	1
2.31	2.342321342	-0.7685456651	0	0.6395517852	-0.7687480173	0	0.7687480173	0.6395517852	0	0	0	1
2.32	2.363612548	-0.7726656887	0	0.6106671101	-0.7918874167	0	0.7918874167	0.6106671101	0	0	0	1
2.33	2.385410541	-0.7776958766	0	0.5779359007	-0.8160821617	0	0.8160821617	0.5779359007	0	0	0	1
2.34	2.40756581	-0.7833563486	0	0.5417689196	-0.8405274759	0	0.8405274759	0.5417689196	0	0	0	1
2.35	2.429900592	-0.7893418924	0	0.5027874915	-0.8644100522	0	0.8644100522	0.5027874915	0	0	0	1
2.36	2.452272403	-0.7954530164	0	0.4614695002	-0.8871560744	0	0.8871560744	0.4614695002	0	0	0	1
2.37	2.474636022	-0.8016533365	0	0.4179129171	-0.9084870906	0	0.9084870906	0.4179129171	0	0	0	1
2.38	2.49706853	-0.8080314156	0	0.3718584275	-0.9282894537	0	0.9282894537	0.3718584275	0	0	0	1
2.39	2.519749205	-0.8147128226	0	0.3229054856	-0.9464312164	0	0.9464312164	0.3229054856	0	0	0	1
2.4	2.542913567	-0.8217841688	0	0.2707550764	-0.9626482684	0	0.9626482684	0.2707550764	0	0	0	1
2.41	2.566811788	-0.829264352	0	0.2153470876	-0.9765375732	0	0.9765375732	0.2153470876	0	0	0	1
2.42	2.591685806	-0.8371112292	0	0.1568824985	-0.9876172749	0	0.9876172749	0.1568824985	0	0	0	1
2.43	2.617761637	-0.8452326127	0	0.09579429496	-0.9954011518	0	0.9954011518	0.09579429496	0	0	0	1
2.44	2.645242513	-0.8534815633	0	0.03271700651	-0.9994646554	0	0.9994646554	0.03271700651	0	0	0	1
2.45	2.674293513	-0.8616418924	0	-0.0315433845	-0.9995023836	0	0.9995023836	-0.0315433845	0	0	0	1
2.46	2.705015664	-0.8694212421	0	-0.09607329264	-0.9953742625	0	0.9953742625	-0.09607329264	0	0	0	1
2.47	2.737413394	-0.8764653235	0	-0.1599452733	-0.9871258833	0	0.9871258833	-0.1599452733	0	0	0	1
2.48	2.771358315	-0.8823950703	0	-0.2222992527	-0.974978483	0	0.974978483	-0.2222992527	0	0	0	1
2.49	2.806558315	-0.8868650153	0	-0.2823810058	-0.9593023338	0	0.9593023338	-0.2823810058	0	0	0	1
2.5	2.842550984	-0.8896353916	0	-0.3395460857	-0.9405894193	0	0.9405894193	-0.3395460857	0	0	0	1
2.51	2.878732776	-0.8906330671	0	-0.3932572628	-0.9194284775	0	0.9194284775	-0.3932572628	0	0	0	1
2.52	2.914405973	-0.8899755223	0	-0.4430365985	-0.8965035262	0	0.8965035262	-0.4430365985	0	0	0	1
2.53	2.948818496	-0.8879578689	0	-0.4883820537	-0.8726299156	0	0.8726299156	-0.4883820537	0	0	0	1
2.54	2.981206265	-0.8850243326	0	-0.5287105786	-0.8488021702	0	0.8488021702	-0.5287105786	0	0	0	1
2.55	3.010857781	-0.8817225955	0	-0.5634108031	-0.8261768981	0	0.8261768981	-0.5634108031	0	0	0	1
2.56	3.037176453	-0.8786356778	0	-0.5919363755	-0.8059846943	0	0.8059846943	-0.5919363755	0	0	0	1
2.57	3.059720924	-0.8763059079	0	-0.6138592725	-0.7894154759	0	0.7894154759	-0.6138592725	0	0	0	1
2.58	3.078233923	-0.8751658004	0	-0.6289089945	-0.7774789236	0	0.7774789236	-0.6289089945	0	0	0	1
2.59	3.092658515	-0.875488684	0	-0.6370046179	-0.7708599852	0	0.7708599852	-0.6370046179	0	0	0	1
2.6	3.103140011	-0.877371349	0	-0.6382679354	-0.769814291	0	0.769814291	-0.6382679354	0	0	0	1
2.61	3.110008394	-0.8807537993	0	-0.6330134732	-0.7741407771	0	0.7741407771	-0.6330134732	0	0	0	1
2.62	3.113747697	-0.8854649167	0	-0.6217373775	-0.783225787	0	0.783225787	-0.6217373775	0	0	0	1
2.63	3.114927924	-0.8912678149	0	-0.6050389368	-0.7961958835	0	0.7961958835	-0.6050389368	0	0	0	1
2.64	3.114195416	-0.8978686879	0	-0.5837805744	-0.8119114736	0	0.8119114736	-0.5837805744	0	0	0	1
2.65	3.11217324	-0.9050618818	0	-0.5589816747	-0.829180009	0	0.829180009	-0.5589816747	0	0	0	1
2.66	3.109226942	-0.9127757326	0	-0.5308350929	-0.8474751348	0	0.8474751348	-0.5308350929	0	0	0	1
2.67	3.105635902	-0.9209819332	0	-0.4992126857	-0.866479483	0	0.866479483	-0.4992126857	0	0	0	1
2.68	3.101784145	-0.9296700577	0	-0.4644217255	-0.8856141716	0	0.8856141716	-0.4644217255	0	0	0	1
2.69	3.098141615	-0.9388698492	0	-0.4272415161	-0.9041375376	0	0.9041375376	-0.4272415161	0	0	0	1
2.7	3.095160422	-0.9486587562	0	-0.388616866	-0.9213994419	0	0.9213994419	-0.388616866	0	0	0	1
2.71	3.09418155	-0.958965581	0	-0.352493882	-0.9358141179	0	0.9358141179	-0.352493882	0	0	0	1
2.72	3.094174149	-0.968331818	0	-0.3124152951	-0.9499456213	0	0.9499456213	-0.3124152951	0	0	0	1
2.73	3.094182454	-0.9768587704	0	-0.2686090155	-0.9632492911	0	0.9632492911	-0.2686090155	0	0	0	1
2.74	3.094186592	-0.9847670417	0	-0.2256631386	-0.9742053931	0	0.9742053931	-0.2256631386	0	0	0	1
2.75	3.094178591	-0.9918824369	0	-0.1840864374	-0.9829100587	0	0.9829100587	-0.1840864374	0	0	0	1
2.76	3.094138797	-0.9977259515	0	-0.1711140297	-0.9852512313	0	0.9852512313	-0.1711140297	0	0	0	1
2.77	3.094050631	-1.001896641	0	-0.1607250529	-0.9869992185	0	0.9869992185	-0.1607250529	0	0	0	1
2.78	3.093908667	-1.003701098	0	-0.1439974882	-0.9895780532	0	0.9895780532	-0.1439974882	0	0	0	1
2.79	3.093731661	-1.003148688	0	-0.1221826666	-0.9925076302	0	0.9925076302	-0.1221826666	0	0	0	1
2.8	3.093527852	-1.000696785	0	-0.09744561522	-0.9952408513	0	0.9952408513	-0.09744561522	0	0	0	1
2.81	3.093321665	-0.9968751506	0	-0.071466096	-0.9974430295	0	0.9974430295	-0.071466096	0	0	0	1
2.82	3.093147447	-0.9921438006	0	-0.04513944067	-0.998980696	0	0.998980696	-0.04513944067	0	0	0	1
2.83	3.093049211	-0.9869000498	0	-0.01891543381	-0.9998210872	0	0.9998210872	-0.01891543381	0	0	0	1
2.84	3.093083069	-0.9814360034	0	0.007112629071	-0.9999747049	0	0.9999747049	0.007112629071	0	0	0	1
2.85	3.093278365	-0.975775504	0	0.03373674306	-0.9994307541	0	0.9994307541	0.03373674306	0	0	0	1
2.86	3.093655335	-0.9700061451	0	0.06084413697	-0.9981472792	0	0.9981472792	0.06084413697	0	0	0	1
2.87	3.094203697	-0.9642392685	0	0.08772055473	-0.9961451221	0	0.9961451221	0.08772055473	0	0	0	1
2.88	3.094900652	-0.9585196	0	0.1139344047	-0.9934882744	0	0.9934882744	0.1139344047	0	0	0	1
2.89	3.095730886	-0.9528444867	0	0.139484565	-0.9902242454	0	0.9902242454	0.139484565	0	0	0	1
2.9	3.096689442	-0.9472036902	0	0.1645530783	-0.9863682296	0	0.9863682296	0.1645530783	0	0	0	1
2.91	3.097777202	-0.9415939829	0	0.1893234852	-0.9819147712	0	0.9819147712	0.1893234852	0	0	0	1
2.92	3.098999165	-0.936015266	0	0.2139568787	-0.9768431062	0	0.9768431062	0.2139568787	0	0	0	1
2.93	3.10036577	-0.9304627808	0	0.2386249526	-0.971111802	0	0.971111802	0.2386249526	0	0	0	1
2.94	3.101893781	-0.9249218373	0	0.2635199042	-0.9646539587	0	0.9646539587	0.2635199042	0	0	0	1
2.95	3.103604452	-0.9193678233	0	0.2888213145	-0.9573830207	0	0.9573830207	0.2888213145	0	0	0	1
2.96	3.105519076	-0.9137719705	0	0.3146434328	-0.94920994	0	0.94920994	0.3146434328	0	0	0	1
2.97	3.107653584	-0.9081097258	0	0.3409937582	-0.9400655599	0	0.9400655599	0.3409937582	0	0	0	1
2.98	3.110014316	-0.9023672851	0	0.3677649423	-0.9299187853	0	0.9299187853	0.3677649423	0	0	0	1
2.99	3.112596578	-0.8965436115	0	0.3947614568	-0.9187836482	0	0.9187836482	0.3947614568	0	0	0	1
3	3.11538575	-0.8906494403	0	0.4217422911	-0.9067157437	0	0.9067157437	0.4217422911	0	0	0	1
3.01	3.118359441	-0.8847060092	0	0.4484573496	-0.8938042323	0	0.8938042323	0.4484573496	0	0	0	1
3.02	3.121489252	-0.8787450078	0	0.4746672985	-0.8801653002	0	0.8801653002	0.4746672985	0	0	0	1
3.03	3.124741837	-0.8728089689	0	0.5001510463	-0.8659381796	0	0.8659381796	0.5001510463	0	0	0	1
3.04	3.128080306	-0.8669502778	0	0.5247132906	-0.8512790158	0	0.8512790158	0.5247132906	0	0	0	1
3.05	3.131467462	-0.8612271129	0	0.548200644	-0.8363468502	0	0.8363468502	0.548200644	0	0	0	1
3.06	3.134871012	-0.8556964239	0	0.5705234688	-0.8212812987	0	0.8212812987	0.5705234688	0	0	0	1
3.07	3.138269938	-0.850405156	0	0.5916764634	-0.806175516	0	0.806175516	0.5916764634	0	0	0	1
3.08	3.141660716	-0.8453813255	0	0.6117514794	-0.7910500158	0	0.7910500158	0.6117514794	0	0	0	1
3.09	3.14506087	-0.8406277503	0	0.6309321004	-0.7758380532	0	0.7758380532	0.6309321004	0	0	0	1
3.1	3.148507264	-0.8361212799	0	0.6494636601	-0.7603926316	0	0.7603926316	0.6494636601	0	0	0	1
3.11	3.152047717	-0.8318165081	0	0.6675989078	-0.7445211201	0	0.7445211201	0.6675989078	0	0	0	1
3.12	3.155729255	-0.8276530015	0	0.6855406031	-0.7280343959	0	0.7280343959	0.6855406031	0	0	0	1
3.13	3.159586729	-0.8235615578	0	0.7034001072	-0.7107941257	0	0.7107941257	0.7034001072	0	0	0	1
3.14	3.163633054	-0.8194723038	0	0.7211729114	-0.6927551024	0	0.6927551024	0.7211729114	0	0	0	1
3.15	3.167852261	-0.8153237238	0	0.7387336914	-0.6739974282	0	0.6739974282	0.7387336914	0	0	0	1
3.16	3.172196008	-0.811072136	0	0.7558493092	-0.654745616	0	0.654745616	0.7558493092	0	0	0	1
3.17	3.176583428	-0.806700461	0	0.7722042098	-0.6353744238	0	0.6353744238	0.7722042098	0	0	0	1
3.18	3.180906864	-0.8022258053	0	0.7874376732	-0.616394282	0	0.616394282	0.7874376732	0	0	0	1
3.19	3.185044578	-0.797704308	0	0.8011832124	-0.5984191342	0	0.5984191342	0.8011832124	0	0	0	1
3.2	3.188885573	-0.7932360186	0	0.8130907381	-0.5821369698	0	0.5821369698	0.8130907381	0	0	0	1
3.21	3.19242781	-0.7890342846	0	0.8225496438	-0.5686933123	0	0.5686933123	0.8225496438	0	0	0	1
3.22	3.196392004	-0.7858927942	0	0.827424689	-0.5615766947	0	0.5615766947	0.827424689	0	0	0	1
3.23	3.201133323	-0.7838781102	0	0.8288891344	-0.5594129092	0	0.5594129092	0.8288891344	0	0	0	1
3.24	3.20635499	-0.7825464714	0	0.8286782365	-0.5597252721	0	0.5597252721	0.8286782365	0	0	0	1
3.25	3.211781901	-0.781644246	0	0.8274712636	-0.5615080657	0	0.5615080657	0.8274712636	0	0	0	1
3.26	3.217206931	-0.780988491	0	0.8257346972	-0.5640586936	0	0.5640586936	0.8257346972	0	0	0	1
3.27	3.222511934	-0.7804090165	0	0.8240100734	-0.5665751485	0	0.5665751485	0.8240100734	0	0	0	1
3.28	3.227673179	-0.779776225	0	0.8228244468	-0.5682956359	0	0.5682956359	0.8228244468	0	0	0	1
3.29	3.23272704	-0.7790149992	0	0.8225834013	-0.5686444829	0	0.5686444829	0.8225834013	0	0	0	1
3.3	3.23788357	-0.7780595175	0	0.8242490533	-0.5662274262	0	0.5662274262	0.8242490533	0	0	0	1
3.31	3.243451865	-0.7772831994	0	0.8249638712	-0.5651854661	0	0.5651854661	0.8249638712	0	0	0	1
3.32	3.250152916	-0.7764042795	0	0.8240715332	-0.5664857529	0	0.5664857529	0.8240715332	0	0	0	1
3.33	3.258430425	-0.7745733361	0	0.8240438828	-0.566525974	0	0.566525974	0.8240438828	0	0	0	1
3.34	3.268586682	-0.772052297	0	0.8242113915	-0.566282246	0	0.566282246	0.8242113915	0	0	0	1
3.35	3.281055981	-0.7694035987	0	0.8229669682	-0.5680892264	0	0.5680892264	0.8229669682	0	0	0	1
3.36	3.296078249	-0.7675407771	0	0.818420272	-0.5746200992	0	0.5746200992	0.818420272	0	0	0	1
3.37	3.313238725	-0.7672079588	0	0.8093761578	-0.5872905883	0	0.5872905883	0.8093761578	0	0	0	1
3.38	3.33194236	-0.7678738207	0	0.7965461188	-0.6045777705	0	0.6045777705	0.7965461188	0	0	0	1
3.39	3.351557652	-0.7683536185	0	0.7820042971	-0.6232730375	0	0.6232730375	0.7820042971	0	0	0	1
3.4	3.371482196	-0.7678245298	0	0.7676775587	-0.6408363019	0	0.6408363019	0.7676775587	0	0	0	1
3.41	3.391250314	-0.7662527707	0	0.7544120205	-0.6564011756	0	0.6564011756	0.7544120205	0	0	0	1
3.42	3.410623368	-0.7642052274	0	0.7419908038	-0.6704100589	0	0.6704100589	0.7419908038	0	0	0	1
3.43	3.429594898	-0.7624591935	0	0.7295793978	-0.6838961195	0	0.6838961195	0.7295793978	0	0	0	1
3.44	3.448335666	-0.7616191777	0	0.7160070773	-0.6980930205	0	0.6980930205	0.7160070773	0	0	0	1
3.45	3.467089572	-0.7618112817	0	0.7005306261	-0.7136223384	0	0.7136223384	0.7005306261	0	0	0	1
3.46	3.486106431	-0.7629265689	0	0.6828541546	-0.7305547232	0	0.7305547232	0.6828541546	0	0	0	1
3.47	3.505567929	-0.7649548774	0	0.6625989582	-0.7489743791	0	0.7489743791	0.6625989582	0	0	0	1
3.48	3.525550257	-0.7679767575	0	0.639260259	-0.7689904559	0	0.7689904559	0.639260259	0	0	0	1
3.49	3.546025129	-0.7719864341	0	0.6125285029	-0.7904485013	0	0.7904485013	0.6125285029	0	0	0	1
3.5	3.566875506	-0.7768032705	0	0.58252145	-0.8128153298	0	0.8128153298	0.58252145	0	0	0	1
3.51	3.587925476	-0.7821333352	0	0.5497174002	-0.8353506927	0	0.8353506927	0.5497174002	0	0	0	1
3.52	3.608991545	-0.787703442	0	0.5146616299	-0.8573933792	0	0.8573933792	0.5146616299	0	0	0	1
3.53	3.629944936	-0.7933655267	0	0.4776614884	-0.8785439673	0	0.8785439673	0.4776614884	0	0	0	1
3.54	3.650759926	-0.7991209078	0	0.4386453705	-0.8986602467	0	0.8986602467	0.4386453705	0	0	0	1
3.55	3.671524023	-0.8050691767	0	0.3972411747	-0.9177142524	0	0.9177142524	0.3972411747	0	0	0	1
3.56	3.692411184	-0.8113293678	0	0.3529833987	-0.935629585	0	0.935629585	0.3529833987	0	0	0	1
3.57	3.713637898	-0.8179801776	0	0.3055179948	-0.9521863026	0	0.9521863026	0.3055179948	0	0	0	1
3.58	3.735428089	-0.825041243	0	0.2547149491	-0.9670161812	0	0.9670161812	0.2547149491	0	0	0	1
3.59	3.757993924	-0.8324800747	0	0.2006981976	-0.979653119	0	0.979653119	0.2006981976	0	0	0	1
3.6	3.781532997	-0.8402242627	0	0.1438287723	-0.9896025891	0	0.9896025891	0.1438287723	0	0	0	1
3.61	3.806229478	-0.8481629728	0	0.08467230163	-0.9964088525	0	0.9964088525	0.08467230163	0	0	0	1
3.62	3.832253814	-0.8561413782	0	0.02394644456	-0.9997132428	0	0.9997132428	0.02394644456	0	0	0	1
3.63	3.859757314	-0.8639557038	0	-0.03754840675	-0.9992948099	0	0.9992948099	-0.03754840675	0	0	0	1
3.64	3.888852842	-0.8713502441	0	-0.09901593053	-0.9950858483	0	0.9950858483	-0.09901593053	0	0	0	1
3.65	3.919580482	-0.8780227618	0	-0.1597158234	-0.987163034	0	0.987163034	-0.1597158234	0	0	0	1
3.66	3.951861641	-0.8836470869	0	-0.2189784904	-0.9757296863	0	0.9757296863	-0.2189784904	0	0	0	1
3.67	3.985462881	-0.8879229118	0	-0.2762067512	-0.9610982419	0	0.9610982419	-0.2762067512	0	0	0	1
3.68	4.019993149	-0.8906417566	0	-0.3308898655	-0.943669379	0	0.943669379	-0.3308898655	0	0	0	1
3.69	4.054931866	-0.8917364492	0	-0.3826047147	-0.9239121345	0	0.9239121345	-0.3826047147	0	0	0	1
3.7	4.08966075	-0.8912946614	0	-0.4309543562	-0.9023737268	0	0.9023737268	-0.4309543562	0	0	0	1
3.71	4.123486974	-0.889551456	0	-0.4754654508	-0.8797343946	0	0.8797343946	-0.4754654508	0	0	0	1
3.72	4.155691483	-0.8868751107	0	-0.5155713856	-0.8568466294	0	0.8568466294	-0.5155713856	0	0	0	1
3.73	4.185587748	-0.8837348299	0	-0.5506783401	-0.8347175365	0	0.8347175365	-0.5506783401	0	0	0	1
3.74	4.212575174	-0.8806489187	0	-0.5802327501	-0.8144507079	0	0.8144507079	-0.5802327501	0	0	0	1
3.75	4.236176243	-0.8781244496	0	-0.6037605164	-0.7971657537	0	0.7971657537	-0.6037605164	0	0	0	1
3.76	4.256069311	-0.8765961397	0	-0.6209154066	-0.7838775783	0	0.7838775783	-0.6209154066	0	0	0	1
3.77	4.272109509	-0.8763753951	0	-0.6315189647	-0.7753604305	0	0.7753604305	-0.6315189647	0	0	0	1
3.78	4.284336138	-0.8776222557	0	-0.6355769025	-0.7720375645	0	0.7720375645	-0.6355769025	0	0	0	1
3.79	4.292965151	-0.8803476913	0	-0.6332768789	-0.773925316	0	0.773925316	-0.6332768789	0	0	0	1
3.8	4.298366031	-0.8844440297	0	-0.6249776752	-0.7806426234	0	0.7806426234	-0.6249776752	0	0	0	1
3.81	4.301017702	-0.8897290428	0	-0.6111737497	-0.7914964609	0	0.7914964609	-0.6111737497	0	0	0	1
3.82	4.301460883	-0.8959524377	0	-0.5924689466	-0.805593289	0	0.805593289	-0.5924689466	0	0	0	1
3.83	4.300301304	-0.902869611	0	-0.5698252926	-0.8217658644	0	0.8217658644	-0.5698252926	0	0	0	1
3.84	4.297974943	-0.9103621853	0	-0.5437527282	-0.8392454769	0	0.8392454769	-0.5437527282	0	0	0	1
3.85	4.294749543	-0.9183842497	0	-0.5141294514	-0.8577126017	0	0.8577126017	-0.5141294514	0	0	0	1
3.86	4.29094911	-0.9269058525	0	-0.4810274141	-0.8767055531	0	0.8767055531	-0.4810274141	0	0	0	1
3.87	4.287013622	-0.9359259319	0	-0.4450312889	-0.8955150205	0	0.8955150205	-0.4450312889	0	0	0	1
3.88	4.283415409	-0.9454909723	0	-0.407024779	-0.9134171168	0	0.9134171168	-0.407024779	0	0	0	1
3.89	4.281143014	-0.955681152	0	-0.369998616	-0.9290323052	0	0.9290323052	-0.369998616	0	0	0	1
3.9	4.281123571	-0.9654182573	0	-0.3335923741	-0.9427174168	0	0.9427174168	-0.3335923741	0	0	0	1
3.91	4.281126371	-0.9741252256	0	-0.2913621282	-0.9566128319	0	0.9566128319	-0.2913621282	0	0	0	1
3.92	4.28113159	-0.9821630607	0	-0.2487725154	-0.968561942	0	0.968561942	-0.2487725154	0	0	0	1
3.93	4.281126401	-0.9894875233	0	-0.2076242035	-0.9782086639	0	0.9782086639	-0.2076242035	0	0	0	1
3.94	4.281098742	-0.9957300368	0	-0.1780671421	-0.9840183397	0	0.9840183397	-0.1780671421	0	0	0	1
3.95	4.281037626	-1.000543631	0	-0.1700188913	-0.9854408032	0	0.9854408032	-0.1700188913	0	0	0	1
3.96	4.280916815	-1.003302448	0	-0.1561316024	-0.9877362617	0	0.9877362617	-0.1561316024	0	0	0	1
3.97	4.280756336	-1.003675778	0	-0.1363452552	-0.9906613808	0	0.9906613808	-0.1363452552	0	0	0	1
3.98	4.280563683	-1.001967455	0	-0.1125939608	-0.9936410821	0	0.9936410821	-0.1125939608	0	0	0	1
3.99	4.280351173	-0.9987073964	0	-0.08693373601	-0.9962140962	0	0.9962140962	-0.08693373601	0	0	0	1
4	4.280151442	-0.9943875599	0	-0.06063930451	-0.9981597441	0	0.9981597441	-0.06063930451	0	0	0	1
4.01	4.280002988	-0.9894195304	0	-0.03434807692	-0.9994099307	0	0.9994099307	-0.03434807692	0	0	0	1
4.02	4.279959199	-0.9841552223	0	-0.00843338942	-0.9999644383	0	0.9999644383	-0.00843338942	0	0	0	1
4.03	4.280059645	-0.9787385593	0	0.01747359584	-0.9998473251	0	0.9998473251	0.01747359584	0	0	0	1
4.04	4.280327383	-0.97318428	0	0.04389938819	-0.9990359572	0	0.9990359572	0.04389938819	0	0	0	1
4.05	4.280765413	-0.9676059903	0	0.0703402286	-0.9975230585	0	0.9975230585	0.0703402286	0	0	0	1
4.06	4.281353031	-0.9620818854	0	0.09618840416	-0.9953631452	0	0.9953631452	0.09618840416	0	0	0	1
4.07	4.282069273	-0.9566227823	0	0.1212745173	-0.9926190062	0	0.9926190062	0.1212745173	0	0	0	1
4.08	4.282904746	-0.9512114414	0	0.1457577095	-0.9893203172	0	0.9893203172	0.1457577095	0	0	0	1
4.09	4.283859079	-0.9458332993	0	0.1698694002	-0.9854665833	0	0.9854665833	0.1698694002	0	0	0	1
4.1	4.284936683	-0.9404810602	0	0.19380685	-0.9810397061	0	0.9810397061	0.19380685	0	0	0	1
4.11	4.286146314	-0.9351479646	0	0.2177476365	-0.9760051059	0	0.9760051059	0.2177476365	0	0	0	1
4.12	4.287502205	-0.9298209848	0	0.2418782514	-0.9703066069	0	0.9703066069	0.2418782514	0	0	0	1
4.13	4.289023687	-0.9244778634	0	0.2663859877	-0.9638664355	0	0.9638664355	0.2663859877	0	0	0	1
4.14	4.290732342	-0.9190894991	0	0.2914191953	-0.9565954488	0	0.9565954488	0.2914191953	0	0	0	1
4.15	4.292647541	-0.9136266118	0	0.3170433106	-0.9484110603	0	0.9484110603	0.3170433106	0	0	0	1
4.16	4.294782046	-0.9080670274	0	0.3432176209	-0.9392559101	0	0.9392559101	0.3432176209	0	0	0	1
4.17	4.297139457	-0.9023999388	0	0.369805172	-0.9291093233	0	0.9291093233	0.369805172	0	0	0	1
4.18	4.299714112	-0.8966263448	0	0.3966060086	-0.9179889291	0	0.9179889291	0.3966060086	0	0	0	1
4.19	4.302492606	-0.8907579872	0	0.4233949406	-0.9059452104	0	0.9059452104	0.4233949406	0	0	0	1
4.2	4.305455301	-0.8848170283	0	0.4499451747	-0.8930561795	0	0.8930561795	0.4499451747	0	0	0	1
4.21	4.308577076	-0.8788367596	0	0.4760375354	-0.8794249626	0	0.8794249626	0.4760375354	0	0	0	1
4.22	4.311827384	-0.8728622793	0	0.5014617061	-0.865179841	0	0.865179841	0.5014617061	0	0	0	1
4.23	4.315171151	-0.8669493313	0	0.526023286	-0.8504701656	0	0.8504701656	0.526023286	0	0	0	1
4.24	4.318571846	-0.8611598578	0	0.5495618213	-0.8354530535	0	0.8354530535	0.5495618213	0	0	0	1
4.25	4.321996659	-0.8555547927	0	0.5719747573	-0.8202712216	0	0.8202712216	0.5719747573	0	0	0	1
4.26	4.325423077	-0.8501851432	0	0.5932409688	-0.8050249393	0	0.8050249393	0.5932409688	0	0	0	1
4.27	4.328845587	-0.8450827848	0	0.6134368354	-0.7897437869	0	0.7897437869	0.6134368354	0	0	0	1
4.28	4.332279672	-0.8402541772	0	0.6327329382	-0.7743700852	0	0.7743700852	0.6327329382	0	0	0	1
4.29	4.335760175	-0.8356795362	0	0.6513637438	-0.7587656248	0	0.7587656248	0.6513637438	0	0	0	1
4.3	4.339333006	-0.8313170076	0	0.6695730437	-0.7427462145	0	0.7427462145	0.6695730437	0	0	0	1
4.31	4.343043946	-0.8271085486	0	0.6875596659	-0.7261278853	0	0.7261278853	0.6875596659	0	0	0	1
4.32	4.34692738	-0.8229865644	0	0.705435548	-0.7087740737	0	0.7087740737	0.705435548	0	0	0	1
4.33	4.350996528	-0.818881893	0	0.7232005877	-0.6906380455	0	0.6906380455	0.7232005877	0	0	0	1
4.34	4.355236391	-0.8147327355	0	0.7407365521	-0.6717956239	0	0.6717956239	0.7407365521	0	0	0	1
4.35	4.359599851	-0.8104941034	0	0.7578180891	-0.6524658948	0	0.6524658948	0.7578180891	0	0	0	1
4.36	4.364007896	-0.8061464993	0	0.774138581	-0.6330161589	0	0.6330161589	0.774138581	0	0	0	1
4.37	4.3683544	-0.8017036714	0	0.7893444685	-0.6139505762	0	0.6139505762	0.7893444685	0	0	0	1
4.38	4.372518929	-0.797217761	0	0.8030748437	-0.5958781716	0	0.5958781716	0.8030748437	0	0	0	1
4.39	4.376390958	-0.7927846097	0	0.8149825437	-0.5794855076	0	0.5794855076	0.8149825437	0	0	0	1
4.4	4.379968461	-0.7886150073	0	0.8244518967	-0.5659320366	0	0.5659320366	0.8244518967	0	0	0	1
4.41	4.383971823	-0.7855021665	0	0.8293490291	-0.5587308726	0	0.5587308726	0.8293490291	0	0	0	1
4.42	4.388751763	-0.7835093678	0	0.8308366746	-0.5565163251	0	0.5565163251	0.8308366746	0	0	0	1
4.43	4.39401951	-0.7822004122	0	0.8306131781	-0.5568498437	0	0.5568498437	0.8306131781	0	0	0	1
4.44	4.399505106	-0.7813253852	0	0.8293459881	-0.5587353864	0	0.5587353864	0.8293459881	0	0	0	1
4.45	4.405001948	-0.7807021987	0	0.8275006555	-0.5614647497	0	0.5614647497	0.8275006555	0	0	0	1
4.46	4.41038843	-0.7801602495	0	0.8256218645	-0.5642238358	0	0.5642238358	0.8256218645	0	0	0	1
4.47	4.415634345	-0.7795682273	0	0.8242448308	-0.5662335728	0	0.5662335728	0.8242448308	0	0	0	1
4.48	4.420768637	-0.7788483233	0	0.8237882534	-0.5668976217	0	0.5668976217	0.8237882534	0	0	0	1
4.49	4.425999368	-0.7779318532	0	0.8252733559	-0.5647334664	0	0.5647334664	0.8252733559	0	0	0	1
4.5	4.431594069	-0.7771953118	0	0.8258043151	-0.5639567654	0	0.5639567654	0.8258043151	0	0	0	1
4.51	4.438270819	-0.7763328085	0	0.8247586234	-0.5654849362	0	0.5654849362	0.8247586234	0	0	0	1
4.52	4.446478867	-0.7744490882	0	0.8246957536	-0.5655766208	0	0.5655766208	0.8246957536	0	0	0	1
4.53	4.456528557	-0.7717886478	0	0.8249680013	-0.5651794378	0	0.5651794378	0.8249680013	0	0	0	1
4.54	4.46886575	-0.7689308344	0	0.8239392106	-0.5666781955	0	0.5666781955	0.8239392106	0	0	0	1
4.55	4.483757544	-0.7668101625	0	0.8196917627	-0.5728048657	0	0.5728048657	0.8196917627	0	0	0	1
4.56	4.500809913	-0.7662336732	0	0.8109583477	-0.5851038868	0	0.5851038868	0.8109583477	0	0	0	1
4.57	4.519445379	-0.7667294108	0	0.7983628835	-0.6021766404	0	0.6021766404	0.7983628835	0	0	0	1
4.58	4.539049814	-0.7671433658	0	0.7839140672	-0.6208693383	0	0.6208693383	0.7839140672	0	0	0	1
4.59	4.559030991	-0.7666554767	0	0.7695080878	-0.6386370666	0	0.6386370666	0.7695080878	0	0	0	1
4.6	4.578920467	-0.7652157052	0	0.7559992178	-0.654572519	0	0.654572519	0.7559992178	0	0	0	1
4.61	4.59846467	-0.7633631172	0	0.7432123016	-0.669055659	0	0.669055659	0.7432123016	0	0	0	1
4.62	4.617636103	-0.7618408206	0	0.7303725159	-0.6830490378	0	0.6830490378	0.7303725159	0	0	0	1
4.63	4.636585583	-0.7612141287	0	0.716372273	-0.6977182572	0	0.6977182572	0.716372273	0	0	0	1
4.64	4.655543556	-0.7615771293	0	0.7005262474	-0.7136266368	0	0.7136266368	0.7005262474	0	0	0	1
4.65	4.674753943	-0.7628115279	0	0.6825589466	-0.7308305442	0	0.7308305442	0.6825589466	0	0	0	1
4.66	4.694399687	-0.7649170661	0	0.6620732763	-0.7494391082	0	0.7494391082	0.6620732763	0	0	0	1
4.67	4.714564538	-0.7679929004	0	0.6385220889	-0.7696034966	0	0.7696034966	0.6385220889	0	0	0	1
4.68	4.735231188	-0.7720522735	0	0.6115458728	-0.7912089771	0	0.7912089771	0.6115458728	0	0	0	1
4.69	4.75629301	-0.7769286566	0	0.5812189853	-0.8137471912	0	0.8137471912	0.5812189853	0	0	0	1
4.7	4.777580307	-0.7823347388	0	0.5479928266	-0.8364830315	0	0.8364830315	0.5479928266	0	0	0	1
4.71	4.798909896	-0.7879967699	0	0.5124061959	-0.858743204	0	0.858743204	0.5124061959	0	0	0	1
4.72	4.820146417	-0.7937600131	0	0.4747817824	-0.8801035502	0	0.8801035502	0.4747817824	0	0	0	1
4.73	4.841254427	-0.7996179339	0	0.4350741945	-0.9003946053	0	0.9003946053	0.4350741945	0	0	0	1
4.74	4.862310971	-0.8056632145	0	0.3929417055	-0.9195633834	0	0.9195633834	0.3929417055	0	0	0	1
4.75	4.883482513	-0.8120112435	0	0.3479442184	-0.9375152377	0	0.9375152377	0.3479442184	0	0	0	1
4.76	4.904982908	-0.8187402505	0	0.2997454222	-0.9540192251	0	0.9540192251	0.2997454222	0	0	0	1
4.77	4.927038556	-0.8258716476	0	0.2482257519	-0.9687022123	0	0.9687022123	0.2482257519	0	0	0	1
4.78	4.949870235	-0.8333764202	0	0.193512241	-0.9810978609	0	0.9810978609	0.193512241	0	0	0	1
4.79	4.973687236	-0.8411839147	0	0.1359677912	-0.9907132581	0	0.9907132581	0.1359677912	0	0	0	1
4.8	4.998686142	-0.8491811456	0	0.07616319108	-0.9970953657	0	0.9970953657	0.07616319108	0	0	0	1
4.81	5.025047666	-0.8572057844	0	0.0148313311	-0.9998900098	0	0.9998900098	0.0148313311	0	0	0	1
4.82	5.052925676	-0.865039581	0	-0.04720656091	-0.9988851489	0	0.9988851489	-0.04720656091	0	0	0	1
4.83	5.082424912	-0.8724078108	0	-0.109122817	-0.9940282747	0	0.9940282747	-0.109122817	0	0	0	1
4.84	5.11356348	-0.8789892365	0	-0.1701420593	-0.985419545	0	0.985419545	-0.1701420593	0	0	0	1
4.85	5.146227892	-0.8844466409	0	-0.2295629782	-0.9732938092	0	0.9732938092	-0.2295629782	0	0	0	1
4.86	5.180143243	-0.8884842234	0	-0.2867684391	-0.9579999281	0	0.9579999281	-0.2867684391	0	0	0	1
4.87	5.214879264	-0.8909153129	0	-0.3412436187	-0.9399748894	0	0.9399748894	-0.3412436187	0	0	0	1
4.88	5.24988472	-0.8917063047	0	-0.3925709362	-0.9197217297	0	0.9197217297	-0.3925709362	0	0	0	1
4.89	5.284518777	-0.8909823546	0	-0.440352277	-0.8978250788	0	0.8978250788	-0.440352277	0	0	0	1
4.9	5.318079852	-0.8890149984	0	-0.4841116064	-0.8750062586	0	0.8750062586	-0.4841116064	0	0	0	1
4.91	5.34984992	-0.8862035184	0	-0.5232780113	-0.8521620285	0	0.8521620285	-0.5232780113	0	0	0	1
4.92	5.379158374	-0.8830377264	0	-0.5572694119	-0.8303317425	0	0.8303317425	-0.5572694119	0	0	0	1
4.93	5.4054333	-0.8800416812	0	-0.5855609435	-0.8106283867	0	0.8106283867	-0.5855609435	0	0	0	1
4.94	5.428233935	-0.8777124369	0	-0.6077142458	-0.7941557753	0	0.7941557753	-0.6077142458	0	0	0	1
4.95	5.447280215	-0.8764608791	0	-0.6234236185	-0.7818842574	0	0.7818842574	-0.6234236185	0	0	0	1
4.96	5.462472427	-0.8765649174	0	-0.6325579036	-0.7745130719	0	0.7745130719	-0.6325579036	0	0	0	1
4.97	5.473894439	-0.8781486448	0	-0.635170579	-0.7723718894	0	0.7723718894	-0.635170579	0	0	0	1
4.98	5.481802378	-0.8811920202	0	-0.6314947508	-0.7753801517	0	0.7753801517	-0.6314947508	0	0	0	1
4.99	5.486596549	-0.8855668806	0	-0.6219282474	-0.7830742334	0	0.7830742334	-0.6219282474	0	0	0	1
5	5.488773995	-0.8910778032	0	-0.606989621	-0.7947097583	0	0.7947097583	-0.606989621	0	0	0	1
5.01	5.488893209	-0.8974638227	0	-0.5873549887	-0.8093294244	0	0.8093294244	-0.5873549887	0	0	0	1
5.02	5.487545076	-0.9045056183	0	-0.5639916032	-0.8257805226	0	0.8257805226	-0.5639916032	0	0	0	1
5.03	5.485108374	-0.912110981	0	-0.5372182235	-0.8434432882	0	0.8434432882	-0.5372182235	0	0	0	1
5.04	5.481842016	-0.9202408316	0	-0.5068843723	-0.8620140562	0	0.8620140562	-0.5068843723	0	0	0	1
5.05	5.478092845	-0.9288702922	0	-0.4731683765	-0.8809720129	0	0.8809720129	-0.4731683765	0	0	0	1
5.06	5.474312751	-0.9380083454	0	-0.4367428414	-0.8995863997	0	0.8995863997	-0.4367428414	0	0	0	1
5.07	5.470963653	-0.9477118462	0	-0.3985115628	-0.9171633084	0	0.9171633084	-0.3985115628	0	0	0	1
5.08	5.469469284	-0.9579826562	0	-0.362704877	-0.9319040574	0	0.9319040574	-0.362704877	0	0	0	1
5.09	5.4694569	-0.9674411666	0	-0.3244803445	-0.9458924389	0	0.9458924389	-0.3244803445	0	0	0	1
5.1	5.469462235	-0.975988185	0	-0.2817416534	-0.9594903026	0	0.9594903026	-0.2817416534	0	0	0	1
5.11	5.469465962	-0.9838885068	0	-0.2394599389	-0.9709062456	0	0.9709062456	-0.2394599389	0	0	0	1
5.12	5.469458135	-0.9910195363	0	-0.1985244714	-0.9800959312	0	0.9800959312	-0.1985244714	0	0	0	1
5.13	5.469423705	-0.9969602759	0	-0.176509452	-0.9842989451	0	0.9842989451	-0.176509452	0	0	0	1
5.14	5.469350162	-1.001381907	0	-0.1675209174	-0.9858685218	0	0.9858685218	-0.1675209174	0	0	0	1
5.15	5.469218917	-1.003603899	0	-0.1522203115	-0.9883465874	0	0.9883465874	-0.1522203115	0	0	0	1
5.16	5.469051579	-1.00346639	0	-0.1313550512	-0.9913353875	0	0.9913353875	-0.1313550512	0	0	0	1
5.17	5.468852877	-1.001360251	0	-0.1070314592	-0.9942556345	0	0.9942556345	-0.1070314592	0	0	0	1
5.18	5.468640455	-0.9978212209	0	-0.08115368989	-0.9967015996	0	0.9967015996	-0.08115368989	0	0	0	1
5.19	5.468448917	-0.9933224475	0	-0.05482229755	-0.998496127	0	0.998496127	-0.05482229755	0	0	0	1
5.2	5.468318818	-0.9882611446	0	-0.02858736269	-0.9995912978	0	0.9995912978	-0.02858736269	0	0	0	1
5.21	5.468306052	-0.9829661076	0	-0.002755326855	-0.9999962041	0	0.9999962041	-0.002755326855	0	0	0	1
5.22	5.468442567	-0.9775160447	0	0.02326203866	-0.9997294022	0	0.9997294022	0.02326203866	0	0	0	1
5.23	5.468749598	-0.9719509157	0	0.04974339433	-0.9987620311	0	0.9987620311	0.04974339433	0	0	0	1
5.24	5.469223168	-0.966385957	0	0.07607503441	-0.9971020956	0	0.9971020956	0.07607503441	0	0	0	1
5.25	5.469840385	-0.9608829611	0	0.101728323	-0.9948122176	0	0.9948122176	0.101728323	0	0	0	1
5.26	5.470582426	-0.9554422799	0	0.1266315551	-0.9919498219	0	0.9919498219	0.1266315551	0	0	0	1
5.27	5.471442397	-0.950045364	0	0.1509813699	-0.9885366083	0	0.9885366083	0.1509813699	0	0	0	1
5.28	5.472421363	-0.9446792754	0	0.1750082375	-0.9845669692	0	0.9845669692	0.1750082375	0	0	0	1
5.29	5.473524837	-0.9393373414	0	0.198905026	-0.9800187706	0	0.9800187706	0.198905026	0	0	0	1
5.3	5.474762915	-0.9340117997	0	0.2228513875	-0.9748524294	0	0.9748524294	0.2228513875	0	0	0	1
5.31	5.476151233	-0.9286876189	0	0.2470362973	-0.9690062269	0	0.9690062269	0.2470362973	0	0	0	1
5.32	5.477710021	-0.9233405937	0	0.2716416101	-0.9623984807	0	0.9623984807	0.2716416101	0	0	0	1
5.33	5.479460716	-0.9179410113	0	0.2967984867	-0.9549401334	0	0.9549401334	0.2967984867	0	0	0	1
5.34	5.481421382	-0.912460789	0	0.3225467979	-0.9465535184	0	0.9465535184	0.3225467979	0	0	0	1
5.35	5.483602628	-0.9068803448	0	0.3488196563	-0.9371898673	0	0.9371898673	0.3488196563	0	0	0	1
5.36	5.486005703	-0.9011918328	0	0.3754611896	-0.926838117	0	0.926838117	0.3754611896	0	0	0	1
5.37	5.488622936	-0.8953989154	0	0.4022626612	-0.9155243041	0	0.9155243041	0.4022626612	0	0	0	1
5.38	5.491439391	-0.8895157209	0	0.4289976734	-0.903305594	0	0.903305594	0.4289976734	0	0	0	1
5.39	5.494434305	-0.8835667688	0	0.4554426598	-0.8902651198	0	0.8902651198	0.4554426598	0	0	0	1
5.4	5.497581659	-0.8775877077	0	0.4813829639	-0.8765103776	0	0.8765103776	0.4813829639	0	0	0	1
5.41	5.500850048	-0.8716260417	0	0.5066128237	-0.8621736756	0	0.8621736756	0.5066128237	0	0	0	1
5.42	5.504204177	-0.8657390075	0	0.5309458855	-0.8474057273	0	0.8474057273	0.5309458855	0	0	0	1
5.43	5.507608249	-0.8599886148	0	0.554233943	-0.8323609412	0	0.8323609412	0.554233943	0	0	0	1
5.44	5.511031373	-0.8544341696	0	0.5763908	-0.8171741832	0	0.8171741832	0.5763908	0	0	0	1
5.45	5.514454296	-0.8491231008	0	0.5974150086	-0.8019322338	0	0.8019322338	0.5974150086	0	0	0	1
5.46	5.517875678	-0.8440822087	0	0.6174025295	-0.7866473902	0	0.7866473902	0.6174025295	0	0	0	1
5.47	5.521315092	-0.839312469	0	0.636538454	-0.7712449653	0	0.7712449653	0.636538454	0	0	0	1
5.48	5.524810112	-0.834789206	0	0.6550617704	-0.7555753284	0	0.7555753284	0.6550617704	0	0	0	1
5.49	5.528407239	-0.8304667885	0	0.673209675	-0.7394516438	0	0.7394516438	0.673209675	0	0	0	1
5.5	5.532150471	-0.8262847559	0	0.6911648193	-0.7226971652	0	0.7226971652	0.6911648193	0	0	0	1
5.51	5.53607039	-0.8221746117	0	0.709017186	-0.705191201	0	0.705191201	0.709017186	0	0	0	1
5.52	5.54017491	-0.8180679888	0	0.7267427481	-0.6869097307	0	0.6869097307	0.7267427481	0	0	0	1
5.53	5.544442795	-0.81390578	0	0.7442007172	-0.6679560559	0	0.6679560559	0.7442007172	0	0	0	1
5.54	5.548820507	-0.8096474673	0	0.7611477285	-0.6485785499	0	0.6485785499	0.7611477285	0	0	0	1
5.55	5.553223099	-0.8052797419	0	0.7772652621	-0.6291730384	0	0.6291730384	0.7772652621	0	0	0	1
5.56	5.55754051	-0.8008237189	0	0.7921959864	-0.6102667606	0	0.6102667606	0.7921959864	0	0	0	1
5.57	5.561651914	-0.7963397338	0	0.8055816524	-0.5924847688	0	0.5924847688	0.8055816524	0	0	0	1
5.58	5.56545414	-0.7919340952	0	0.8170741712	-0.5765325653	0	0.5765325653	0.8170741712	0	0	0	1
5.59	5.56903043	-0.7879009778	0	0.8257772526	-0.5639963911	0	0.5639963911	0.8257772526	0	0	0	1
5.6	5.573198928	-0.7850478725	0	0.829792235	-0.5580724386	0	0.5580724386	0.829792235	0	0	0	1
5.61	5.578099536	-0.7832212847	0	0.8308392164	-0.5565125305	0	0.5565125305	0.8308392164	0	0	0	1
5.62	5.583428525	-0.7820152765	0	0.8303620647	-0.5572242291	0	0.5572242291	0.8303620647	0	0	0	1
5.63	5.588928156	-0.7812053458	0	0.8289324734	-0.5593486878	0	0.5593486878	0.8289324734	0	0	0	1
5.64	5.594405757	-0.7806114256	0	0.8270288661	-0.5621594565	0	0.5621594565	0.8270288661	0	0	0	1
5.65	5.599758727	-0.7800679927	0	0.8252055655	-0.5648325191	0	0.5648325191	0.8252055655	0	0	0	1
5.66	5.604971644	-0.779454322	0	0.8239810495	-0.5666173577	0	0.5666173577	0.8239810495	0	0	0	1
5.67	5.610084021	-0.7787000608	0	0.8237600881	-0.566938548	0	0.566938548	0.8237600881	0	0	0	1
5.68	5.615358988	-0.7777707077	0	0.8255575244	-0.5643179724	0	0.5643179724	0.8255575244	0	0	0	1
5.69	5.621086471	-0.7770823722	0	0.8255276529	-0.5643616698	0	0.5643616698	0.8255276529	0	0	0	1
5.7	5.628025122	-0.7760494799	0	0.8246038393	-0.5657106223	0	0.5657106223	0.8246038393	0	0	0	1
5.71	5.63655296	-0.7739503148	0	0.8247434119	-0.5655071216	0	0.5655071216	0.8247434119	0	0	0	1
5.72	5.64698704	-0.7711889168	0	0.8249350622	-0.5652275145	0	0.5652275145	0.8249350622	0	0	0	1
5.73	5.659821435	-0.7683578325	0	0.8234404517	-0.5674026987	0	0.5674026987	0.8234404517	0	0	0	1
5.74	5.675167957	-0.766502116	0	0.8183728984	-0.5746875666	0	0.5746875666	0.8183728984	0	0	0	1
5.75	5.692570495	-0.7662047466	0	0.8087671392	-0.5881289948	0	0.5881289948	0.8087671392	0	0	0	1
5.76	5.711439377	-0.7667738267	0	0.7956275342	-0.605786123	0	0.605786123	0.7956275342	0	0	0	1
5.77	5.731159785	-0.7670513194	0	0.7810568159	-0.6244599669	0	0.6244599669	0.7810568159	0	0	0	1
5.78	5.75115468	-0.7663601862	0	0.7667844555	-0.6419046649	0	0.6419046649	0.7667844555	0	0	0	1
5.79	5.770992731	-0.7647942381	0	0.7534360977	-0.6575211378	0	0.6575211378	0.7534360977	0	0	0	1
5.8	5.790465613	-0.7629623323	0	0.7406862859	-0.6718510444	0	0.6718510444	0.7406862859	0	0	0	1
5.81	5.80958706	-0.7616026249	0	0.7276738064	-0.6859233422	0	0.6859233422	0.7276738064	0	0	0	1
5.82	5.828529535	-0.761192808	0	0.7133110151	-0.7008476266	0	0.7008476266	0.7133110151	0	0	0	1
5.83	5.84753167	-0.7617476277	0	0.6970407038	-0.7170315595	0	0.7170315595	0.6970407038	0	0	0	1
5.84	5.866830596	-0.7631564708	0	0.6785948045	-0.7345128258	0	0.7345128258	0.6785948045	0	0	0	1
5.85	5.886591163	-0.7654520886	0	0.6575269658	-0.7534310116	0	0.7534310116	0.6575269658	0	0	0	1
5.86	5.906876659	-0.7687322564	0	0.6332948166	-0.7739106378	0	0.7739106378	0.6332948166	0	0	0	1
5.87	5.927650981	-0.7729773865	0	0.6056122073	-0.7957599226	0	0.7957599226	0.6056122073	0	0	0	1
5.88	5.948792025	-0.7779883565	0	0.574642252	-0.8184047178	0	0.8184047178	0.574642252	0	0	0	1
5.89	5.970122406	-0.7834695013	0	0.5408803608	-0.8410995395	0	0.8410995395	0.5408803608	0	0	0	1
5.9	5.99146258	-0.7891640655	0	0.5048445395	-0.863210282	0	0.863210282	0.5048445395	0	0	0	1
5.91	6.01269316	-0.7949472503	0	0.4667897524	-0.8843683209	0	0.8843683209	0.4667897524	0	0	0	1
5.92	6.033800428	-0.8008376753	0	0.4266008934	-0.9044399802	0	0.9044399802	0.4266008934	0	0	0	1
5.93	6.054881581	-0.8069387874	0	0.3838990213	-0.9233750817	0	0.9233750817	0.3838990213	0	0	0	1
5.94	6.076115646	-0.8133620417	0	0.3382516397	-0.9410556988	0	0.9410556988	0.3382516397	0	0	0	1
5.95	6.097721264	-0.8201748512	0	0.2893599738	-0.9572203537	0	0.9572203537	0.2893599738	0	0	0	1
5.96	6.119924853	-0.8273878441	0	0.2371530578	-0.9714722987	0	0.9714722987	0.2371530578	0	0	0	1
5.97	6.142945525	-0.8349633649	0	0.1818061214	-0.9833343959	0	0.9833343959	0.1818061214	0	0	0	1
5.98	6.166991307	-0.8428230583	0	0.1237263668	-0.992316374	0	0.992316374	0.1237263668	0	0	0	1
5.99	6.192257013	-0.8508444788	0	0.0635220312	-0.9979804365	0	0.9979804365	0.0635220312	0	0	0	1
6	6.218919298	-0.8588535298	0	0.001950353937	-0.9999980981	0	0.9999980981	0.001950353937	0	0	0	1
6.01	6.2471252	-0.8666198367	0	-0.0601561866	-0.9981889767	0	0.9981889767	-0.0601561866	0	0	0	1
6.02	6.276965283	-0.8738568646	0	-0.1219751324	-0.9925331567	0	0.9925331567	-0.1219751324	0	0	0	1
6.03	6.308433663	-0.8802356353	0	-0.1827424813	-0.9831608137	0	0.9831608137	-0.1827424813	0	0	0	1
6.04	6.341383987	-0.8854211766	0	-0.2417699505	-0.9703335978	0	0.9703335978	-0.2417699505	0	0	0	1
6.05	6.375506146	-0.8891347638	0	-0.2984579023	-0.9544227997	0	0.9544227997	-0.2984579023	0	0	0	1
6.06	6.410340922	-0.8912197881	0	-0.3523139113	-0.9358818878	0	0.9358818878	-0.3523139113	0	0	0	1
6.07	6.445315374	-0.8916769793	0	-0.4029335579	-0.9152292324	0	0.9152292324	-0.4029335579	0	0	0	1
6.08	6.479773873	-0.8906641669	0	-0.4499104406	-0.8930736786	0	0.8930736786	-0.4499104406	0	0	0	1
6.09	6.513006282	-0.8884823953	0	-0.4927447273	-0.8701739101	0	0.8701739101	-0.4927447273	0	0	0	1
6.1	6.544299609	-0.8855544531	0	-0.5308572674	-0.8474612449	0	0.8474612449	-0.5308572674	0	0	0	1
6.11	6.573002152	-0.8823824272	0	-0.5636779449	-0.8259946576	0	0.8259946576	-0.5636779449	0	0	0	1
6.12	6.598567712	-0.8794895533	0	-0.5906979755	-0.8068927449	0	0.8068927449	-0.5906979755	0	0	0	1
6.13	6.620587552	-0.877359132	0	-0.6115026778	-0.7912423618	0	0.7912423618	-0.6115026778	0	0	0	1
6.14	6.638819567	-0.8763766557	0	-0.6258226912	-0.7799653577	0	0.7799653577	-0.6258226912	0	0	0	1
6.15	6.6532036	-0.8767878889	0	-0.633566871	-0.7736879345	0	0.7736879345	-0.633566871	0	0	0	1
6.16	6.663861599	-0.8786844937	0	-0.6348278258	-0.7726536298	0	0.7726536298	-0.6348278258	0	0	0	1
6.17	6.671083236	-0.8820199725	0	-0.6298755334	-0.7766960875	0	0.7766960875	-0.6298755334	0	0	0	1
6.18	6.675293862	-0.8866497009	0	-0.6191396435	-0.7852809063	0	0.7852809063	-0.6191396435	0	0	0	1
6.19	6.677001877	-0.8923649273	0	-0.6031521773	-0.7976261349	0	0.7976261349	-0.6031521773	0	0	0	1
6.2	6.676784009	-0.8988995782	0	-0.5826746257	-0.8127055313	0	0.8127055313	-0.5826746257	0	0	0	1
6.21	6.67520169	-0.9060617593	0	-0.5586146764	-0.8294272984	0	0.8294272984	-0.5586146764	0	0	0	1
6.22	6.672587477	-0.9137781917	0	-0.531123091	-0.8472946726	0	0.8472946726	-0.531123091	0	0	0	1
6.23	6.669205575	-0.9220131682	0	-0.5000666736	-0.8659869064	0	0.8659869064	-0.5000666736	0	0	0	1
6.24	6.665429052	-0.9307468021	0	-0.4657353916	-0.8849240335	0	0.8849240335	-0.4657353916	0	0	0	1
6.25	6.661719538	-0.9399977093	0	-0.4288747132	-0.90336398	0	0.90336398	-0.4288747132	0	0	0	1
6.26	6.658527412	-0.9498320821	0	-0.3903971121	-0.9206465635	0	0.9206465635	-0.3903971121	0	0	0	1
6.27	6.657645148	-0.9600775263	0	-0.3553971976	-0.9347153748	0	0.9347153748	-0.3553971976	0	0	0	1
6.28	6.657638128	-0.9692990034	0	-0.3157207487	-0.9488521533	0	0.9488521533	-0.3157207487	0	0	0	1
6.29	6.657644592	-0.9777031653	0	-0.2728008585	-0.9620705232	0	0.9620705232	-0.2728008585	0	0	0	1
6.3	6.657646272	-0.9854628458	0	-0.2308593193	-0.97298714	0	0.97298714	-0.2308593193	0	0	0	1
6.31	6.657636007	-0.9923935958	0	-0.1900947513	-0.9817657488	0	0.9817657488	-0.1900947513	0	0	0	1
6.32	6.657594968	-0.9980380294	0	-0.1751459832	-0.9845424747	0	0.9845424747	-0.1751459832	0	0	0	1
6.33	6.657507584	-1.002050534	0	-0.1648974779	-0.9863107126	0	0.9863107126	-0.1648974779	0	0	0	1
6.34	6.657367585	-1.003766013	0	-0.1483107298	-0.9889408109	0	0.9889408109	-0.1483107298	0	0	0	1
6.35	6.657193614	-1.003173069	0	-0.1265361034	-0.9919620026	0	0.9919620026	-0.1265361034	0	0	0	1
6.36	6.656989757	-1.000722925	0	-0.1017591709	-0.9948090627	0	0.9948090627	-0.1017591709	0	0	0	1
6.37	6.656778688	-0.9969471018	0	-0.07572205974	-0.9971289634	0	0.9971289634	-0.07572205974	0	0	0	1
6.38	6.656596231	-0.9923006459	0	-0.04937763455	-0.9987801806	0	0.9987801806	-0.04937763455	0	0	0	1
6.39	6.656485589	-0.9871682888	0	-0.02321339379	-0.9997305329	0	0.9997305329	-0.02321339379	0	0	0	1
6.4	6.656502389	-0.981846372	0	0.002571542563	-0.9999966936	0	0.9999966936	0.002571542563	0	0	0	1
6.41	6.656673051	-0.9763664643	0	0.02869997555	-0.9995880709	0	0.9995880709	0.02869997555	0	0	0	1
6.42	6.657015836	-0.9707957416	0	0.05520050754	-0.9984752896	0	0.9984752896	0.05520050754	0	0	0	1
6.43	6.657520904	-0.9652447752	0	0.08140720626	-0.9966809253	0	0.9966809253	0.08140720626	0	0	0	1
6.44	6.658164587	-0.9597599846	0	0.106882342	-0.9942716756	0	0.9942716756	0.106882342	0	0	0	1
6.45	6.658930472	-0.9543342189	0	0.1316343727	-0.9912983365	0	0.9912983365	0.1316343727	0	0	0	1
6.46	6.659813775	-0.948948937	0	0.1558822409	-0.9877756461	0	0.9877756461	0.1558822409	0	0	0	1
6.47	6.660816673	-0.9435928133	0	0.1798505367	-0.9836939486	0	0.9836939486	0.1798505367	0	0	0	1
6.48	6.661945598	-0.9382594778	0	0.2037272531	-0.9790276841	0	0.9790276841	0.2037272531	0	0	0	1
6.49	6.663211779	-0.9329400023	0	0.2276933345	-0.9737328922	0	0.9737328922	0.2276933345	0	0	0	1
6.5	6.664632014	-0.9276173226	0	0.2519393445	-0.9677430272	0	0.9677430272	0.2519393445	0	0	0	1
6.51	6.666227118	-0.922265602	0	0.2766401046	-0.9609735962	0	0.9609735962	0.2766401046	0	0	0	1
6.52	6.6680182	-0.9168548101	0	0.3019101178	-0.9533363943	0	0.9533363943	0.3019101178	0	0	0	1
6.53	6.670022018	-0.911358192	0	0.3277669177	-0.9447586187	0	0.9447586187	0.3277669177	0	0	0	1
6.54	6.672247309	-0.9057584393	0	0.3541227324	-0.9351989577	0	0.9351989577	0.3541227324	0	0	0	1
6.55	6.674693359	-0.9000501583	0	0.3808071727	-0.9246544745	0	0.9246544745	0.3808071727	0	0	0	1
6.56	6.677350886	-0.8942392332	0	0.4076058406	-0.9131579703	0	0.9131579703	0.4076058406	0	0	0	1
6.57	6.680203735	-0.8883418536	0	0.4342923433	-0.9007719803	0	0.9007719803	0.4342923433	0	0	0	1
6.58	6.683230179	-0.8823846539	0	0.4606457176	-0.8875840934	0	0.8875840934	0.4606457176	0	0	0	1
6.59	6.686403169	-0.876405696	0	0.4864532896	-0.8737065852	0	0.8737065852	0.4864532896	0	0	0	1
6.6	6.689690467	-0.8704546762	0	0.5115126913	-0.8592757222	0	0.8592757222	0.5115126913	0	0	0	1
6.61	6.693056454	-0.864590204	0	0.5356438868	-0.8444439747	0	0.8444439747	0.5356438868	0	0	0	1
6.62	6.696465869	-0.8588744334	0	0.5587090159	-0.8293637535	0	0.8293637535	0.5587090159	0	0	0	1
6.63	6.699889612	-0.8533650722	0	0.5806369768	-0.8141625766	0	0.8141625766	0.5806369768	0	0	0	1
6.64	6.703311543	-0.8481060742	0	0.6014448239	-0.7989143407	0	0.7989143407	0.6014448239	0	0	0	1
6.65	6.706734318	-0.8431194415	0	0.6212470708	-0.7836147504	0	0.7836147504	0.6212470708	0	0	0	1
6.66	6.710181449	-0.838400943	0	0.6402427172	-0.7681726779	0	0.7681726779	0.6402427172	0	0	0	1
6.67	6.713692967	-0.8339214311	0	0.6586741588	-0.7524283039	0	0.7524283039	0.6586741588	0	0	0	1
6.68	6.717315798	-0.8296318416	0	0.6767717433	-0.7361929145	0	0.7361929145	0.6767717433	0	0	0	1
6.69	6.721092028	-0.8254696587	0	0.6947019833	-0.7192976813	0	0.7192976813	0.6947019833	0	0	0	1
6.7	6.725048431	-0.8213657232	0	0.7125336291	-0.7016379603	0	0.7016379603	0.7125336291	0	0	0	1
6.71	6.729187586	-0.8172527799	0	0.730219355	-0.6832127733	0	0.6832127733	0.730219355	0	0	0	1
6.72	6.733482112	-0.8130746495	0	0.7475969386	-0.6641527063	0	0.6641527063	0.7475969386	0	0	0	1
6.73	6.737872099	-0.8087954996	0	0.764405877	-0.6447353374	0	0.6447353374	0.764405877	0	0	0	1
6.74	6.742266998	-0.8044082795	0	0.7803171252	-0.6253840293	0	0.6253840293	0.7803171252	0	0	0	1
6.75	6.746553278	-0.7999414268	0	0.7949706366	-0.6066479102	0	0.6066479102	0.7949706366	0	0	0	1
6.76	6.750610645	-0.795463407	0	0.8080112689	-0.58916703	0	0.58916703	0.8080112689	0	0	0	1
6.77	6.754346067	-0.7910922834	0	0.8190839486	-0.5736736748	0	0.5736736748	0.8190839486	0	0	0	1
6.78	6.757965757	-0.7872362333	0	0.8269268592	-0.5623094962	0	0.5623094962	0.8269268592	0	0	0	1
6.79	6.76229702	-0.7846236558	0	0.8301806519	-0.557494471	0	0.557494471	0.8301806519	0	0	0	1
6.8	6.767304519	-0.7829435482	0	0.8308564459	-0.556486807	0	0.556486807	0.8308564459	0	0	0	1
6.81	6.772684965	-0.781830089	0	0.8301564559	-0.5575305002	0	0.5575305002	0.8301564559	0	0	0	1
6.82	6.778192611	-0.7810768268	0	0.8285916194	-0.5598534882	0	0.5598534882	0.8285916194	0	0	0	1
6.83	6.783650373	-0.780505151	0	0.8266571574	-0.5627059127	0	0.5627059127	0.8266571574	0	0	0	1
6.84	6.788974359	-0.7799560323	0	0.824911283	-0.565262218	0	0.565262218	0.824911283	0	0	0	1
6.85	6.794162227	-0.7793194699	0	0.8238518985	-0.5668051246	0	0.5668051246	0.8238518985	0	0	0	1
6.86	6.799273724	-0.778526286	0	0.8239307558	-0.5666904884	0	0.5666904884	0.8239307558	0	0	0	1
6.87	6.80460385	-0.7776142282	0	0.8257953642	-0.5639698719	0	0.5639698719	0.8257953642	0	0	0	1
6.88	6.810512064	-0.7769492847	0	0.8252954273	-0.564701211	0	0.564701211	0.8252954273	0	0	0	1
6.89	6.817733149	-0.7757191912	0	0.8245600343	-0.5657744691	0	0.5657744691	0.8245600343	0	0	0	1
6.9	6.82660438	-0.7734373654	0	0.8248318012	-0.5653781918	0	0.5653781918	0.8248318012	0	0	0	1
6.91	6.837455924	-0.7706095259	0	0.8248524166	-0.5653481147	0	0.5653481147	0.8248524166	0	0	0	1
6.92	6.850796626	-0.7678663236	0	0.8228048462	-0.5683240141	0	0.5683240141	0.8228048462	0	0	0	1
6.93	6.86658401	-0.766307019	0	0.8168738933	-0.5768162986	0	0.5768162986	0.8168738933	0	0	0	1
6.94	6.884317745	-0.7662604929	0	0.8064466757	-0.5913068232	0	0.5913068232	0.8064466757	0	0	0	1
6.95	6.903399168	-0.7668563633	0	0.7928581968	-0.6094061698	0	0.6094061698	0.7928581968	0	0	0	1
6.96	6.9232148	-0.7669726632	0	0.7782409692	-0.6279657586	0	0.6279657586	0.7782409692	0	0	0	1
6.97	6.943207052	-0.7660830364	0	0.764132973	-0.6450587567	0	0.6450587567	0.764132973	0	0	0	1
6.98	6.962984544	-0.7644111955	0	0.7509432662	-0.6603667246	0	0.6603667246	0.7509432662	0	0	0	1
6.99	6.982383668	-0.7626198333	0	0.7382170008	-0.6745633104	0	0.6745633104	0.7382170008	0	0	0	1
7	7.001456971	-0.7614285191	0	0.7250090552	-0.6887393337	0	0.6887393337	0.7250090552	0	0	0	1
7.01	7.020394687	-0.7612205413	0	0.7102913998	-0.7039077549	0	0.7039077549	0.7102913998	0	0	0	1
7.02	7.039441199	-0.7619508602	0	0.6936134778	-0.7203473769	0	0.7203473769	0.6936134778	0	0	0	1
7.03	7.058824	-0.7635276555	0	0.6746937738	-0.7380977656	0	0.7380977656	0.6746937738	0	0	0	1
7.04	7.078689035	-0.7660108195	0	0.6530442079	-0.7573197888	0	0.7573197888	0.6530442079	0	0	0	1
7.05	7.099079634	-0.7694880142	0	0.6281442171	-0.7780969365	0	0.7780969365	0.6281442171	0	0	0	1
7.06	7.119941543	-0.7739044243	0	0.5997891217	-0.8001581153	0	0.8001581153	0.5997891217	0	0	0	1
7.07	7.141138748	-0.7790322913	0	0.5682248768	-0.8228733131	0	0.8228733131	0.5682248768	0	0	0	1
7.08	7.162488875	-0.7845735042	0	0.5339769698	-0.8454990217	0	0.8454990217	0.5339769698	0	0	0	1
7.09	7.183818981	-0.7902917914	0	0.4975312405	-0.8674460587	0	0.8674460587	0.4975312405	0	0	0	1
7.1	7.205027677	-0.7960922062	0	0.4590713972	-0.8883993766	0	0.8883993766	0.4590713972	0	0	0	1
7.11	7.226123699	-0.8020159	0	0.4184172674	-0.9082549149	0	0.9082549149	0.4184172674	0	0	0	1
7.12	7.247223083	-0.8081734801	0	0.3751624443	-0.9269590824	0	0.9269590824	0.3751624443	0	0	0	1
7.13	7.268515601	-0.8146705076	0	0.3288889297	-0.9443686102	0	0.9443686102	0.3288889297	0	0	0	1
7.14	7.290223378	-0.8215633729	0	0.2793377892	-0.9601928971	0	0.9601928971	0.2793377892	0	0	0	1
7.15	7.312572606	-0.8288526533	0	0.2264860011	-0.9740144205	0	0.9740144205	0.2264860011	0	0	0	1
7.16	7.335780375	-0.8364923355	0	0.1705561149	-0.9853479648	0	0.9853479648	0.1705561149	0	0	0	1
7.17	7.360052292	-0.8443957855	0	0.111998077	-0.9937084234	0	0.9937084234	0.111998077	0	0	0	1
7.18	7.385580217	-0.8524309808	0	0.05145388778	-0.9986753714	0	0.9986753714	0.05145388778	0	0	0	1
7.19	7.412536978	-0.8604133006	0	-0.01029623828	-0.9999469923	0	0.9999469923	-0.01029623828	0	0	0	1
7.2	7.441060873	-0.8681005719	0	-0.07241661712	-0.9973744701	0	0.9973744701	-0.07241661712	0	0	0	1
7.21	7.471226941	-0.8751960141	0	-0.1340926301	-0.990968802	0	0.990968802	-0.1340926301	0	0	0	1
7.22	7.503004827	-0.8813656102	0	-0.19457429	-0.9808877844	0	0.9808877844	-0.19457429	0	0	0	1
7.23	7.536216608	-0.8862798818	0	-0.2531893829	-0.9674167336	0	0.9674167336	-0.2531893829	0	0	0	1
7.24	7.570520071	-0.8896793485	0	-0.3093571706	-0.9509459191	0	0.9509459191	-0.3093571706	0	0	0	1
7.25	7.605430217	-0.891437064	0	-0.3626056852	-0.9319426576	0	0.9319426576	-0.3626056852	0	0	0	1
7.26	7.640355713	-0.8915859623	0	-0.4125384337	-0.910940196	0	0.910940196	-0.4125384337	0	0	0	1
7.27	7.674627453	-0.8903135095	0	-0.4587384983	-0.8885713197	0	0.8885713197	-0.4587384983	0	0	0	1
7.28	7.707530133	-0.8879471659	0	-0.500685474	-0.8656292833	0	0.8656292833	-0.500685474	0	0	0	1
7.29	7.738357561	-0.8849295947	0	-0.5377925116	-0.8430772292	0	0.8430772292	-0.5377925116	0	0	0	1
7.3	7.766476025	-0.8817720818	0	-0.5694991154	-0.821991945	0	0.821991945	-0.5694991154	0	0	0	1
7.31	7.791364926	-0.8789946931	0	-0.5953144464	-0.8034928189	0	0.8034928189	-0.5953144464	0	0	0	1
7.32	7.812646881	-0.8770655065	0	-0.6148490088	-0.788644848	0	0.788644848	-0.6148490088	0	0	0	1
7.33	7.830114933	-0.8763448761	0	-0.627866352	-0.7783211702	0	0.7783211702	-0.627866352	0	0	0	1
7.34	7.843745575	-0.8770481444	0	-0.6343120484	-0.7730771147	0	0.7730771147	-0.6343120484	0	0	0	1
7.35	7.85369545	-0.8792373361	0	-0.63431467	-0.7730749637	0	0.7730749637	-0.63431467	0	0	0	1
7.36	7.860284561	-0.8828427965	0	-0.6281781492	-0.7780695424	0	0.7780695424	-0.6281781492	0	0	0	1
7.37	7.863959712	-0.8877060724	0	-0.6163597478	-0.7874647048	0	0.7874647048	-0.6163597478	0	0	0	1
7.38	7.865239081	-0.8936045228	0	-0.599406289	-0.8004449392	0	0.8004449392	-0.599406289	0	0	0	1
7.39	7.864715663	-0.9002736516	0	-0.5781665231	-0.8159187898	0	0.8159187898	-0.5781665231	0	0	0	1
7.4	7.862911736	-0.9075488068	0	-0.55344092	-0.8328884367	0	0.8328884367	-0.55344092	0	0	0	1
7.41	7.86012549	-0.9153701922	0	-0.5252495344	-0.8509482515	0	0.8509482515	-0.5252495344	0	0	0	1
7.42	7.85663513	-0.9237044702	0	-0.4935071815	-0.8697417213	0	0.8697417213	-0.4935071815	0	0	0	1
7.43	7.852837296	-0.9325375052	0	-0.458609415	-0.888637949	0	0.888637949	-0.458609415	0	0	0	1
7.44	7.849199653	-0.9418974313	0	-0.4213595823	-0.9068936555	0	0.9068936555	-0.4213595823	0	0	0	1
7.45	7.846170023	-0.9518587049	0	-0.3827190133	-0.9238647936	0	0.9238647936	-0.3827190133	0	0	0	1
7.46	7.845811683	-0.9619930803	0	-0.3481184891	-0.9374505414	0	0.9374505414	-0.3481184891	0	0	0	1
7.47	7.845809023	-0.9710182409	0	-0.3072900262	-0.9516159098	0	0.9516159098	-0.3072900262	0	0	0	1
7.48	7.845815748	-0.9792940865	0	-0.2643727663	-0.9644205724	0	0.9644205724	-0.2643727663	0	0	0	1
7.49	7.845815211	-0.9869124357	0	-0.2227408613	-0.9748776891	0	0.9748776891	-0.2227408613	0	0	0	1
7.5	7.845802819	-0.9936285945	0	-0.1834548312	-0.9830281404	0	0.9830281404	-0.1834548312	0	0	0	1
7.51	7.845753118	-0.9989895987	0	-0.173625819	-0.9848116952	0	0.9848116952	-0.173625819	0	0	0	1
7.52	7.845653212	-1.0025839	0	-0.1621160945	-0.9867716919	0	0.9867716919	-0.1621160945	0	0	0	1
7.53	7.845505735	-1.003821916	0	-0.1443568921	-0.9895256883	0	0.9895256883	-0.1443568921	0	0	0	1
7.54	7.845325368	-1.002818397	0	-0.121813364	-0.9925530234	0	0.9925530234	-0.121813364	0	0	0	1
7.55	7.845117548	-1.000065286	0	-0.09667655283	-0.9953158514	0	0.9953158514	-0.09667655283	0	0	0	1
7.56	7.844909202	-0.9960837375	0	-0.07052437194	-0.9975100566	0	0.9975100566	-0.07052437194	0	0	0	1
7.57	7.844737032	-0.9913125005	0	-0.04418492865	-0.9990233691	0	0.9990233691	-0.04418492865	0	0	0	1
7.58	7.844647587	-0.9861252895	0	-0.01810142858	-0.9998361557	0	0.9998361557	-0.01810142858	0	0	0	1
7.59	7.844693101	-0.9807755091	0	0.007682029347	-0.9999704928	0	0.9999704928	0.007682029347	0	0	0	1
7.6	7.844897108	-0.9752688663	0	0.03391844307	-0.9994246041	0	0.9994246041	0.03391844307	0	0	0	1
7.61	7.84527353	-0.9696954247	0	0.06041360212	-0.9981734302	0	0.9981734302	0.06041360212	0	0	0	1
7.62	7.84580776	-0.9641570073	0	0.08649187849	-0.9962525558	0	0.9962525558	0.08649187849	0	0	0	1
7.63	7.846476343	-0.9586862285	0	0.1118091702	-0.9937296964	0	0.9937296964	0.1118091702	0	0	0	1
7.64	7.847265315	-0.9532707504	0	0.1364385236	-0.9906485397	0	0.9906485397	0.1364385236	0	0	0	1
7.65	7.848171682	-0.9478928629	0	0.1606109118	-0.9870177987	0	0.9870177987	0.1606109118	0	0	0	1
7.66	7.849198538	-0.9425427265	0	0.1845431523	-0.9828244121	0	0.9828244121	0.1845431523	0	0	0	1
7.67	7.850353174	-0.9372140349	0	0.2084192089	-0.9780395868	0	0.9780395868	0.2084192089	0	0	0	1
7.68	7.851647935	-0.9318965366	0	0.2324222583	-0.9726149772	0	0.9726149772	0.2324222583	0	0	0	1
7.69	7.853100613	-0.9265713067	0	0.2567426355	-0.9664798079	0	0.9664798079	0.2567426355	0	0	0	1
7.7	7.854732434	-0.9212111576	0	0.2815469389	-0.9595474564	0	0.9595474564	0.2815469389	0	0	0	1
7.71	7.856563995	-0.915786107	0	0.3069326384	-0.9517312412	0	0.9517312412	0.3069326384	0	0	0	1
7.72	7.858610708	-0.9102708398	0	0.3328958866	-0.9429635882	0	0.9429635882	0.3328958866	0	0	0	1
7.73	7.860879448	-0.9046503699	0	0.3593298377	-0.9332106235	0	0.9332106235	0.3593298377	0	0	0	1
7.74	7.8633677	-0.8989216246	0	0.3860524757	-0.9224768214	0	0.9224768214	0.3860524757	0	0	0	1
7.75	7.866064684	-0.8930925673	0	0.4128447822	-0.9108013976	0	0.9108013976	0.4128447822	0	0	0	1
7.76	7.868953107	-0.8871813768	0	0.4394809419	-0.8982519144	0	0.8982519144	0.4394809419	0	0	0	1
7.77	7.872010227	-0.8812168412	0	0.4657417821	-0.8849206701	0	0.8849206701	0.4657417821	0	0	0	1
7.78	7.875207947	-0.8752393663	0	0.4914163675	-0.8709247693	0	0.8709247693	0.4914163675	0	0	0	1
7.79	7.878513196	-0.8693006901	0	0.5163056228	-0.8564044044	0	0.8564044044	0.5163056228	0	0	0	1
7.8	7.881890077	-0.8634606352	0	0.5402360411	-0.8415135292	0	0.8415135292	0.5402360411	0	0	0	1
7.81	7.885304068	-0.857781133	0	0.5630810054	-0.826401707	0	0.826401707	0.5630810054	0	0	0	1
7.82	7.888728066	-0.8523179199	0	0.5847850773	-0.8111882724	0	0.8111882724	0.5847850773	0	0	0	1
7.83	7.89214918	-0.8471113001	0	0.6053839549	-0.7959335821	0	0.7959335821	0.6053839549	0	0	0	1
7.84	7.895574156	-0.8421783032	0	0.6250105678	-0.7806162887	0	0.7806162887	0.6250105678	0	0	0	1
7.85	7.899030318	-0.8375095287	0	0.6438764965	-0.7651294382	0	0.7651294382	0.6438764965	0	0	0	1
7.86	7.902559901	-0.8330714766	0	0.6622261771	-0.749304004	0	0.749304004	0.6622261771	0	0	0	1
7.87	7.906209648	-0.8288120838	0	0.680280345	-0.7329520122	0	0.7329520122	0.680280345	0	0	0	1
7.88	7.910019499	-0.8246668814	0	0.6981889691	-0.7159135167	0	0.7159135167	0.6981889691	0	0	0	1
7.89	7.914012101	-0.8205664084	0	0.7159989265	-0.6981013803	0	0.6981013803	0.7159989265	0	0	0	1
7.9	7.918184559	-0.8164448254	0	0.7336399641	-0.6795383749	0	0.6795383749	0.7336399641	0	0	0	1
7.91	7.922503278	-0.8122492035	0	0.7509290974	-0.6603828365	0	0.6603828365	0.7509290974	0	0	0	1
7.92	7.926902079	-0.8079487001	0	0.7675898197	-0.6409413925	0	0.6409413925	0.7675898197	0	0	0	1
7.93	7.931285144	-0.8035426725	0	0.7832840416	-0.6216639849	0	0.6216639849	0.7832840416	0	0	0	1
7.94	7.935535974	-0.7990670961	0	0.7976500905	-0.6031204963	0	0.6031204963	0.7976500905	0	0	0	1
7.95	7.939535904	-0.7945988248	0	0.8103361168	-0.5859653385	0	0.5859653385	0.8103361168	0	0	0	1
7.96	7.943206649	-0.7902711156	0	0.820966334	-0.5709766006	0	0.5709766006	0.820966334	0	0	0	1
7.97	7.946913119	-0.786630423	0	0.8278668923	-0.5609246015	0	0.5609246015	0.8278668923	0	0	0	1
7.98	7.951399467	-0.7842385623	0	0.8304596184	-0.5570788294	0	0.5570788294	0.8304596184	0	0	0	1
7.99	7.956501462	-0.7826901303	0	0.8308094482	-0.5565569699	0	0.5565569699	0.8308094482	0	0	0	1
8	7.9619237	-0.7816610494	0	0.8299062896	-0.5579028145	0	0.5579028145	0.8299062896	0	0	0	1
8.01	7.967432489	-0.7809570495	0	0.8282270551	-0.5603926705	0	0.5603926705	0.8282270551	0	0	0	1
8.02	7.97286732	-0.7804009911	0	0.8262855221	-0.5632514855	0	0.5632514855	0.8262855221	0	0	0	1
8.03	7.978162644	-0.7798417707	0	0.824637618	-0.5656613819	0	0.5656613819	0.824637618	0	0	0	1
8.04	7.983327539	-0.7791800004	0	0.82375813	-0.5669413932	0	0.5669413932	0.82375813	0	0	0	1
8.05	7.98845757	-0.7783419807	0	0.8242552175	-0.5662184529	0	0.5662184529	0.8242552175	0	0	0	1
8.06	7.993846616	-0.7774731413	0	0.8258958356	-0.5638227281	0	0.5638227281	0.8258958356	0	0	0	1
8.07	7.999969048	-0.7767917229	0	0.8250688011	-0.5650322764	0	0.5650322764	0.8250688011	0	0	0	1
8.08	8.007484973	-0.7753477861	0	0.8245598007	-0.5657748095	0	0.5657748095	0.8245598007	0	0	0	1
8.09	8.01671288	-0.7729095035	0	0.8249055012	-0.5652706556	0	0.5652706556	0.8249055012	0	0	0	1
8.1	8.028007996	-0.7700376145	0	0.8246791409	-0.5656008438	0	0.5656008438	0.8246791409	0	0	0	1
8.11	8.04185114	-0.7674367154	0	0.8220063928	-0.5694782614	0	0.5694782614	0.8220063928	0	0	0	1
8.12	8.058060696	-0.7661900891	0	0.8151845647	-0.5792012823	0	0.5792012823	0.8151845647	0	0	0	1
8.13	8.076103881	-0.7663603201	0	0.8039905334	-0.5946420959	0	0.5946420959	0.8039905334	0	0	0	1
8.14	8.095375255	-0.7669399257	0	0.790037915	-0.6130579849	0	0.6130579849	0.790037915	0	0	0	1
8.15	8.11526492	-0.7668762743	0	0.7754335901	-0.6314291309	0	0.6314291309	0.7754335901	0	0	0	1
8.16	8.135239003	-0.7657977308	0	0.7615057968	-0.6481580991	0	0.6481580991	0.7615057968	0	0	0	1
8.17	8.154948554	-0.7640443569	0	0.748459799	-0.6631801635	0	0.6631801635	0.748459799	0	0	0	1
8.18	8.174274162	-0.7623183347	0	0.7357278284	-0.6772773159	0	0.6772773159	0.7357278284	0	0	0	1
8.19	8.193303972	-0.7613055043	0	0.7222901496	-0.6915901531	0	0.6915901531	0.7222901496	0	0	0	1
8.2	8.21224329	-0.761291344	0	0.7072116114	-0.7070019354	0	0.7070019354	0.7072116114	0	0	0	1
8.21	8.231339543	-0.7621893478	0	0.6901246063	-0.7236905607	0	0.7236905607	0.6901246063	0	0	0	1
8.22	8.250808136	-0.7639341723	0	0.6707185621	-0.7417119458	0	0.7417119458	0.6707185621	0	0	0	1
8.23	8.270775431	-0.7666066585	0	0.6484725332	-0.7612380532	0	0.7612380532	0.6484725332	0	0	0	1
8.24	8.291265012	-0.7702768922	0	0.6229032238	-0.7822989031	0	0.7822989031	0.6229032238	0	0	0	1
8.25	8.312205011	-0.7748536416	0	0.5938931351	-0.8045439354	0	0.8045439354	0.5938931351	0	0	0	1
8.26	8.333446861	-0.7800849012	0	0.5617637786	-0.8272976834	0	0.8272976834	0.5617637786	0	0	0	1
8.27	8.354805447	-0.7856754458	0	0.5270577602	-0.8498294637	0	0.8498294637	0.5270577602	0	0	0	1
8.28	8.376116837	-0.7914123987	0	0.4902187764	-0.8715994213	0	0.8715994213	0.4902187764	0	0	0	1
8.29	8.397299295	-0.7972303097	0	0.4513571625	-0.8923433823	0	0.8923433823	0.4513571625	0	0	0	1
8.3	8.418383816	-0.8031900073	0	0.4102337186	-0.9119804253	0	0.9119804253	0.4102337186	0	0	0	1
8.31	8.439504037	-0.809406463	0	0.3664226287	-0.9304485247	0	0.9304485247	0.3664226287	0	0	0	1
8.32	8.460859023	-0.8159778004	0	0.3195264033	-0.9475773729	0	0.9475773729	0.3195264033	0	0	0	1
8.33	8.48267336	-0.8229492209	0	0.2693286658	-0.9630483216	0	0.9630483216	0.2693286658	0	0	0	1
8.34	8.505172028	-0.830311403	0	0.2158546522	-0.9764255062	0	0.9764255062	0.2158546522	0	0	0	1
8.35	8.528569986	-0.8380103558	0	0.1593729105	-0.9872184537	0	0.9872184537	0.1593729105	0	0	0	1
8.36	8.553070524	-0.8459512909	0	0.1003742718	-0.9949497503	0	0.9949497503	0.1003742718	0	0	0	1
8.37	8.5788623	-0.8539923906	0	0.03953205234	-0.9992183029	0	0.9992183029	0.03953205234	0	0	0	1
8.38	8.606113127	-0.861938136	0	-0.02235523106	-0.9997500906	0	0.9997500906	-0.02235523106	0	0	0	1
8.39	8.634951756	-0.8695352155	0	-0.08445114278	-0.9964276213	0	0.9964276213	-0.08445114278	0	0	0	1
8.4	8.665436396	-0.8764776282	0	-0.145951314	-0.9892917739	0	0.9892917739	-0.145951314	0	0	0	1
8.41	8.697510905	-0.8824280335	0	-0.2061200107	-0.9785267197	0	0.9785267197	-0.2061200107	0	0	0	1
8.42	8.730965498	-0.8870649676	0	-0.2643011529	-0.9644402006	0	0.9644402006	-0.2643011529	0	0	0	1
8.43	8.765427595	-0.8901506472	0	-0.3199346163	-0.9474396241	0	0.9474396241	-0.3199346163	0	0	0	1
8.44	8.800389003	-0.891588486	0	-0.3725681451	-0.9280048369	0	0.9280048369	-0.3725681451	0	0	0	1
8.45	8.835241143	-0.8914421629	0	-0.4218119958	-0.9066833186	0	0.9066833186	-0.4218119958	0	0	0	1
8.46	8.86930323	-0.8899276896	0	-0.4672300452	-0.8841357842	0	0.8841357842	-0.4672300452	0	0	0	1
8.47	8.901855594	-0.8873974354	0	-0.5082813316	-0.8611910868	0	0.8611910868	-0.5082813316	0	0	0	1
8.48	8.93220336	-0.8843116498	0	-0.5443815679	-0.8388377129	0	0.8388377129	-0.5443815679	0	0	0	1
8.49	8.959731651	-0.8811880254	0	-0.5749809782	-0.8181667768	0	0.8181667768	-0.5749809782	0	0	0	1
8.5	8.983945097	-0.8785412613	0	-0.5996039003	-0.8002969216	0	0.8002969216	-0.5996039003	0	0	0	1
8.51	9.004497499	-0.8768225369	0	-0.6178865933	-0.7862672305	0	0.7862672305	-0.6178865933	0	0	0	1
8.52	9.021217065	-0.8763661403	0	-0.6296271996	-0.7768974124	0	0.7768974124	-0.6296271996	0	0	0	1
8.53	9.034115965	-0.877357309	0	-0.6348072704	-0.7726705181	0	0.7726705181	-0.6348072704	0	0	0	1
8.54	9.043384507	-0.8798300203	0	-0.6335902618	-0.7736687794	0	0.7736687794	-0.6335902618	0	0	0	1
8.55	9.049370168	-0.883693657	0	-0.6263115004	-0.7795728988	0	0.7795728988	-0.6263115004	0	0	0	1
8.56	9.05253952	-0.8887774064	0	-0.6134536316	-0.7897307401	0	0.7897307401	-0.6134536316	0	0	0	1
8.57	9.053420659	-0.8948447137	0	-0.5955869591	-0.8032908403	0	0.8032908403	-0.5955869591	0	0	0	1
8.58	9.052616597	-0.9016396067	0	-0.5736340861	-0.8191116745	0	0.8191116745	-0.5736340861	0	0	0	1
8.59	9.050603787	-0.9090237349	0	-0.5482527244	-0.8363127108	0	0.8363127108	-0.5482527244	0	0	0	1
8.6	9.047656665	-0.9169468977	0	-0.519368909	-0.8545501368	0	0.8545501368	-0.519368909	0	0	0	1
8.61	9.044072564	-0.9253779826	0	-0.4869682868	-0.8734196515	0	0.8734196515	-0.4869682868	0	0	0	1
8.62	9.040269016	-0.9343095111	0	-0.4515447593	-0.892248469	0	0.892248469	-0.4515447593	0	0	0	1
8.63	9.03671555	-0.9437790627	0	-0.4139460864	-0.9103013993	0	0.9103013993	-0.4139460864	0	0	0	1
8.64	9.034013697	-0.9538681437	0	-0.375798223	-0.9267015138	0	0.9267015138	-0.375798223	0	0	0	1
8.65	9.033973702	-0.9638198083	0	-0.3406668305	-0.9401840834	0	0.9401840834	-0.3406668305	0	0	0	1
8.66	9.033974495	-0.9726732649	0	-0.2989659241	-0.9542637875	0	0.9542637875	-0.2989659241	0	0	0	1
8.67	9.033980803	-0.9808268582	0	-0.2561803316	-0.9666290073	0	0.9666290073	-0.2561803316	0	0	0	1
8.68	9.033977937	-0.9882971002	0	-0.214825768	-0.9766523892	0	0.9766523892	-0.214825768	0	0	0	1
8.69	9.033958279	-0.9947700162	0	-0.1799219638	-0.9836808867	0	0.9836808867	-0.1799219638	0	0	0	1
8.7	9.033902994	-0.9998529381	0	-0.1718989102	-0.9851145947	0	0.9851145947	-0.1718989102	0	0	0	1
8.71	9.033791813	-1.003013645	0	-0.1591450228	-0.9872552161	0	0.9872552161	-0.1591450228	0	0	0	1
8.72	9.033637599	-1.003790069	0	-0.1402966826	-0.9901095095	0	0.9901095095	-0.1402966826	0	0	0	1
8.73	9.033450994	-1.00240449	0	-0.1170879761	-0.9931215464	0	0.9931215464	-0.1170879761	0	0	0	1
8.74	9.033240393	-0.9993749481	0	-0.09165846071	-0.9957905034	0	0.9957905034	-0.09165846071	0	0	0	1
8.75	9.03303609	-0.9952085282	0	-0.06542353362	-0.9978575857	0	0.9978575857	-0.06542353362	0	0	0	1
8.76	9.032875671	-0.9903291403	0	-0.03910444762	-0.9992351286	0	0.9992351286	-0.03910444762	0	0	0	1
8.77	9.032809594	-0.9851000162	0	-0.01311180564	-0.9999140366	0	0.9999140366	-0.01311180564	0	0	0	1
8.78	9.032883637	-0.9797198927	0	0.01271422736	-0.9999191709	0	0.9999191709	0.01271422736	0	0	0	1
8.79	9.033120889	-0.9741908858	0	0.03904621467	-0.9992374058	0	0.9992374058	0.03904621467	0	0	0	1
8.8	9.03352963	-0.9686185427	0	0.06550874822	-0.997851995	0	0.997851995	0.06550874822	0	0	0	1
8.81	9.03409151	-0.9630931612	0	0.09144942516	-0.9958097221	0	0.9958097221	0.09144942516	0	0	0	1
8.82	9.034784023	-0.957635097	0	0.1166173694	-0.9931769173	0	0.9931769173	0.1166173694	0	0	0	1
8.83	9.035595612	-0.9522285568	0	0.1411375513	-0.9899899957	0	0.9899899957	0.1411375513	0	0	0	1
8.84	9.036524812	-0.9468571071	0	0.1652460378	-0.9862523749	0	0.9862523749	0.1652460378	0	0	0	1
8.85	9.037575556	-0.9415121732	0	0.1891515815	-0.9819479005	0	0.9819479005	0.1891515815	0	0	0	1
8.86	9.038756019	-0.9361872113	0	0.213035722	-0.977044411	0	0.977044411	0.213035722	0	0	0	1
8.87	9.040079635	-0.9308705075	0	0.2370838046	-0.971489202	0	0.971489202	0.2370838046	0	0	0	1
8.88	9.041565097	-0.9255413167	0	0.2614848799	-0.9652075723	0	0.9652075723	0.2614848799	0	0	0	1
8.89	9.043233856	-0.9201713762	0	0.2863954851	-0.9581114894	0	0.9581114894	0.2863954851	0	0	0	1
8.9	9.045105855	-0.9147310197	0	0.3118951688	-0.9501165211	0	0.9501165211	0.3118951688	0	0	0	1
8.91	9.047195045	-0.9091966056	0	0.3379592097	-0.9411607581	0	0.9411607581	0.3379592097	0	0	0	1
8.92	9.049506476	-0.9035554584	0	0.36446362	-0.9312176274	0	0.9312176274	0.36446362	0	0	0	1
8.93	9.05203591	-0.897806711	0	0.3912162155	-0.9202987954	0	0.9202987954	0.3912162155	0	0	0	1
8.94	9.054771188	-0.891960321	0	0.417994877	-0.9084493837	0	0.9084493837	0.417994877	0	0	0	1
8.95	9.057693918	-0.8860364515	0	0.44457451	-0.8957418741	0	0.8957418741	0.44457451	0	0	0	1
8.96	9.060780312	-0.8800661055	0	0.470737427	-0.882273356	0	0.882273356	0.470737427	0	0	0	1
8.97	9.064001295	-0.8740919275	0	0.49627475	-0.8681655214	0	0.8681655214	0.49627475	0	0	0	1
8.98	9.067323051	-0.8681675045	0	0.5209910921	-0.8535621137	0	0.8535621137	0.5209910921	0	0	0	1
8.99	9.070709523	-0.8623536693	0	0.5447199244	-0.8386180322	0	0.8386180322	0.5447199244	0	0	0	1
9	9.074127108	-0.8567118633	0	0.5673464939	-0.8234791775	0	0.8234791775	0.5673464939	0	0	0	1
9.01	9.077550922	-0.851295581	0	0.5888316367	-0.8082557168	0	0.8082557168	0.5888316367	0	0	0	1
9.02	9.080971539	-0.8461411274	0	0.609229968	-0.7929935977	0	0.7929935977	0.609229968	0	0	0	1
9.03	9.084399784	-0.8412605082	0	0.6286918564	-0.7776545182	0	0.7776545182	0.6286918564	0	0	0	1
9.04	9.087866459	-0.836639384	0	0.6474392715	-0.7621170446	0	0.7621170446	0.6474392715	0	0	0	1
9.05	9.091415526	-0.8322402508	0	0.6657162803	-0.7462049545	0	0.7462049545	0.6657162803	0	0	0	1
9.06	9.09509332	-0.8280081231	0	0.6837334088	-0.7297318862	0	0.7297318862	0.6837334088	0	0	0	1
9.07	9.098937206	-0.8238769689	0	0.7016227155	-0.7125486405	0	0.7125486405	0.7016227155	0	0	0	1
9.08	9.102965483	-0.8197773246	0	0.7194090947	-0.6945866069	0	0.6945866069	0.7194090947	0	0	0	1
9.09	9.107169659	-0.815645106	0	0.7369997525	-0.6758930129	0	0.6758930129	0.7369997525	0	0	0	1
9.1	9.111509854	-0.8114309495	0	0.7541916882	-0.6566543211	0	0.6566543211	0.7541916882	0	0	0	1
9.11	9.115913828	-0.8071092294	0	0.7706938598	-0.6372055982	0	0.6372055982	0.7706938598	0	0	0	1
9.12	9.120280822	-0.8026859492	0	0.7861605338	-0.6180223419	0	0.6180223419	0.7861605338	0	0	0	1
9.13	9.124492142	-0.7982046238	0	0.8002299656	-0.5996932567	0	0.5996932567	0.8002299656	0	0	0	1
9.14	9.128432141	-0.7937506182	0	0.8125534831	-0.5828866417	0	0.5828866417	0.8125534831	0	0	0	1
9.15	9.132046142	-0.7894811354	0	0.8226939193	-0.5684845778	0	0.5684845778	0.8226939193	0	0	0	1
9.16	9.135876755	-0.7860823994	0	0.8286285533	-0.5597988216	0	0.5597988216	0.8286285533	0	0	0	1
9.17	9.140506024	-0.783888848	0	0.8306561127	-0.5567857958	0	0.5567857958	0.8306561127	0	0	0	1
9.18	9.145690262	-0.7824587964	0	0.8307175784	-0.5566940857	0	0.5566940857	0.8307175784	0	0	0	1
9.19	9.151144995	-0.7815060372	0	0.8296304792	-0.5583128764	0	0.5583128764	0.8296304792	0	0	0	1
9.2	9.156648988	-0.7808439557	0	0.8278578873	-0.5609378918	0	0.5609378918	0.8278578873	0	0	0	1
9.21	9.162059064	-0.7802976475	0	0.8259304038	-0.5637720888	0	0.5637720888	0.8259304038	0	0	0	1
9.22	9.167326735	-0.7797247558	0	0.824397284	-0.5660115884	0	0.5660115884	0.824397284	0	0	0	1
9.23	9.172470992	-0.7790362559	0	0.8237078157	-0.5670144921	0	0.5670144921	0.8237078157	0	0	0	1
9.24	9.177635428	-0.7781546409	0	0.8246861598	-0.5655906097	0	0.5655906097	0.8246861598	0	0	0	1
9.25	9.183096641	-0.7773447182	0	0.8258769152	-0.5638504419	0	0.5638504419	0.8258769152	0	0	0	1
9.26	9.189456505	-0.7766021127	0	0.8248750539	-0.565315085	0	0.565315085	0.8248750539	0	0	0	1
9.27	9.197275792	-0.7749421509	0	0.8245964222	-0.5657214337	0	0.5657214337	0.8245964222	0	0	0	1
9.28	9.206867558	-0.7723744242	0	0.8249574041	-0.5651949058	0	0.5651949058	0.8249574041	0	0	0	1
9.29	9.218624966	-0.7694806834	0	0.8244157591	-0.5659846784	0	0.5659846784	0.8244157591	0	0	0	1
9.3	9.232954806	-0.7670690365	0	0.8210570527	-0.5708461406	0	0.5708461406	0.8210570527	0	0	0	1
9.31	9.24956125	-0.7661333856	0	0.8133460271	-0.5817802336	0	0.5817802336	0.8133460271	0	0	0	1
9.32	9.267887691	-0.766476879	0	0.8014595477	-0.5980489892	0	0.5980489892	0.8014595477	0	0	0	1
9.33	9.287324082	-0.7669994234	0	0.7872293656	-0.6166603003	0	0.6166603003	0.7872293656	0	0	0	1
9.34	9.30726675	-0.7667444531	0	0.7726881142	-0.6347858522	0	0.6347858522	0.7726881142	0	0	0	1
9.35	9.327209812	-0.7654930987	0	0.7589448835	-0.6511548693	0	0.6511548693	0.7589448835	0	0	0	1
9.36	9.346847831	-0.7636860575	0	0.7460189043	-0.6659247663	0	0.6659247663	0.7460189043	0	0	0	1
9.37	9.366104251	-0.7620507917	0	0.7332433166	-0.6799663511	0	0.6799663511	0.7332433166	0	0	0	1
9.38	9.385098473	-0.7612239777	0	0.7195433584	-0.6944475181	0	0.6944475181	0.7195433584	0	0	0	1
9.39	9.404048443	-0.7613959228	0	0.7040981211	-0.7101026938	0	0.7101026938	0.7040981211	0	0	0	1
9.4	9.423201521	-0.7624563596	0	0.6865973498	-0.7270378802	0	0.7270378802	0.6865973498	0	0	0	1
9.41	9.442759018	-0.7643704468	0	0.6666914721	-0.7453338051	0	0.7453338051	0.6666914721	0	0	0	1
9.42	9.462827556	-0.767232675	0	0.6438382721	-0.7651616035	0	0.7651616035	0.6438382721	0	0	0	1
9.43	9.483411576	-0.7710898464	0	0.6176043054	-0.786488984	0	0.786488984	0.6176043054	0	0	0	1
9.44	9.5044226	-0.7758151329	0	0.5879604903	-0.8088896475	0	0.8088896475	0.5879604903	0	0	0	1
9.45	9.525700859	-0.7811369603	0	0.5552950606	-0.8316534108	0	0.8316534108	0.5552950606	0	0	0	1
9.46	9.547060738	-0.786767792	0	0.5201551292	-0.8540718012	0	0.8540718012	0.5201551292	0	0	0	1
9.47	9.568349848	-0.7925206311	0	0.4829329124	-0.8756573543	0	0.8756573543	0.4829329124	0	0	0	1
9.48	9.589506952	-0.7983581005	0	0.4436662903	-0.8961920681	0	0.8961920681	0.4436662903	0	0	0	1
9.49	9.610584631	-0.8043576941	0	0.4020639725	-0.9156115781	0	0.9156115781	0.4020639725	0	0	0	1
9.5	9.631732343	-0.8106358055	0	0.3576897973	-0.9338404622	0	0.9338404622	0.3576897973	0	0	0	1
9.51	9.653156852	-0.8172819629	0	0.3101720048	-0.9506804549	0	0.9506804549	0.3101720048	0	0	0	1
9.52	9.675084435	-0.8243304617	0	0.2593380026	-0.9657866226	0	0.9657866226	0.2593380026	0	0	0	1
9.53	9.697738227	-0.8317624267	0	0.2052610487	-0.9787072606	0	0.9787072606	0.2052610487	0	0	0	1
9.54	9.721331173	-0.8395162572	0	0.1482541074	-0.9889493008	0	0.9889493008	0.1482541074	0	0	0	1
9.55	9.74606402	-0.847488771	0	0.08884665782	-0.9960453159	0	0.9960453159	0.08884665782	0	0	0	1
9.56	9.772122276	-0.8555284044	0	0.02774155415	-0.999615129	0	0.999615129	0.02774155415	0	0	0	1
9.57	9.799667935	-0.8634286084	0	-0.03424907793	-0.9994133282	0	0.9994133282	-0.03424907793	0	0	0	1
9.58	9.8288192	-0.8709253007	0	-0.09629029118	-0.995353294	0	0.995353294	-0.09629029118	0	0	0	1
9.59	9.859616029	-0.8777041695	0	-0.1575892027	-0.987504756	0	0.987504756	-0.1575892027	0	0	0	1
9.6	9.891975316	-0.8834263686	0	-0.2174245899	-0.9760771218	0	0.9760771218	-0.2174245899	0	0	0	1
9.61	9.925655371	-0.8877809213	0	-0.2751566922	-0.961399394	0	0.961399394	-0.2751566922	0	0	0	1
9.62	9.960254961	-0.890553767	0	-0.3302468836	-0.9438945894	0	0.9438945894	-0.3302468836	0	0	0	1
9.63	9.995244691	-0.8916786811	0	-0.3822622424	-0.9240538826	0	0.9240538826	-0.3822622424	0	0	0	1
9.64	10.03000094	-0.8912494717	0	-0.4308117444	-0.9024418213	0	0.9024418213	-0.4308117444	0	0	0	1
9.65	10.06383008	-0.8895094063	0	-0.4754373421	-0.8797495858	0	0.8797495858	-0.4754373421	0	0	0	1
9.66	10.09601178	-0.8868347918	0	-0.5155832893	-0.8568394667	0	0.8568394667	-0.5155832893	0	0	0	1
9.67	10.12586437	-0.8837011025	0	-0.5506719059	-0.8347217812	0	0.8347217812	-0.5506719059	0	0	0	1
9.68	10.15279305	-0.8806300025	0	-0.5801636857	-0.8144999065	0	0.8144999065	-0.5801636857	0	0	0	1
9.69	10.17632805	-0.8781287541	0	-0.6035978538	-0.7972889256	0	0.7972889256	-0.6035978538	0	0	0	1
9.7	10.19615508	-0.8766298781	0	-0.6206390515	-0.7840964021	0	0.7840964021	-0.6206390515	0	0	0	1
9.71	10.21213779	-0.8764406209	0	-0.6311214818	-0.7756840047	0	0.7756840047	-0.6311214818	0	0	0	1
9.72	10.22432314	-0.8777165797	0	-0.6350614105	-0.7724616527	0	0.7724616527	-0.6350614105	0	0	0	1
9.73	10.23293342	-0.8804651293	0	-0.6326557053	-0.7744331853	0	0.7744331853	-0.6326557053	0	0	0	1
9.74	10.23834248	-0.8845767692	0	-0.624270654	-0.7812081352	0	0.7812081352	-0.624270654	0	0	0	1
9.75	10.24103227	-0.8898691701	0	-0.610407878	-0.7920872569	0	0.7920872569	-0.610407878	0	0	0	1
9.76	10.24154371	-0.8960929525	0	-0.5916778572	-0.8061744931	0	0.8061744931	-0.5916778572	0	0	0	1
9.77	10.24048008	-0.9030070573	0	-0.5690473405	-0.8223047636	0	0.8223047636	-0.5690473405	0	0	0	1
9.78	10.23826958	-0.9104970887	0	-0.5430127992	-0.839724419	0	0.839724419	-0.5430127992	0	0	0	1
9.79	10.23517353	-0.9185194402	0	-0.5134434842	-0.858123411	0	0.858123411	-0.5134434842	0	0	0	1
9.8	10.23151154	-0.9270456101	0	-0.480411316	-0.8770433099	0	0.8770433099	-0.480411316	0	0	0	1
9.81	10.22771918	-0.93607558	0	-0.4445007291	-0.8957784892	0	0.8957784892	-0.4445007291	0	0	0	1
9.82	10.22426369	-0.9456561907	0	-0.4065911357	-0.9136102278	0	0.9136102278	-0.4065911357	0	0	0	1
9.83	10.22215221	-0.9558627599	0	-0.3697261485	-0.9291407725	0	0.9291407725	-0.3697261485	0	0	0	1
9.84	10.22213405	-0.9655796701	0	-0.3330486416	-0.942909647	0	0.942909647	-0.3330486416	0	0	0	1
9.85	10.22213745	-0.9742795942	0	-0.2907327014	-0.9568043146	0	0.9568043146	-0.2907327014	0	0	0	1
9.86	10.22214278	-0.9823130519	0	-0.24816621	-0.9687174677	0	0.9687174677	-0.24816621	0	0	0	1
9.87	10.22213755	-0.9896265001	0	-0.2070462241	-0.9783311612	0	0.9783311612	-0.2070462241	0	0	0	1
9.88	10.22210948	-0.9958467796	0	-0.1780450844	-0.984022331	0	0.984022331	-0.1780450844	0	0	0	1
9.89	10.22204786	-1.000630975	0	-0.1699623959	-0.9854505487	0	0.9854505487	-0.1699623959	0	0	0	1
9.9	10.22192658	-1.003347115	0	-0.1559839572	-0.9877595887	0	0.9877595887	-0.1559839572	0	0	0	1
9.91	10.22176607	-1.003678174	0	-0.1361305359	-0.990690909	0	0.990690909	-0.1361305359	0	0	0	1
9.92	10.2215735	-1.001936122	0	-0.1123483296	-0.9936688849	0	0.9936688849	-0.1123483296	0	0	0	1
9.93	10.22136136	-0.9986528102	0	-0.08668131316	-0.9962360915	0	0.9962360915	-0.08668131316	0	0	0	1
9.94	10.22116239	-0.9943196224	0	-0.06038984574	-0.9981748677	0	0.9981748677	-0.06038984574	0	0	0	1
9.95	10.22101535	-0.9893469666	0	-0.03410498577	-0.9994182558	0	0.9994182558	-0.03410498577	0	0	0	1
9.96	10.22097399	-0.984084968	0	-0.008200082332	-0.9999663788	0	0.9999663788	-0.008200082332	0	0	0	1
9.97	10.22107719	-0.9786730523	0	0.01770134926	-0.9998433188	0	0.9998433188	0.01770134926	0	0	0	1
9.98	10.22134755	-0.9731263294	0	0.04411045158	-0.9990266603	0	0.9990266603	0.04411045158	0	0	0	1
9.99	10.22178742	-0.9675583379	0	0.07051525892	-0.9975107008	0	0.9975107008	0.07051525892	0	0	0	1
10	10.22237571	-0.9620462057	0	0.09631204226	-0.9953511895	0	0.9953511895	0.09631204226	0	0	0	1
