0	0.230361185	-0.810170676	0	-0.6845775371	-0.7289400494	0	0.7289400494	-0.6845775371	0	0	0	1
0.01	0.2466644946	-0.8115379331	0	-0.6836647259	-0.7297962336	0	0.7297962336	-0.6836647259	0	0	0	1
0.02	0.2581912394	-0.8155336268	0	-0.6695068176	-0.7428059109	0	0.7428059109	-0.6695068176	0	0	0	1
0.03	0.2661588649	-0.8215123685	0	-0.6456621887	-0.763623165	0	0.763623165	-0.6456621887	0	0	0	1
0.04	0.2715692736	-0.8287400289	0	-0.6129382534	-0.7901308104	0	0.7901308104	-0.6129382534	0	0	0	1
0.05	0.2762780337	-0.8364159607	0	-0.5743328268	-0.8186218932	0	0.8186218932	-0.5743328268	0	0	0	1
0.06	0.2823194362	-0.8441187184	0	-0.5341778705	-0.845372109	0	0.845372109	-0.5341778705	0	0	0	1
0.07	0.2910683935	-0.8518753251	0	-0.495839899	-0.8684139534	0	0.8684139534	-0.495839899	0	0	0	1
0.08	0.3030155544	-0.8599503848	0	-0.4610884263	-0.8873541926	0	0.8873541926	-0.4610884263	0	0	0	1
0.09	0.3178660585	-0.868658389	0	-0.4302797552	-0.9026955922	0	0.9026955922	-0.4302797552	0	0	0	1
0.1	0.3347435676	-0.8782660868	0	-0.402646676	-0.9153554797	0	0.9153554797	-0.402646676	0	0	0	1
0.11	0.3524592828	-0.8889650113	0	-0.3767222855	-0.926326249	0	0.926326249	-0.3767222855	0	0	0	1
0.12	0.369787868	-0.9008783355	0	-0.3508620328	-0.9364271643	0	0.9364271643	-0.3508620328	0	0	0	1
0.13	0.3856767877	-0.914068395	0	-0.3236742634	-0.9461685744	0	0.9461685744	-0.3236742634	0	0	0	1
0.14	0.3993518836	-0.9285363208	0	-0.2942293578	-0.9557348403	0	0.9557348403	-0.2942293578	0	0	0	1
0.15	0.4103256733	-0.9442240509	0	-0.262042643	-0.9650562954	0	0.9650562954	-0.262042643	0	0	0	1
0.16	0.415877604	-0.9605801144	0	-0.2179390095	-0.9759623907	0	0.9759623907	-0.2179390095	0	0	0	1
0.17	0.4158867603	-0.9751977003	0	-0.1598914671	-0.9871346001	0	0.9871346001	-0.1598914671	0	0	0	1
0.18	0.4159353043	-0.9885225639	0	-0.1313834388	-0.9913316256	0	0.9913316256	-0.1313834388	0	0	0	1
0.19	0.4160063759	-0.999472945	0	-0.1319880037	-0.9912513137	0	0.9912513137	-0.1319880037	0	0	0	1
0.2	0.4159598701	-1.005921776	0	-0.1221761848	-0.9925084281	0	0.9925084281	-0.1221761848	0	0	0	1
0.21	0.4158234113	-1.007447006	0	-0.1011000808	-0.9948762605	0	0.9948762605	-0.1011000808	0	0	0	1
0.22	0.4156338309	-1.004914077	0	-0.07064788223	-0.9975013167	0	0.9975013167	-0.07064788223	0	0	0	1
0.23	0.4154782911	-0.999694684	0	-0.03475468866	-0.9993958733	0	0.9993958733	-0.03475468866	0	0	0	1
0.24	0.4155051069	-0.9929155669	0	0.003027450675	-0.9999954173	0	0.9999954173	0.003027450675	0	0	0	1
0.25	0.4158572665	-0.9851548669	0	0.04194159855	-0.999120064	0	0.999120064	0.04194159855	0	0	0	1
0.26	0.4166185016	-0.9762664659	0	0.08429681657	-0.996440689	0	0.996440689	0.08429681657	0	0	0	1
0.27	0.4179254378	-0.9661137834	0	0.1308344649	-0.9914042278	0	0.9914042278	0.1308344649	0	0	0	1
0.28	0.4198825303	-0.9547974246	0	0.1805802147	-0.9835602605	0	0.9835602605	0.1805802147	0	0	0	1
0.29	0.4225181329	-0.9425640436	0	0.2317798932	-0.9727682566	0	0.9727682566	0.2317798932	0	0	0	1
0.3	0.425780984	-0.9297231811	0	0.2826119543	-0.9592343214	0	0.9592343214	0.2826119543	0	0	0	1
0.31	0.4295560888	-0.9166130547	0	0.3315057819	-0.9434531873	0	0.9434531873	0.3315057819	0	0	0	1
0.32	0.4336834739	-0.9035937138	0	0.3771957525	-0.9261335564	0	0.9261335564	0.3771957525	0	0	0	1
0.33	0.437981542	-0.8910254833	0	0.4187417469	-0.9081053625	0	0.9081053625	0.4187417469	0	0	0	1
0.34	0.4422857387	-0.8792279224	0	0.455595429	-0.8901869495	0	0.8901869495	0.455595429	0	0	0	1
0.35	0.446534838	-0.8684573437	0	0.4875318683	-0.8731051926	0	0.8731051926	0.4875318683	0	0	0	1
0.36	0.4511745496	-0.8590265065	0	0.5133827367	-0.8581597553	0	0.8581597553	0.5133827367	0	0	0	1
0.37	0.4560995791	-0.8508567723	0	0.5347601987	-0.8450038639	0	0.8450038639	0.5347601987	0	0	0	1
0.38	0.4608039216	-0.8436546738	0	0.5548358574	-0.8319598375	0	0.8319598375	0.5548358574	0	0	0	1
0.39	0.4650693864	-0.8372822637	0	0.5748846011	-0.8182344991	0	0.8182344991	0.5748846011	0	0	0	1
0.4	0.4687742884	-0.8316579827	0	0.5951349107	-0.8036258072	0	0.8036258072	0.5951349107	0	0	0	1
0.41	0.4721383734	-0.8268126812	0	0.6144032623	-0.7889921618	0	0.7889921618	0.6144032623	0	0	0	1
0.42	0.4755023569	-0.8226887112	0	0.6327509238	-0.774355389	0	0.774355389	0.6327509238	0	0	0	1
0.43	0.47894095	-0.8191387954	0	0.6505885685	-0.7594303882	0	0.7594303882	0.6505885685	0	0	0	1
0.44	0.4824643034	-0.8160320559	0	0.6679833043	-0.7441762594	0	0.7441762594	0.6679833043	0	0	0	1
0.45	0.4860290695	-0.8132533011	0	0.6847554624	-0.7287729116	0	0.7287729116	0.6847554624	0	0	0	1
0.46	0.489565955	-0.8106991904	0	0.7006405943	-0.7135143709	0	0.7135143709	0.7006405943	0	0	0	1
0.47	0.4929994797	-0.8082781623	0	0.7153869055	-0.6987285421	0	0.6987285421	0.7153869055	0	0	0	1
0.48	0.4962556916	-0.8059138263	0	0.7287824293	-0.6847453328	0	0.6847453328	0.7287824293	0	0	0	1
0.49	0.4992653034	-0.8035495835	0	0.7406548795	-0.671885667	0	0.671885667	0.7406548795	0	0	0	1
0.5	0.5019683519	-0.8011524798	0	0.7508715629	-0.6604482538	0	0.6604482538	0.7508715629	0	0	0	1
0.51	0.5043251433	-0.7987158169	0	0.7593445249	-0.6506887831	0	0.6506887831	0.7593445249	0	0	0	1
0.52	0.506342321	-0.7962683725	0	0.7660006839	-0.6428397563	0	0.6428397563	0.7660006839	0	0	0	1
0.53	0.50825185	-0.7940174034	0	0.7701997094	-0.6378027968	0	0.6378027968	0.7701997094	0	0	0	1
0.54	0.5106067137	-0.7922911252	0	0.7713419266	-0.6364209553	0	0.6364209553	0.7713419266	0	0	0	1
0.55	0.5131490347	-0.7905554564	0	0.7716151471	-0.6360896673	0	0.6360896673	0.7716151471	0	0	0	1
0.56	0.515577163	-0.7884218065	0	0.7723579506	-0.6351875283	0	0.6351875283	0.7723579506	0	0	0	1
0.57	0.5177868338	-0.7857809635	0	0.7741551238	-0.6329959275	0	0.6329959275	0.7741551238	0	0	0	1
0.58	0.5198469584	-0.7826574466	0	0.7774189904	-0.6289830788	0	0.6289830788	0.7774189904	0	0	0	1
0.59	0.5220148429	-0.7792490395	0	0.7823041242	-0.6228966666	0	0.6228966666	0.7823041242	0	0	0	1
0.6	0.5247236544	-0.7759981622	0	0.7885391402	-0.6149845724	0	0.6149845724	0.7885391402	0	0	0	1
0.61	0.5288666909	-0.7733722929	0	0.7943416435	-0.6074712779	0	0.6074712779	0.7943416435	0	0	0	1
0.62	0.5350920449	-0.7714578489	0	0.7981798397	-0.6024192424	0	0.6024192424	0.7981798397	0	0	0	1
0.63	0.5439556039	-0.769922554	0	0.8009130568	-0.5987806572	0	0.5987806572	0.8009130568	0	0	0	1
0.64	0.5563386244	-0.7690871147	0	0.8009572898	-0.5987214878	0	0.5987214878	0.8009572898	0	0	0	1
0.65	0.5727863137	-0.7696614358	0	0.7949569211	-0.606665883	0	0.606665883	0.7949569211	0	0	0	1
0.66	0.5929847165	-0.7721675857	0	0.7815564392	-0.6238345393	0	0.6238345393	0.7815564392	0	0	0	1
0.67	0.6162657517	-0.7763481316	0	0.7607259914	-0.6490731592	0	0.6490731592	0.7607259914	0	0	0	1
0.68	0.6418188017	-0.7811841628	0	0.7340006173	-0.6791488009	0	0.6791488009	0.7340006173	0	0	0	1
0.69	0.6688211002	-0.7856715085	0	0.7035269869	-0.7106685435	0	0.7106685435	0.7035269869	0	0	0	1
0.7	0.6966099052	-0.7895098055	0	0.670723038	-0.7417078983	0	0.7417078983	0.670723038	0	0	0	1
0.71	0.7248727824	-0.7931813991	0	0.6355537763	-0.7720566025	0	0.7720566025	0.6355537763	0	0	0	1
0.72	0.7537608399	-0.7975041621	0	0.596401811	-0.8026860407	0	0.8026860407	0.596401811	0	0	0	1
0.73	0.7836969336	-0.8029538461	0	0.551347888	-0.8342754379	0	0.8342754379	0.551347888	0	0	0	1
0.74	0.8151170543	-0.8094833914	0	0.4993787287	-0.866383798	0	0.866383798	0.4993787287	0	0	0	1
0.75	0.8483458192	-0.8168045892	0	0.440154422	-0.8979220928	0	0.8979220928	0.440154422	0	0	0	1
0.76	0.8835403252	-0.8246075994	0	0.3737817134	-0.927516701	0	0.927516701	0.3737817134	0	0	0	1
0.77	0.9206664076	-0.8325716794	0	0.3009385001	-0.9536435493	0	0.9536435493	0.3009385001	0	0	0	1
0.78	0.9594951306	-0.8403157251	0	0.2230663678	-0.9748032599	0	0.9748032599	0.2230663678	0	0	0	1
0.79	0.9996471095	-0.8474359618	0	0.1422499799	-0.9898307649	0	0.9898307649	0.1422499799	0	0	0	1
0.8	1.040690502	-0.8536114705	0	0.06076592312	-0.9981520438	0	0.9981520438	0.06076592312	0	0	0	1
0.81	1.082259681	-0.8586730888	0	-0.01944033295	-0.9998110189	0	0.9998110189	-0.01944033295	0	0	0	1
0.82	1.124120626	-0.8625782036	0	-0.09701862021	-0.9952825666	0	0.9952825666	-0.09701862021	0	0	0	1
0.83	1.166162895	-0.8653318791	0	-0.1712038906	-0.9852356205	0	0.9852356205	-0.1712038906	0	0	0	1
0.84	1.20833721	-0.8669218961	0	-0.2416536605	-0.9703625654	0	0.9703625654	-0.2416536605	0	0	0	1
0.85	1.250576897	-0.8672964792	0	-0.3082731889	-0.9512978719	0	0.9512978719	-0.3082731889	0	0	0	1
0.86	1.292724644	-0.8663787998	0	-0.3710590493	-0.928609273	0	0.928609273	-0.3710590493	0	0	0	1
0.87	1.33447734	-0.8641052912	0	-0.4299688655	-0.9028437156	0	0.9028437156	-0.4299688655	0	0	0	1
0.88	1.375360384	-0.8604791184	0	-0.4848348167	-0.87460574	0	0.87460574	-0.4848348167	0	0	0	1
0.89	1.414742127	-0.8556261952	0	-0.535338585	-0.844637555	0	0.844637555	-0.535338585	0	0	0	1
0.9	1.451883032	-0.8498350892	0	-0.581040116	-0.8138749189	0	0.8138749189	-0.581040116	0	0	0	1
0.91	1.486007747	-0.8435650616	0	-0.6214388085	-0.7834627032	0	0.7834627032	-0.6214388085	0	0	0	1
0.92	1.516377564	-0.8374160631	0	-0.6560376671	-0.7547281493	0	0.7547281493	-0.6560376671	0	0	0	1
0.93	1.542356146	-0.832063409	0	-0.684401141	-0.7291056702	0	0.7291056702	-0.684401141	0	0	0	1
0.94	1.563456699	-0.828168664	0	-0.7061931537	-0.7080192297	0	0.7080192297	-0.7061931537	0	0	0	1
0.95	1.579366341	-0.8262852713	0	-0.7211859416	-0.6927415374	0	0.6927415374	-0.7211859416	0	0	0	1
0.96	1.589957392	-0.8267769847	0	-0.7292525272	-0.6842446577	0	0.6842446577	-0.7292525272	0	0	0	1
0.97	1.595287117	-0.8297679823	0	-0.7303450088	-0.6830784495	0	0.6830784495	-0.7303450088	0	0	0	1
0.98	1.595595321	-0.8351350399	0	-0.7244777547	-0.6892981815	0	0.6892981815	-0.7244777547	0	0	0	1
0.99	1.591298222	-0.8425441608	0	-0.7117249507	-0.7024582511	0	0.7024582511	-0.7117249507	0	0	0	1
1	1.582976947	-0.8515226839	0	-0.6922346079	-0.7216725349	0	0.7216725349	-0.6922346079	0	0	0	1
1.01	1.571352719	-0.8615495894	0	-0.6662531215	-0.7457256722	0	0.7457256722	-0.6662531215	0	0	0	1
1.02	1.55725301	-0.8721354498	0	-0.6341536937	-0.773207018	0	0.773207018	-0.6341536937	0	0	0	1
1.03	1.541566964	-0.8828786597	0	-0.5964965274	-0.8026156569	0	0.8026156569	-0.5964965274	0	0	0	1
1.04	1.525190573	-0.8935401327	0	-0.554034898	-0.8324934425	0	0.8324934425	-0.554034898	0	0	0	1
1.05	1.508946906	-0.9040512941	0	-0.5075235196	-0.8616379037	0	0.8616379037	-0.5075235196	0	0	0	1
1.06	1.493586343	-0.9144659579	0	-0.457757582	-0.8890770473	0	0.8890770473	-0.457757582	0	0	0	1
1.07	1.479857859	-0.9249258474	0	-0.4059250413	-0.9139063742	0	0.9139063742	-0.4059250413	0	0	0	1
1.08	1.468493786	-0.9356678265	0	-0.3537907624	-0.9353245942	0	0.9353245942	-0.3537907624	0	0	0	1
1.09	1.460061323	-0.9470068842	0	-0.3033617316	-0.9528754692	0	0.9528754692	-0.3033617316	0	0	0	1
1.1	1.456450882	-0.9592293709	0	-0.2612720147	-0.9652652145	0	0.9652652145	-0.2612720147	0	0	0	1
1.11	1.456420852	-0.9702455352	0	-0.2143253521	-0.976762327	0	0.976762327	-0.2143253521	0	0	0	1
1.12	1.456419009	-0.9802235215	0	-0.163729662	-0.9865052447	0	0.9865052447	-0.163729662	0	0	0	1
1.13	1.456420581	-0.9895891036	0	-0.1399326072	-0.9901610301	0	0.9901610301	-0.1399326072	0	0	0	1
1.14	1.456422914	-0.9976200824	0	-0.1377531795	-0.9904665878	0	0.9904665878	-0.1377531795	0	0	0	1
1.15	1.456344765	-1.002996177	0	-0.1289113023	-0.991656128	0	0.991656128	-0.1289113023	0	0	0	1
1.16	1.456207412	-1.005198122	0	-0.1138833563	-0.9934941274	0	0.9934941274	-0.1138833563	0	0	0	1
1.17	1.456029895	-1.004433588	0	-0.09405049485	-0.9955674284	0	0.9955674284	-0.09405049485	0	0	0	1
1.18	1.455824339	-1.001234105	0	-0.07062490918	-0.9975029435	0	0.9975029435	-0.07062490918	0	0	0	1
1.19	1.455609362	-0.9962673524	0	-0.04439584461	-0.9990140184	0	0.9990140184	-0.04439584461	0	0	0	1
1.2	1.455430424	-0.990224835	0	-0.01598923912	-0.9998721639	0	0.9998721639	-0.01598923912	0	0	0	1
1.21	1.455390487	-0.9836534041	0	0.01427304187	-0.9998981349	0	0.9998981349	0.01427304187	0	0	0	1
1.22	1.455598944	-0.9766573831	0	0.04716879971	-0.9988869327	0	0.9988869327	0.04716879971	0	0	0	1
1.23	1.456126481	-0.9692338531	0	0.08266293196	-0.9965775633	0	0.9965775633	0.08266293196	0	0	0	1
1.24	1.457019119	-0.9613928719	0	0.120176995	-0.9927524817	0	0.9927524817	0.120176995	0	0	0	1
1.25	1.458306126	-0.9531477047	0	0.1591355096	-0.9872567496	0	0.9872567496	0.1591355096	0	0	0	1
1.26	1.460006908	-0.9445186237	0	0.1990786327	-0.9799835192	0	0.9799835192	0.1990786327	0	0	0	1
1.27	1.462133905	-0.9355373178	0	0.2396348284	-0.9708630949	0	0.9708630949	0.2396348284	0	0	0	1
1.28	1.464692941	-0.9262494173	0	0.2804764875	-0.9598608962	0	0.9598608962	0.2804764875	0	0	0	1
1.29	1.467681919	-0.9167138352	0	0.3212851584	-0.9469824956	0	0.9469824956	0.3212851584	0	0	0	1
1.3	1.471087949	-0.9070025797	0	0.3617223636	-0.9322858637	0	0.9322858637	0.3617223636	0	0	0	1
1.31	1.474882892	-0.8972041413	0	0.4014045314	-0.9159008692	0	0.9159008692	0.4014045314	0	0	0	1
1.32	1.479017928	-0.8874301016	0	0.43988572	-0.8980537586	0	0.8980537586	0.43988572	0	0	0	1
1.33	1.483419481	-0.8778193748	0	0.4766637231	-0.8790857155	0	0.8790857155	0.4766637231	0	0	0	1
1.34	1.487990963	-0.8685327149	0	0.5112273811	-0.8594454984	0	0.8594454984	0.5112273811	0	0	0	1
1.35	1.492622969	-0.8597361707	0	0.5431385399	-0.8396430947	0	0.8396430947	0.5431385399	0	0	0	1
1.36	1.497210352	-0.8515775749	0	0.5721215098	-0.8201688716	0	0.8201688716	0.5721215098	0	0	0	1
1.37	1.501669739	-0.844163603	0	0.5981247814	-0.8014029859	0	0.8014029859	0.5981247814	0	0	0	1
1.38	1.505951289	-0.8375435291	0	0.6213335219	-0.7835462045	0	0.7835462045	0.6213335219	0	0	0	1
1.39	1.510041699	-0.831704959	0	0.6421239321	-0.7666008452	0	0.7666008452	0.6421239321	0	0	0	1
1.4	1.513960715	-0.826582424	0	0.6609725144	-0.7504101114	0	0.7504101114	0.6609725144	0	0	0	1
1.41	1.517751193	-0.822075314	0	0.6783506049	-0.7347383594	0	0.7347383594	0.6783506049	0	0	0	1
1.42	1.521462915	-0.8180667845	0	0.6946427049	-0.7193549281	0	0.7193549281	0.6946427049	0	0	0	1
1.43	1.525133258	-0.8144410293	0	0.7100915402	-0.7041093697	0	0.7041093697	0.7100915402	0	0	0	1
1.44	1.528770827	-0.8110980769	0	0.7247707265	-0.6889901262	0	0.6889901262	0.7247707265	0	0	0	1
1.45	1.532346825	-0.8079638211	0	0.7385898573	-0.6741550435	0	0.6741550435	0.7385898573	0	0	0	1
1.46	1.535795093	-0.8049953725	0	0.7513270587	-0.6599300348	0	0.6599300348	0.7513270587	0	0	0	1
1.47	1.539020611	-0.8021812631	0	0.7626806432	-0.6467752597	0	0.6467752597	0.7626806432	0	0	0	1
1.48	1.541915179	-0.799537486	0	0.7723264889	-0.6352257823	0	0.6352257823	0.7723264889	0	0	0	1
1.49	1.544380358	-0.797101098	0	0.7799674086	-0.6258201352	0	0.6258201352	0.7799674086	0	0	0	1
1.5	1.546375407	-0.7949412614	0	0.7852800725	-0.619140701	0	0.619140701	0.7852800725	0	0	0	1
1.51	1.549295174	-0.7942034738	0	0.7943931728	-0.6074038912	0	0.6074038912	0.7943931728	0	0	0	1
1.52	1.549904464	-0.7939098381	0	0.7957627135	-0.6056085401	0	0.6056085401	0.7957627135	0	0	0	1
1.53	1.549749021	-0.7938346743	0	0.7948241905	-0.6068397698	0	0.6068397698	0.7948241905	0	0	0	1
1.54	1.549004183	-0.7938317837	0	0.7921347249	-0.6103462768	0	0.6103462768	0.7921347249	0	0	0	1
1.55	1.547826348	-0.7937512909	0	0.7883524119	-0.6152239224	0	0.6152239224	0.7883524119	0	0	0	1
1.56	1.546438013	-0.7934062982	0	0.784742176	-0.6198223271	0	0.6198223271	0.784742176	0	0	0	1
1.57	1.544519619	-0.7920684195	0	0.784599881	-0.620002441	0	0.620002441	0.784599881	0	0	0	1
1.58	1.54104612	-0.7887982871	0	0.789749071	-0.6134300325	0	0.6134300325	0.789749071	0	0	0	1
1.59	1.535968776	-0.783737396	0	0.7975387325	-0.6032677434	0	0.6032677434	0.7975387325	0	0	0	1
1.6	1.529798707	-0.7771500317	0	0.8073225166	-0.5901104593	0	0.5901104593	0.8073225166	0	0	0	1
1.61	1.523219991	-0.7694024403	0	0.818643382	-0.5743021966	0	0.5743021966	0.818643382	0	0	0	1
1.62	1.517443903	-0.7616715364	0	0.8304475994	-0.5570967462	0	0.5570967462	0.8304475994	0	0	0	1
1.63	1.513018149	-0.7550124255	0	0.8383349884	-0.5451554341	0	0.5451554341	0.8383349884	0	0	0	1
1.64	1.51055122	-0.7465843232	0	0.8463701227	-0.5325951702	0	0.5325951702	0.8463701227	0	0	0	1
1.65	1.511518913	-0.7355163038	0	0.8558338226	-0.5172508753	0	0.5172508753	0.8558338226	0	0	0	1
1.66	1.516940326	-0.7242894471	0	0.8628768339	-0.5054142554	0	0.5054142554	0.8628768339	0	0	0	1
1.67	1.526689729	-0.7161924926	0	0.8634924778	-0.5043617162	0	0.5043617162	0.8634924778	0	0	0	1
1.68	1.540452193	-0.7127063792	0	0.8560995086	-0.516811021	0	0.516811021	0.8560995086	0	0	0	1
1.69	1.55797551	-0.7138879071	0	0.8405972412	-0.541660667	0	0.541660667	0.8405972412	0	0	0	1
1.7	1.578902822	-0.7191877106	0	0.8174405361	-0.5760129945	0	0.5760129945	0.8174405361	0	0	0	1
1.71	1.602633195	-0.727547346	0	0.788118264	-0.6155238435	0	0.6155238435	0.788118264	0	0	0	1
1.72	1.628333639	-0.7372573097	0	0.7557847464	-0.654820141	0	0.654820141	0.7557847464	0	0	0	1
1.73	1.655136873	-0.746330506	0	0.7241113117	-0.6896831217	0	0.6896831217	0.7241113117	0	0	0	1
1.74	1.682353059	-0.7532847472	0	0.6960004755	-0.7180413206	0	0.7180413206	0.6960004755	0	0	0	1
1.75	1.70968398	-0.7578537694	0	0.6722308445	-0.7403416048	0	0.7403416048	0.6722308445	0	0	0	1
1.76	1.737280406	-0.760931598	0	0.6509771943	-0.7590972879	0	0.7590972879	0.6509771943	0	0	0	1
1.77	1.765580535	-0.7638704404	0	0.6289722433	-0.7774277569	0	0.7774277569	0.6289722433	0	0	0	1
1.78	1.795053875	-0.7677729199	0	0.6030841771	-0.797677551	0	0.797677551	0.6030841771	0	0	0	1
1.79	1.825977983	-0.773142017	0	0.5712751458	-0.8207586173	0	0.8207586173	0.5712751458	0	0	0	1
1.8	1.858311357	-0.779901506	0	0.5327970429	-0.8462430567	0	0.8462430567	0.5327970429	0	0	0	1
1.81	1.89167487	-0.787617411	0	0.487959058	-0.8728665177	0	0.8728665177	0.487959058	0	0	0	1
1.82	1.925431065	-0.7957558721	0	0.4377459208	-0.8990987203	0	0.8990987203	0.4377459208	0	0	0	1
1.83	1.958833968	-0.8038837384	0	0.3834008189	-0.9235820549	0	0.9235820549	0.3834008189	0	0	0	1
1.84	1.991204819	-0.8117772665	0	0.3260324148	-0.9453585904	0	0.9453585904	0.3260324148	0	0	0	1
1.85	2.022087576	-0.8194420417	0	0.2663195997	-0.9638847809	0	0.9638847809	0.2663195997	0	0	0	1
1.86	2.051351074	-0.8270645685	0	0.2043958434	-0.978888318	0	0.978888318	0.2043958434	0	0	0	1
1.87	2.079218551	-0.8349204586	0	0.1399610561	-0.9901570091	0	0.9901570091	0.1399610561	0	0	0	1
1.88	2.106229002	-0.8432657693	0	0.07257371087	-0.9973630515	0	0.9973630515	0.07257371087	0	0	0	1
1.89	2.133153117	-0.8522302415	0	0.001994708793	-0.9999980106	0	0.9999980106	0.001994708793	0	0	0	1
1.9	2.160875321	-0.8617112003	0	-0.0715348868	-0.9974380983	0	0.9974380983	-0.0715348868	0	0	0	1
1.91	2.190223839	-0.871261702	0	-0.1471251924	-0.9891178786	0	0.9891178786	-0.1471251924	0	0	0	1
1.92	2.221685529	-0.8800013167	0	-0.2230813062	-0.9747998414	0	0.9747998414	-0.2230813062	0	0	0	1
1.93	2.255002028	-0.88672884	0	-0.2967451401	-0.954956712	0	0.954956712	-0.2967451401	0	0	0	1
1.94	2.288948972	-0.8904674242	0	-0.3646831893	-0.9311316617	0	0.9311316617	-0.3646831893	0	0	0	1
1.95	2.32185154	-0.8911778748	0	-0.4240411046	-0.9056429438	0	0.9056429438	-0.4240411046	0	0	0	1
1.96	2.352479817	-0.8897158498	0	-0.4742006686	-0.880416791	0	0.880416791	-0.4742006686	0	0	0	1
1.97	2.380068368	-0.8871398129	0	-0.515883048	-0.8566590225	0	0.8566590225	-0.515883048	0	0	0	1
1.98	2.403813153	-0.8844174227	0	-0.5488449846	-0.835924149	0	0.835924149	-0.5488449846	0	0	0	1
1.99	2.423096012	-0.8823940034	0	-0.5723246298	-0.8200271448	0	0.8200271448	-0.5723246298	0	0	0	1
2	2.437862652	-0.8816109705	0	-0.5865297976	-0.8099276489	0	0.8099276489	-0.5865297976	0	0	0	1
2.01	2.448502211	-0.8822528841	0	-0.5923381886	-0.8056894379	0	0.8056894379	-0.5923381886	0	0	0	1
2.02	2.455668526	-0.8842457153	0	-0.5907312672	-0.8068683721	0	0.8068683721	-0.5907312672	0	0	0	1
2.03	2.460222369	-0.8873666022	0	-0.5828594382	-0.8125729969	0	0.8125729969	-0.5828594382	0	0	0	1
2.04	2.463132753	-0.891359794	0	-0.5700444537	-0.8216138514	0	0.8216138514	-0.5700444537	0	0	0	1
2.05	2.465340383	-0.8960316419	0	-0.5536179446	-0.8327707796	0	0.8327707796	-0.5536179446	0	0	0	1
2.06	2.467638182	-0.9012874864	0	-0.534779586	-0.8449915943	0	0.8449915943	-0.534779586	0	0	0	1
2.07	2.470595393	-0.9070880459	0	-0.5145242272	-0.857475842	0	0.857475842	-0.5145242272	0	0	0	1
2.08	2.474560997	-0.9134499554	0	-0.4938075267	-0.8695712314	0	0.8695712314	-0.4938075267	0	0	0	1
2.09	2.479485952	-0.9204665657	0	-0.4726980214	-0.881224478	0	0.881224478	-0.4726980214	0	0	0	1
2.1	2.485048105	-0.9282317316	0	-0.4504380574	-0.8928076817	0	0.8928076817	-0.4504380574	0	0	0	1
2.11	2.490957397	-0.9368079268	0	-0.4264453902	-0.9045133107	0	0.9045133107	-0.4264453902	0	0	0	1
2.12	2.497061511	-0.9462408074	0	-0.4006424116	-0.9162344995	0	0.9162344995	-0.4006424116	0	0	0	1
2.13	2.502063458	-0.956402783	0	-0.3692487569	-0.9293305954	0	0.9293305954	-0.3692487569	0	0	0	1
2.14	2.502083802	-0.9658489611	0	-0.3261307648	-0.9453246661	0	0.9453246661	-0.3261307648	0	0	0	1
2.15	2.502100918	-0.974727956	0	-0.2838417331	-0.9588711439	0	0.9588711439	-0.2838417331	0	0	0	1
2.16	2.502105121	-0.9829870677	0	-0.2429620402	-0.9700357968	0	0.9700357968	-0.2429620402	0	0	0	1
2.17	2.502095916	-0.990315729	0	-0.2022225035	-0.9793396035	0	0.9793396035	-0.2022225035	0	0	0	1
2.18	2.502061712	-0.9963449554	0	-0.176383196	-0.9843215776	0	0.9843215776	-0.176383196	0	0	0	1
2.19	2.501987787	-1.000895883	0	-0.1672885219	-0.9859079827	0	0.9859079827	-0.1672885219	0	0	0	1
2.2	2.501855875	-1.003367433	0	-0.1521323995	-0.9883601232	0	0.9883601232	-0.1521323995	0	0	0	1
2.21	2.501685681	-1.00350038	0	-0.1313463523	-0.9913365401	0	0.9913365401	-0.1313463523	0	0	0	1
2.22	2.501482494	-1.001608652	0	-0.1067883501	-0.9942817751	0	0.9942817751	-0.1067883501	0	0	0	1
2.23	2.501264922	-0.9981959384	0	-0.08030188452	-0.9967705891	0	0.9967705891	-0.08030188452	0	0	0	1
2.24	2.50107272	-0.9937311983	0	-0.05307164312	-0.9985907073	0	0.9985907073	-0.05307164312	0	0	0	1
2.25	2.500953394	-0.98861869	0	-0.02579149934	-0.999667344	0	0.999667344	-0.02579149934	0	0	0	1
2.26	2.500967971	-0.9831968819	0	0.001124231177	-0.9999993681	0	0.9999993681	0.001124231177	0	0	0	1
2.27	2.501144722	-0.9775401486	0	0.02830030295	-0.9995994662	0	0.9995994662	0.02830030295	0	0	0	1
2.28	2.50150516	-0.9716949332	0	0.05602661547	-0.9984292756	0	0.9984292756	0.05602661547	0	0	0	1
2.29	2.502045175	-0.9657893778	0	0.08364944493	-0.9964952435	0	0.9964952435	0.08364944493	0	0	0	1
2.3	2.502741406	-0.9598922003	0	0.1106310637	-0.9938615436	0	0.9938615436	0.1106310637	0	0	0	1
2.31	2.50357638	-0.9540068964	0	0.1369322071	-0.9905804211	0	0.9905804211	0.1369322071	0	0	0	1
2.32	2.504546713	-0.9481193569	0	0.1627924932	-0.9866603287	0	0.9866603287	0.1627924932	0	0	0	1
2.33	2.505657949	-0.942224092	0	0.188468921	-0.9820791545	0	0.9820791545	0.188468921	0	0	0	1
2.34	2.506919872	-0.936323912	0	0.2141558602	-0.9767995022	0	0.9767995022	0.2141558602	0	0	0	1
2.35	2.508346086	-0.9304209001	0	0.2400134568	-0.970769561	0	0.970769561	0.2400134568	0	0	0	1
2.36	2.509954777	-0.924509105	0	0.2661961091	-0.9639188926	0	0.9639188926	0.2661961091	0	0	0	1
2.37	2.511767387	-0.918572738	0	0.2928381786	-0.9561620162	0	0.9561620162	0.2928381786	0	0	0	1
2.38	2.513804541	-0.9125910049	0	0.3200104978	-0.9474139968	0	0.9474139968	0.3200104978	0	0	0	1
2.39	2.516080558	-0.9065467692	0	0.3476795866	-0.9376134092	0	0.9376134092	0.3476795866	0	0	0	1
2.4	2.518598822	-0.9004340659	0	0.3756972488	-0.9267424547	0	0.9267424547	0.3756972488	0	0	0	1
2.41	2.521350044	-0.8942607728	0	0.403826942	-0.9148353955	0	0.9148353955	0.403826942	0	0	0	1
2.42	2.524313697	-0.8880472191	0	0.4317911561	-0.9019736124	0	0.9019736124	0.4317911561	0	0	0	1
2.43	2.52746096	-0.881823918	0	0.4593133452	-0.8882743106	0	0.8882743106	0.4593133452	0	0	0	1
2.44	2.530757311	-0.8756306429	0	0.4861407274	-0.8738805371	0	0.8738805371	0.4861407274	0	0	0	1
2.45	2.534164151	-0.8695164078	0	0.5120516646	-0.8589546512	0	0.8589546512	0.5120516646	0	0	0	1
2.46	2.537641039	-0.8635376204	0	0.5368640177	-0.8436687896	0	0.8436687896	0.5368640177	0	0	0	1
2.47	2.541149829	-0.8577528	0	0.5604518868	-0.8281869852	0	0.8281869852	0.5604518868	0	0	0	1
2.48	2.544660696	-0.8522145259	0	0.5827671655	-0.8126391763	0	0.8126391763	0.5827671655	0	0	0	1
2.49	2.548158786	-0.8469602755	0	0.6038565355	-0.7970930213	0	0.7970930213	0.6038565355	0	0	0	1
2.5	2.551649255	-0.8420047639	0	0.6238640858	-0.7815328544	0	0.7815328544	0.6238640858	0	0	0	1
2.51	2.555158572	-0.8373351562	0	0.6430146958	-0.7658538379	0	0.7658538379	0.6430146958	0	0	0	1
2.52	2.558729739	-0.8329131004	0	0.6615711847	-0.7498823692	0	0.7498823692	0.6615711847	0	0	0	1
2.53	2.56241231	-0.8286796757	0	0.6797787632	-0.7334172299	0	0.7334172299	0.6797787632	0	0	0	1
2.54	2.566250162	-0.8245627317	0	0.6978119714	-0.7162809872	0	0.7162809872	0.6978119714	0	0	0	1
2.55	2.57026999	-0.8204850446	0	0.7157376623	-0.6983692424	0	0.6983692424	0.7157376623	0	0	0	1
2.56	2.574472087	-0.8163735045	0	0.7334978944	-0.6796917234	0	0.6796917234	0.7334978944	0	0	0	1
2.57	2.57882428	-0.8121692442	0	0.7509125789	-0.6604016194	0	0.6604016194	0.7509125789	0	0	0	1
2.58	2.583259868	-0.8078378515	0	0.767699642	-0.6408098467	0	0.6408098467	0.767699642	0	0	0	1
2.59	2.587680125	-0.8033784612	0	0.7835070262	-0.6213829253	0	0.6213829253	0.7835070262	0	0	0	1
2.6	2.59196359	-0.7988311812	0	0.7979514715	-0.6027217013	0	0.6027217013	0.7979514715	0	0	0	1
2.61	2.595987272	-0.7942828982	0	0.8106508377	-0.5855298621	0	0.5855298621	0.8106508377	0	0	0	1
2.62	2.599691981	-0.7899024229	0	0.8211063796	-0.5707751864	0	0.5707751864	0.8211063796	0	0	0	1
2.63	2.603678869	-0.786443012	0	0.8270786313	-0.5620862369	0	0.5620862369	0.8270786313	0	0	0	1
2.64	2.608546288	-0.7842438632	0	0.8289527634	-0.5593186177	0	0.5593186177	0.8289527634	0	0	0	1
2.65	2.614017816	-0.7828386131	0	0.8287743605	-0.5595829335	0	0.5595829335	0.8287743605	0	0	0	1
2.66	2.619779728	-0.7819283394	0	0.8273976731	-0.5616164977	0	0.5616164977	0.8273976731	0	0	0	1
2.67	2.62558549	-0.7813152958	0	0.8253171788	-0.5646694204	0	0.5646694204	0.8253171788	0	0	0	1
2.68	2.63127309	-0.7808126387	0	0.8231039602	-0.5678907207	0	0.5678907207	0.8231039602	0	0	0	1
2.69	2.636784757	-0.7802695442	0	0.8213436183	-0.5704337478	0	0.5704337478	0.8213436183	0	0	0	1
2.7	2.642138238	-0.7795937629	0	0.8205081191	-0.5716348717	0	0.5716348717	0.8205081191	0	0	0	1
2.71	2.647454702	-0.7787145814	0	0.8212946241	-0.5705042861	0	0.5705042861	0.8212946241	0	0	0	1
2.72	2.653044667	-0.7778445178	0	0.8227611874	-0.568387217	0	0.568387217	0.8227611874	0	0	0	1
2.73	2.659475673	-0.7770335327	0	0.8220132566	-0.5694683538	0	0.5694683538	0.8220132566	0	0	0	1
2.74	2.667307893	-0.7752238867	0	0.82201973	-0.5694590095	0	0.5694590095	0.82201973	0	0	0	1
2.75	2.676903039	-0.7724314212	0	0.8227437407	-0.568412471	0	0.568412471	0.8227437407	0	0	0	1
2.76	2.688730904	-0.769315233	0	0.8224962407	-0.568770546	0	0.568770546	0.8224962407	0	0	0	1
2.77	2.70320566	-0.7668541178	0	0.8191128882	-0.5736323529	0	0.5736323529	0.8191128882	0	0	0	1
2.78	2.720011442	-0.7660634143	0	0.8110051687	-0.585038987	0	0.585038987	0.8110051687	0	0	0	1
2.79	2.738588716	-0.7666487981	0	0.7984784296	-0.6020234193	0	0.6020234193	0.7984784296	0	0	0	1
2.8	2.758319618	-0.7674391096	0	0.7834717894	-0.6214273532	0	0.6214273532	0.7834717894	0	0	0	1
2.81	2.778583246	-0.7674636647	0	0.7680552656	-0.640383564	0	0.640383564	0.7680552656	0	0	0	1
2.82	2.798855486	-0.7665174555	0	0.7533445329	-0.6576260448	0	0.6576260448	0.7533445329	0	0	0	1
2.83	2.818818294	-0.7650531124	0	0.7393691148	-0.6733003134	0	0.6733003134	0.7393691148	0	0	0	1
2.84	2.838391948	-0.7637890942	0	0.725479268	-0.6882440204	0	0.6882440204	0.725479268	0	0	0	1
2.85	2.857702468	-0.7633077995	0	0.7106106884	-0.7035854244	0	0.7035854244	0.7106106884	0	0	0	1
2.86	2.876981086	-0.7637320058	0	0.6940248294	-0.7199510651	0	0.7199510651	0.6940248294	0	0	0	1
2.87	2.896493726	-0.7649569554	0	0.6753974335	-0.7374539354	0	0.7374539354	0.6753974335	0	0	0	1
2.88	2.916459777	-0.7670013981	0	0.6542720911	-0.7562592352	0	0.7562592352	0.6542720911	0	0	0	1
2.89	2.937001377	-0.7700032687	0	0.6300028381	-0.7765928302	0	0.7765928302	0.6300028381	0	0	0	1
2.9	2.958131035	-0.7740204034	0	0.6021152532	-0.798409182	0	0.798409182	0.6021152532	0	0	0	1
2.91	2.979756003	-0.7789131851	0	0.5706080119	-0.8212225623	0	0.8212225623	0.5706080119	0	0	0	1
2.92	3.00169999	-0.7843914475	0	0.5359368818	-0.8442580522	0	0.8442580522	0.5359368818	0	0	0	1
2.93	3.023753722	-0.7901555603	0	0.4987214399	-0.8667623235	0	0.8667623235	0.4987214399	0	0	0	1
2.94	3.045743698	-0.7960190334	0	0.4594023322	-0.8882282911	0	0.8882282911	0.4594023322	0	0	0	1
2.95	3.067595768	-0.8019528769	0	0.4180417643	-0.9084278085	0	0.9084278085	0.4180417643	0	0	0	1
2.96	3.08935913	-0.8080429469	0	0.3743654717	-0.9272812376	0	0.9272812376	0.3743654717	0	0	0	1
2.97	3.11118764	-0.8144094648	0	0.3279614788	-0.9446910968	0	0.9446910968	0.3279614788	0	0	0	1
2.98	3.133298227	-0.8211418134	0	0.2784916128	-0.960438661	0	0.960438661	0.2784916128	0	0	0	1
2.99	3.155933185	-0.8282737897	0	0.2258171323	-0.9741697094	0	0.9741697094	0.2258171323	0	0	0	1
3	3.179337115	-0.8357856363	0	0.1700404448	-0.9854370843	0	0.9854370843	0.1700404448	0	0	0	1
3.01	3.203746002	-0.8436090063	0	0.1115059675	-0.9937637643	0	0.9937637643	0.1115059675	0	0	0	1
3.02	3.229379006	-0.8516216955	0	0.05078487328	-0.9987096158	0	0.9987096158	0.05078487328	0	0	0	1
3.03	3.256427266	-0.859637581	0	-0.01136383135	-0.9999354296	0	0.9999354296	-0.01136383135	0	0	0	1
3.04	3.285036171	-0.8674016932	0	-0.07406616698	-0.9972533294	0	0.9972533294	-0.07406616698	0	0	0	1
3.05	3.315277204	-0.8745962726	0	-0.136426888	-0.9906501422	0	0.9906501422	-0.136426888	0	0	0	1
3.06	3.347108958	-0.88086344	0	-0.1976013011	-0.9802824725	0	0.9802824725	-0.1976013011	0	0	0	1
3.07	3.380337527	-0.8858516142	0	-0.2568302608	-0.9664565263	0	0.9664565263	-0.2568302608	0	0	0	1
3.08	3.414599896	-0.8892851676	0	-0.3134610743	-0.9496010504	0	0.9496010504	-0.3134610743	0	0	0	1
3.09	3.449389653	-0.8910329059	0	-0.366972766	-0.9302316857	0	0.9302316857	-0.366972766	0	0	0	1
3.1	3.48409859	-0.8911376207	0	-0.416949161	-0.9089298087	0	0.9089298087	-0.416949161	0	0	0	1
3.11	3.518052297	-0.8898069005	0	-0.4629856085	-0.8863657971	0	0.8863657971	-0.4629856085	0	0	0	1
3.12	3.550538269	-0.8873912567	0	-0.5045848118	-0.8633621301	0	0.8633621301	-0.5045848118	0	0	0	1
3.13	3.58086114	-0.8843535747	0	-0.5411847685	-0.8409037081	0	0.8409037081	-0.5411847685	0	0	0	1
3.14	3.608406196	-0.8812180622	0	-0.5722523231	-0.8200776053	0	0.8200776053	-0.5722523231	0	0	0	1
3.15	3.632679091	-0.8785073012	0	-0.5973308271	-0.8019949395	0	0.8019949395	-0.5973308271	0	0	0	1
3.16	3.653332253	-0.8766816474	0	-0.6160672158	-0.7876935861	0	0.7876935861	-0.6160672158	0	0	0	1
3.17	3.670199459	-0.8760822675	0	-0.6282768214	-0.7779898687	0	0.7779898687	-0.6282768214	0	0	0	1
3.18	3.683289124	-0.8769045204	0	-0.6339382273	-0.7733836848	0	0.7733836848	-0.6339382273	0	0	0	1
3.19	3.692791393	-0.8791907537	0	-0.6332196818	-0.7739721148	0	0.7739721148	-0.6332196818	0	0	0	1
3.2	3.699054797	-0.8828576733	0	-0.6264636557	-0.7794506322	0	0.7794506322	-0.6264636557	0	0	0	1
3.21	3.702546928	-0.8877421729	0	-0.6141609925	-0.7891807621	0	0.7891807621	-0.6141609925	0	0	0	1
3.22	3.703797209	-0.8936258078	0	-0.5968871989	-0.8023251659	0	0.8023251659	-0.5968871989	0	0	0	1
3.23	3.703400222	-0.9002556011	0	-0.575518466	-0.817788784	0	0.817788784	-0.575518466	0	0	0	1
3.24	3.701865216	-0.9074821404	0	-0.5508578359	-0.8345990922	0	0.8345990922	-0.5508578359	0	0	0	1
3.25	3.699465802	-0.9152591158	0	-0.5229025735	-0.8523924558	0	0.8523924558	-0.5229025735	0	0	0	1
3.26	3.696451961	-0.923563586	0	-0.4915421138	-0.8708538054	0	0.8708538054	-0.4915421138	0	0	0	1
3.27	3.693190728	-0.9323887308	0	-0.4571464352	-0.8893914418	0	0.8893914418	-0.4571464352	0	0	0	1
3.28	3.690119815	-0.9417660806	0	-0.4204883218	-0.9072979507	0	0.9072979507	-0.4204883218	0	0	0	1
3.29	3.687655839	-0.9517691772	0	-0.3824828838	-0.923962577	0	0.923962577	-0.3824828838	0	0	0	1
3.3	3.687407724	-0.9619400465	0	-0.3474061129	-0.9377147715	0	0.9377147715	-0.3474061129	0	0	0	1
3.31	3.687407018	-0.9710140947	0	-0.3063726689	-0.9519116491	0	0.9519116491	-0.3063726689	0	0	0	1
3.32	3.687414796	-0.9793492158	0	-0.263498534	-0.9646597963	0	0.9646597963	-0.263498534	0	0	0	1
3.33	3.687414779	-0.9870194391	0	-0.22199022	-0.9750488922	0	0.9750488922	-0.22199022	0	0	0	1
3.34	3.687402614	-0.9937679969	0	-0.1831331409	-0.9830881205	0	0.9830881205	-0.1831331409	0	0	0	1
3.35	3.687354088	-0.9991458371	0	-0.1737765943	-0.9847851011	0	0.9847851011	-0.1737765943	0	0	0	1
3.36	3.687255181	-1.002727758	0	-0.1623262789	-0.9867371378	0	0.9867371378	-0.1623262789	0	0	0	1
3.37	3.687109141	-1.003937099	0	-0.1446466844	-0.9894833686	0	0.9894833686	-0.1446466844	0	0	0	1
3.38	3.6869307	-1.002902213	0	-0.1222069077	-0.9925046457	0	0.9925046457	-0.1222069077	0	0	0	1
3.39	3.686724831	-1.000122518	0	-0.09717894202	-0.9952669256	0	0.9952669256	-0.09717894202	0	0	0	1
3.4	3.686517541	-0.9961232	0	-0.07111640844	-0.9974680228	0	0.9974680228	-0.07111640844	0	0	0	1
3.41	3.686345391	-0.9913450328	0	-0.04483659709	-0.9989943341	0	0.9989943341	-0.04483659709	0	0	0	1
3.42	3.686255449	-0.9861618681	0	-0.01879179014	-0.9998234187	0	0.9998234187	-0.01879179014	0	0	0	1
3.43	3.686300539	-0.9808279475	0	0.006940946447	-0.9999759113	0	0.9999759113	0.006940946447	0	0	0	1
3.44	3.686503174	-0.9753479517	0	0.03308899163	-0.9994524094	0	0.9994524094	0.03308899163	0	0	0	1
3.45	3.686876236	-0.9698095249	0	0.05945502325	-0.9982309854	0	0.9982309854	0.05945502325	0	0	0	1
3.46	3.687404174	-0.964314478	0	0.0853586174	-0.996350293	0	0.996350293	0.0853586174	0	0	0	1
3.47	3.688062555	-0.9588952613	0	0.1104539641	-0.9938812413	0	0.9938812413	0.1104539641	0	0	0	1
3.48	3.688836757	-0.9535382399	0	0.1348224561	-0.9908697721	0	0.9908697721	0.1348224561	0	0	0	1
3.49	3.689723756	-0.9482239343	0	0.1587116101	-0.9873249844	0	0.9873249844	0.1587116101	0	0	0	1
3.5	3.690727176	-0.9429408372	0	0.1823567562	-0.983232431	0	0.983232431	0.1823567562	0	0	0	1
3.51	3.691855105	-0.9376811827	0	0.2059571142	-0.9785610186	0	0.9785610186	0.2059571142	0	0	0	1
3.52	3.693120655	-0.9324333708	0	0.2297054131	-0.9732602032	0	0.9732602032	0.2297054131	0	0	0	1
3.53	3.694542042	-0.9271773849	0	0.2537942655	-0.9672582234	0	0.9672582234	0.2537942655	0	0	0	1
3.54	3.696140464	-0.9218852573	0	0.2783868464	-0.9604690332	0	0.9604690332	0.2783868464	0	0	0	1
3.55	3.697936072	-0.9165265647	0	0.3035737016	-0.9528079595	0	0.9528079595	0.3035737016	0	0	0	1
3.56	3.699943639	-0.9110757398	0	0.3293438667	-0.9442100494	0	0.9442100494	0.3293438667	0	0	0	1
3.57	3.702169563	-0.9055174824	0	0.3555868834	-0.9346432305	0	0.9346432305	0.3555868834	0	0	0	1
3.58	3.704611302	-0.8998480766	0	0.3821218447	-0.9241119498	0	0.9241119498	0.3821218447	0	0	0	1
3.59	3.707258815	-0.8940743416	0	0.4087372606	-0.9126520979	0	0.9126520979	0.4087372606	0	0	0	1
3.6	3.710096353	-0.8882127311	0	0.4352191006	-0.9003245718	0	0.9003245718	0.4352191006	0	0	0	1
3.61	3.713103445	-0.8822898453	0	0.4613621553	-0.8872119035	0	0.8872119035	0.4613621553	0	0	0	1
3.62	3.7162549	-0.876343376	0	0.4869696242	-0.8734189058	0	0.8734189058	0.4869696242	0	0	0	1
3.63	3.719520444	-0.8704225604	0	0.511851615	-0.8590738759	0	0.8590738759	0.511851615	0	0	0	1
3.64	3.722866411	-0.8645852784	0	0.5358370615	-0.8443214101	0	0.8443214101	0.5358370615	0	0	0	1
3.65	3.726259181	-0.8588928282	0	0.5587926669	-0.829307395	0	0.829307395	0.5587926669	0	0	0	1
3.66	3.729670639	-0.8534022996	0	0.5806468024	-0.8141555692	0	0.8141555692	0.5806468024	0	0	0	1
3.67	3.733084823	-0.8481574451	0	0.6014116029	-0.7989393493	0	0.7989393493	0.6014116029	0	0	0	1
3.68	3.736503743	-0.8431805504	0	0.6211934664	-0.7836572448	0	0.7836572448	0.6211934664	0	0	0	1
3.69	3.739949552	-0.8384682129	0	0.6401814296	-0.7682237546	0	0.7682237546	0.6401814296	0	0	0	1
3.7	3.743460542	-0.8339924819	0	0.6586082248	-0.7524860173	0	0.7524860173	0.6586082248	0	0	0	1
3.71	3.747082116	-0.8297054418	0	0.6766973979	-0.7362612523	0	0.7362612523	0.6766973979	0	0	0	1
3.72	3.750855391	-0.8255455974	0	0.6946123517	-0.7193842373	0	0.7193842373	0.6946123517	0	0	0	1
3.73	3.754806851	-0.8214446474	0	0.7124221164	-0.7017511867	0	0.7017511867	0.7124221164	0	0	0	1
3.74	3.75893953	-0.817335884	0	0.730082582	-0.6833589272	0	0.6833589272	0.730082582	0	0	0	1
3.75	3.763226949	-0.8131633446	0	0.7474359271	-0.6643339032	0	0.6643339032	0.7474359271	0	0	0	1
3.76	3.767610552	-0.8088909818	0	0.7642266954	-0.6449477173	0	0.6449477173	0.7642266954	0	0	0	1
3.77	3.772001145	-0.8045110966	0	0.7801300431	-0.6256173877	0	0.6256173877	0.7801300431	0	0	0	1
3.78	3.776286365	-0.8000510802	0	0.7947888851	-0.6068860091	0	0.6068860091	0.7947888851	0	0	0	1
3.79	3.780346269	-0.7955780716	0	0.8078492491	-0.5893891674	0	0.5893891674	0.8078492491	0	0	0	1
3.8	3.784086364	-0.7912079143	0	0.818958731	-0.5738524174	0	0.5738524174	0.818958731	0	0	0	1
3.81	3.787690006	-0.7873272908	0	0.8269215095	-0.5623173633	0	0.5623173633	0.8269215095	0	0	0	1
3.82	3.791987059	-0.7846815922	0	0.8302763568	-0.5573519278	0	0.5573519278	0.8302763568	0	0	0	1
3.83	3.796967298	-0.7829815317	0	0.8309974481	-0.5562762275	0	0.5562762275	0.8309974481	0	0	0	1
3.84	3.802327186	-0.7818555715	0	0.8303199091	-0.5572870432	0	0.5572870432	0.8303199091	0	0	0	1
3.85	3.807819118	-0.7810951599	0	0.8287613034	-0.5596022713	0	0.5596022713	0.8287613034	0	0	0	1
3.86	3.813262904	-0.7805216004	0	0.8268137709	-0.5624757668	0	0.5624757668	0.8268137709	0	0	0	1
3.87	3.818570832	-0.7799747022	0	0.8250357167	-0.5650805838	0	0.5650805838	0.8250357167	0	0	0	1
3.88	3.823737636	-0.7793425132	0	0.8239297062	-0.5666920145	0	0.5666920145	0.8239297062	0	0	0	1
3.89	3.828817466	-0.7785560053	0	0.8239310808	-0.5666900159	0	0.5666900159	0.8239310808	0	0	0	1
3.9	3.834100316	-0.7776357189	0	0.8258121654	-0.5639452699	0	0.5639452699	0.8258121654	0	0	0	1
3.91	3.83992088	-0.7769645976	0	0.8253980866	-0.564551148	0	0.564551148	0.8253980866	0	0	0	1
3.92	3.847022536	-0.7757513245	0	0.824651734	-0.5656408026	0	0.5656408026	0.824651734	0	0	0	1
3.93	3.855751311	-0.773452112	0	0.8249693415	-0.5651774815	0	0.5651774815	0.8249693415	0	0	0	1
3.94	3.866440762	-0.7705622018	0	0.825123373	-0.5649525815	0	0.5649525815	0.825123373	0	0	0	1
3.95	3.879607375	-0.7677140873	0	0.823291291	-0.5676191067	0	0.5676191067	0.823291291	0	0	0	1
3.96	3.895241435	-0.7660159289	0	0.8176296612	-0.5757445068	0	0.5757445068	0.8176296612	0	0	0	1
3.97	3.912854295	-0.7658579093	0	0.8074436544	-0.5899446965	0	0.5899446965	0.8074436544	0	0	0	1
3.98	3.931853505	-0.7664086042	0	0.7939978431	-0.6079205747	0	0.6079205747	0.7939978431	0	0	0	1
3.99	3.951629378	-0.7665421241	0	0.7794102483	-0.6265138984	0	0.6265138984	0.7794102483	0	0	0	1
4	3.971621869	-0.7657042004	0	0.7652493438	-0.6437339837	0	0.6437339837	0.7652493438	0	0	0	1
4.01	3.991429972	-0.7640908438	0	0.7519680324	-0.6591995739	0	0.6591995739	0.7519680324	0	0	0	1
4.02	4.010876976	-0.7623473533	0	0.739148681	-0.6735422981	0	0.6735422981	0.739148681	0	0	0	1
4.03	4.030002819	-0.7611867377	0	0.7258790855	-0.6878223268	0	0.6878223268	0.7258790855	0	0	0	1
4.04	4.048989812	-0.7609976411	0	0.7111377466	-0.7030527046	0	0.7030527046	0.7111377466	0	0	0	1
4.05	4.068078493	-0.7617374175	0	0.6944706301	-0.7195210518	0	0.7195210518	0.6944706301	0	0	0	1
4.06	4.087496957	-0.7633104505	0	0.67560122	-0.7372672457	0	0.7372672457	0.67560122	0	0	0	1
4.07	4.107394914	-0.7657766173	0	0.6540401033	-0.7564598755	0	0.7564598755	0.6540401033	0	0	0	1
4.08	4.127820834	-0.7692314027	0	0.6292491261	-0.7772036653	0	0.7772036653	0.6292491261	0	0	0	1
4.09	4.148725688	-0.7736309686	0	0.600995936	-0.7992520785	0	0.7992520785	0.600995936	0	0	0	1
4.1	4.169977525	-0.7787554653	0	0.5695014828	-0.8219903047	0	0.8219903047	0.5695014828	0	0	0	1
4.11	4.191394843	-0.7843077508	0	0.5352808506	-0.8446741449	0	0.8446741449	0.5352808506	0	0	0	1
4.12	4.21280175	-0.7900467182	0	0.498825831	-0.8667022501	0	0.8667022501	0.498825831	0	0	0	1
4.13	4.234090632	-0.7958702027	0	0.4603367729	-0.8877443638	0	0.8877443638	0.4603367729	0	0	0	1
4.14	4.255262496	-0.8018133654	0	0.4196511719	-0.9076854598	0	0.9076854598	0.4196511719	0	0	0	1
4.15	4.276426795	-0.8079844391	0	0.3763725478	-0.9264684049	0	0.9264684049	0.3763725478	0	0	0	1
4.16	4.297769401	-0.8144898421	0	0.3300831527	-0.9439518591	0	0.9439518591	0.3300831527	0	0	0	1
4.17	4.319511285	-0.8213884401	0	0.2805178052	-0.9598488219	0	0.9598488219	0.2805178052	0	0	0	1
4.18	4.341879909	-0.8286837073	0	0.2276438632	-0.9737444591	0	0.9737444591	0.2276438632	0	0	0	1
4.19	4.365095245	-0.8363321327	0	0.1716741853	-0.9851537819	0	0.9851537819	0.1716741853	0	0	0	1
4.2	4.389366743	-0.8442490125	0	0.1130512246	-0.9935891609	0	0.9935891609	0.1130512246	0	0	0	1
4.21	4.414890469	-0.852303425	0	0.05241333211	-0.9986254767	0	0.9986254767	0.05241333211	0	0	0	1
4.22	4.441842869	-0.8603105252	0	-0.009458843836	-0.9999552641	0	0.9999552641	-0.009458843836	0	0	0	1
4.23	4.470365406	-0.8680267491	0	-0.07172251965	-0.9974246238	0	0.9974246238	-0.07172251965	0	0	0	1
4.24	4.500534805	-0.8751523283	0	-0.1335512165	-0.9910419126	0	0.9910419126	-0.1335512165	0	0	0	1
4.25	4.532320476	-0.8813493688	0	-0.1941809379	-0.98096573	0	0.98096573	-0.1941809379	0	0	0	1
4.26	4.565542394	-0.8862848358	0	-0.2529260192	-0.967485622	0	0.967485622	-0.2529260192	0	0	0	1
4.27	4.599854903	-0.8896974168	0	-0.3091959552	-0.9509983498	0	0.9509983498	-0.3091959552	0	0	0	1
4.28	4.634770262	-0.8914609176	0	-0.3625161768	-0.9319774791	0	0.9319774791	-0.3625161768	0	0	0	1
4.29	4.669694718	-0.8916104993	0	-0.4124924319	-0.9109610275	0	0.9109610275	-0.4124924319	0	0	0	1
4.3	4.703958639	-0.8903367782	0	-0.4587091217	-0.8885864852	0	0.8885864852	-0.4587091217	0	0	0	1
4.31	4.736845821	-0.8879700898	0	-0.5006486039	-0.8656506082	0	0.8656506082	-0.5006486039	0	0	0	1
4.32	4.767651895	-0.8849552931	0	-0.5377307831	-0.8431166022	0	0.8431166022	-0.5377307831	0	0	0	1
4.33	4.795746151	-0.8818043982	0	-0.5694015202	-0.8220595531	0	0.8220595531	-0.5694015202	0	0	0	1
4.34	4.820610015	-0.8790372031	0	-0.5951725177	-0.8035979556	0	0.8035979556	-0.5951725177	0	0	0	1
4.35	4.841868935	-0.8771205853	0	-0.6146585155	-0.7887933248	0	0.7887933248	-0.6146585155	0	0	0	1
4.36	4.859319597	-0.8764128607	0	-0.6276290882	-0.7785125096	0	0.7785125096	-0.6276290882	0	0	0	1
4.37	4.872940938	-0.8771275414	0	-0.6340333216	-0.7733057268	0	0.7733057268	-0.6340333216	0	0	0	1
4.38	4.88289177	-0.8793253254	0	-0.6340029892	-0.7733305954	0	0.7733305954	-0.6340029892	0	0	0	1
4.39	4.889493102	-0.8829359996	0	-0.6278443662	-0.7783389055	0	0.7783389055	-0.6278443662	0	0	0	1
4.4	4.893191878	-0.8878013861	0	-0.6160163186	-0.7877333909	0	0.7877333909	-0.6160163186	0	0	0	1
4.41	4.894505132	-0.8936993668	0	-0.5990658557	-0.8006997568	0	0.8006997568	-0.5990658557	0	0	0	1
4.42	4.894024454	-0.9003667037	0	-0.5778437352	-0.816147424	0	0.816147424	-0.5778437352	0	0	0	1
4.43	4.892268159	-0.9076405953	0	-0.5531434584	-0.8330860186	0	0.8330860186	-0.5531434584	0	0	0	1
4.44	4.889530911	-0.915462155	0	-0.5249781499	-0.8511157043	0	0.8511157043	-0.5249781499	0	0	0	1
4.45	4.88608946	-0.923798304	0	-0.4932626069	-0.8698804519	0	0.8698804519	-0.4932626069	0	0	0	1
4.46	4.882339106	-0.9326350328	0	-0.4583930787	-0.8887495628	0	0.8887495628	-0.4583930787	0	0	0	1
4.47	4.878746418	-0.9420004746	0	-0.4211727265	-0.9069804488	0	0.9069804488	-0.4211727265	0	0	0	1
4.48	4.875760662	-0.9519688231	0	-0.3825729114	-0.923925304	0	0.923925304	-0.3825729114	0	0	0	1
4.49	4.875433784	-0.9620936441	0	-0.3479578489	-0.9375101788	0	0.9375101788	-0.3479578489	0	0	0	1
4.5	4.875431428	-0.9711085812	0	-0.3070752485	-0.9516852378	0	0.9516852378	-0.3070752485	0	0	0	1
4.51	4.875438187	-0.9793773788	0	-0.2641748859	-0.9644747947	0	0.9644747947	-0.2641748859	0	0	0	1
4.52	4.875437564	-0.9869866555	0	-0.2225730992	-0.9749160043	0	0.9749160043	-0.2225730992	0	0	0	1
4.53	4.875425037	-0.9936888738	0	-0.1834012839	-0.9830381321	0	0.9830381321	-0.1834012839	0	0	0	1
4.54	4.875375036	-0.999033503	0	-0.1736670476	-0.9848044256	0	0.9848044256	-0.1736670476	0	0	0	1
4.55	4.875274744	-1.002606938	0	-0.1621107472	-0.9867725704	0	0.9867725704	-0.1621107472	0	0	0	1
4.56	4.875127138	-1.003823988	0	-0.1443103839	-0.989532472	0	0.989532472	-0.1443103839	0	0	0	1
4.57	4.874946719	-1.002803587	0	-0.1217396188	-0.9925620712	0	0.9925620712	-0.1217396188	0	0	0	1
4.58	4.874738876	-1.000039045	0	-0.09658858212	-0.9953243922	0	0.9953243922	-0.09658858212	0	0	0	1
4.59	4.874530665	-0.9960511674	0	-0.07042974284	-0.9975167424	0	0.9975167424	-0.07042974284	0	0	0	1
4.6	4.874358897	-0.9912779121	0	-0.0440880611	-0.9990276487	0	0.9990276487	-0.0440880611	0	0	0	1
4.61	4.874270301	-0.9860921989	0	-0.01800667287	-0.9998378667	0	0.9998378667	-0.01800667287	0	0	0	1
4.62	4.874316905	-0.9807456242	0	0.007773333506	-0.9999697872	0	0.9999697872	0.007773333506	0	0	0	1
4.63	4.874521975	-0.9752431617	0	0.0340028532	-0.9994217358	0	0.9994217358	0.0340028532	0	0	0	1
4.64	4.874899163	-0.9696750805	0	0.06048299117	-0.998169228	0	0.998169228	0.06048299117	0	0	0	1
4.65	4.87543368	-0.9641427722	0	0.0865394285	-0.9962484265	0	0.9962484265	0.0865394285	0	0	0	1
4.66	4.876102055	-0.9586783445	0	0.1118316141	-0.9937271708	0	0.9937271708	0.1118316141	0	0	0	1
4.67	4.876890393	-0.9532690832	0	0.1364357678	-0.9906489193	0	0.9906489193	0.1364357678	0	0	0	1
4.68	4.877795813	-0.9478970464	0	0.1605851203	-0.9870219953	0	0.9870219953	0.1605851203	0	0	0	1
4.69	4.878821545	-0.9425522407	0	0.1844979588	-0.9828328969	0	0.9828328969	0.1844979588	0	0	0	1
4.7	4.879975014	-0.9372282274	0	0.2083592591	-0.9780523601	0	0.9780523601	0.2083592591	0	0	0	1
4.71	4.881268686	-0.931914653	0	0.2323524971	-0.9726316451	0	0.9726316451	0.2323524971	0	0	0	1
4.72	4.882720444	-0.9265924812	0	0.2566678145	-0.9664996808	0	0.9664996808	0.2566678145	0	0	0	1
4.73	4.884351494	-0.9212345639	0	0.2814703126	-0.9595699365	0	0.9595699365	0.2814703126	0	0	0	1
4.74	4.886182361	-0.9158110166	0	0.3068558231	-0.9517560107	0	0.9517560107	0.3068558231	0	0	0	1
4.75	4.888228374	-0.9102966268	0	0.332819062	-0.9429907062	0	0.9429907062	0.332819062	0	0	0	1
4.76	4.890496301	-0.9046765743	0	0.3592520573	-0.9332405688	0	0.9332405688	0.3592520573	0	0	0	1
4.77	4.892983564	-0.898947914	0	0.385972379	-0.9225103374	0	0.9225103374	0.385972379	0	0	0	1
4.78	4.895679357	-0.8931187183	0	0.4127610224	-0.9108393593	0	0.9108393593	0.4127610224	0	0	0	1
4.79	4.898566426	-0.8872072348	0	0.4393928087	-0.8982950293	0	0.8982950293	0.4393928087	0	0	0	1
4.8	4.901622128	-0.8812422793	0	0.46564946	-0.8849692539	0	0.8849692539	0.46564946	0	0	0	1
4.81	4.904818473	-0.8752642935	0	0.4913208155	-0.8709786773	0	0.8709786773	0.4913208155	0	0	0	1
4.82	4.908122594	-0.8693248862	0	0.5162089013	-0.856462708	0	0.856462708	0.5162089013	0	0	0	1
4.83	4.911498702	-0.8634838604	0	0.5401404966	-0.8415748594	0	0.8415748594	0.5401404966	0	0	0	1
4.84	4.914912341	-0.8578031424	0	0.5629889639	-0.8264644133	0	0.8264644133	0.5629889639	0	0	0	1
4.85	4.918336429	-0.8523384934	0	0.5846985851	-0.8112506176	0	0.8112506176	0.5846985851	0	0	0	1
4.86	4.921758028	-0.8471302262	0	0.6053043881	-0.7959940941	0	0.7959940941	0.6053043881	0	0	0	1
4.87	4.9251837	-0.8421955405	0	0.6249381266	-0.7806742841	0	0.7806742841	0.6249381266	0	0	0	1
4.88	4.928640475	-0.8375252861	0	0.6438099458	-0.7651854374	0	0.7651854374	0.6438099458	0	0	0	1
4.89	4.932170451	-0.8330861564	0	0.662163823	-0.7493591072	0	0.7493591072	0.662163823	0	0	0	1
4.9	4.935820274	-0.82882606	0	0.6802204716	-0.7330075784	0	0.7330075784	0.6802204716	0	0	0	1
4.91	4.939629779	-0.8246807528	0	0.6981296693	-0.7159713436	0	0.7159713436	0.6981296693	0	0	0	1
4.92	4.943621729	-0.8205807621	0	0.7159390969	-0.6981627385	0	0.6981627385	0.7159390969	0	0	0	1
4.93	4.947793415	-0.8164601764	0	0.7335794302	-0.6796037225	0	0.6796037225	0.7335794302	0	0	0	1
4.94	4.952111459	-0.8122659223	0	0.7508686266	-0.6604515922	0	0.6604515922	0.7508686266	0	0	0	1
4.95	4.956510009	-0.8079669318	0	0.767531237	-0.6410115446	0	0.6410115446	0.767531237	0	0	0	1
4.96	4.96089349	-0.8035623006	0	0.7832297806	-0.6217323465	0	0.6217323465	0.7832297806	0	0	0	1
4.97	4.965145551	-0.7990876879	0	0.7976028027	-0.6031830312	0	0.6031830312	0.7976028027	0	0	0	1
4.98	4.969147476	-0.7946196236	0	0.8102983563	-0.5860175542	0	0.5860175542	0.8102983563	0	0	0	1
4.99	4.972820514	-0.7902906801	0	0.8209415943	-0.5710121704	0	0.5710121704	0.8209415943	0	0	0	1
5	4.976524909	-0.7866438137	0	0.8278681911	-0.5609226846	0	0.5609226846	0.8278681911	0	0	0	1
5.01	4.981008487	-0.784246505	0	0.8304761189	-0.5570542308	0	0.5570542308	0.8304761189	0	0	0	1
5.02	4.986109883	-0.7826952342	0	0.8308311623	-0.5565245545	0	0.5565245545	0.8308311623	0	0	0	1
5.03	4.991533221	-0.7816647051	0	0.8299289427	-0.5578691155	0	0.5578691155	0.8299289427	0	0	0	1
5.04	4.997044202	-0.7809603201	0	0.8282472081	-0.5603628844	0	0.5603628844	0.8282472081	0	0	0	1
5.05	5.002481635	-0.7804048688	0	0.8262992861	-0.5632312933	0	0.5632312933	0.8262992861	0	0	0	1
5.06	5.007779059	-0.779846788	0	0.824642227	-0.5656546628	0	0.5656546628	0.824642227	0	0	0	1
5.07	5.01294508	-0.7791863532	0	0.8237519809	-0.5669503275	0	0.5669503275	0.8237519809	0	0	0	1
5.08	5.018073865	-0.7783500023	0	0.8242302061	-0.5662548607	0	0.5662548607	0.8242302061	0	0	0	1
5.09	5.023459221	-0.7774792964	0	0.8258813417	-0.5638439584	0	0.5638439584	0.8258813417	0	0	0	1
5.1	5.029570736	-0.7767978123	0	0.8250628969	-0.5650408978	0	0.5650408978	0.8250628969	0	0	0	1
5.11	5.037070794	-0.7753547077	0	0.8245535902	-0.5657838606	0	0.5657838606	0.8245535902	0	0	0	1
5.12	5.046279218	-0.7729099522	0	0.8249112024	-0.5652623357	0	0.5652623357	0.8249112024	0	0	0	1
5.13	5.057552123	-0.7700249293	0	0.8247098334	-0.5655560897	0	0.5655560897	0.8247098334	0	0	0	1
5.14	5.071373161	-0.7674050718	0	0.8220715802	-0.5693841559	0	0.5693841559	0.8220715802	0	0	0	1
5.15	5.087564741	-0.7661381955	0	0.8152866202	-0.5790576197	0	0.5790576197	0.8152866202	0	0	0	1
5.16	5.105595536	-0.766295344	0	0.8041195851	-0.5944675709	0	0.5944675709	0.8041195851	0	0	0	1
5.17	5.124860916	-0.7668726807	0	0.7901763801	-0.6128795055	0	0.6128795055	0.7901763801	0	0	0	1
5.18	5.144751505	-0.7668161844	0	0.7755628758	-0.6312703269	0	0.6312703269	0.7755628758	0	0	0	1
5.19	5.164732662	-0.7657498207	0	0.7616127808	-0.6480323851	0	0.6480323851	0.7616127808	0	0	0	1
5.2	5.184453609	-0.7640099491	0	0.7485379421	-0.6630919613	0	0.6630919613	0.7485379421	0	0	0	1
5.21	5.203792788	-0.7622961504	0	0.7357764795	-0.6772244622	0	0.6772244622	0.7357764795	0	0	0	1
5.22	5.222836536	-0.7612933255	0	0.7223129483	-0.6915663415	0	0.6915663415	0.7223129483	0	0	0	1
5.23	5.241789177	-0.7612865701	0	0.7072137188	-0.7069998274	0	0.7069998274	0.7072137188	0	0	0	1
5.24	5.260897868	-0.7621890984	0	0.6901115221	-0.7237030379	0	0.7237030379	0.6901115221	0	0	0	1
5.25	5.280378473	-0.7639355602	0	0.6706954022	-0.7417328882	0	0.7417328882	0.6706954022	0	0	0	1
5.26	5.300358232	-0.7666077741	0	0.6484420748	-0.7612639986	0	0.7612639986	0.6484420748	0	0	0	1
5.27	5.3208617	-0.770277524	0	0.6228641042	-0.7823300504	0	0.7823300504	0.6228641042	0	0	0	1
5.28	5.341817972	-0.7748552469	0	0.5938394427	-0.804583567	0	0.804583567	0.5938394427	0	0	0	1
5.29	5.363078824	-0.7800896432	0	0.5616869762	-0.8273498297	0	0.8273498297	0.5616869762	0	0	0	1
5.3	5.384458822	-0.7856851086	0	0.5269494558	-0.8498966237	0	0.8498966237	0.5269494558	0	0	0	1
5.31	5.405793605	-0.7914282536	0	0.4900716589	-0.8716821491	0	0.8716821491	0.4900716589	0	0	0	1
5.32	5.427	-0.7972523116	0	0.4511678354	-0.8924391208	0	0.8924391208	0.4511678354	0	0	0	1
5.33	5.448107758	-0.803217398	0	0.4100016361	-0.9120847869	0	0.9120847869	0.4100016361	0	0	0	1
5.34	5.469249659	-0.8094383227	0	0.3661489067	-0.9305562735	0	0.9305562735	0.3661489067	0	0	0	1
5.35	5.490624564	-0.8160134692	0	0.3192122888	-0.9476832354	0	0.9476832354	0.3192122888	0	0	0	1
5.36	5.512456953	-0.822988192	0	0.2689758092	-0.9631469327	0	0.9631469327	0.2689758092	0	0	0	1
5.37	5.534972228	-0.8303535463	0	0.215463808	-0.9765118266	0	0.9765118266	0.215463808	0	0	0	1
5.38	5.558386499	-0.838056094	0	0.158943588	-0.9872876662	0	0.9872876662	0.158943588	0	0	0	1
5.39	5.582904023	-0.8460010618	0	0.09990516838	-0.9949969635	0	0.9949969635	0.09990516838	0	0	0	1
5.4	5.60871432	-0.8540462436	0	0.03902279296	-0.9992383207	0	0.9992383207	0.03902279296	0	0	0	1
5.41	5.635985653	-0.8619952823	0	-0.0229037205	-0.9997376754	0	0.9997376754	-0.0229037205	0	0	0	1
5.42	5.664846634	-0.8695936311	0	-0.08503521493	-0.9963779465	0	0.9963779465	-0.08503521493	0	0	0	1
5.43	5.695354445	-0.8765338854	0	-0.146564607	-0.9892010999	0	0.9892010999	-0.146564607	0	0	0	1
5.44	5.727451028	-0.8824775517	0	-0.2067530288	-0.9783931649	0	0.9783931649	-0.2067530288	0	0	0	1
5.45	5.760924047	-0.8871028752	0	-0.2649419631	-0.9642643601	0	0.9642643601	-0.2649419631	0	0	0	1
5.46	5.795398417	-0.8901729839	0	-0.3205703822	-0.9472246988	0	0.9472246988	-0.3205703822	0	0	0	1
5.47	5.830364	-0.8915930688	0	-0.373186762	-0.9277562399	0	0.9277562399	-0.373186762	0	0	0	1
5.48	5.865210425	-0.8914292326	0	-0.4223996594	-0.9064096909	0	0.9064096909	-0.4223996594	0	0	0	1
5.49	5.899255364	-0.8898999852	0	-0.4677722962	-0.8838490136	0	0.8838490136	-0.4677722962	0	0	0	1
5.5	5.931780264	-0.887360006	0	-0.5087666118	-0.8609044864	0	0.8609044864	-0.5087666118	0	0	0	1
5.51	5.962090519	-0.8842710537	0	-0.5447983656	-0.8385670759	0	0.8385670759	-0.5447983656	0	0	0	1
5.52	5.989573295	-0.8811514405	0	-0.5753190216	-0.8179291066	0	0.8179291066	-0.5753190216	0	0	0	1
5.53	6.013735235	-0.8785155466	0	-0.5998545723	-0.8001090501	0	0.8001090501	-0.5998545723	0	0	0	1
5.54	6.03423309	-0.8768131779	0	-0.6180448949	-0.7861428038	0	0.7861428038	-0.6180448949	0	0	0	1
5.55	6.050898315	-0.8763764667	0	-0.6296918834	-0.7768449858	0	0.7768449858	-0.6296918834	0	0	0	1
5.56	6.063745974	-0.8773883473	0	-0.6347799285	-0.7726929807	0	0.7726929807	-0.6347799285	0	0	0	1
5.57	6.072969028	-0.8798806964	0	-0.6334755003	-0.7737627482	0	0.7737627482	-0.6334755003	0	0	0	1
5.58	6.07891758	-0.8837614404	0	-0.6261173512	-0.7797288391	0	0.7797288391	-0.6261173512	0	0	0	1
5.59	6.082058749	-0.8888590567	0	-0.6131890478	-0.7899361946	0	0.7899361946	-0.6131890478	0	0	0	1
5.6	6.082921728	-0.894936222	0	-0.5952638995	-0.803530267	0	0.803530267	-0.5952638995	0	0	0	1
5.61	6.082109705	-0.9017380478	0	-0.5732690519	-0.8193671912	0	0.8193671912	-0.5732690519	0	0	0	1
5.62	6.080095287	-0.9091281897	0	-0.547851275	-0.836575747	0	0.836575747	-0.547851275	0	0	0	1
5.63	6.077151069	-0.9170572077	0	-0.5189306234	-0.8548163593	0	0.8548163593	-0.5189306234	0	0	0	1
5.64	6.073575303	-0.9254942914	0	-0.4864976729	-0.8736818725	0	0.8736818725	-0.4864976729	0	0	0	1
5.65	6.069786244	-0.9344325079	0	-0.4510523537	-0.8924974926	0	0.8924974926	-0.4510523537	0	0	0	1
5.66	6.066252842	-0.943910064	0	-0.4134442797	-0.9105294216	0	0.9105294216	-0.4134442797	0	0	0	1
5.67	6.063600682	-0.95400888	0	-0.3753951158	-0.9268648807	0	0.9268648807	-0.3753951158	0	0	0	1
5.68	6.06356804	-0.9639452222	0	-0.3401506975	-0.940370939	0	0.940370939	-0.3401506975	0	0	0	1
5.69	6.063569083	-0.972787894	0	-0.29839459	-0.9544425958	0	0.9544425958	-0.29839459	0	0	0	1
5.7	6.063575358	-0.9809336664	0	-0.2556227558	-0.9667766064	0	0.9667766064	-0.2556227558	0	0	0	1
5.71	6.06357234	-0.9883936056	0	-0.2142877747	-0.9767705716	0	0.9767705716	-0.2142877747	0	0	0	1
5.72	6.063552015	-0.994848996	0	-0.1797659483	-0.9837094103	0	0.9837094103	-0.1797659483	0	0	0	1
5.73	6.063496459	-0.9999117733	0	-0.1717806149	-0.9851352295	0	0.9851352295	-0.1717806149	0	0	0	1
5.74	6.063384561	-1.003041456	0	-0.158941511	-0.9872880006	0	0.9872880006	-0.158941511	0	0	0	1
5.75	6.063229932	-1.003785957	0	-0.1400213498	-0.9901484846	0	0.9901484846	-0.1400213498	0	0	0	1
5.76	6.06304294	-1.002374381	0	-0.1167704176	-0.9931589347	0	0.9931589347	-0.1167704176	0	0	0	1
5.77	6.06283222	-0.9993262286	0	-0.09132290589	-0.9958213328	0	0.9958213328	-0.09132290589	0	0	0	1
5.78	6.062628265	-0.9951476118	0	-0.0650830534	-0.9978798506	0	0.9978798506	-0.0650830534	0	0	0	1
5.79	6.062468744	-0.9902614295	0	-0.03876534799	-0.9992483414	0	0.9992483414	-0.03876534799	0	0	0	1
5.8	6.062404386	-0.9850300619	0	-0.0127784718	-0.999918352	0	0.999918352	-0.0127784718	0	0	0	1
5.81	6.062480486	-0.9796481817	0	0.01305185896	-0.9999148209	0	0.9999148209	0.01305185896	0	0	0	1
5.82	6.062720076	-0.9741183002	0	0.03938908748	-0.9992239488	0	0.9992239488	0.03938908748	0	0	0	1
5.83	6.063131011	-0.9685467073	0	0.06584699334	-0.9978297317	0	0.9978297317	0.06584699334	0	0	0	1
5.84	6.063694706	-0.9630228313	0	0.09177577481	-0.9957796981	0	0.9957796981	0.09177577481	0	0	0	1
5.85	6.064388733	-0.9575662182	0	0.1169310452	-0.9931400358	0	0.9931400358	0.1169310452	0	0	0	1
5.86	6.065201698	-0.9521608563	0	0.1414412397	-0.989946653	0	0.989946653	0.1414412397	0	0	0	1
5.87	6.066132248	-0.9467903829	0	0.1655428653	-0.9862025957	0	0.9862025957	0.1655428653	0	0	0	1
5.88	6.067184392	-0.9414462709	0	0.1894445295	-0.9818914249	0	0.9818914249	0.1894445295	0	0	0	1
5.89	6.068366396	-0.9361219339	0	0.2133279325	-0.9769806514	0	0.9769806514	0.2133279325	0	0	0	1
5.9	6.069691786	-0.9308055423	0	0.2373786167	-0.9714172082	0	0.9714172082	0.2373786167	0	0	0	1
5.91	6.071179315	-0.9254762518	0	0.2617852309	-0.9651261539	0	0.9651261539	0.2617852309	0	0	0	1
5.92	6.072850455	-0.9201057227	0	0.2867034761	-0.9580193718	0	0.9580193718	0.2867034761	0	0	0	1
5.93	6.074725083	-0.9146643389	0	0.3122114715	-0.9500126299	0	0.9500126299	0.3122114715	0	0	0	1
5.94	6.076817026	-0.9091286045	0	0.3382827495	-0.9410445161	0	0.9410445161	0.3382827495	0	0	0	1
5.95	6.079131179	-0.9034860277	0	0.3647917572	-0.9310891331	0	0.9310891331	0.3647917572	0	0	0	1
5.96	6.08166318	-0.8977359348	0	0.3915458119	-0.9201586152	0	0.9201586152	0.3915458119	0	0	0	1
5.97	6.084400799	-0.8918884062	0	0.4183228615	-0.9082984001	0	0.9082984001	0.4183228615	0	0	0	1
5.98	6.087325548	-0.8859637628	0	0.4448977187	-0.8955813866	0	0.8955813866	0.4448977187	0	0	0	1
5.99	6.090413585	-0.879993175	0	0.4710529855	-0.8821049171	0	0.8821049171	0.4710529855	0	0	0	1
6	6.093635882	-0.8740192755	0	0.4965806259	-0.8679906002	0	0.8679906002	0.4965806259	0	0	0	1
6.01	6.096958513	-0.86809588	0	0.521285102	-0.8533825885	0	0.8533825885	0.521285102	0	0	0	1
6.02	6.100345459	-0.8622838369	0	0.5450005811	-0.8384356664	0	0.8384356664	0.5450005811	0	0	0	1
6.03	6.103763201	-0.8566445388	0	0.5676131573	-0.8232953927	0	0.8232953927	0.5676131573	0	0	0	1
6.04	6.107187023	-0.8512313155	0	0.5890847919	-0.808071227	0	0.808071227	0.5890847919	0	0	0	1
6.05	6.110607742	-0.8460801721	0	0.6094713057	-0.7928081278	0	0.7928081278	0.6094713057	0	0	0	1
6.06	6.114036408	-0.8412028183	0	0.6289238892	-0.7774668749	0	0.7774668749	0.6289238892	0	0	0	1
6.07	6.117504012	-0.8365846218	0	0.6476650128	-0.7619252137	0	0.7619252137	0.6476650128	0	0	0	1
6.08	6.121054602	-0.8321878162	0	0.6659385906	-0.746006564	0	0.746006564	0.6659385906	0	0	0	1
6.09	6.124734407	-0.8279572835	0	0.6839541529	-0.7295249939	0	0.7295249939	0.6839541529	0	0	0	1
6.1	6.128580611	-0.8238269047	0	0.7018426123	-0.7123320487	0	0.7123320487	0.7018426123	0	0	0	1
6.11	6.132611232	-0.8197272265	0	0.7196275079	-0.6943603171	0	0.6943603171	0.7196275079	0	0	0	1
6.12	6.136817428	-0.815594282	0	0.737214704	-0.6756585529	0	0.6756585529	0.737214704	0	0	0	1
6.13	6.141158941	-0.8113789261	0	0.7544000647	-0.6564149163	0	0.6564149163	0.7544000647	0	0	0	1
6.14	6.145563191	-0.8070558563	0	0.7708918085	-0.6369661055	0	0.6369661055	0.7708918085	0	0	0	1
6.15	6.149929134	-0.8026314896	0	0.7863438061	-0.6177891376	0	0.6177891376	0.7863438061	0	0	0	1
6.16	6.154137992	-0.7981497823	0	0.800394412	-0.5994737569	0	0.5994737569	0.800394412	0	0	0	1
6.17	6.158074287	-0.7936967361	0	0.8126949012	-0.5826894521	0	0.5826894521	0.8126949012	0	0	0	1
6.18	6.161685449	-0.7894316297	0	0.8228015012	-0.568328857	0	0.568328857	0.8228015012	0	0	0	1
6.19	6.165525412	-0.7860487979	0	0.8286753658	-0.5597295222	0	0.5597295222	0.8286753658	0	0	0	1
6.2	6.170164004	-0.7838672479	0	0.83066928	-0.5567661514	0	0.5567661514	0.83066928	0	0	0	1
6.21	6.175353783	-0.7824444254	0	0.8307129	-0.5567010668	0	0.5567010668	0.8307129	0	0	0	1
6.22	6.180811063	-0.7814964242	0	0.8296138309	-0.5583376143	0	0.5583376143	0.8296138309	0	0	0	1
6.23	6.186315275	-0.7808369264	0	0.8278350083	-0.5609716562	0	0.5609716562	0.8278350083	0	0	0	1
6.24	6.191724309	-0.7802911649	0	0.8259082388	-0.5638045592	0	0.5638045592	0.8259082388	0	0	0	1
6.25	6.196990741	-0.7797174067	0	0.8243820198	-0.56603382	0	0.56603382	0.8243820198	0	0	0	1
6.26	6.202134094	-0.7790272348	0	0.8237040406	-0.5670199762	0	0.5670199762	0.8237040406	0	0	0	1
6.27	6.207301271	-0.778143098	0	0.8247121978	-0.565552642	0	0.565552642	0.8247121978	0	0	0	1
6.28	6.212767729	-0.7773370094	0	0.8258696283	-0.563861115	0	0.563861115	0.8258696283	0	0	0	1
6.29	6.219142894	-0.776588668	0	0.8248618726	-0.565334318	0	0.565334318	0.8248618726	0	0	0	1
6.3	6.226980847	-0.7749137577	0	0.8245992892	-0.5657172547	0	0.5657172547	0.8245992892	0	0	0	1
6.31	6.236594736	-0.7723363965	0	0.8249621798	-0.565187935	0	0.565187935	0.8249621798	0	0	0	1
6.32	6.248380986	-0.7694393342	0	0.8244012068	-0.5660058748	0	0.5660058748	0.8244012068	0	0	0	1
6.33	6.262740274	-0.7670385357	0	0.820999467	-0.5709289581	0	0.5709289581	0.820999467	0	0	0	1
6.34	6.279370474	-0.7661202648	0	0.8132340082	-0.5819368075	0	0.5819368075	0.8132340082	0	0	0	1
6.35	6.297713856	-0.7664718015	0	0.8013068985	-0.5982535035	0	0.5982535035	0.8013068985	0	0	0	1
6.36	6.317160286	-0.7669887786	0	0.7870614584	-0.6168745907	0	0.6168745907	0.7870614584	0	0	0	1
6.37	6.337106734	-0.766721772	0	0.7725235283	-0.6349861402	0	0.6349861402	0.7725235283	0	0	0	1
6.38	6.35704921	-0.7654615922	0	0.7587878798	-0.6513378182	0	0.6513378182	0.7587878798	0	0	0	1
6.39	6.376685012	-0.7636548227	0	0.7458625097	-0.6660999299	0	0.6660999299	0.7458625097	0	0	0	1
6.4	6.395940068	-0.7620293708	0	0.7330755906	-0.6801471741	0	0.6801471741	0.7330755906	0	0	0	1
6.41	6.414935414	-0.7612179276	0	0.7193500097	-0.6946477982	0	0.6946477982	0.7193500097	0	0	0	1
6.42	6.433889595	-0.7614042446	0	0.7038736637	-0.710325183	0	0.710325183	0.7038736637	0	0	0	1
6.43	6.453049942	-0.7624768244	0	0.6863394961	-0.7272813047	0	0.7272813047	0.6863394961	0	0	0	1
6.44	6.472616808	-0.7644031648	0	0.6663947349	-0.7455991264	0	0.7455991264	0.6663947349	0	0	0	1
6.45	6.492695696	-0.7672787797	0	0.6434952893	-0.765450072	0	0.765450072	0.6434952893	0	0	0	1
6.46	6.513289934	-0.771149089	0	0.6172105156	-0.786798055	0	0.786798055	0.6172105156	0	0	0	1
6.47	6.53431006	-0.7758849943	0	0.5875169309	-0.8092118733	0	0.8092118733	0.5875169309	0	0	0	1
6.48	6.555595688	-0.7812138397	0	0.5548066341	-0.8319793259	0	0.8319793259	0.5548066341	0	0	0	1
6.49	6.576961189	-0.7868487184	0	0.5196266651	-0.8543934275	0	0.8543934275	0.5196266651	0	0	0	1
6.5	6.598254811	-0.7926042685	0	0.4823660124	-0.8759697655	0	0.8759697655	0.4823660124	0	0	0	1
6.51	6.619416582	-0.7984449297	0	0.4430578476	-0.8964930249	0	0.8964930249	0.4430578476	0	0	0	1
6.52	6.640500411	-0.8044491471	0	0.4014080016	-0.9158993483	0	0.9158993483	0.4014080016	0	0	0	1
6.53	6.661656505	-0.8107331151	0	0.3569807732	-0.9341117318	0	0.9341117318	0.3569807732	0	0	0	1
6.54	6.68309212	-0.8173858537	0	0.3094062959	-0.9509299364	0	0.9509299364	0.3094062959	0	0	0	1
6.55	6.705033695	-0.8244409906	0	0.2585150359	-0.966007234	0	0.966007234	0.2585150359	0	0	0	1
6.56	6.727704353	-0.8318790392	0	0.2043835179	-0.9788908916	0	0.9788908916	0.2043835179	0	0	0	1
6.57	6.751317171	-0.839637936	0	0.147327907	-0.9890877048	0	0.9890877048	0.147327907	0	0	0	1
6.58	6.776072816	-0.8476137779	0	0.08787985855	-0.996131081	0	0.996131081	0.08787985855	0	0	0	1
6.59	6.802156915	-0.8556542903	0	0.02674476985	-0.9996422947	0	0.9996422947	0.02674476985	0	0	0	1
6.6	6.82973109	-0.8635518063	0	-0.03526349512	-0.9993780495	0	0.9993780495	-0.03526349512	0	0	0	1
6.61	6.858912511	-0.8710410392	0	-0.09730962744	-0.9952541567	0	0.9952541567	-0.09730962744	0	0	0	1
6.62	6.889739409	-0.8778067809	0	-0.1586009722	-0.987342763	0	0.987342763	-0.1586009722	0	0	0	1
6.63	6.922126079	-0.883509901	0	-0.2184166954	-0.9758555975	0	0.9758555975	-0.2184166954	0	0	0	1
6.64	6.955828157	-0.887840418	0	-0.2761185391	-0.9611235885	0	0.9611235885	-0.2761185391	0	0	0	1
6.65	6.990441615	-0.89058611	0	-0.3311684274	-0.9435716574	0	0.9435716574	-0.3311684274	0	0	0	1
6.66	7.025434051	-0.8916833569	0	-0.3831327961	-0.9236932719	0	0.9236932719	-0.3831327961	0	0	0	1
6.67	7.060180251	-0.8912290989	0	-0.4316208419	-0.9020551252	0	0.9020551252	-0.4316208419	0	0	0	1
6.68	7.09398639	-0.8894694219	0	-0.4761758467	-0.8793500799	0	0.8793500799	-0.4761758467	0	0	0	1
6.69	7.126133838	-0.8867825231	0	-0.5162430422	-0.8564421296	0	0.8564421296	-0.5162430422	0	0	0	1
6.7	7.155939364	-0.8836454497	0	-0.5512382472	-0.834347886	0	0.834347886	-0.5512382472	0	0	0	1
6.71	7.182810741	-0.880580431	0	-0.58062486	-0.8141712178	0	0.8141712178	-0.58062486	0	0	0	1
6.72	7.206281558	-0.8780938181	0	-0.6039472697	-0.7970242753	0	0.7970242753	-0.6039472697	0	0	0	1
6.73	7.226040447	-0.8766162903	0	-0.6208722598	-0.7839117533	0	0.7839117533	-0.6208722598	0	0	0	1
6.74	7.241954195	-0.8764526046	0	-0.6312362407	-0.7755906191	0	0.7755906191	-0.6312362407	0	0	0	1
6.75	7.254073216	-0.8777554944	0	-0.635059254	-0.7724634256	0	0.7724634256	-0.635059254	0	0	0	1
6.76	7.262622956	-0.880529823	0	-0.6325417435	-0.7745262699	0	0.7745262699	-0.6325417435	0	0	0	1
6.77	7.267979784	-0.8846643725	0	-0.6240531668	-0.7813818817	0	0.7813818817	-0.6240531668	0	0	0	1
6.78	7.27062706	-0.8899757298	0	-0.6100968096	-0.7923268788	0	0.7923268788	-0.6100968096	0	0	0	1
6.79	7.271107148	-0.896213429	0	-0.5912882721	-0.8064602776	0	0.8064602776	-0.5912882721	0	0	0	1
6.8	7.27002269	-0.9031381768	0	-0.5685964067	-0.8226166338	0	0.8226166338	-0.5685964067	0	0	0	1
6.81	7.267797264	-0.9106377432	0	-0.5425020691	-0.8400544655	0	0.8400544655	-0.5425020691	0	0	0	1
6.82	7.264691323	-0.9186690742	0	-0.5128708578	-0.8584657729	0	0.8584657729	-0.5128708578	0	0	0	1
6.83	7.261026539	-0.9272039859	0	-0.4797832526	-0.8773870472	0	0.8773870472	-0.4797832526	0	0	0	1
6.84	7.257239835	-0.9362432196	0	-0.443831532	-0.896110245	0	0.896110245	-0.443831532	0	0	0	1
6.85	7.253797918	-0.9458344759	0	-0.4058973527	-0.913918672	0	0.913918672	-0.4058973527	0	0	0	1
6.86	7.251745241	-0.9560498657	0	-0.3691383244	-0.9293744657	0	0.9293744657	-0.3691383244	0	0	0	1
6.87	7.251727662	-0.9657437735	0	-0.3323173422	-0.9431676331	0	0.9431676331	-0.3323173422	0	0	0	1
6.88	7.251731285	-0.9744299679	0	-0.2899536206	-0.9570406982	0	0.9570406982	-0.2899536206	0	0	0	1
6.89	7.251736497	-0.9824520931	0	-0.247410397	-0.9689107779	0	0.9689107779	-0.247410397	0	0	0	1
6.9	7.251731037	-0.9897502179	0	-0.2063093763	-0.978486812	0	0.978486812	-0.2063093763	0	0	0	1
6.91	7.251702343	-0.9959463326	0	-0.1779017598	-0.9840482528	0	0.9840482528	-0.1779017598	0	0	0	1
6.92	7.251639858	-1.000700496	0	-0.1697649248	-0.9854845865	0	0.9854845865	-0.1697649248	0	0	0	1
6.93	7.251517666	-1.003373914	0	-0.1556706241	-0.9878090184	0	0.9878090184	-0.1556706241	0	0	0	1
6.94	7.251356573	-1.003663443	0	-0.1357254874	-0.9907464822	0	0.9907464822	-0.1357254874	0	0	0	1
6.95	7.251163461	-1.001888652	0	-0.1118924456	-0.9937203231	0	0.9937203231	-0.1118924456	0	0	0	1
6.96	7.250951236	-0.9985822775	0	-0.08620491483	-0.9962774276	0	0.9962774276	-0.08620491483	0	0	0	1
6.97	7.250752855	-0.9942340361	0	-0.05990861719	-0.9982038657	0	0.9982038657	-0.05990861719	0	0	0	1
6.98	7.250607204	-0.9892531741	0	-0.03362703073	-0.9994344515	0	0.9994344515	-0.03362703073	0	0	0	1
6.99	7.250568299	-0.983988265	0	-0.007729129966	-0.9999701298	0	0.9999701298	-0.007729129966	0	0	0	1
7	7.250674375	-0.9785731613	0	0.01818159624	-0.9998347011	0	0.9998347011	0.01818159624	0	0	0	1
7.01	7.250947947	-0.9730247699	0	0.04459800521	-0.999005014	0	0.999005014	0.04459800521	0	0	0	1
7.02	7.251390791	-0.9674570672	0	0.07099721968	-0.9974765134	0	0.9974765134	0.07099721968	0	0	0	1
7.03	7.251981622	-0.9619458677	0	0.0967812388	-0.9953056776	0	0.9953056776	0.0967812388	0	0	0	1
7.04	7.252699614	-0.9565000693	0	0.1217965574	-0.9925550859	0	0.9925550859	0.1217965574	0	0	0	1
7.05	7.253535734	-0.9511017252	0	0.1462117939	-0.98925331	0	0.98925331	0.1462117939	0	0	0	1
7.06	7.254489951	-0.9457360856	0	0.1702627982	-0.9853986907	0	0.9853986907	0.1702627982	0	0	0	1
7.07	7.255567059	-0.9403956582	0	0.1941500545	-0.9809718428	0	0.9809718428	0.1941500545	0	0	0	1
7.08	7.256776241	-0.9350733544	0	0.2180537708	-0.9759367567	0	0.9759367567	0.2180537708	0	0	0	1
7.09	7.258132121	-0.9297557338	0	0.2421616271	-0.970235923	0	0.970235923	0.2421616271	0	0	0	1
7.1	7.259654257	-0.9244201734	0	0.2666595462	-0.9637907897	0	0.9637907897	0.2666595462	0	0	0	1
7.11	7.261364179	-0.9190374953	0	0.2916914742	-0.9565124588	0	0.9565124588	0.2916914742	0	0	0	1
7.12	7.263280914	-0.9135787268	0	0.317316396	-0.9483197271	0	0.9483197271	0.317316396	0	0	0	1
7.13	7.265416687	-0.908022273	0	0.3434870282	-0.939157421	0	0.939157421	0.3434870282	0	0	0	1
7.14	7.267774573	-0.9023579513	0	0.3700620399	-0.9290070433	0	0.9290070433	0.3700620399	0	0	0	1
7.15	7.270348502	-0.8965872921	0	0.3968397385	-0.9178879136	0	0.9178879136	0.3968397385	0	0	0	1
7.16	7.273124893	-0.8907224045	0	0.4235958534	-0.9058512864	0	0.9058512864	0.4235958534	0	0	0	1
7.17	7.276084173	-0.8847856583	0	0.4501063749	-0.8929749443	0	0.8929749443	0.4501063749	0	0	0	1
7.18	7.279201499	-0.8788103814	0	0.47615578	-0.8793609459	0	0.8793609459	0.47615578	0	0	0	1
7.19	7.282446647	-0.8728417267	0	0.5015369313	-0.8651362358	0	0.8651362358	0.5015369313	0	0	0	1
7.2	7.285785046	-0.8669352344	0	0.5260589141	-0.8504481283	0	0.8504481283	0.5260589141	0	0	0	1
7.21	7.289180718	-0.86115247	0	0.5495641489	-0.8354515224	0	0.8354515224	0.5495641489	0	0	0	1
7.22	7.292601332	-0.8555539642	0	0.5719518545	-0.8202871912	0	0.8202871912	0.5719518545	0	0	0	1
7.23	7.296024716	-0.8501903303	0	0.5932014484	-0.8050540613	0	0.8050540613	0.5932014484	0	0	0	1
7.24	7.299445417	-0.8450932232	0	0.6133882077	-0.7897815563	0	0.7897815563	0.6133882077	0	0	0	1
7.25	7.302878672	-0.8402691181	0	0.6326803985	-0.7744130121	0	0.7744130121	0.6326803985	0	0	0	1
7.26	7.306358785	-0.8356985322	0	0.651309126	-0.7588125081	0	0.7588125081	0.651309126	0	0	0	1
7.27	7.309931309	-0.8313394682	0	0.6695167144	-0.7427969905	0	0.7427969905	0.6695167144	0	0	0	1
7.28	7.313641511	-0.827134219	0	0.6874998172	-0.7261845505	0	0.7261845505	0.6874998172	0	0	0	1
7.29	7.317523513	-0.8230153691	0	0.7053697223	-0.7088395833	0	0.7088395833	0.7053697223	0	0	0	1
7.3	7.321590506	-0.8189138054	0	0.7231267843	-0.6907153204	0	0.6907153204	0.7231267843	0	0	0	1
7.31	7.325827651	-0.8147677875	0	0.7406538352	-0.6718868181	0	0.6718868181	0.7406538352	0	0	0	1
7.32	7.33018826	-0.8105322068	0	0.7577273161	-0.6525713098	0	0.6525713098	0.7577273161	0	0	0	1
7.33	7.334593658	-0.8061874516	0	0.7740418417	-0.6331344465	0	0.6331344465	0.7740418417	0	0	0	1
7.34	7.338938102	-0.8017470408	0	0.7892448953	-0.6140785741	0	0.6140785741	0.7892448953	0	0	0	1
7.35	7.343101498	-0.7972626954	0	0.8029763517	-0.596010888	0	0.596010888	0.8029763517	0	0	0	1
7.36	7.346973104	-0.7928299495	0	0.8148889875	-0.5796170616	0	0.5796170616	0.8148889875	0	0	0	1
7.37	7.350548574	-0.7886571961	0	0.8243750261	-0.5660440057	0	0.5660440057	0.8243750261	0	0	0	1
7.38	7.354543527	-0.7855356466	0	0.829297245	-0.5588077303	0	0.5588077303	0.829297245	0	0	0	1
7.39	7.359316607	-0.7835373731	0	0.8307928234	-0.5565817861	0	0.5565817861	0.8307928234	0	0	0	1
7.4	7.364579681	-0.7822254661	0	0.8305691648	-0.5569154895	0	0.5569154895	0.8305691648	0	0	0	1
7.41	7.370061744	-0.7813488125	0	0.8292983848	-0.5588060388	0	0.5588060388	0.8292983848	0	0	0	1
7.42	7.375555109	-0.7807251119	0	0.8274460865	-0.5615451664	0	0.5615451664	0.8274460865	0	0	0	1
7.43	7.380936843	-0.7801833596	0	0.825557584	-0.5643178852	0	0.5643178852	0.825557584	0	0	0	1
7.44	7.386175888	-0.7795917933	0	0.8241690795	-0.5663438253	0	0.5663438253	0.8241690795	0	0	0	1
7.45	7.391300661	-0.7788721301	0	0.8237007738	-0.5670247219	0	0.5670247219	0.8237007738	0	0	0	1
7.46	7.396515927	-0.7779546679	0	0.8251698432	-0.5648847049	0	0.5648847049	0.8251698432	0	0	0	1
7.47	7.402087677	-0.7772120276	0	0.8257425904	-0.5640471385	0	0.5640471385	0.8257425904	0	0	0	1
7.48	7.408729437	-0.776349007	0	0.8247096923	-0.5655562956	0	0.5655562956	0.8247096923	0	0	0	1
7.49	7.416895332	-0.7744580558	0	0.8246647207	-0.5656218688	0	0.5656218688	0.8246647207	0	0	0	1
7.5	7.426898728	-0.7717765348	0	0.8249779285	-0.5651649471	0	0.5651649471	0.8249779285	0	0	0	1
7.51	7.439187309	-0.7688891744	0	0.8240071293	-0.5665794304	0	0.5665794304	0.8240071293	0	0	0	1
7.52	7.454035468	-0.766733369	0	0.819824639	-0.5726146709	0	0.5726146709	0.819824639	0	0	0	1
7.53	7.471053083	-0.7661275902	0	0.8111486625	-0.5848400185	0	0.5848400185	0.8111486625	0	0	0	1
7.54	7.489664421	-0.7666098833	0	0.7985870607	-0.6018793123	0	0.6018793123	0.7985870607	0	0	0	1
7.55	7.509256319	-0.7670274101	0	0.7841424211	-0.620580908	0	0.620580908	0.7841424211	0	0	0	1
7.56	7.529236152	-0.7665546607	0	0.7697157437	-0.6383867745	0	0.6383867745	0.7697157437	0	0	0	1
7.57	7.549133306	-0.7651348561	0	0.7561715033	-0.6543734848	0	0.6543734848	0.7561715033	0	0	0	1
7.58	7.568691009	-0.7633018056	0	0.7433449642	-0.6689082629	0	0.6689082629	0.7433449642	0	0	0	1
7.59	7.587878481	-0.7617955354	0	0.7304700846	-0.6829446943	0	0.6829446943	0.7304700846	0	0	0	1
7.6	7.606844301	-0.7611804563	0	0.716444703	-0.6976438831	0	0.6976438831	0.716444703	0	0	0	1
7.61	7.625817856	-0.7615508198	0	0.7005839165	-0.7135700218	0	0.7135700218	0.7005839165	0	0	0	1
7.62	7.645043131	-0.762788114	0	0.6826123129	-0.7307806991	0	0.7307806991	0.6826123129	0	0	0	1
7.63	7.664703914	-0.7648927022	0	0.6621312741	-0.7493878674	0	0.7493878674	0.6621312741	0	0	0	1
7.64	7.684885122	-0.7679656413	0	0.6385894006	-0.7695476447	0	0.7695476447	0.6385894006	0	0	0	1
7.65	7.705570633	-0.7720227271	0	0.6116209042	-0.7911509777	0	0.7911509777	0.6116209042	0	0	0	1
7.66	7.726654538	-0.7768993392	0	0.5812945803	-0.8136931921	0	0.8136931921	0.5812945803	0	0	0	1
7.67	7.747967184	-0.7823087456	0	0.5480589894	-0.8364396835	0	0.8364396835	0.5480589894	0	0	0	1
7.68	7.769324418	-0.7879763308	0	0.5124539664	-0.8587146979	0	0.8587146979	0.5124539664	0	0	0	1
7.69	7.790589148	-0.7937457567	0	0.4748061316	-0.8800904144	0	0.8800904144	0.4748061316	0	0	0	1
7.7	7.811723641	-0.7996089835	0	0.4350746905	-0.9003943656	0	0.9003943656	0.4350746905	0	0	0	1
7.71	7.832803312	-0.8056582198	0	0.392920111	-0.9195726107	0	0.9195726107	0.392920111	0	0	0	1
7.72	7.853993365	-0.8120087121	0	0.3479035511	-0.9375303297	0	0.9375303297	0.3479035511	0	0	0	1
7.73	7.875507356	-0.8187393203	0	0.2996876657	-0.9540373698	0	0.9540373698	0.2996876657	0	0	0	1
7.74	7.897572067	-0.8258722394	0	0.2481504849	-0.968721496	0	0.968721496	0.2481504849	0	0	0	1
7.75	7.920409003	-0.8333790541	0	0.1934169762	-0.9811166461	0	0.9811166461	0.1934169762	0	0	0	1
7.76	7.944228617	-0.8411896034	0	0.1358482745	-0.9907296535	0	0.9907296535	0.1358482745	0	0	0	1
7.77	7.969228765	-0.8491910739	0	0.07601432214	-0.9971067259	0	0.9971067259	0.07601432214	0	0	0	1
7.78	7.99559123	-0.857220852	0	0.01464840413	-0.9998927064	0	0.9998927064	0.01464840413	0	0	0	1
7.79	8.023470854	-0.8650600307	0	-0.04742542603	-0.9988747814	0	0.9988747814	-0.04742542603	0	0	0	1
7.8	8.052972542	-0.8724326911	0	-0.1093766831	-0.9940003728	0	0.9940003728	-0.1093766831	0	0	0	1
7.81	8.084113972	-0.8790163476	0	-0.1704265804	-0.9853703774	0	0.9853703774	-0.1704265804	0	0	0	1
7.82	8.116780693	-0.8844728118	0	-0.2298704787	-0.9732212303	0	0.9732212303	-0.2298704787	0	0	0	1
7.83	8.150695811	-0.8885056904	0	-0.2870874787	-0.9579043687	0	0.9579043687	-0.2870874787	0	0	0	1
7.84	8.185427206	-0.8909290468	0	-0.3415610631	-0.9398595853	0	0.9398595853	-0.3415610631	0	0	0	1
7.85	8.220422402	-0.8917109448	0	-0.3928748861	-0.9195919333	0	0.9195919333	-0.3928748861	0	0	0	1
7.86	8.255040971	-0.8909783608	0	-0.4406336724	-0.8976870093	0	0.8976870093	-0.4406336724	0	0	0	1
7.87	8.288580554	-0.8890044715	0	-0.4843593681	-0.8748691345	0	0.8748691345	-0.4843593681	0	0	0	1
7.88	8.320323026	-0.8861900507	0	-0.523481652	-0.8520369476	0	0.8520369476	-0.523481652	0	0	0	1
7.89	8.349600291	-0.8830255426	0	-0.5574236325	-0.830228218	0	0.830228218	-0.5574236325	0	0	0	1
7.9	8.375842019	-0.8800348086	0	-0.5856623444	-0.8105551297	0	0.8105551297	-0.5856623444	0	0	0	1
7.91	8.398609474	-0.8777140445	0	-0.6077609403	-0.7941200409	0	0.7941200409	-0.6077609403	0	0	0	1
7.92	8.417624517	-0.8764728274	0	-0.6234159468	-0.7818903742	0	0.7818903742	-0.6234159468	0	0	0	1
7.93	8.432789647	-0.8765874452	0	-0.6324993488	-0.7745608909	0	0.7745608909	-0.6324993488	0	0	0	1
7.94	8.44419045	-0.8781806066	0	-0.6350668015	-0.7724572206	0	0.7724572206	-0.6350668015	0	0	0	1
7.95	8.45208429	-0.881231362	0	-0.6313530097	-0.7754955687	0	0.7754955687	-0.6313530097	0	0	0	1
7.96	8.456872447	-0.8856112308	0	-0.6217575831	-0.783209747	0	0.783209747	-0.6217575831	0	0	0	1
7.97	8.459051377	-0.8911249159	0	-0.6067987683	-0.7948554931	0	0.7948554931	-0.6067987683	0	0	0	1
7.98	8.459179476	-0.8975118365	0	-0.587154733	-0.8094747182	0	0.8094747182	-0.587154733	0	0	0	1
7.99	8.457846082	-0.9045539151	0	-0.5637913453	-0.8259172592	0	0.8259172592	-0.5637913453	0	0	0	1
8	8.455427343	-0.9121599309	0	-0.5370212197	-0.8435687343	0	0.8435687343	-0.5370212197	0	0	0	1
8.01	8.452180943	-0.9202911488	0	-0.5066925768	-0.8621268077	0	0.8621268077	-0.5066925768	0	0	0	1
8.02	8.448453562	-0.9289229058	0	-0.4729858182	-0.8810700402	0	0.8810700402	-0.4729858182	0	0	0	1
8.03	8.444695998	-0.9380643601	0	-0.4365734908	-0.8996685985	0	0.8996685985	-0.4365734908	0	0	0	1
8.04	8.441369018	-0.9477724199	0	-0.3983581312	-0.9172299599	0	0.9172299599	-0.3983581312	0	0	0	1
8.05	8.439902974	-0.9580445859	0	-0.3625846449	-0.9319508438	0	0.9319508438	-0.3625846449	0	0	0	1
8.06	8.439890823	-0.9674962467	0	-0.324312646	-0.9459499499	0	0.9459499499	-0.324312646	0	0	0	1
8.07	8.439896236	-0.9760398634	0	-0.2815735076	-0.9595396604	0	0.9595396604	-0.2815735076	0	0	0	1
8.08	8.439899916	-0.9839367657	0	-0.2393133426	-0.9709423897	0	0.9709423897	-0.2393133426	0	0	0	1
8.09	8.439892034	-0.9910621719	0	-0.1983966365	-0.9801218162	0	0.9801218162	-0.1983966365	0	0	0	1
8.1	8.439857491	-0.9969943585	0	-0.1765377854	-0.9842938638	0	0.9842938638	-0.1765377854	0	0	0	1
8.11	8.439783694	-1.001404828	0	-0.1675266013	-0.9858675559	0	0.9858675559	-0.1675266013	0	0	0	1
8.12	8.439652326	-1.003613388	0	-0.1522014661	-0.9883494897	0	0.9883494897	-0.1522014661	0	0	0	1
8.13	8.439484969	-1.003463807	0	-0.1313192793	-0.9913401267	0	0.9913401267	-0.1313192793	0	0	0	1
8.14	8.439286262	-1.001348619	0	-0.1069882029	-0.9942602901	0	0.9942602901	-0.1069882029	0	0	0	1
8.15	8.439073887	-0.9978039273	0	-0.08110948769	-0.9967051976	0	0.9967051976	-0.08110948769	0	0	0	1
8.16	8.438882484	-0.993302514	0	-0.05478004503	-0.998498446	0	0.998498446	-0.05478004503	0	0	0	1
8.17	8.438752672	-0.9882411134	0	-0.02854882849	-0.9995923991	0	0.9995923991	-0.02854882849	0	0	0	1
8.18	8.438740392	-0.9829479262	0	-0.002722228855	-0.9999962947	0	0.9999962947	-0.002722228855	0	0	0	1
8.19	8.438877387	-0.9775006235	0	0.02328858219	-0.9997287842	0	0.9997287842	0.02328858219	0	0	0	1
8.2	8.439184751	-0.9719393353	0	0.04975841626	-0.9987612828	0	0.9987612828	0.04975841626	0	0	0	1
8.21	8.439658341	-0.9663791606	0	0.07607276083	-0.9971022691	0	0.9971022691	0.07607276083	0	0	0	1
8.22	8.440275197	-0.9608815698	0	0.1017047695	-0.9948146259	0	0.9948146259	0.1017047695	0	0	0	1
8.23	8.441016499	-0.9554466515	0	0.1265848026	-0.9919557892	0	0.9919557892	0.1265848026	0	0	0	1
8.24	8.441875391	-0.9500556825	0	0.1509109946	-0.9885473543	0	0.9885473543	0.1509109946	0	0	0	1
8.25	8.442852993	-0.9446955743	0	0.1749151296	-0.9845835147	0	0.9845835147	0.1749151296	0	0	0	1
8.26	8.443954889	-0.9393595301	0	0.1987909261	-0.9800419214	0	0.9800419214	0.1987909261	0	0	0	1
8.27	8.445191241	-0.9340396814	0	0.2227185422	-0.9748827883	0	0.9748827883	0.2227185422	0	0	0	1
8.28	8.446577755	-0.928720844	0	0.2468875151	-0.969044145	0	0.969044145	0.2468875151	0	0	0	1
8.29	8.448134671	-0.9233787444	0	0.2714792535	-0.9624442918	0	0.9624442918	0.2714792535	0	0	0	1
8.3	8.449883399	-0.917983647	0	0.2966241497	-0.9549943004	0	0.9549943004	0.2966241497	0	0	0	1
8.31	8.451841952	-0.9125074876	0	0.3223613289	-0.9466166984	0	0.9466166984	0.3223613289	0	0	0	1
8.32	8.454020877	-0.9069307129	0	0.3486232623	-0.9372629412	0	0.9372629412	0.3486232623	0	0	0	1
8.33	8.456421407	-0.9012454689	0	0.3752539154	-0.9269220566	0	0.9269220566	0.3752539154	0	0	0	1
8.34	8.459035871	-0.8954554247	0	0.4020445986	-0.9156200854	0	0.9156200854	0.4020445986	0	0	0	1
8.35	8.461849431	-0.8895746528	0	0.4287698401	-0.9034137614	0	0.9034137614	0.4287698401	0	0	0	1
8.36	8.464841446	-0.8836276034	0	0.4552068891	-0.8903856963	0	0.8903856963	0.4552068891	0	0	0	1
8.37	8.467986072	-0.8776498195	0	0.4811420569	-0.8766426416	0	0.8766426416	0.4811420569	0	0	0	1
8.38	8.471252077	-0.8716887116	0	0.5063702196	-0.8623161837	0	0.8623161837	0.5063702196	0	0	0	1
8.39	8.474604334	-0.8658013991	0	0.5307054011	-0.8475563564	0	0.8475563564	0.5307054011	0	0	0	1
8.4	8.478007107	-0.8600498848	0	0.5539990547	-0.8325172956	0	0.8325172956	0.5539990547	0	0	0	1
8.41	8.481429491	-0.854493523	0	0.5761641977	-0.8173339693	0	0.8173339693	0.5761641977	0	0	0	1
8.42	8.484852081	-0.8491799247	0	0.5971980624	-0.8020938064	0	0.8020938064	0.5971980624	0	0	0	1
8.43	8.488273281	-0.8441361854	0	0.6171950515	-0.7868101857	0	0.7868101857	0.6171950515	0	0	0	1
8.44	8.491712373	-0.839363703	0	0.6363388235	-0.7714096847	0	0.7714096847	0.6363388235	0	0	0	1
8.45	8.495206711	-0.8348379221	0	0.6548677786	-0.75574347	0	0.75574347	0.6548677786	0	0	0	1
8.46	8.498802547	-0.8305136508	0	0.6730183466	-0.7396257872	0	0.7396257872	0.6730183466	0	0	0	1
8.47	8.502543892	-0.8263306153	0	0.6909737962	-0.7228798054	0	0.7228798054	0.6909737962	0	0	0	1
8.48	8.506461473	-0.8222204656	0	0.7088251768	-0.7053841994	0	0.7053841994	0.7088251768	0	0	0	1
8.49	8.510563527	-0.818114757	0	0.726550095	-0.6871134982	0	0.6871134982	0.726550095	0	0	0	1
8.5	8.51482926	-0.8139542539	0	0.7440094843	-0.6681690559	0	0.6681690559	0.7440094843	0	0	0	1
8.51	8.519205653	-0.8096981054	0	0.760961577	-0.6487969469	0	0.6487969469	0.760961577	0	0	0	1
8.52	8.52360815	-0.8053326034	0	0.7770887311	-0.629391058	0	0.629391058	0.7770887311	0	0	0	1
8.53	8.527927013	-0.8008783286	0	0.7920341131	-0.6104768331	0	0.6104768331	0.7920341131	0	0	0	1
8.54	8.532041434	-0.7963950713	0	0.8054393713	-0.5926781751	0	0.5926781751	0.8054393713	0	0	0	1
8.55	8.535847737	-0.7919881239	0	0.8169571387	-0.5766983904	0	0.5766983904	0.8169571387	0	0	0	1
8.56	8.539422193	-0.7879454106	0	0.8257122557	-0.5640915447	0	0.5640915447	0.8257122557	0	0	0	1
8.57	8.543578919	-0.7850760504	0	0.8297808765	-0.558089327	0	0.558089327	0.8297808765	0	0	0	1
8.58	8.548471068	-0.7832394577	0	0.8308533666	-0.5564914044	0	0.5564914044	0.8308533666	0	0	0	1
8.59	8.553795297	-0.7820272878	0	0.8303902994	-0.5571821522	0	0.5571821522	0.8303902994	0	0	0	1
8.6	8.559293168	-0.7812136403	0	0.8289684643	-0.559295347	0	0.559295347	0.8289684643	0	0	0	1
8.61	8.564771029	-0.7806184002	0	0.8270651683	-0.5621060463	0	0.5621060463	0.8270651683	0	0	0	1
8.62	8.570124784	-0.780075606	0	0.8252344321	-0.5647903434	0	0.5647903434	0.8252344321	0	0	0	1
8.63	8.575337937	-0.7794637608	0	0.8239962471	-0.5665952566	0	0.5665952566	0.8239962471	0	0	0	1
8.64	8.580449016	-0.7787121297	0	0.8237554579	-0.5669452756	0	0.5669452756	0.8237554579	0	0	0	1
8.65	8.585717659	-0.7777826912	0	0.8255374803	-0.5643472943	0	0.5643472943	0.8255374803	0	0	0	1
8.66	8.591429958	-0.7770913817	0	0.8255447576	-0.5643366489	0	0.5643366489	0.8255447576	0	0	0	1
8.67	8.598343864	-0.7760696843	0	0.824611667	-0.5656992122	0	0.5656992122	0.824611667	0	0	0	1
8.68	8.606841656	-0.7739800482	0	0.824745084	-0.565504683	0	0.565504683	0.824745084	0	0	0	1
8.69	8.617240482	-0.7712177068	0	0.8249540616	-0.5651997844	0	0.5651997844	0.8249540616	0	0	0	1
8.7	8.63003281	-0.7683749767	0	0.8235045053	-0.56730973	0	0.56730973	0.8235045053	0	0	0	1
8.71	8.645341811	-0.7664925506	0	0.8185042284	-0.5745005032	0	0.5745005032	0.8185042284	0	0	0	1
8.72	8.662715337	-0.7661711684	0	0.8089643008	-0.5878577719	0	0.5878577719	0.8089643008	0	0	0	1
8.73	8.68156481	-0.7667332592	0	0.7958638548	-0.6054756185	0	0.6054756185	0.7958638548	0	0	0	1
8.74	8.701275763	-0.7670201799	0	0.7813001831	-0.6241554485	0	0.6241554485	0.7813001831	0	0	0	1
8.75	8.72127012	-0.7663447419	0	0.7670145548	-0.6416297007	0	0.6416297007	0.7670145548	0	0	0	1
8.76	8.741113644	-0.7647908147	0	0.7536485609	-0.6572776024	0	0.6572776024	0.7536485609	0	0	0	1
8.77	8.760594472	-0.7629622906	0	0.740887611	-0.6716290255	0	0.6716290255	0.740887611	0	0	0	1
8.78	8.779723075	-0.7615970935	0	0.7278780481	-0.6857066042	0	0.6857066042	0.7278780481	0	0	0	1
8.79	8.798670131	-0.7611780941	0	0.7135312827	-0.7006233715	0	0.7006233715	0.7135312827	0	0	0	1
8.8	8.817673521	-0.7617241613	0	0.6972832819	-0.7167956646	0	0.7167956646	0.6972832819	0	0	0	1
8.81	8.836970811	-0.7631237505	0	0.6788663954	-0.7342618179	0	0.7342618179	0.6788663954	0	0	0	1
8.82	8.856728145	-0.7654079192	0	0.6578367467	-0.7531605504	0	0.7531605504	0.6578367467	0	0	0	1
8.83	8.877010344	-0.7686753606	0	0.6336499102	-0.7736199269	0	0.7736199269	0.6336499102	0	0	0	1
8.84	8.897782673	-0.7729092191	0	0.6060133928	-0.795454441	0	0.795454441	0.6060133928	0	0	0	1
8.85	8.918924164	-0.7779127139	0	0.5750836362	-0.8180946225	0	0.8180946225	0.5750836362	0	0	0	1
8.86	8.940257881	-0.7833906741	0	0.5413529639	-0.840795438	0	0.840795438	0.5413529639	0	0	0	1
8.87	8.961603739	-0.789084951	0	0.5053413047	-0.8629195592	0	0.8629195592	0.5053413047	0	0	0	1
8.88	8.982840887	-0.7948685637	0	0.4673086097	-0.8840942615	0	0.8840942615	0.4673086097	0	0	0	1
8.89	9.003953833	-0.8007583586	0	0.4271448264	-0.9041832211	0	0.9041832211	0.4271448264	0	0	0	1
8.9	9.025038131	-0.8068570495	0	0.3844737472	-0.9231359259	0	0.9231359259	0.3844737472	0	0	0	1
8.91	9.046271817	-0.8132763915	0	0.3388624353	-0.9408359315	0	0.9408359315	0.3388624353	0	0	0	1
8.92	9.067872921	-0.8200844189	0	0.2900097527	-0.9570236901	0	0.9570236901	0.2900097527	0	0	0	1
8.93	9.090068256	-0.8272928316	0	0.2378408544	-0.9713041377	0	0.9713041377	0.2378408544	0	0	0	1
8.94	9.113077385	-0.83486474	0	0.1825274272	-0.983200762	0	0.983200762	0.1825274272	0	0	0	1
8.95	9.137108458	-0.8427221407	0	0.1244736586	-0.9922229126	0	0.9922229126	0.1244736586	0	0	0	1
8.96	9.162356642	-0.8507431976	0	0.06428601416	-0.9979315149	0	0.9979315149	0.06428601416	0	0	0	1
8.97	9.188999452	-0.858754692	0	0.002720939828	-0.9999962982	0	0.9999962982	0.002720939828	0	0	0	1
8.98	9.217184296	-0.8665266671	0	-0.05939016216	-0.9982348464	0	0.9982348464	-0.05939016216	0	0	0	1
8.99	9.247002796	-0.873773127	0	-0.1212234761	-0.9926252409	0	0.9926252409	-0.1212234761	0	0	0	1
9	9.278450626	-0.8801653502	0	-0.1820138383	-0.983295969	0	0.983295969	-0.1820138383	0	0	0	1
9.01	9.31138335	-0.8853679254	0	-0.2410715779	-0.9705073386	0	0.9705073386	-0.2410715779	0	0	0	1
9.02	9.345492421	-0.8891007779	0	-0.2977943302	-0.9546300524	0	0.9546300524	-0.2977943302	0	0	0	1
9.03	9.380319902	-0.8912056191	0	-0.3516881477	-0.9361172185	0	0.9361172185	-0.3516881477	0	0	0	1
9.04	9.415294357	-0.8916815309	0	-0.4023489675	-0.915486378	0	0.915486378	-0.4023489675	0	0	0	1
9.05	9.449761116	-0.8906846459	0	-0.4493715971	-0.8933449321	0	0.8933449321	-0.4493715971	0	0	0	1
9.06	9.483009915	-0.888514519	0	-0.4922565356	-0.8704501727	0	0.8704501727	-0.4922565356	0	0	0	1
9.07	9.51432779	-0.8855928261	0	-0.5304259751	-0.8477312575	0	0.8477312575	-0.5304259751	0	0	0	1
9.08	9.543062372	-0.882421002	0	-0.5633101924	-0.8262455005	0	0.8262455005	-0.5633101924	0	0	0	1
9.09	9.568666034	-0.8795223234	0	-0.5903994036	-0.8071112341	0	0.8071112341	-0.5903994036	0	0	0	1
9.1	9.590728506	-0.8773807895	0	-0.6112778987	-0.7914160288	0	0.7914160288	-0.6112778987	0	0	0	1
9.11	9.609005723	-0.8763832255	0	-0.6256745733	-0.7800841802	0	0.7800841802	-0.6256745733	0	0	0	1
9.12	9.623435479	-0.8767770933	0	-0.6334963746	-0.7737456581	0	0.7737456581	-0.6334963746	0	0	0	1
9.13	9.634137685	-0.8786558198	0	-0.634833913	-0.7726486284	0	0.7726486284	-0.634833913	0	0	0	1
9.14	9.641399955	-0.8819743736	0	-0.6299548739	-0.7766317382	0	0.7766317382	-0.6299548739	0	0	0	1
9.15	9.645646315	-0.8865890912	0	-0.6192873263	-0.7851644462	0	0.7851644462	-0.6192873263	0	0	0	1
9.16	9.64738437	-0.8922921585	0	-0.6033623952	-0.7974671279	0	0.7974671279	-0.6033623952	0	0	0	1
9.17	9.647189593	-0.8988177548	0	-0.5829361358	-0.8125179762	0	0.8125179762	-0.5829361358	0	0	0	1
9.18	9.645625168	-0.9059724512	0	-0.558920938	-0.8292209507	0	0.8292209507	-0.558920938	0	0	0	1
9.19	9.643025948	-0.9136820661	0	-0.5314765186	-0.8470730253	0	0.8470730253	-0.5314765186	0	0	0	1
9.2	9.639655236	-0.9219107671	0	-0.5004673659	-0.8657554018	0	0.8657554018	-0.5004673659	0	0	0	1
9.21	9.635884252	-0.9306383522	0	-0.4661763875	-0.884691797	0	0.884691797	-0.4661763875	0	0	0	1
9.22	9.63217414	-0.9398828431	0	-0.4293452004	-0.9031404646	0	0.9031404646	-0.4293452004	0	0	0	1
9.23	9.628975934	-0.9497098516	0	-0.3908858724	-0.9204391532	0	0.9204391532	-0.3908858724	0	0	0	1
9.24	9.628061032	-0.9599595465	0	-0.3558492294	-0.9345433783	0	0.9345433783	-0.3558492294	0	0	0	1
9.25	9.628053733	-0.9691938855	0	-0.3162515133	-0.948675382	0	0.948675382	-0.3162515133	0	0	0	1
9.26	9.62806016	-0.9776061765	0	-0.2733392186	-0.9619177052	0	0.9619177052	-0.2733392186	0	0	0	1
9.27	9.628061971	-0.9853741755	0	-0.2313813823	-0.9728631229	0	0.9728631229	-0.2313813823	0	0	0	1
9.28	9.628051817	-0.9923167941	0	-0.1906044213	-0.9816669265	0	0.9816669265	-0.1906044213	0	0	0	1
9.29	9.628011267	-0.9979785391	0	-0.1752482765	-0.9845242717	0	0.9845242717	-0.1752482765	0	0	0	1
9.3	9.627924714	-1.002015645	0	-0.1650792166	-0.9862803112	0	0.9862803112	-0.1650792166	0	0	0	1
9.31	9.627785232	-1.003760571	0	-0.1485689516	-0.9889020511	0	0.9889020511	-0.1485689516	0	0	0	1
9.32	9.627611695	-1.003193582	0	-0.1268468811	-0.9919223098	0	0.9919223098	-0.1268468811	0	0	0	1
9.33	9.627408149	-1.000762896	0	-0.1020959701	-0.9947745538	0	0.9947745538	-0.1020959701	0	0	0	1
9.34	9.627196962	-0.9970005782	0	-0.07606841605	-0.9971026006	0	0.9971026006	-0.07606841605	0	0	0	1
9.35	9.627013892	-0.9923626977	0	-0.04972530628	-0.9987629318	0	0.9987629318	-0.04972530628	0	0	0	1
9.36	9.626901953	-0.9872346365	0	-0.02355743791	-0.9997224851	0	0.9997224851	-0.02355743791	0	0	0	1
9.37	9.626916907	-0.9819151737	0	0.002227363285	-0.9999975194	0	0.9999975194	0.002227363285	0	0	0	1
9.38	9.627085405	-0.9764381094	0	0.02834582526	-0.9995981764	0	0.9995981764	0.02834582526	0	0	0	1
9.39	9.627425903	-0.9708689328	0	0.05484170208	-0.9984950614	0	0.9984950614	0.05484170208	0	0	0	1
9.4	9.627928887	-0.9653185778	0	0.0810514268	-0.9967099208	0	0.9967099208	0.0810514268	0	0	0	1
9.41	9.628570688	-0.9598343947	0	0.1065313288	-0.9943093462	0	0.9943093462	0.1065313288	0	0	0	1
9.42	9.629334732	-0.9544095909	0	0.1312855253	-0.9913445974	0	0.9913445974	0.1312855253	0	0	0	1
9.43	9.63021611	-0.9490255543	0	0.1555321011	-0.9878308385	0	0.9878308385	0.1555321011	0	0	0	1
9.44	9.631216947	-0.9436708037	0	0.1794964753	-0.9837586164	0	0.9837586164	0.1794964753	0	0	0	1
9.45	9.632343633	-0.9383389145	0	0.2033672462	-0.9791025294	0	0.9791025294	0.2033672462	0	0	0	1
9.46	9.633607342	-0.9330210014	0	0.2273254123	-0.9738188522	0	0.9738188522	0.2273254123	0	0	0	1
9.47	9.635024804	-0.9277001006	0	0.2515614905	-0.9678413178	0	0.9678413178	0.2515614905	0	0	0	1
9.48	9.636616794	-0.9223504749	0	0.2762505992	-0.9610856395	0	0.9610856395	0.2762505992	0	0	0	1
9.49	9.638404446	-0.9169420814	0	0.3015083879	-0.9534635242	0	0.9534635242	0.3015083879	0	0	0	1
9.5	9.640404604	-0.9114480509	0	0.3273536805	-0.9449018827	0	0.9449018827	0.3273536805	0	0	0	1
9.51	9.642626111	-0.9058509399	0	0.3536998868	-0.9353589632	0	0.9353589632	0.3536998868	0	0	0	1
9.52	9.645068377	-0.900145189	0	0.3803775187	-0.9248313053	0	0.9248313053	0.3803775187	0	0	0	1
9.53	9.647722235	-0.8943365283	0	0.4071725972	-0.9133512337	0	0.9133512337	0.4071725972	0	0	0	1
9.54	9.65057165	-0.8884409796	0	0.4338590537	-0.9009807553	0	0.9009807553	0.4338590537	0	0	0	1
9.55	9.653594977	-0.8824850429	0	0.4602158163	-0.887807075	0	0.887807075	0.4602158163	0	0	0	1
9.56	9.656765317	-0.8765065566	0	0.4860305784	-0.873941804	0	0.873941804	0.4860305784	0	0	0	1
9.57	9.660050559	-0.8705550009	0	0.5111009763	-0.8595206757	0	0.8595206757	0.5111009763	0	0	0	1
9.58	9.66341513	-0.8646888911	0	0.5352464743	-0.8446959286	0	0.8446959286	0.5352464743	0	0	0	1
9.59	9.666823739	-0.8589703869	0	0.5583283224	-0.8296200844	0	0.8296200844	0.5583283224	0	0	0	1
9.6	9.670247139	-0.8534573338	0	0.5802740333	-0.8144212953	0	0.8144212953	0.5802740333	0	0	0	1
9.61	9.673668905	-0.8481940459	0	0.6010989725	-0.79917459	0	0.79917459	0.6010989725	0	0	0	1
9.62	9.677091391	-0.8432028875	0	0.6209162237	-0.7838769312	0	0.7838769312	0.6209162237	0	0	0	1
9.63	9.680537732	-0.8384800898	0	0.6399232578	-0.7684388226	0	0.7684388226	0.6399232578	0	0	0	1
9.64	9.684047679	-0.8339969833	0	0.6583618436	-0.7527015895	0	0.7527015895	0.6583618436	0	0	0	1
9.65	9.687668022	-0.8297048791	0	0.6764624771	-0.7364770988	0	0.7364770988	0.6764624771	0	0	0	1
9.66	9.691441184	-0.8255412513	0	0.6943939257	-0.7195950778	0	0.7195950778	0.6943939257	0	0	0	1
9.67	9.695394223	-0.821437082	0	0.7122265461	-0.7019496756	0	0.7019496756	0.7122265461	0	0	0	1
9.68	9.699530215	-0.8173250222	0	0.7299151622	-0.6835377502	0	0.6835377502	0.7299151622	0	0	0	1
9.69	9.703822336	-0.8131486466	0	0.7472994376	-0.6644874344	0	0.6644874344	0.7472994376	0	0	0	1
9.7	9.708211199	-0.8088717029	0	0.7641202013	-0.6450738857	0	0.6450738857	0.7641202013	0	0	0	1
9.71	9.712606766	-0.8044865267	0	0.7800493947	-0.6257179411	0	0.6257179411	0.7800493947	0	0	0	1
9.72	9.716895797	-0.8000209137	0	0.794727228	-0.606966748	0	0.606966748	0.794727228	0	0	0	1
9.73	9.720957934	-0.7955425786	0	0.8077983951	-0.5894588644	0	0.5894588644	0.8077983951	0	0	0	1
9.74	9.72469919	-0.7911684067	0	0.8189089167	-0.573923502	0	0.573923502	0.8189089167	0	0	0	1
9.75	9.72831262	-0.7872947351	0	0.8268338096	-0.5624463097	0	0.5624463097	0.8268338096	0	0	0	1
9.76	9.732628581	-0.7846610622	0	0.8301526107	-0.5575362256	0	0.5575362256	0.8301526107	0	0	0	1
9.77	9.737626089	-0.782968261	0	0.8308600199	-0.5564814708	0	0.5564814708	0.8308600199	0	0	0	1
9.78	9.743001454	-0.7818467047	0	0.8301792865	-0.5574965042	0	0.5574965042	0.8301792865	0	0	0	1
9.79	9.748507889	-0.7810885863	0	0.8286256142	-0.559803172	0	0.559803172	0.8286256142	0	0	0	1
9.8	9.753966837	-0.7805151937	0	0.8266925334	-0.5626539392	0	0.5626539392	0.8266925334	0	0	0	1
9.81	9.759292654	-0.7799668384	0	0.8249381386	-0.5652230246	0	0.5652230246	0.8249381386	0	0	0	1
9.82	9.764481828	-0.779332527	0	0.8238623898	-0.5667898752	0	0.5667898752	0.8238623898	0	0	0	1
9.83	9.769591547	-0.7785432574	0	0.8239080114	-0.5667235559	0	0.5667235559	0.8239080114	0	0	0	1
9.84	9.774915277	-0.7776283558	0	0.8257791024	-0.5639936826	0	0.5639936826	0.8257791024	0	0	0	1
9.85	9.780803539	-0.7769627231	0	0.8253173152	-0.5646692211	0	0.5646692211	0.8253173152	0	0	0	1
9.86	9.787995869	-0.7757514446	0	0.8245628239	-0.5657704034	0	0.5657704034	0.8245628239	0	0	0	1
9.87	9.796832456	-0.7734845526	0	0.8248260389	-0.5653865983	0	0.5653865983	0.8248260389	0	0	0	1
9.88	9.807641855	-0.7706604734	0	0.824867876	-0.5653255585	0	0.5653255585	0.824867876	0	0	0	1
9.89	9.820933449	-0.767905256	0	0.822876859	-0.5682197418	0	0.5682197418	0.822876859	0	0	0	1
9.9	9.836678681	-0.7663161098	0	0.8170295743	-0.5765957636	0	0.5765957636	0.8170295743	0	0	0	1
9.91	9.854380861	-0.7662465386	0	0.8066782639	-0.5909908447	0	0.5909908447	0.8066782639	0	0	0	1
9.92	9.873442071	-0.766841077	0	0.7931293223	-0.6090532638	0	0.6090532638	0.7931293223	0	0	0	1
9.93	9.893248783	-0.7669731273	0	0.7785143849	-0.6276267621	0	0.6276267621	0.7785143849	0	0	0	1
9.94	9.913241301	-0.7661018828	0	0.7643904938	-0.6447535754	0	0.6447535754	0.7643904938	0	0	0	1
9.95	9.933024421	-0.7644394215	0	0.7511863977	-0.6600901423	0	0.6600901423	0.7511863977	0	0	0	1
9.96	9.952430301	-0.7626439619	0	0.7384587228	-0.6742986837	0	0.6742986837	0.7384587228	0	0	0	1
9.97	9.971507929	-0.7614371797	0	0.7252702859	-0.6884642419	0	0.6884642419	0.7252702859	0	0	0	1
9.98	9.990445936	-0.76121126	0	0.7105862394	-0.7036101168	0	0.7036101168	0.7105862394	0	0	0	1
9.99	10.00948821	-0.7619259524	0	0.693947158	-0.7200259314	0	0.7200259314	0.693947158	0	0	0	1
10	10.02886319	-0.7634873218	0	0.6750735279	-0.7377504537	0	0.7377504537	0.6750735279	0	0	0	1
