0	-0.2320513642	-0.7816859767	0	0	0	0	0	0	0
0.01	-0.2166734934	-0.7808024759	0	0	0	0	0	0	0
0.02	-0.2052076491	-0.7771822869	0	0	0	0	0	0	0
0.03	-0.1964106993	-0.772152895	0	0	0	0	0	0	0
0.04	-0.189614993	-0.7657667234	0	0	0	0	0	0	0
0.05	-0.1838762043	-0.7580626189	0	0	0	0	0	0	0
0.06	-0.1780043636	-0.7497171937	0	0	0	0	0	0	0
0.07	-0.1709972262	-0.7417448811	0	0	0	0	0	0	0
0.08	-0.1622656124	-0.7350089387	0	0	0	0	0	0	0
0.09	-0.1515784344	-0.7299881261	0	0	0	0	0	0	0
0.1	-0.1388862916	-0.7268289332	0	0	0	0	0	0	0
0.11	-0.1241485035	-0.7255474571	0	0	0	0	0	0	0
0.12	-0.1072187944	-0.7262466022	0	0	0	0	0	0	0
0.13	-0.08780647232	-0.7292612343	0	0	0	0	0	0	0
0.14	-0.06550881118	-0.735182582	0	0	0	0	0	0	0
0.15	-0.0398863409	-0.7447563323	0	0	0	0	0	0	0
0.16	-0.01049189383	-0.7586811187	0	0	0	0	0	0	0
0.17	0.02335788116	-0.7770629183	0	0	0	0	0	0	0
0.18	0.06177284629	-0.7981549853	0	0	0	0	0	0	0
0.19	0.102573564	-0.8152716145	0	0	0	0	0	0	0
0.2	0.1434226449	-0.8266607781	0	0	0	0	0	0	0
0.21	0.1862005399	-0.8395120505	0	0	0	0	0	0	0
0.22	0.2312388855	-0.8537606941	0	0	0	0	0	0	0
0.23	0.2771387678	-0.8658088462	0	0	0	0	0	0	0
0.24	0.3212646693	-0.8726978358	0	0	0	0	0	0	0
0.25	0.3623072912	-0.8754329276	0	0	0	0	0	0	0
0.26	0.4004748586	-0.8763885639	0	0	0	0	0	0	0
0.27	0.4362995931	-0.8767898271	0	0	0	0	0	0	0
0.28	0.4700865026	-0.8765854645	0	0	0	0	0	0	0
0.29	0.5021603061	-0.8754913255	0	0	0	0	0	0	0
0.3	0.5331577547	-0.8736217289	0	0	0	0	0	0	0
0.31	0.5639232888	-0.8713500725	0	0	0	0	0	0	0
0.32	0.5951688774	-0.8689337517	0	0	0	0	0	0	0
0.33	0.627266288	-0.866389506	0	0	0	0	0	0	0
0.34	0.6602749658	-0.863607133	0	0	0	0	0	0	0
0.35	0.6940584995	-0.8604726769	0	0	0	0	0	0	0
0.36	0.7283544328	-0.85690139	0	0	0	0	0	0	0
0.37	0.7627825129	-0.8527975578	0	0	0	0	0	0	0
0.38	0.7968263376	-0.8481259725	0	0	0	0	0	0	0
0.39	0.8299310625	-0.8429951853	0	0	0	0	0	0	0
0.4	0.8616046176	-0.8376403166	0	0	0	0	0	0	0
0.41	0.8914070439	-0.8323496104	0	0	0	0	0	0	0
0.42	0.9189363973	-0.827444699	0	0	0	0	0	0	0
0.43	0.943808035	-0.8232895734	0	0	0	0	0	0	0
0.44	0.9656048066	-0.8202925162	0	0	0	0	0	0	0
0.45	0.983913432	-0.8188709935	0	0	0	0	0	0	0
0.46	0.9983983803	-0.8193765806	0	0	0	0	0	0	0
0.47	1.008857247	-0.8220184352	0	0	0	0	0	0	0
0.48	1.015253247	-0.826816941	0	0	0	0	0	0	0
0.49	1.017736095	-0.8335983133	0	0	0	0	0	0	0
0.5	1.016652547	-0.8420300939	0	0	0	0	0	0	0
0.51	1.012539682	-0.851689575	0	0	0	0	0	0	0
0.52	1.006093447	-0.8621486869	0	0	0	0	0	0	0
0.53	0.9981121702	-0.8730497955	0	0	0	0	0	0	0
0.54	0.9894286816	-0.8841381419	0	0	0	0	0	0	0
0.55	0.9808246669	-0.8953023893	0	0	0	0	0	0	0
0.56	0.9729266441	-0.9065844735	0	0	0	0	0	0	0
0.57	0.9662285574	-0.9181071512	0	0	0	0	0	0	0
0.58	0.9611709125	-0.9300415608	0	0	0	0	0	0	0
0.59	0.9580972596	-0.9425986721	0	0	0	0	0	0	0
0.6	0.9572047055	-0.9559453917	0	47.798321	868.363574	0	0	0	0
0.61	0.9571919219	-0.9682611692	0	-18.98232153	1265.065876	0	0	0	0
0.62	0.9572049609	-0.9792854074	0	-43.45065763	1407.276264	0	0	0	0
0.63	0.9572101044	-0.9895824775	0	84.41339593	1627.746175	0	0	0	0
0.64	0.9572314078	-0.9985094381	0	14.19834594	1819.283644	0	0	0	0
0.65	0.9571826603	-1.004953879	0	389.8420138	1835.758542	0	0	0	0
0.66	0.9570629572	-1.008069086	0	566.3233966	1667.775328	0	0	0	0
0.67	0.9568957957	-1.007891235	0	581.532447	1348.816043	0	0	0	0
0.68	0.9566856185	-1.004931941	0	482.593121	938.8082787	0	0	0	0
0.69	0.9564431362	-0.9998943066	0	277.9744837	510.8492283	0	0	0	0
0.7	0.9562159824	-0.9935257723	0	56.64989345	130.0775961	0	0	0	0
0.71	0.9561132689	-0.98648414	0	0	0	0	0	0	0
0.72	0.9562732584	-0.9789800869	0	0	0	0	0	0	0
0.73	0.9567771697	-0.9710100583	0	0	0	0	0	0	0
0.74	0.9576740111	-0.9626117747	0	0	0	0	0	0	0
0.75	0.9589870546	-0.9538317502	0	0	0	0	0	0	0
0.76	0.9607242938	-0.9447173375	0	0	0	0	0	0	0
0.77	0.9628847151	-0.9353205176	0	0	0	0	0	0	0
0.78	0.9654600083	-0.9257043419	0	0	0	0	0	0	0
0.79	0.9684336603	-0.9159452321	0	0	0	0	0	0	0
0.8	0.9717790288	-0.9061317938	0	0	0	0	0	0	0
0.81	0.9754570558	-0.8963634753	0	0	0	0	0	0	0
0.82	0.9794134325	-0.8867536888	0	0	0	0	0	0	0
0.83	0.9835768849	-0.8774309515	0	0	0	0	0	0	0
0.84	0.9878610724	-0.8685346211	0	0	0	0	0	0	0
0.85	0.9921732779	-0.8602001881	0	0	0	0	0	0	0
0.86	0.9964276219	-0.8525399062	0	0	0	0	0	0	0
0.87	1.000558898	-0.8456250808	0	0	0	0	0	0	0
0.88	1.004532602	-0.839475229	0	0	0	0	0	0	0
0.89	1.008348964	-0.8340575259	0	0	0	0	0	0	0
0.9	1.012039339	-0.8292956597	0	0	0	0	0	0	0
0.91	1.015654341	-0.8250841866	0	0	0	0	0	0	0
0.92	1.019246858	-0.8213039634	0	0	0	0	0	0	0
0.93	1.022854544	-0.8178372755	0	0	0	0	0	0	0
0.94	1.026486271	-0.8145807264	0	0	0	0	0	0	0
0.95	1.030114955	-0.8114543631	0	0	0	0	0	0	0
0.96	1.033677355	-0.8084073818	0	0	0	0	0	0	0
0.97	1.037080881	-0.8054194452	0	0	0	0	0	0	0
0.98	1.040216236	-0.8024984533	0	0	0	0	0	0	0
0.99	1.042976149	-0.799674629	0	0	0	0	0	0	0
1	1.045278892	-0.7969940013	0	0	0	0	0	0	0
1.01	1.047111168	-0.7945270956	0	0	0	0	0	0	0
1.02	1.048791442	-0.7925614316	0	0	0	0	0	0	0
1.03	1.050708897	-0.7912323218	0	0	0	0	0	0	0
1.04	1.052801952	-0.7902240896	0	0	0	0	0	0	0
1.05	1.054550423	-0.7888898845	0	0	0	0	0	0	0
1.06	1.055477802	-0.7867615193	0	0	0	0	0	0	0
1.07	1.055389231	-0.7836294363	0	0	0	0	0	0	0
1.08	1.054366643	-0.7794664091	0	0	0	0	0	0	0
1.09	1.052756852	-0.7744987604	0	0	0	0	0	0	0
1.1	1.051158927	-0.769220989	0	0	0	0	0	0	0
1.11	1.050619596	-0.7641301111	0	0	0	0	0	0	0
1.12	1.051742161	-0.7592803148	0	0	0	0	0	0	0
1.13	1.055400492	-0.754409921	0	0	0	0	0	0	0
1.14	1.06279943	-0.7500722538	0	0	0	0	0	0	0
1.15	1.074248104	-0.7474816901	0	0	0	0	0	0	0
1.16	1.089391236	-0.7476007966	0	0	0	0	0	0	0
1.17	1.107660626	-0.7502405602	0	0	0	0	0	0	0
1.18	1.12845932	-0.7543397018	0	0	0	0	0	0	0
1.19	1.151204288	-0.758893244	0	0	0	0	0	0	0
1.2	1.175430401	-0.7635957152	0	0	0	0	0	0	0
1.21	1.200954469	-0.76885	0	0	0	0	0	0	0
1.22	1.227981329	-0.7753022378	0	0	0	0	0	0	0
1.23	1.256925447	-0.7832504167	0	0	0	0	0	0	0
1.24	1.288211357	-0.792563525	0	0	0	0	0	0	0
1.25	1.322142438	-0.8029008958	0	0	0	0	0	0	0
1.26	1.358829732	-0.8138461521	0	0	0	0	0	0	0
1.27	1.398162523	-0.8249074797	0	0	0	0	0	0	0
1.28	1.43981331	-0.8355218984	0	0	0	0	0	0	0
1.29	1.483296984	-0.8451470329	0	0	0	0	0	0	0
1.3	1.528076459	-0.8533801579	0	0	0	0	0	0	0
1.31	1.5736801	-0.8600120933	0	0	0	0	0	0	0
1.32	1.619767059	-0.8649849148	0	0	0	0	0	0	0
1.33	1.666118352	-0.8683065792	0	0	0	0	0	0	0
1.34	1.712579039	-0.8699852389	0	0	0	0	0	0	0
1.35	1.758982189	-0.8700052955	0	0	0	0	0	0	0
1.36	1.805075238	-0.8683384367	0	0	0	0	0	0	0
1.37	1.850463086	-0.864980607	0	0	0	0	0	0	0
1.38	1.894584231	-0.8600067445	0	0	0	0	0	0	0
1.39	1.936728069	-0.8536282737	0	0	0	0	0	0	0
1.4	1.976089459	-0.846232618	0	0	0	0	0	0	0
1.41	2.011848315	-0.8383866947	0	0	0	0	0	0	0
1.42	2.043244605	-0.8307989328	0	0	0	0	0	0	0
1.43	2.069642752	-0.8242437781	0	0	0	0	0	0	0
1.44	2.090576348	-0.819461486	0	0	0	0	0	0	0
1.45	2.105766125	-0.8170550383	0	0	0	0	0	0	0
1.46	2.115123329	-0.8174039346	0	0	0	0	0	0	0
1.47	2.118744527	-0.8206137606	0	0	0	0	0	0	0
1.48	2.116906684	-0.8265121441	0	0	0	0	0	0	0
1.49	2.110062382	-0.8346924614	0	0	0	0	0	0	0
1.5	2.098828813	-0.8445953512	0	0	0	0	0	0	0
1.51	2.087049342	-0.8544075993	0	0	0	0	0	0	0
1.52	2.074522959	-0.8640861186	0	0	0	0	0	0	0
1.53	2.060302489	-0.8739789213	0	0	0	0	0	0	0
1.54	2.044853644	-0.8839705508	0	0	0	0	0	0	0
1.55	2.027910843	-0.8941635672	0	0	0	0	0	0	0
1.56	2.009417173	-0.9045218301	0	0	0	0	0	0	0
1.57	1.989943428	-0.9149017814	0	0	0	0	0	0	0
1.58	1.970429525	-0.9252565904	0	0	0	0	0	0	0
1.59	1.951849891	-0.9355818042	0	0	0	0	0	0	0
1.6	1.935315326	-0.9460089954	0	0	0	0	0	0	0
1.61	1.922334832	-0.9568724227	0	512.9641516	875.3976993	0	0	0	0
1.62	1.921059031	-0.9680835497	0	133.8503036	1142.556576	0	0	0	0
1.63	1.921026552	-0.9776537324	0	64.40706666	1207.878736	0	0	0	0
1.64	1.920999661	-0.9864739072	0	244.3948549	1388.343094	0	0	0	0
1.65	1.920979902	-0.9945358402	0	152.4715092	1600.085926	0	0	0	0
1.66	1.920900278	-1.000858054	0	456.5904632	1635.843169	0	0	0	0
1.67	1.920747935	-1.004232543	0	624.569271	1490.84649	0	0	0	0
1.68	1.920541687	-1.004457806	0	607.6496012	1199.298416	0	0	0	0
1.69	1.920301165	-1.001862964	0	445.5324795	807.3964716	0	0	0	0
1.7	1.920046381	-0.9970235654	0	217.4832397	388.611571	0	0	0	0
1.71	1.919797874	-0.9907411371	0	15.9460533	30.40571587	0	0	0	0
1.72	1.91962452	-0.9838596922	0	0	0	0	0	0	0
1.73	1.919654369	-0.9767887361	0	0	0	0	0	0	0
1.74	1.919950265	-0.9696907724	0	0	0	0	0	0	0
1.75	1.920538536	-0.962558173	0	0	0	0	0	0	0
1.76	1.921441977	-0.9552871879	0	0	0	0	0	0	0
1.77	1.922679692	-0.9477996478	0	0	0	0	0	0	0
1.78	1.924245075	-0.9401221281	0	0	0	0	0	0	0
1.79	1.926093679	-0.9323832172	0	0	0	0	0	0	0
1.8	1.92815572	-0.9247509691	0	0	0	0	0	0	0
1.81	1.930364657	-0.9173624086	0	0	0	0	0	0	0
1.82	1.932683508	-0.9102830861	0	0	0	0	0	0	0
1.83	1.935115951	-0.9035049611	0	0	0	0	0	0	0
1.84	1.937700575	-0.8969693675	0	0	0	0	0	0	0
1.85	1.94049453	-0.8905967127	0	0	0	0	0	0	0
1.86	1.9435535	-0.8843120389	0	0	0	0	0	0	0
1.87	1.946912946	-0.8780633087	0	0	0	0	0	0	0
1.88	1.950573527	-0.8718326011	0	0	0	0	0	0	0
1.89	1.954492538	-0.8656410034	0	0	0	0	0	0	0
1.9	1.95858327	-0.8595476124	0	0	0	0	0	0	0
1.91	1.962723755	-0.8536427437	0	0	0	0	0	0	0
1.92	1.966774351	-0.8480337563	0	0	0	0	0	0	0
1.93	1.970604371	-0.8428191107	0	0	0	0	0	0	0
1.94	1.974130273	-0.8380459769	0	0	0	0	0	0	0
1.95	1.977365718	-0.833673128	0	0	0	0	0	0	0
1.96	1.980438413	-0.8295859107	0	0	0	0	0	0	0
1.97	1.983531491	-0.8256566104	0	0	0	0	0	0	0
1.98	1.986812776	-0.8217748985	0	0	0	0	0	0	0
1.99	1.990391773	-0.8178399774	0	0	0	0	0	0	0
2	1.99429173	-0.8137625021	0	0	0	0	0	0	0
2.01	1.998455577	-0.8094822164	0	0	0	0	0	0	0
2.02	2.002761947	-0.80498727	0	0	0	0	0	0	0
2.03	2.007032605	-0.800329526	0	0	0	0	0	0	0
2.04	2.011062119	-0.7956278325	0	0	0	0	0	0	0
2.05	2.014680506	-0.7910658729	0	0	0	0	0	0	0
2.06	2.017980138	-0.7870420475	0	0	0	0	0	0	0
2.07	2.021645842	-0.7842435438	0	0	0	0	0	0	0
2.08	2.025631052	-0.7823298802	0	0	0	0	0	0	0
2.09	2.029649968	-0.7808666933	0	0	0	0	0	0	0
2.1	2.033558463	-0.7796280636	0	0	0	0	0	0	0
2.11	2.037343288	-0.7784538579	0	0	0	0	0	0	0
2.12	2.041111838	-0.7772341199	0	0	0	0	0	0	0
2.13	2.045068179	-0.7759094278	0	0	0	0	0	0	0
2.14	2.049895024	-0.7745381481	0	0	0	0	0	0	0
2.15	2.05632859	-0.7728133169	0	0	0	0	0	0	0
2.16	2.064672261	-0.7705922131	0	0	0	0	0	0	0
2.17	2.075140313	-0.768514048	0	0	0	0	0	0	0
2.18	2.087873113	-0.7669331402	0	0	0	0	0	0	0
2.19	2.103197039	-0.7658355077	0	0	0	0	0	0	0
2.2	2.12086575	-0.7658150036	0	0	0	0	0	0	0
2.21	2.140259175	-0.7668583063	0	0	0	0	0	0	0
2.22	2.160708081	-0.7679838532	0	0	0	0	0	0	0
2.23	2.181579062	-0.7681670298	0	0	0	0	0	0	0
2.24	2.202355145	-0.7670835062	0	0	0	0	0	0	0
2.25	2.222732428	-0.7651708961	0	0	0	0	0	0	0
2.26	2.242646799	-0.7632679127	0	0	0	0	0	0	0
2.27	2.262237928	-0.7621843437	0	0	0	0	0	0	0
2.28	2.281752296	-0.7622555523	0	0	0	0	0	0	0
2.29	2.301466862	-0.7633812447	0	0	0	0	0	0	0
2.3	2.321613049	-0.7654624996	0	0	0	0	0	0	0
2.31	2.342321342	-0.7685456651	0	0	0	0	0	0	0
2.32	2.363612548	-0.7726656887	0	0	0	0	0	0	0
2.33	2.385410541	-0.7776958766	0	0	0	0	0	0	0
2.34	2.40756581	-0.7833563486	0	0	0	0	0	0	0
2.35	2.429900592	-0.7893418924	0	0	0	0	0	0	0
2.36	2.452272403	-0.7954530164	0	0	0	0	0	0	0
2.37	2.474636022	-0.8016533365	0	0	0	0	0	0	0
2.38	2.49706853	-0.8080314156	0	0	0	0	0	0	0
2.39	2.519749205	-0.8147128226	0	0	0	0	0	0	0
2.4	2.542913567	-0.8217841688	0	0	0	0	0	0	0
2.41	2.566811788	-0.829264352	0	0	0	0	0	0	0
2.42	2.591685806	-0.8371112292	0	0	0	0	0	0	0
2.43	2.617761637	-0.8452326127	0	0	0	0	0	0	0
2.44	2.645242513	-0.8534815633	0	0	0	0	0	0	0
2.45	2.674293513	-0.8616418924	0	0	0	0	0	0	0
2.46	2.705015664	-0.8694212421	0	0	0	0	0	0	0
2.47	2.737413394	-0.8764653235	0	0	0	0	0	0	0
2.48	2.771358315	-0.8823950703	0	0	0	0	0	0	0
2.49	2.806558315	-0.8868650153	0	0	0	0	0	0	0
2.5	2.842550984	-0.8896353916	0	0	0	0	0	0	0
2.51	2.878732776	-0.8906330671	0	0	0	0	0	0	0
2.52	2.914405973	-0.8899755223	0	0	0	0	0	0	0
2.53	2.948818496	-0.8879578689	0	0	0	0	0	0	0
2.54	2.981206265	-0.8850243326	0	0	0	0	0	0	0
2.55	3.010857781	-0.8817225955	0	0	0	0	0	0	0
2.56	3.037176453	-0.8786356778	0	0	0	0	0	0	0
2.57	3.059720924	-0.8763059079	0	0	0	0	0	0	0
2.58	3.078233923	-0.8751658004	0	0	0	0	0	0	0
2.59	3.092658515	-0.875488684	0	0	0	0	0	0	0
2.6	3.103140011	-0.877371349	0	0	0	0	0	0	0
2.61	3.110008394	-0.8807537993	0	0	0	0	0	0	0
2.62	3.113747697	-0.8854649167	0	0	0	0	0	0	0
2.63	3.114927924	-0.8912678149	0	0	0	0	0	0	0
2.64	3.114195416	-0.8978686879	0	0	0	0	0	0	0
2.65	3.11217324	-0.9050618818	0	0	0	0	0	0	0
2.66	3.109226942	-0.9127757326	0	0	0	0	0	0	0
2.67	3.105635902	-0.9209819332	0	0	0	0	0	0	0
2.68	3.101784145	-0.9296700577	0	0	0	0	0	0	0
2.69	3.098141615	-0.9388698492	0	0	0	0	0	0	0
2.7	3.095160422	-0.9486587562	0	0	0	0	0	0	0
2.71	3.09418155	-0.958965581	0	51.53195207	994.4498002	0	0	0	0
2.72	3.094174149	-0.968331818	0	-10.2257133	1007.937988	0	0	0	0
2.73	3.094182454	-0.9768587704	0	-23.40430259	1101.801482	0	0	0	0
2.74	3.094186592	-0.9847670417	0	5.584354322	1250.374469	0	0	0	0
2.75	3.094178591	-0.9918824369	0	32.16934118	1401.861699	0	0	0	0
2.76	3.094138797	-0.9977259515	0	190.3502602	1507.664757	0	0	0	0
2.77	3.094050631	-1.001896641	0	421.2297955	1496.964582	0	0	0	0
2.78	3.093908667	-1.003701098	0	500.5018775	1342.597129	0	0	0	0
2.79	3.093731661	-1.003148688	0	482.2611422	1097.137091	0	0	0	0
2.8	3.093527852	-1.000696785	0	385.2229305	810.4808551	0	0	0	0
2.81	3.093321665	-0.9968751506	0	231.6108243	518.4318482	0	0	0	0
2.82	3.093147447	-0.9921438006	0	84.51704262	249.224036	0	0	0	0
2.83	3.093049211	-0.9869000498	0	2.330272172	25.05919208	0	0	0	0
2.84	3.093083069	-0.9814360034	0	0	0	0	0	0	0
2.85	3.093278365	-0.975775504	0	0	0	0	0	0	0
2.86	3.093655335	-0.9700061451	0	0	0	0	0	0	0
2.87	3.094203697	-0.9642392685	0	0	0	0	0	0	0
2.88	3.094900652	-0.9585196	0	0	0	0	0	0	0
2.89	3.095730886	-0.9528444867	0	0	0	0	0	0	0
2.9	3.096689442	-0.9472036902	0	0	0	0	0	0	0
2.91	3.097777202	-0.9415939829	0	0	0	0	0	0	0
2.92	3.098999165	-0.936015266	0	0	0	0	0	0	0
2.93	3.10036577	-0.9304627808	0	0	0	0	0	0	0
2.94	3.101893781	-0.9249218373	0	0	0	0	0	0	0
2.95	3.103604452	-0.9193678233	0	0	0	0	0	0	0
2.96	3.105519076	-0.9137719705	0	0	0	0	0	0	0
2.97	3.107653584	-0.9081097258	0	0	0	0	0	0	0
2.98	3.110014316	-0.9023672851	0	0	0	0	0	0	0
2.99	3.112596578	-0.8965436115	0	0	0	0	0	0	0
3	3.11538575	-0.8906494403	0	0	0	0	0	0	0
3.01	3.118359441	-0.8847060092	0	0	0	0	0	0	0
3.02	3.121489252	-0.8787450078	0	0	0	0	0	0	0
3.03	3.124741837	-0.8728089689	0	0	0	0	0	0	0
3.04	3.128080306	-0.8669502778	0	0	0	0	0	0	0
3.05	3.131467462	-0.8612271129	0	0	0	0	0	0	0
3.06	3.134871012	-0.8556964239	0	0	0	0	0	0	0
3.07	3.138269938	-0.850405156	0	0	0	0	0	0	0
3.08	3.141660716	-0.8453813255	0	0	0	0	0	0	0
3.09	3.14506087	-0.8406277503	0	0	0	0	0	0	0
3.1	3.148507264	-0.8361212799	0	0	0	0	0	0	0
3.11	3.152047717	-0.8318165081	0	0	0	0	0	0	0
3.12	3.155729255	-0.8276530015	0	0	0	0	0	0	0
3.13	3.159586729	-0.8235615578	0	0	0	0	0	0	0
3.14	3.163633054	-0.8194723038	0	0	0	0	0	0	0
3.15	3.167852261	-0.8153237238	0	0	0	0	0	0	0
3.16	3.172196008	-0.811072136	0	0	0	0	0	0	0
3.17	3.176583428	-0.806700461	0	0	0	0	0	0	0
3.18	3.180906864	-0.8022258053	0	0	0	0	0	0	0
3.19	3.185044578	-0.797704308	0	0	0	0	0	0	0
3.2	3.188885573	-0.7932360186	0	0	0	0	0	0	0
3.21	3.19242781	-0.7890342846	0	0	0	0	0	0	0
3.22	3.196392004	-0.7858927942	0	0	0	0	0	0	0
3.23	3.201133323	-0.7838781102	0	0	0	0	0	0	0
3.24	3.20635499	-0.7825464714	0	0	0	0	0	0	0
3.25	3.211781901	-0.781644246	0	0	0	0	0	0	0
3.26	3.217206931	-0.780988491	0	0	0	0	0	0	0
3.27	3.222511934	-0.7804090165	0	0	0	0	0	0	0
3.28	3.227673179	-0.779776225	0	0	0	0	0	0	0
3.29	3.23272704	-0.7790149992	0	0	0	0	0	0	0
3.3	3.23788357	-0.7780595175	0	0	0	0	0	0	0
3.31	3.243451865	-0.7772831994	0	0	0	0	0	0	0
3.32	3.250152916	-0.7764042795	0	0	0	0	0	0	0
3.33	3.258430425	-0.7745733361	0	0	0	0	0	0	0
3.34	3.268586682	-0.772052297	0	0	0	0	0	0	0
3.35	3.281055981	-0.7694035987	0	0	0	0	0	0	0
3.36	3.296078249	-0.7675407771	0	0	0	0	0	0	0
3.37	3.313238725	-0.7672079588	0	0	0	0	0	0	0
3.38	3.33194236	-0.7678738207	0	0	0	0	0	0	0
3.39	3.351557652	-0.7683536185	0	0	0	0	0	0	0
3.4	3.371482196	-0.7678245298	0	0	0	0	0	0	0
3.41	3.391250314	-0.7662527707	0	0	0	0	0	0	0
3.42	3.410623368	-0.7642052274	0	0	0	0	0	0	0
3.43	3.429594898	-0.7624591935	0	0	0	0	0	0	0
3.44	3.448335666	-0.7616191777	0	0	0	0	0	0	0
3.45	3.467089572	-0.7618112817	0	0	0	0	0	0	0
3.46	3.486106431	-0.7629265689	0	0	0	0	0	0	0
3.47	3.505567929	-0.7649548774	0	0	0	0	0	0	0
3.48	3.525550257	-0.7679767575	0	0	0	0	0	0	0
3.49	3.546025129	-0.7719864341	0	0	0	0	0	0	0
3.5	3.566875506	-0.7768032705	0	0	0	0	0	0	0
3.51	3.587925476	-0.7821333352	0	0	0	0	0	0	0
3.52	3.608991545	-0.787703442	0	0	0	0	0	0	0
3.53	3.629944936	-0.7933655267	0	0	0	0	0	0	0
3.54	3.650759926	-0.7991209078	0	0	0	0	0	0	0
3.55	3.671524023	-0.8050691767	0	0	0	0	0	0	0
3.56	3.692411184	-0.8113293678	0	0	0	0	0	0	0
3.57	3.713637898	-0.8179801776	0	0	0	0	0	0	0
3.58	3.735428089	-0.825041243	0	0	0	0	0	0	0
3.59	3.757993924	-0.8324800747	0	0	0	0	0	0	0
3.6	3.781532997	-0.8402242627	0	0	0	0	0	0	0
3.61	3.806229478	-0.8481629728	0	0	0	0	0	0	0
3.62	3.832253814	-0.8561413782	0	0	0	0	0	0	0
3.63	3.859757314	-0.8639557038	0	0	0	0	0	0	0
3.64	3.888852842	-0.8713502441	0	0	0	0	0	0	0
3.65	3.919580482	-0.8780227618	0	0	0	0	0	0	0
3.66	3.951861641	-0.8836470869	0	0	0	0	0	0	0
3.67	3.985462881	-0.8879229118	0	0	0	0	0	0	0
3.68	4.019993149	-0.8906417566	0	0	0	0	0	0	0
3.69	4.054931866	-0.8917364492	0	0	0	0	0	0	0
3.7	4.08966075	-0.8912946614	0	0	0	0	0	0	0
3.71	4.123486974	-0.889551456	0	0	0	0	0	0	0
3.72	4.155691483	-0.8868751107	0	0	0	0	0	0	0
3.73	4.185587748	-0.8837348299	0	0	0	0	0	0	0
3.74	4.212575174	-0.8806489187	0	0	0	0	0	0	0
3.75	4.236176243	-0.8781244496	0	0	0	0	0	0	0
3.76	4.256069311	-0.8765961397	0	0	0	0	0	0	0
3.77	4.272109509	-0.8763753951	0	0	0	0	0	0	0
3.78	4.284336138	-0.8776222557	0	0	0	0	0	0	0
3.79	4.292965151	-0.8803476913	0	0	0	0	0	0	0
3.8	4.298366031	-0.8844440297	0	0	0	0	0	0	0
3.81	4.301017702	-0.8897290428	0	0	0	0	0	0	0
3.82	4.301460883	-0.8959524377	0	0	0	0	0	0	0
3.83	4.300301304	-0.902869611	0	0	0	0	0	0	0
3.84	4.297974943	-0.9103621853	0	0	0	0	0	0	0
3.85	4.294749543	-0.9183842497	0	0	0	0	0	0	0
3.86	4.29094911	-0.9269058525	0	0	0	0	0	0	0
3.87	4.287013622	-0.9359259319	0	0	0	0	0	0	0
3.88	4.283415409	-0.9454909723	0	0	0	0	0	0	0
3.89	4.281143014	-0.955681152	0	60.15065364	634.7374228	0	0	0	0
3.9	4.281123571	-0.9654182573	0	12.16057468	995.0044477	0	0	0	0
3.91	4.281126371	-0.9741252256	0	-18.12947206	1055.847162	0	0	0	0
3.92	4.28113159	-0.9821630607	0	-2.951754608	1188.014159	0	0	0	0
3.93	4.281126401	-0.9894875233	0	36.88385865	1341.334497	0	0	0	0
3.94	4.281098742	-0.9957300368	0	168.7970641	1457.25733	0	0	0	0
3.95	4.281037626	-1.000543631	0	334.5769239	1516.035212	0	0	0	0
3.96	4.280916815	-1.003302448	0	476.8110262	1420.087337	0	0	0	0
3.97	4.280756336	-1.003675778	0	490.8871726	1209.043628	0	0	0	0
3.98	4.280563683	-1.001967455	0	439.6244724	938.4990099	0	0	0	0
3.99	4.280351173	-0.9987073964	0	311.4197406	650.5838665	0	0	0	0
4	4.280151442	-0.9943875599	0	155.7680463	374.6476353	0	0	0	0
4.01	4.280002988	-0.9894195304	0	33.94638767	134.1153812	0	0	0	0
4.02	4.279959199	-0.9841552223	0	0	0	0	0	0	0
4.03	4.280059645	-0.9787385593	0	0	0	0	0	0	0
4.04	4.280327383	-0.97318428	0	0	0	0	0	0	0
4.05	4.280765413	-0.9676059903	0	0	0	0	0	0	0
4.06	4.281353031	-0.9620818854	0	0	0	0	0	0	0
4.07	4.282069273	-0.9566227823	0	0	0	0	0	0	0
4.08	4.282904746	-0.9512114414	0	0	0	0	0	0	0
4.09	4.283859079	-0.9458332993	0	0	0	0	0	0	0
4.1	4.284936683	-0.9404810602	0	0	0	0	0	0	0
4.11	4.286146314	-0.9351479646	0	0	0	0	0	0	0
4.12	4.287502205	-0.9298209848	0	0	0	0	0	0	0
4.13	4.289023687	-0.9244778634	0	0	0	0	0	0	0
4.14	4.290732342	-0.9190894991	0	0	0	0	0	0	0
4.15	4.292647541	-0.9136266118	0	0	0	0	0	0	0
4.16	4.294782046	-0.9080670274	0	0	0	0	0	0	0
4.17	4.297139457	-0.9023999388	0	0	0	0	0	0	0
4.18	4.299714112	-0.8966263448	0	0	0	0	0	0	0
4.19	4.302492606	-0.8907579872	0	0	0	0	0	0	0
4.2	4.305455301	-0.8848170283	0	0	0	0	0	0	0
4.21	4.308577076	-0.8788367596	0	0	0	0	0	0	0
4.22	4.311827384	-0.8728622793	0	0	0	0	0	0	0
4.23	4.315171151	-0.8669493313	0	0	0	0	0	0	0
4.24	4.318571846	-0.8611598578	0	0	0	0	0	0	0
4.25	4.321996659	-0.8555547927	0	0	0	0	0	0	0
4.26	4.325423077	-0.8501851432	0	0	0	0	0	0	0
4.27	4.328845587	-0.8450827848	0	0	0	0	0	0	0
4.28	4.332279672	-0.8402541772	0	0	0	0	0	0	0
4.29	4.335760175	-0.8356795362	0	0	0	0	0	0	0
4.3	4.339333006	-0.8313170076	0	0	0	0	0	0	0
4.31	4.343043946	-0.8271085486	0	0	0	0	0	0	0
4.32	4.34692738	-0.8229865644	0	0	0	0	0	0	0
4.33	4.350996528	-0.818881893	0	0	0	0	0	0	0
4.34	4.355236391	-0.8147327355	0	0	0	0	0	0	0
4.35	4.359599851	-0.8104941034	0	0	0	0	0	0	0
4.36	4.364007896	-0.8061464993	0	0	0	0	0	0	0
4.37	4.3683544	-0.8017036714	0	0	0	0	0	0	0
4.38	4.372518929	-0.797217761	0	0	0	0	0	0	0
4.39	4.376390958	-0.7927846097	0	0	0	0	0	0	0
4.4	4.379968461	-0.7886150073	0	0	0	0	0	0	0
4.41	4.383971823	-0.7855021665	0	0	0	0	0	0	0
4.42	4.388751763	-0.7835093678	0	0	0	0	0	0	0
4.43	4.39401951	-0.7822004122	0	0	0	0	0	0	0
4.44	4.399505106	-0.7813253852	0	0	0	0	0	0	0
4.45	4.405001948	-0.7807021987	0	0	0	0	0	0	0
4.46	4.41038843	-0.7801602495	0	0	0	0	0	0	0
4.47	4.415634345	-0.7795682273	0	0	0	0	0	0	0
4.48	4.420768637	-0.7788483233	0	0	0	0	0	0	0
4.49	4.425999368	-0.7779318532	0	0	0	0	0	0	0
4.5	4.431594069	-0.7771953118	0	0	0	0	0	0	0
4.51	4.438270819	-0.7763328085	0	0	0	0	0	0	0
4.52	4.446478867	-0.7744490882	0	0	0	0	0	0	0
4.53	4.456528557	-0.7717886478	0	0	0	0	0	0	0
4.54	4.46886575	-0.7689308344	0	0	0	0	0	0	0
4.55	4.483757544	-0.7668101625	0	0	0	0	0	0	0
4.56	4.500809913	-0.7662336732	0	0	0	0	0	0	0
4.57	4.519445379	-0.7667294108	0	0	0	0	0	0	0
4.58	4.539049814	-0.7671433658	0	0	0	0	0	0	0
4.59	4.559030991	-0.7666554767	0	0	0	0	0	0	0
4.6	4.578920467	-0.7652157052	0	0	0	0	0	0	0
4.61	4.59846467	-0.7633631172	0	0	0	0	0	0	0
4.62	4.617636103	-0.7618408206	0	0	0	0	0	0	0
4.63	4.636585583	-0.7612141287	0	0	0	0	0	0	0
4.64	4.655543556	-0.7615771293	0	0	0	0	0	0	0
4.65	4.674753943	-0.7628115279	0	0	0	0	0	0	0
4.66	4.694399687	-0.7649170661	0	0	0	0	0	0	0
4.67	4.714564538	-0.7679929004	0	0	0	0	0	0	0
4.68	4.735231188	-0.7720522735	0	0	0	0	0	0	0
4.69	4.75629301	-0.7769286566	0	0	0	0	0	0	0
4.7	4.777580307	-0.7823347388	0	0	0	0	0	0	0
4.71	4.798909896	-0.7879967699	0	0	0	0	0	0	0
4.72	4.820146417	-0.7937600131	0	0	0	0	0	0	0
4.73	4.841254427	-0.7996179339	0	0	0	0	0	0	0
4.74	4.862310971	-0.8056632145	0	0	0	0	0	0	0
4.75	4.883482513	-0.8120112435	0	0	0	0	0	0	0
4.76	4.904982908	-0.8187402505	0	0	0	0	0	0	0
4.77	4.927038556	-0.8258716476	0	0	0	0	0	0	0
4.78	4.949870235	-0.8333764202	0	0	0	0	0	0	0
4.79	4.973687236	-0.8411839147	0	0	0	0	0	0	0
4.8	4.998686142	-0.8491811456	0	0	0	0	0	0	0
4.81	5.025047666	-0.8572057844	0	0	0	0	0	0	0
4.82	5.052925676	-0.865039581	0	0	0	0	0	0	0
4.83	5.082424912	-0.8724078108	0	0	0	0	0	0	0
4.84	5.11356348	-0.8789892365	0	0	0	0	0	0	0
4.85	5.146227892	-0.8844466409	0	0	0	0	0	0	0
4.86	5.180143243	-0.8884842234	0	0	0	0	0	0	0
4.87	5.214879264	-0.8909153129	0	0	0	0	0	0	0
4.88	5.24988472	-0.8917063047	0	0	0	0	0	0	0
4.89	5.284518777	-0.8909823546	0	0	0	0	0	0	0
4.9	5.318079852	-0.8890149984	0	0	0	0	0	0	0
4.91	5.34984992	-0.8862035184	0	0	0	0	0	0	0
4.92	5.379158374	-0.8830377264	0	0	0	0	0	0	0
4.93	5.4054333	-0.8800416812	0	0	0	0	0	0	0
4.94	5.428233935	-0.8777124369	0	0	0	0	0	0	0
4.95	5.447280215	-0.8764608791	0	0	0	0	0	0	0
4.96	5.462472427	-0.8765649174	0	0	0	0	0	0	0
4.97	5.473894439	-0.8781486448	0	0	0	0	0	0	0
4.98	5.481802378	-0.8811920202	0	0	0	0	0	0	0
4.99	5.486596549	-0.8855668806	0	0	0	0	0	0	0
5	5.488773995	-0.8910778032	0	0	0	0	0	0	0
5.01	5.488893209	-0.8974638227	0	0	0	0	0	0	0
5.02	5.487545076	-0.9045056183	0	0	0	0	0	0	0
5.03	5.485108374	-0.912110981	0	0	0	0	0	0	0
5.04	5.481842016	-0.9202408316	0	0	0	0	0	0	0
5.05	5.478092845	-0.9288702922	0	0	0	0	0	0	0
5.06	5.474312751	-0.9380083454	0	0	0	0	0	0	0
5.07	5.470963653	-0.9477118462	0	0	0	0	0	0	0
5.08	5.469469284	-0.9579826562	0	58.66898882	924.9009632	0	0	0	0
5.09	5.4694569	-0.9674411666	0	0.1565670034	1000.442579	0	0	0	0
5.1	5.469462235	-0.975988185	0	-18.98419694	1081.869196	0	0	0	0
5.11	5.469465962	-0.9838885068	0	4.463300158	1223.053298	0	0	0	0
5.12	5.469458135	-0.9910195363	0	45.81118554	1375.187636	0	0	0	0
5.13	5.469423705	-0.9969602759	0	149.3545824	1483.838807	0	0	0	0
5.14	5.469350162	-1.001381907	0	380.1879048	1507.934355	0	0	0	0
5.15	5.469218917	-1.003603899	0	486.5696904	1381.170726	0	0	0	0
5.16	5.469051579	-1.00346639	0	484.6613611	1151.996918	0	0	0	0
5.17	5.468852877	-1.001360251	0	416.1051	874.423785	0	0	0	0
5.18	5.468640455	-0.9978212209	0	276.2137194	586.9301685	0	0	0	0
5.19	5.468448917	-0.9933224475	0	123.5097321	317.2390964	0	0	0	0
5.2	5.468318818	-0.9882611446	0	16.98520471	87.33378981	0	0	0	0
5.21	5.468306052	-0.9829661076	0	0	0	0	0	0	0
5.22	5.468442567	-0.9775160447	0	0	0	0	0	0	0
5.23	5.468749598	-0.9719509157	0	0	0	0	0	0	0
5.24	5.469223168	-0.966385957	0	0	0	0	0	0	0
5.25	5.469840385	-0.9608829611	0	0	0	0	0	0	0
5.26	5.470582426	-0.9554422799	0	0	0	0	0	0	0
5.27	5.471442397	-0.950045364	0	0	0	0	0	0	0
5.28	5.472421363	-0.9446792754	0	0	0	0	0	0	0
5.29	5.473524837	-0.9393373414	0	0	0	0	0	0	0
5.3	5.474762915	-0.9340117997	0	0	0	0	0	0	0
5.31	5.476151233	-0.9286876189	0	0	0	0	0	0	0
5.32	5.477710021	-0.9233405937	0	0	0	0	0	0	0
5.33	5.479460716	-0.9179410113	0	0	0	0	0	0	0
5.34	5.481421382	-0.912460789	0	0	0	0	0	0	0
5.35	5.483602628	-0.9068803448	0	0	0	0	0	0	0
5.36	5.486005703	-0.9011918328	0	0	0	0	0	0	0
5.37	5.488622936	-0.8953989154	0	0	0	0	0	0	0
5.38	5.491439391	-0.8895157209	0	0	0	0	0	0	0
5.39	5.494434305	-0.8835667688	0	0	0	0	0	0	0
5.4	5.497581659	-0.8775877077	0	0	0	0	0	0	0
5.41	5.500850048	-0.8716260417	0	0	0	0	0	0	0
5.42	5.504204177	-0.8657390075	0	0	0	0	0	0	0
5.43	5.507608249	-0.8599886148	0	0	0	0	0	0	0
5.44	5.511031373	-0.8544341696	0	0	0	0	0	0	0
5.45	5.514454296	-0.8491231008	0	0	0	0	0	0	0
5.46	5.517875678	-0.8440822087	0	0	0	0	0	0	0
5.47	5.521315092	-0.839312469	0	0	0	0	0	0	0
5.48	5.524810112	-0.834789206	0	0	0	0	0	0	0
5.49	5.528407239	-0.8304667885	0	0	0	0	0	0	0
5.5	5.532150471	-0.8262847559	0	0	0	0	0	0	0
5.51	5.53607039	-0.8221746117	0	0	0	0	0	0	0
5.52	5.54017491	-0.8180679888	0	0	0	0	0	0	0
5.53	5.544442795	-0.81390578	0	0	0	0	0	0	0
5.54	5.548820507	-0.8096474673	0	0	0	0	0	0	0
5.55	5.553223099	-0.8052797419	0	0	0	0	0	0	0
5.56	5.55754051	-0.8008237189	0	0	0	0	0	0	0
5.57	5.561651914	-0.7963397338	0	0	0	0	0	0	0
5.58	5.56545414	-0.7919340952	0	0	0	0	0	0	0
5.59	5.56903043	-0.7879009778	0	0	0	0	0	0	0
5.6	5.573198928	-0.7850478725	0	0	0	0	0	0	0
5.61	5.578099536	-0.7832212847	0	0	0	0	0	0	0
5.62	5.583428525	-0.7820152765	0	0	0	0	0	0	0
5.63	5.588928156	-0.7812053458	0	0	0	0	0	0	0
5.64	5.594405757	-0.7806114256	0	0	0	0	0	0	0
5.65	5.599758727	-0.7800679927	0	0	0	0	0	0	0
5.66	5.604971644	-0.779454322	0	0	0	0	0	0	0
5.67	5.610084021	-0.7787000608	0	0	0	0	0	0	0
5.68	5.615358988	-0.7777707077	0	0	0	0	0	0	0
5.69	5.621086471	-0.7770823722	0	0	0	0	0	0	0
5.7	5.628025122	-0.7760494799	0	0	0	0	0	0	0
5.71	5.63655296	-0.7739503148	0	0	0	0	0	0	0
5.72	5.64698704	-0.7711889168	0	0	0	0	0	0	0
5.73	5.659821435	-0.7683578325	0	0	0	0	0	0	0
5.74	5.675167957	-0.766502116	0	0	0	0	0	0	0
5.75	5.692570495	-0.7662047466	0	0	0	0	0	0	0
5.76	5.711439377	-0.7667738267	0	0	0	0	0	0	0
5.77	5.731159785	-0.7670513194	0	0	0	0	0	0	0
5.78	5.75115468	-0.7663601862	0	0	0	0	0	0	0
5.79	5.770992731	-0.7647942381	0	0	0	0	0	0	0
5.8	5.790465613	-0.7629623323	0	0	0	0	0	0	0
5.81	5.80958706	-0.7616026249	0	0	0	0	0	0	0
5.82	5.828529535	-0.761192808	0	0	0	0	0	0	0
5.83	5.84753167	-0.7617476277	0	0	0	0	0	0	0
5.84	5.866830596	-0.7631564708	0	0	0	0	0	0	0
5.85	5.886591163	-0.7654520886	0	0	0	0	0	0	0
5.86	5.906876659	-0.7687322564	0	0	0	0	0	0	0
5.87	5.927650981	-0.7729773865	0	0	0	0	0	0	0
5.88	5.948792025	-0.7779883565	0	0	0	0	0	0	0
5.89	5.970122406	-0.7834695013	0	0	0	0	0	0	0
5.9	5.99146258	-0.7891640655	0	0	0	0	0	0	0
5.91	6.01269316	-0.7949472503	0	0	0	0	0	0	0
5.92	6.033800428	-0.8008376753	0	0	0	0	0	0	0
5.93	6.054881581	-0.8069387874	0	0	0	0	0	0	0
5.94	6.076115646	-0.8133620417	0	0	0	0	0	0	0
5.95	6.097721264	-0.8201748512	0	0	0	0	0	0	0
5.96	6.119924853	-0.8273878441	0	0	0	0	0	0	0
5.97	6.142945525	-0.8349633649	0	0	0	0	0	0	0
5.98	6.166991307	-0.8428230583	0	0	0	0	0	0	0
5.99	6.192257013	-0.8508444788	0	0	0	0	0	0	0
6	6.218919298	-0.8588535298	0	0	0	0	0	0	0
6.01	6.2471252	-0.8666198367	0	0	0	0	0	0	0
6.02	6.276965283	-0.8738568646	0	0	0	0	0	0	0
6.03	6.308433663	-0.8802356353	0	0	0	0	0	0	0
6.04	6.341383987	-0.8854211766	0	0	0	0	0	0	0
6.05	6.375506146	-0.8891347638	0	0	0	0	0	0	0
6.06	6.410340922	-0.8912197881	0	0	0	0	0	0	0
6.07	6.445315374	-0.8916769793	0	0	0	0	0	0	0
6.08	6.479773873	-0.8906641669	0	0	0	0	0	0	0
6.09	6.513006282	-0.8884823953	0	0	0	0	0	0	0
6.1	6.544299609	-0.8855544531	0	0	0	0	0	0	0
6.11	6.573002152	-0.8823824272	0	0	0	0	0	0	0
6.12	6.598567712	-0.8794895533	0	0	0	0	0	0	0
6.13	6.620587552	-0.877359132	0	0	0	0	0	0	0
6.14	6.638819567	-0.8763766557	0	0	0	0	0	0	0
6.15	6.6532036	-0.8767878889	0	0	0	0	0	0	0
6.16	6.663861599	-0.8786844937	0	0	0	0	0	0	0
6.17	6.671083236	-0.8820199725	0	0	0	0	0	0	0
6.18	6.675293862	-0.8866497009	0	0	0	0	0	0	0
6.19	6.677001877	-0.8923649273	0	0	0	0	0	0	0
6.2	6.676784009	-0.8988995782	0	0	0	0	0	0	0
6.21	6.67520169	-0.9060617593	0	0	0	0	0	0	0
6.22	6.672587477	-0.9137781917	0	0	0	0	0	0	0
6.23	6.669205575	-0.9220131682	0	0	0	0	0	0	0
6.24	6.665429052	-0.9307468021	0	0	0	0	0	0	0
6.25	6.661719538	-0.9399977093	0	0	0	0	0	0	0
6.26	6.658527412	-0.9498320821	0	0	0	0	0	0	0
6.27	6.657645148	-0.9600775263	0	50.09268846	1012.681894	0	0	0	0
6.28	6.657638128	-0.9692990034	0	-7.902415665	1010.224265	0	0	0	0
6.29	6.657644592	-0.9777031653	0	-17.07851686	1108.413459	0	0	0	0
6.3	6.657646272	-0.9854628458	0	12.61283058	1255.612869	0	0	0	0
6.31	6.657636007	-0.9923935958	0	43.31795068	1404.233563	0	0	0	0
6.32	6.657594968	-0.9980380294	0	188.8308314	1502.195847	0	0	0	0
6.33	6.657507584	-1.002050534	0	415.8058895	1492.772337	0	0	0	0
6.34	6.657367585	-1.003766013	0	491.2820304	1339.80763	0	0	0	0
6.35	6.657193614	-1.003173069	0	476.7800125	1096.432871	0	0	0	0
6.36	6.656989757	-1.000722925	0	391.2174464	814.1457317	0	0	0	0
6.37	6.656778688	-0.9969471018	0	243.2530408	528.3473809	0	0	0	0
6.38	6.656596231	-0.9923006459	0	95.70261623	265.4737111	0	0	0	0
6.39	6.656485589	-0.9871682888	0	6.052897385	46.04807028	0	0	0	0
6.4	6.656502389	-0.981846372	0	0	0	0	0	0	0
6.41	6.656673051	-0.9763664643	0	0	0	0	0	0	0
6.42	6.657015836	-0.9707957416	0	0	0	0	0	0	0
6.43	6.657520904	-0.9652447752	0	0	0	0	0	0	0
6.44	6.658164587	-0.9597599846	0	0	0	0	0	0	0
6.45	6.658930472	-0.9543342189	0	0	0	0	0	0	0
6.46	6.659813775	-0.948948937	0	0	0	0	0	0	0
6.47	6.660816673	-0.9435928133	0	0	0	0	0	0	0
6.48	6.661945598	-0.9382594778	0	0	0	0	0	0	0
6.49	6.663211779	-0.9329400023	0	0	0	0	0	0	0
6.5	6.664632014	-0.9276173226	0	0	0	0	0	0	0
6.51	6.666227118	-0.922265602	0	0	0	0	0	0	0
6.52	6.6680182	-0.9168548101	0	0	0	0	0	0	0
6.53	6.670022018	-0.911358192	0	0	0	0	0	0	0
6.54	6.672247309	-0.9057584393	0	0	0	0	0	0	0
6.55	6.674693359	-0.9000501583	0	0	0	0	0	0	0
6.56	6.677350886	-0.8942392332	0	0	0	0	0	0	0
6.57	6.680203735	-0.8883418536	0	0	0	0	0	0	0
6.58	6.683230179	-0.8823846539	0	0	0	0	0	0	0
6.59	6.686403169	-0.876405696	0	0	0	0	0	0	0
6.6	6.689690467	-0.8704546762	0	0	0	0	0	0	0
6.61	6.693056454	-0.864590204	0	0	0	0	0	0	0
6.62	6.696465869	-0.8588744334	0	0	0	0	0	0	0
6.63	6.699889612	-0.8533650722	0	0	0	0	0	0	0
6.64	6.703311543	-0.8481060742	0	0	0	0	0	0	0
6.65	6.706734318	-0.8431194415	0	0	0	0	0	0	0
6.66	6.710181449	-0.838400943	0	0	0	0	0	0	0
6.67	6.713692967	-0.8339214311	0	0	0	0	0	0	0
6.68	6.717315798	-0.8296318416	0	0	0	0	0	0	0
6.69	6.721092028	-0.8254696587	0	0	0	0	0	0	0
6.7	6.725048431	-0.8213657232	0	0	0	0	0	0	0
6.71	6.729187586	-0.8172527799	0	0	0	0	0	0	0
6.72	6.733482112	-0.8130746495	0	0	0	0	0	0	0
6.73	6.737872099	-0.8087954996	0	0	0	0	0	0	0
6.74	6.742266998	-0.8044082795	0	0	0	0	0	0	0
6.75	6.746553278	-0.7999414268	0	0	0	0	0	0	0
6.76	6.750610645	-0.795463407	0	0	0	0	0	0	0
6.77	6.754346067	-0.7910922834	0	0	0	0	0	0	0
6.78	6.757965757	-0.7872362333	0	0	0	0	0	0	0
6.79	6.76229702	-0.7846236558	0	0	0	0	0	0	0
6.8	6.767304519	-0.7829435482	0	0	0	0	0	0	0
6.81	6.772684965	-0.781830089	0	0	0	0	0	0	0
6.82	6.778192611	-0.7810768268	0	0	0	0	0	0	0
6.83	6.783650373	-0.780505151	0	0	0	0	0	0	0
6.84	6.788974359	-0.7799560323	0	0	0	0	0	0	0
6.85	6.794162227	-0.7793194699	0	0	0	0	0	0	0
6.86	6.799273724	-0.778526286	0	0	0	0	0	0	0
6.87	6.80460385	-0.7776142282	0	0	0	0	0	0	0
6.88	6.810512064	-0.7769492847	0	0	0	0	0	0	0
6.89	6.817733149	-0.7757191912	0	0	0	0	0	0	0
6.9	6.82660438	-0.7734373654	0	0	0	0	0	0	0
6.91	6.837455924	-0.7706095259	0	0	0	0	0	0	0
6.92	6.850796626	-0.7678663236	0	0	0	0	0	0	0
6.93	6.86658401	-0.766307019	0	0	0	0	0	0	0
6.94	6.884317745	-0.7662604929	0	0	0	0	0	0	0
6.95	6.903399168	-0.7668563633	0	0	0	0	0	0	0
6.96	6.9232148	-0.7669726632	0	0	0	0	0	0	0
6.97	6.943207052	-0.7660830364	0	0	0	0	0	0	0
6.98	6.962984544	-0.7644111955	0	0	0	0	0	0	0
6.99	6.982383668	-0.7626198333	0	0	0	0	0	0	0
7	7.001456971	-0.7614285191	0	0	0	0	0	0	0
7.01	7.020394687	-0.7612205413	0	0	0	0	0	0	0
7.02	7.039441199	-0.7619508602	0	0	0	0	0	0	0
7.03	7.058824	-0.7635276555	0	0	0	0	0	0	0
7.04	7.078689035	-0.7660108195	0	0	0	0	0	0	0
7.05	7.099079634	-0.7694880142	0	0	0	0	0	0	0
7.06	7.119941543	-0.7739044243	0	0	0	0	0	0	0
7.07	7.141138748	-0.7790322913	0	0	0	0	0	0	0
7.08	7.162488875	-0.7845735042	0	0	0	0	0	0	0
7.09	7.183818981	-0.7902917914	0	0	0	0	0	0	0
7.1	7.205027677	-0.7960922062	0	0	0	0	0	0	0
7.11	7.226123699	-0.8020159	0	0	0	0	0	0	0
7.12	7.247223083	-0.8081734801	0	0	0	0	0	0	0
7.13	7.268515601	-0.8146705076	0	0	0	0	0	0	0
7.14	7.290223378	-0.8215633729	0	0	0	0	0	0	0
7.15	7.312572606	-0.8288526533	0	0	0	0	0	0	0
7.16	7.335780375	-0.8364923355	0	0	0	0	0	0	0
7.17	7.360052292	-0.8443957855	0	0	0	0	0	0	0
7.18	7.385580217	-0.8524309808	0	0	0	0	0	0	0
7.19	7.412536978	-0.8604133006	0	0	0	0	0	0	0
7.2	7.441060873	-0.8681005719	0	0	0	0	0	0	0
7.21	7.471226941	-0.8751960141	0	0	0	0	0	0	0
7.22	7.503004827	-0.8813656102	0	0	0	0	0	0	0
7.23	7.536216608	-0.8862798818	0	0	0	0	0	0	0
7.24	7.570520071	-0.8896793485	0	0	0	0	0	0	0
7.25	7.605430217	-0.891437064	0	0	0	0	0	0	0
7.26	7.640355713	-0.8915859623	0	0	0	0	0	0	0
7.27	7.674627453	-0.8903135095	0	0	0	0	0	0	0
7.28	7.707530133	-0.8879471659	0	0	0	0	0	0	0
7.29	7.738357561	-0.8849295947	0	0	0	0	0	0	0
7.3	7.766476025	-0.8817720818	0	0	0	0	0	0	0
7.31	7.791364926	-0.8789946931	0	0	0	0	0	0	0
7.32	7.812646881	-0.8770655065	0	0	0	0	0	0	0
7.33	7.830114933	-0.8763448761	0	0	0	0	0	0	0
7.34	7.843745575	-0.8770481444	0	0	0	0	0	0	0
7.35	7.85369545	-0.8792373361	0	0	0	0	0	0	0
7.36	7.860284561	-0.8828427965	0	0	0	0	0	0	0
7.37	7.863959712	-0.8877060724	0	0	0	0	0	0	0
7.38	7.865239081	-0.8936045228	0	0	0	0	0	0	0
7.39	7.864715663	-0.9002736516	0	0	0	0	0	0	0
7.4	7.862911736	-0.9075488068	0	0	0	0	0	0	0
7.41	7.86012549	-0.9153701922	0	0	0	0	0	0	0
7.42	7.85663513	-0.9237044702	0	0	0	0	0	0	0
7.43	7.852837296	-0.9325375052	0	0	0	0	0	0	0
7.44	7.849199653	-0.9418974313	0	0	0	0	0	0	0
7.45	7.846170023	-0.9518587049	0	73.921374	94.25137681	0	0	0	0
7.46	7.845811683	-0.9619930803	0	34.62165838	1001.016993	0	0	0	0
7.47	7.845809023	-0.9710182409	0	-13.483829	1023.384258	0	0	0	0
7.48	7.845815748	-0.9792940865	0	-13.56293964	1135.35652	0	0	0	0
7.49	7.845815211	-0.9869124357	0	20.76262892	1286.274125	0	0	0	0
7.5	7.845802819	-0.9936285945	0	94.10633808	1418.417833	0	0	0	0
7.51	7.845753118	-0.9989895987	0	242.9956461	1513.400671	0	0	0	0
7.52	7.845653212	-1.0025839	0	442.7461524	1472.441133	0	0	0	0
7.53	7.845505735	-1.003821916	0	492.695865	1296.970006	0	0	0	0
7.54	7.845325368	-1.002818397	0	466.5474625	1042.30985	0	0	0	0
7.55	7.845117548	-1.000065286	0	365.0263461	756.9457335	0	0	0	0
7.56	7.844909202	-0.9960837375	0	212.0881677	473.7677062	0	0	0	0
7.57	7.844737032	-0.9913125005	0	71.57959127	218.1207805	0	0	0	0
7.58	7.844647587	-0.9861252895	0	0.5608844435	9.019991611	0	0	0	0
7.59	7.844693101	-0.9807755091	0	0	0	0	0	0	0
7.6	7.844897108	-0.9752688663	0	0	0	0	0	0	0
7.61	7.84527353	-0.9696954247	0	0	0	0	0	0	0
7.62	7.84580776	-0.9641570073	0	0	0	0	0	0	0
7.63	7.846476343	-0.9586862285	0	0	0	0	0	0	0
7.64	7.847265315	-0.9532707504	0	0	0	0	0	0	0
7.65	7.848171682	-0.9478928629	0	0	0	0	0	0	0
7.66	7.849198538	-0.9425427265	0	0	0	0	0	0	0
7.67	7.850353174	-0.9372140349	0	0	0	0	0	0	0
7.68	7.851647935	-0.9318965366	0	0	0	0	0	0	0
7.69	7.853100613	-0.9265713067	0	0	0	0	0	0	0
7.7	7.854732434	-0.9212111576	0	0	0	0	0	0	0
7.71	7.856563995	-0.915786107	0	0	0	0	0	0	0
7.72	7.858610708	-0.9102708398	0	0	0	0	0	0	0
7.73	7.860879448	-0.9046503699	0	0	0	0	0	0	0
7.74	7.8633677	-0.8989216246	0	0	0	0	0	0	0
7.75	7.866064684	-0.8930925673	0	0	0	0	0	0	0
7.76	7.868953107	-0.8871813768	0	0	0	0	0	0	0
7.77	7.872010227	-0.8812168412	0	0	0	0	0	0	0
7.78	7.875207947	-0.8752393663	0	0	0	0	0	0	0
7.79	7.878513196	-0.8693006901	0	0	0	0	0	0	0
7.8	7.881890077	-0.8634606352	0	0	0	0	0	0	0
7.81	7.885304068	-0.857781133	0	0	0	0	0	0	0
7.82	7.888728066	-0.8523179199	0	0	0	0	0	0	0
7.83	7.89214918	-0.8471113001	0	0	0	0	0	0	0
7.84	7.895574156	-0.8421783032	0	0	0	0	0	0	0
7.85	7.899030318	-0.8375095287	0	0	0	0	0	0	0
7.86	7.902559901	-0.8330714766	0	0	0	0	0	0	0
7.87	7.906209648	-0.8288120838	0	0	0	0	0	0	0
7.88	7.910019499	-0.8246668814	0	0	0	0	0	0	0
7.89	7.914012101	-0.8205664084	0	0	0	0	0	0	0
7.9	7.918184559	-0.8164448254	0	0	0	0	0	0	0
7.91	7.922503278	-0.8122492035	0	0	0	0	0	0	0
7.92	7.926902079	-0.8079487001	0	0	0	0	0	0	0
7.93	7.931285144	-0.8035426725	0	0	0	0	0	0	0
7.94	7.935535974	-0.7990670961	0	0	0	0	0	0	0
7.95	7.939535904	-0.7945988248	0	0	0	0	0	0	0
7.96	7.943206649	-0.7902711156	0	0	0	0	0	0	0
7.97	7.946913119	-0.786630423	0	0	0	0	0	0	0
7.98	7.951399467	-0.7842385623	0	0	0	0	0	0	0
7.99	7.956501462	-0.7826901303	0	0	0	0	0	0	0
8	7.9619237	-0.7816610494	0	0	0	0	0	0	0
8.01	7.967432489	-0.7809570495	0	0	0	0	0	0	0
8.02	7.97286732	-0.7804009911	0	0	0	0	0	0	0
8.03	7.978162644	-0.7798417707	0	0	0	0	0	0	0
8.04	7.983327539	-0.7791800004	0	0	0	0	0	0	0
8.05	7.98845757	-0.7783419807	0	0	0	0	0	0	0
8.06	7.993846616	-0.7774731413	0	0	0	0	0	0	0
8.07	7.999969048	-0.7767917229	0	0	0	0	0	0	0
8.08	8.007484973	-0.7753477861	0	0	0	0	0	0	0
8.09	8.01671288	-0.7729095035	0	0	0	0	0	0	0
8.1	8.028007996	-0.7700376145	0	0	0	0	0	0	0
8.11	8.04185114	-0.7674367154	0	0	0	0	0	0	0
8.12	8.058060696	-0.7661900891	0	0	0	0	0	0	0
8.13	8.076103881	-0.7663603201	0	0	0	0	0	0	0
8.14	8.095375255	-0.7669399257	0	0	0	0	0	0	0
8.15	8.11526492	-0.7668762743	0	0	0	0	0	0	0
8.16	8.135239003	-0.7657977308	0	0	0	0	0	0	0
8.17	8.154948554	-0.7640443569	0	0	0	0	0	0	0
8.18	8.174274162	-0.7623183347	0	0	0	0	0	0	0
8.19	8.193303972	-0.7613055043	0	0	0	0	0	0	0
8.2	8.21224329	-0.761291344	0	0	0	0	0	0	0
8.21	8.231339543	-0.7621893478	0	0	0	0	0	0	0
8.22	8.250808136	-0.7639341723	0	0	0	0	0	0	0
8.23	8.270775431	-0.7666066585	0	0	0	0	0	0	0
8.24	8.291265012	-0.7702768922	0	0	0	0	0	0	0
8.25	8.312205011	-0.7748536416	0	0	0	0	0	0	0
8.26	8.333446861	-0.7800849012	0	0	0	0	0	0	0
8.27	8.354805447	-0.7856754458	0	0	0	0	0	0	0
8.28	8.376116837	-0.7914123987	0	0	0	0	0	0	0
8.29	8.397299295	-0.7972303097	0	0	0	0	0	0	0
8.3	8.418383816	-0.8031900073	0	0	0	0	0	0	0
8.31	8.439504037	-0.809406463	0	0	0	0	0	0	0
8.32	8.460859023	-0.8159778004	0	0	0	0	0	0	0
8.33	8.48267336	-0.8229492209	0	0	0	0	0	0	0
8.34	8.505172028	-0.830311403	0	0	0	0	0	0	0
8.35	8.528569986	-0.8380103558	0	0	0	0	0	0	0
8.36	8.553070524	-0.8459512909	0	0	0	0	0	0	0
8.37	8.5788623	-0.8539923906	0	0	0	0	0	0	0
8.38	8.606113127	-0.861938136	0	0	0	0	0	0	0
8.39	8.634951756	-0.8695352155	0	0	0	0	0	0	0
8.4	8.665436396	-0.8764776282	0	0	0	0	0	0	0
8.41	8.697510905	-0.8824280335	0	0	0	0	0	0	0
8.42	8.730965498	-0.8870649676	0	0	0	0	0	0	0
8.43	8.765427595	-0.8901506472	0	0	0	0	0	0	0
8.44	8.800389003	-0.891588486	0	0	0	0	0	0	0
8.45	8.835241143	-0.8914421629	0	0	0	0	0	0	0
8.46	8.86930323	-0.8899276896	0	0	0	0	0	0	0
8.47	8.901855594	-0.8873974354	0	0	0	0	0	0	0
8.48	8.93220336	-0.8843116498	0	0	0	0	0	0	0
8.49	8.959731651	-0.8811880254	0	0	0	0	0	0	0
8.5	8.983945097	-0.8785412613	0	0	0	0	0	0	0
8.51	9.004497499	-0.8768225369	0	0	0	0	0	0	0
8.52	9.021217065	-0.8763661403	0	0	0	0	0	0	0
8.53	9.034115965	-0.877357309	0	0	0	0	0	0	0
8.54	9.043384507	-0.8798300203	0	0	0	0	0	0	0
8.55	9.049370168	-0.883693657	0	0	0	0	0	0	0
8.56	9.05253952	-0.8887774064	0	0	0	0	0	0	0
8.57	9.053420659	-0.8948447137	0	0	0	0	0	0	0
8.58	9.052616597	-0.9016396067	0	0	0	0	0	0	0
8.59	9.050603787	-0.9090237349	0	0	0	0	0	0	0
8.6	9.047656665	-0.9169468977	0	0	0	0	0	0	0
8.61	9.044072564	-0.9253779826	0	0	0	0	0	0	0
8.62	9.040269016	-0.9343095111	0	0	0	0	0	0	0
8.63	9.03671555	-0.9437790627	0	0	0	0	0	0	0
8.64	9.034013697	-0.9538681437	0	281.2211198	351.5572445	0	0	0	0
8.65	9.033973702	-0.9638198083	0	21.19292818	995.8022433	0	0	0	0
8.66	9.033974495	-0.9726732649	0	-17.10563112	1039.64	0	0	0	0
8.67	9.033980803	-0.9808268582	0	-8.731548308	1163.175433	0	0	0	0
8.68	9.033977937	-0.9882971002	0	28.95856959	1316.017388	0	0	0	0
8.69	9.033958279	-0.9947700162	0	205.8038168	1436.049821	0	0	0	0
8.7	9.033902994	-0.9998529381	0	292.7580717	1518.034232	0	0	0	0
8.71	9.033791813	-1.003013645	0	462.729929	1447.345702	0	0	0	0
8.72	9.033637599	-1.003790069	0	491.8740926	1252.049985	0	0	0	0
8.73	9.033450994	-1.00240449	0	453.3877754	988.2074687	0	0	0	0
8.74	9.033240393	-0.9993749481	0	337.3605232	701.0404235	0	0	0	0
8.75	9.03303609	-0.9952085282	0	182.0972066	421.3829907	0	0	0	0
8.76	9.032875671	-0.9903291403	0	50.52756274	173.5334334	0	0	0	0
8.77	9.032809594	-0.9851000162	0	0	0	0	0	0	0
8.78	9.032883637	-0.9797198927	0	0	0	0	0	0	0
8.79	9.033120889	-0.9741908858	0	0	0	0	0	0	0
8.8	9.03352963	-0.9686185427	0	0	0	0	0	0	0
8.81	9.03409151	-0.9630931612	0	0	0	0	0	0	0
8.82	9.034784023	-0.957635097	0	0	0	0	0	0	0
8.83	9.035595612	-0.9522285568	0	0	0	0	0	0	0
8.84	9.036524812	-0.9468571071	0	0	0	0	0	0	0
8.85	9.037575556	-0.9415121732	0	0	0	0	0	0	0
8.86	9.038756019	-0.9361872113	0	0	0	0	0	0	0
8.87	9.040079635	-0.9308705075	0	0	0	0	0	0	0
8.88	9.041565097	-0.9255413167	0	0	0	0	0	0	0
8.89	9.043233856	-0.9201713762	0	0	0	0	0	0	0
8.9	9.045105855	-0.9147310197	0	0	0	0	0	0	0
8.91	9.047195045	-0.9091966056	0	0	0	0	0	0	0
8.92	9.049506476	-0.9035554584	0	0	0	0	0	0	0
8.93	9.05203591	-0.897806711	0	0	0	0	0	0	0
8.94	9.054771188	-0.891960321	0	0	0	0	0	0	0
8.95	9.057693918	-0.8860364515	0	0	0	0	0	0	0
8.96	9.060780312	-0.8800661055	0	0	0	0	0	0	0
8.97	9.064001295	-0.8740919275	0	0	0	0	0	0	0
8.98	9.067323051	-0.8681675045	0	0	0	0	0	0	0
8.99	9.070709523	-0.8623536693	0	0	0	0	0	0	0
9	9.074127108	-0.8567118633	0	0	0	0	0	0	0
9.01	9.077550922	-0.851295581	0	0	0	0	0	0	0
9.02	9.080971539	-0.8461411274	0	0	0	0	0	0	0
9.03	9.084399784	-0.8412605082	0	0	0	0	0	0	0
9.04	9.087866459	-0.836639384	0	0	0	0	0	0	0
9.05	9.091415526	-0.8322402508	0	0	0	0	0	0	0
9.06	9.09509332	-0.8280081231	0	0	0	0	0	0	0
9.07	9.098937206	-0.8238769689	0	0	0	0	0	0	0
9.08	9.102965483	-0.8197773246	0	0	0	0	0	0	0
9.09	9.107169659	-0.815645106	0	0	0	0	0	0	0
9.1	9.111509854	-0.8114309495	0	0	0	0	0	0	0
9.11	9.115913828	-0.8071092294	0	0	0	0	0	0	0
9.12	9.120280822	-0.8026859492	0	0	0	0	0	0	0
9.13	9.124492142	-0.7982046238	0	0	0	0	0	0	0
9.14	9.128432141	-0.7937506182	0	0	0	0	0	0	0
9.15	9.132046142	-0.7894811354	0	0	0	0	0	0	0
9.16	9.135876755	-0.7860823994	0	0	0	0	0	0	0
9.17	9.140506024	-0.783888848	0	0	0	0	0	0	0
9.18	9.145690262	-0.7824587964	0	0	0	0	0	0	0
9.19	9.151144995	-0.7815060372	0	0	0	0	0	0	0
9.2	9.156648988	-0.7808439557	0	0	0	0	0	0	0
9.21	9.162059064	-0.7802976475	0	0	0	0	0	0	0
9.22	9.167326735	-0.7797247558	0	0	0	0	0	0	0
9.23	9.172470992	-0.7790362559	0	0	0	0	0	0	0
9.24	9.177635428	-0.7781546409	0	0	0	0	0	0	0
9.25	9.183096641	-0.7773447182	0	0	0	0	0	0	0
9.26	9.189456505	-0.7766021127	0	0	0	0	0	0	0
9.27	9.197275792	-0.7749421509	0	0	0	0	0	0	0
9.28	9.206867558	-0.7723744242	0	0	0	0	0	0	0
9.29	9.218624966	-0.7694806834	0	0	0	0	0	0	0
9.3	9.232954806	-0.7670690365	0	0	0	0	0	0	0
9.31	9.24956125	-0.7661333856	0	0	0	0	0	0	0
9.32	9.267887691	-0.766476879	0	0	0	0	0	0	0
9.33	9.287324082	-0.7669994234	0	0	0	0	0	0	0
9.34	9.30726675	-0.7667444531	0	0	0	0	0	0	0
9.35	9.327209812	-0.7654930987	0	0	0	0	0	0	0
9.36	9.346847831	-0.7636860575	0	0	0	0	0	0	0
9.37	9.366104251	-0.7620507917	0	0	0	0	0	0	0
9.38	9.385098473	-0.7612239777	0	0	0	0	0	0	0
9.39	9.404048443	-0.7613959228	0	0	0	0	0	0	0
9.4	9.423201521	-0.7624563596	0	0	0	0	0	0	0
9.41	9.442759018	-0.7643704468	0	0	0	0	0	0	0
9.42	9.462827556	-0.767232675	0	0	0	0	0	0	0
9.43	9.483411576	-0.7710898464	0	0	0	0	0	0	0
9.44	9.5044226	-0.7758151329	0	0	0	0	0	0	0
9.45	9.525700859	-0.7811369603	0	0	0	0	0	0	0
9.46	9.547060738	-0.786767792	0	0	0	0	0	0	0
9.47	9.568349848	-0.7925206311	0	0	0	0	0	0	0
9.48	9.589506952	-0.7983581005	0	0	0	0	0	0	0
9.49	9.610584631	-0.8043576941	0	0	0	0	0	0	0
9.5	9.631732343	-0.8106358055	0	0	0	0	0	0	0
9.51	9.653156852	-0.8172819629	0	0	0	0	0	0	0
9.52	9.675084435	-0.8243304617	0	0	0	0	0	0	0
9.53	9.697738227	-0.8317624267	0	0	0	0	0	0	0
9.54	9.721331173	-0.8395162572	0	0	0	0	0	0	0
9.55	9.74606402	-0.847488771	0	0	0	0	0	0	0
9.56	9.772122276	-0.8555284044	0	0	0	0	0	0	0
9.57	9.799667935	-0.8634286084	0	0	0	0	0	0	0
9.58	9.8288192	-0.8709253007	0	0	0	0	0	0	0
9.59	9.859616029	-0.8777041695	0	0	0	0	0	0	0
9.6	9.891975316	-0.8834263686	0	0	0	0	0	0	0
9.61	9.925655371	-0.8877809213	0	0	0	0	0	0	0
9.62	9.960254961	-0.890553767	0	0	0	0	0	0	0
9.63	9.995244691	-0.8916786811	0	0	0	0	0	0	0
9.64	10.03000094	-0.8912494717	0	0	0	0	0	0	0
9.65	10.06383008	-0.8895094063	0	0	0	0	0	0	0
9.66	10.09601178	-0.8868347918	0	0	0	0	0	0	0
9.67	10.12586437	-0.8837011025	0	0	0	0	0	0	0
9.68	10.15279305	-0.8806300025	0	0	0	0	0	0	0
9.69	10.17632805	-0.8781287541	0	0	0	0	0	0	0
9.7	10.19615508	-0.8766298781	0	0	0	0	0	0	0
9.71	10.21213779	-0.8764406209	0	0	0	0	0	0	0
9.72	10.22432314	-0.8777165797	0	0	0	0	0	0	0
9.73	10.23293342	-0.8804651293	0	0	0	0	0	0	0
9.74	10.23834248	-0.8845767692	0	0	0	0	0	0	0
9.75	10.24103227	-0.8898691701	0	0	0	0	0	0	0
9.76	10.24154371	-0.8960929525	0	0	0	0	0	0	0
9.77	10.24048008	-0.9030070573	0	0	0	0	0	0	0
9.78	10.23826958	-0.9104970887	0	0	0	0	0	0	0
9.79	10.23517353	-0.9185194402	0	0	0	0	0	0	0
9.8	10.23151154	-0.9270456101	0	0	0	0	0	0	0
9.81	10.22771918	-0.93607558	0	0	0	0	0	0	0
9.82	10.22426369	-0.9456561907	0	0	0	0	0	0	0
9.83	10.22215221	-0.9558627599	0	57.46548364	662.077459	0	0	0	0
9.84	10.22213405	-0.9655796701	0	9.994283639	995.6889175	0	0	0	0
9.85	10.22213745	-0.9742795942	0	-18.97538121	1058.593378	0	0	0	0
9.86	10.22214278	-0.9823130519	0	-2.883541807	1191.627851	0	0	0	0
9.87	10.22213755	-0.9896265001	0	37.07887351	1344.845719	0	0	0	0
9.88	10.22210948	-0.9958467796	0	164.5430309	1460.326403	0	0	0	0
9.89	10.22204786	-1.000630975	0	337.372355	1516.479916	0	0	0	0
9.9	10.22192658	-1.003347115	0	476.6753814	1417.973993	0	0	0	0
9.91	10.22176607	-1.003678174	0	489.2643008	1205.293365	0	0	0	0
9.92	10.2215735	-1.001936122	0	437.1942315	934.0669634	0	0	0	0
9.93	10.22136136	-0.9986528102	0	308.6320136	646.2187093	0	0	0	0
9.94	10.22116239	-0.9943196224	0	153.4322762	370.9272242	0	0	0	0
9.95	10.22101535	-0.9893469666	0	32.68918603	131.4114641	0	0	0	0
9.96	10.22097399	-0.984084968	0	0	0	0	0	0	0
9.97	10.22107719	-0.9786730523	0	0	0	0	0	0	0
9.98	10.22134755	-0.9731263294	0	0	0	0	0	0	0
9.99	10.22178742	-0.9675583379	0	0	0	0	0	0	0
10	10.22237571	-0.9620462057	0	0	0	0	0	0	0
