0	0	0.05	0	0	0	0	0	0	-8.608893425
0.01	0.01856542806	0.04937822869	0	0	0	0	0	0	-66.60845637
0.02	0.03813637855	0.04776031448	0	0	0	0	0	0	-80.71982381
0.03	0.05946685374	0.04514710374	0	0	0	0	0	0	-62.92904094
0.04	0.08195547968	0.04150661075	0	0	0	0	0	0	-34.44650609
0.05	0.1047323728	0.03678920288	0	0	0	0	0	0	-6.490016432
0.06	0.1270712464	0.03096454268	0	0	0	0	0	0	16.38932917
0.07	0.1484830581	0.02403110664	0	0	0	0	0	0	32.62188446
0.08	0.1687616622	0.01601057301	0	0	0	0	0	0	43.04582061
0.09	0.1879737229	0.006941809743	0	0	0	0	0	0	50.49499542
0.1	0.2063754306	-0.00312577842	0	0	0	0	0	0	58.54315326
0.11	0.2242930986	-0.0141394282	0	0	0	0	0	0	69.96741476
0.12	0.2420147835	-0.02604869179	0	0	0	0	0	0	85.62765543
0.13	0.2597219617	-0.03880936513	0	0	0	0	0	0	104.1144704
0.14	0.2774718606	-0.05238692735	0	0	0	0	0	0	122.2029569
0.15	0.2952242368	-0.06676028476	0	0	0	0	0	0	135.8631122
0.16	0.3128005181	-0.08174345663	0	0	0	0	0	0	139.8439718
0.17	0.3299334998	-0.09558908596	0	0	0	0	0	0	140.0757851
0.18	0.3469271096	-0.107491634	0	0	0	0	0	0	129.2964736
0.19	0.3630071886	-0.1156948223	0	0	0	0	0	0	83.63472961
0.2	0.3778933396	-0.1195714916	0	0	0	0	0	0	40.75093518
0.21	0.3918739651	-0.1194310383	0	0	0	0	0	0	10.00987049
0.22	0.4051535895	-0.1161097021	0	0	0	0	0	0	-16.66279506
0.23	0.417998408	-0.1107133127	0	0	0	0	0	0	-50.1153201
0.24	0.4308116726	-0.1041576425	0	0	0	0	0	0	-85.33740811
0.25	0.4439999175	-0.09698287318	0	0	0	0	0	0	-107.8239499
0.26	0.4577230465	-0.08916727422	0	0	0	0	0	0	-108.9148635
0.27	0.4718962502	-0.08061195321	0	0	0	0	0	0	-92.96343619
0.28	0.4862608952	-0.07136138306	0	0	0	0	0	0	-69.75337548
0.29	0.5005277824	-0.06155072986	0	0	0	0	0	0	-46.57140478
0.3	0.5144799179	-0.05135617734	0	0	0	0	0	0	-26.3135218
0.31	0.5279981469	-0.04098864425	0	0	0	0	0	0	-9.754969524
0.32	0.5410474659	-0.03069897104	0	0	0	0	0	0	2.466809818
0.33	0.5536626223	-0.02076143787	0	0	0	0	0	0	9.820691585
0.34	0.5659332804	-0.01144029378	0	0	0	0	0	0	12.46172557
0.35	0.5779794806	-0.002960349551	0	0	0	0	0	0	11.15050666
0.36	0.5899153744	0.004510037431	0	0	0	0	0	0	6.630306739
0.37	0.6018424162	0.01091777753	0	0	0	0	0	0	0.06183952925
0.38	0.6138895035	0.01626058301	0	0	0	0	0	0	-7.610291319
0.39	0.6261777639	0.02053907046	0	0	0	0	0	0	-15.91533492
0.4	0.6387764166	0.0237677259	0	0	0	0	0	0	-24.6860686
0.41	0.651700304	0.02601406554	0	0	0	0	0	0	-34.39331068
0.42	0.664879942	0.02737072041	0	0	0	0	0	0	-45.53376271
0.43	0.6782585373	0.02794193536	0	0	0	0	0	0	-57.21219297
0.44	0.6918241213	0.0278297537	0	0	0	0	0	0	-68.1274415
0.45	0.7055879665	0.02711994402	0	0	0	0	0	0	-76.87259739
0.46	0.719561977	0.0258720769	0	0	0	0	0	0	-82.12793724
0.47	0.7337453738	0.02411313909	0	0	0	0	0	0	-82.89613047
0.48	0.7481187406	0.02183404108	0	0	0	0	0	0	-78.70049454
0.49	0.7626420648	0.01898928714	0	0	0	0	0	0	-69.68381019
0.5	0.7772549373	0.0155004649	0	0	0	0	0	0	-56.60446858
0.51	0.7918793409	0.01126403471	0	0	0	0	0	0	-40.73645188
0.52	0.8064257266	0.006163012902	0	0	0	0	0	0	-23.69210649
0.53	0.8208009021	8.427642306e-005	0	0	0	0	0	0	-7.234054057
0.54	0.8349063405	-0.007048449766	0	0	0	0	0	0	7.011481455
0.55	0.848711944	-0.01526922177	0	0	0	0	0	0	19.2208306
0.56	0.8622904057	-0.02459137862	0	0	0	0	0	0	29.30774089
0.57	0.8757036443	-0.03501396996	0	0	0	0	0	0	36.17316
0.58	0.8889462626	-0.0465247579	0	0	0	0	0	0	38.39065665
0.59	0.9019543436	-0.05909928832	0	0	0	0	0	0	34.62711044
0.6	0.9146229769	-0.07267471451	0	0	0	0	0	0	18.69694419
0.61	0.92656468	-0.08612574016	0	0	0	0	0	0	-32.30850193
0.62	0.9382951106	-0.09847218738	0	0	0	0	0	0	-60.70104338
0.63	0.9500071756	-0.1094420443	0	0	0	0	0	0	-75.85364752
0.64	0.9612039287	-0.1179543663	0	0	0	0	0	0	-70.80488685
0.65	0.9711319137	-0.1228713203	0	0	0	0	0	0	-76.41678461
0.66	0.9798130668	-0.1242466704	0	0	0	0	0	0	-91.86174123
0.67	0.9877760809	-0.1224822856	0	0	0	0	0	0	-108.400059
0.68	0.9956300478	-0.1182790297	0	0	0	0	0	0	-120.3800129
0.69	1.003856947	-0.112492922	0	0	0	0	0	0	-126.0332255
0.7	1.012764284	-0.1059435748	0	0	0	0	0	0	-124.8508102
0.71	1.022462919	-0.09925786107	0	0	0	0	0	0	-117.8287521
0.72	1.032857959	-0.09260639288	0	0	0	0	0	0	-108.7775851
0.73	1.043769254	-0.0859024552	0	0	0	0	0	0	-96.79548012
0.74	1.054966707	-0.0790843355	0	0	0	0	0	0	-82.83966699
0.75	1.06623058	-0.072126544	0	0	0	0	0	0	-68.79145372
0.76	1.07742937	-0.06503086303	0	0	0	0	0	0	-55.84901128
0.77	1.088537358	-0.05782289044	0	0	0	0	0	0	-44.27980202
0.78	1.099603156	-0.05055136343	0	0	0	0	0	0	-33.77172883
0.79	1.110705433	-0.04328335813	0	0	0	0	0	0	-23.80728436
0.8	1.121916625	-0.03609673533	0	0	0	0	0	0	-13.94108657
0.81	1.133276683	-0.02907362422	0	0	0	0	0	0	-3.972555031
0.82	1.144779866	-0.02229967104	0	0	0	0	0	0	6.049079236
0.83	1.156376146	-0.01586444134	0	0	0	0	0	0	15.95190707
0.84	1.167986063	-0.009860728882	0	0	0	0	0	0	25.59296722
0.85	1.1795235	-0.004378873181	0	0	0	0	0	0	34.93478167
0.86	1.190918027	0.0005014325106	0	0	0	0	0	0	44.05702909
0.87	1.202130917	0.004719667106	0	0	0	0	0	0	53.11991548
0.88	1.213163093	0.008241681636	0	0	0	0	0	0	62.3187187
0.89	1.224054036	0.01106374881	0	0	0	0	0	0	71.8167415
0.9	1.234872435	0.01321203141	0	0	0	0	0	0	81.65520922
0.91	1.245701441	0.01473736592	0	0	0	0	0	0	91.67491003
0.92	1.256622941	0.01570639409	0	0	0	0	0	0	101.4812485
0.93	1.267703597	0.01618981476	0	0	0	0	0	0	110.4632482
0.94	1.278985063	0.0162493653	0	0	0	0	0	0	117.8499133
0.95	1.290479518	0.0159257775	0	0	0	0	0	0	122.7999936
0.96	1.302169796	0.01522903547	0	0	0	0	0	0	124.5076479
0.97	1.314013266	0.01413306231	0	0	0	0	0	0	122.3062269
0.98	1.32594769	0.01257527296	0	0	0	0	0	0	115.7568086
0.99	1.33789859	0.01046166085	0	0	0	0	0	0	104.711015
1	1.349786979	0.00767606457	0	0	0	0	0	0	89.34672203
1.01	1.361537511	0.004092876594	0	0	0	0	0	0	70.20785209
1.02	1.373082477	-0.000403656249	0	0	0	0	0	0	47.72718236
1.03	1.384362119	-0.0058971128	0	0	0	0	0	0	20.66579628
1.04	1.39538463	-0.0124535395	0	0	0	0	0	0	-8.777585134
1.05	1.406246475	-0.02011843204	0	0	0	0	0	0	-35.02081411
1.06	1.417064525	-0.02891680667	0	0	0	0	0	0	-52.04114281
1.07	1.427869247	-0.0388556143	0	0	0	0	0	0	-57.34006344
1.08	1.438583554	-0.04992284815	0	0	0	0	0	0	-51.12188714
1.09	1.449065287	-0.06208653748	0	0	0	0	0	0	-34.95283995
1.1	1.459093975	-0.07516166276	0	0	0	0	0	0	-14.18718257
1.11	1.468308381	-0.08779721574	0	0	0	0	0	0	15.37166681
1.12	1.477568027	-0.09947883811	0	0	0	0	0	0	57.2377957
1.13	1.486962715	-0.109764139	0	0	0	0	0	0	94.26826031
1.14	1.495670267	-0.1171279544	0	0	0	0	0	0	108.1887001
1.15	1.503118391	-0.1210923407	0	0	0	0	0	0	101.5509083
1.16	1.509557375	-0.121780836	0	0	0	0	0	0	84.99549971
1.17	1.515560289	-0.1196485494	0	0	0	0	0	0	66.04545704
1.18	1.521672322	-0.1154176632	0	0	0	0	0	0	49.09159837
1.19	1.528310834	-0.1099128751	0	0	0	0	0	0	37.49702442
1.2	1.535748645	-0.1038809471	0	0	0	0	0	0	33.57009764
1.21	1.544075698	-0.09783036846	0	0	0	0	0	0	37.06070799
1.22	1.55320099	-0.09181470006	0	0	0	0	0	0	45.42840365
1.23	1.562948923	-0.08573941646	0	0	0	0	0	0	53.94896453
1.24	1.573086112	-0.07953105167	0	0	0	0	0	0	57.8790051
1.25	1.583401028	-0.07314613	0	0	0	0	0	0	55.07030306
1.26	1.59377211	-0.06657052848	0	0	0	0	0	0	46.2192436
1.27	1.604174711	-0.05981833294	0	0	0	0	0	0	33.61880953
1.28	1.614647948	-0.0529282096	0	0	0	0	0	0	19.90002556
1.29	1.625253684	-0.04595577437	0	0	0	0	0	0	7.350195333
1.3	1.636043054	-0.03896635368	0	0	0	0	0	0	-2.397420854
1.31	1.647032224	-0.03203187418	0	0	0	0	0	0	-8.621043305
1.32	1.658190959	-0.02523270387	0	0	0	0	0	0	-11.6705954
1.33	1.669446385	-0.0186608502	0	0	0	0	0	0	-12.85431072
1.34	1.68069963	-0.01241919307	0	0	0	0	0	0	-14.02968218
1.35	1.691848626	-0.006615239413	0	0	0	0	0	0	-17.08451355
1.36	1.702809942	-0.00135062981	0	0	0	0	0	0	-23.49971921
1.37	1.713534639	0.003290517319	0	0	0	0	0	0	-34.06751614
1.38	1.724016306	0.007252027866	0	0	0	0	0	0	-48.75842049
1.39	1.734289992	0.01051185872	0	0	0	0	0	0	-66.7390188
1.4	1.744422653	0.01308264538	0	0	0	0	0	0	-86.53229964
1.41	1.754497054	0.01500597148	0	0	0	0	0	0	-106.288938
1.42	1.764594835	0.01634226616	0	0	0	0	0	0	-124.0675101
1.43	1.774782039	0.01715787883	0	0	0	0	0	0	-138.0909322
1.44	1.785099118	0.01751082977	0	0	0	0	0	0	-146.9705403
1.45	1.795556883	0.01743819715	0	0	0	0	0	0	-149.8388649
1.46	1.80613739	0.01694672188	0	0	0	0	0	0	-146.400659
1.47	1.81679855	0.01600834002	0	0	0	0	0	0	-136.9073846
1.48	1.827480838	0.014561005	0	0	0	0	0	0	-122.0763718
1.49	1.838115225	0.01251473735	0	0	0	0	0	0	-102.9691942
1.5	1.848631548	0.009762090156	0	0	0	0	0	0	-45.28950167
1.51	1.859436944	0.006479083697	0	0	0	0	0	0	-11.10292197
1.52	1.869059863	0.002552327237	0	0	0	0	0	0	-11.57320722
1.53	1.877451749	-0.002046236412	0	0	0	0	0	0	-20.64559989
1.54	1.885353818	-0.007365108307	0	0	0	0	0	0	-25.28989573
1.55	1.893347308	-0.01348295473	0	0	0	0	0	0	-21.53742185
1.56	1.90177788	-0.02049258922	0	0	0	0	0	0	-7.960617431
1.57	1.910771746	-0.02850191037	0	0	0	0	0	0	14.26225184
1.58	1.920285385	-0.03765825638	0	0	0	0	0	0	40.35805879
1.59	1.930104473	-0.04801349512	0	0	0	0	0	0	62.81350635
1.6	1.939883201	-0.05954102259	0	0	0	0	0	0	75.90651996
1.61	1.949257461	-0.07213162074	0	0	0	0	0	0	71.81003599
1.62	1.957750007	-0.084562781	0	0	0	0	0	0	18.0690145
1.63	1.965856513	-0.09611310869	0	0	0	0	0	0	-40.66328408
1.64	1.973971566	-0.10673029	0	0	0	0	0	0	-83.77851045
1.65	1.981868926	-0.1153244315	0	0	0	0	0	0	-96.47353805
1.66	1.988967887	-0.1206552597	0	0	0	0	0	0	-115.4971513
1.67	1.995220491	-0.1225578197	0	0	0	0	0	0	-146.0965983
1.68	2.000885847	-0.1212758888	0	0	0	0	0	0	-179.6738639
1.69	2.006346347	-0.1174185999	0	0	0	0	0	0	-207.9346073
1.7	2.012047774	-0.1118664968	0	0	0	0	0	0	-227.2418432
1.71	2.018477044	-0.1055963784	0	0	0	0	0	0	-235.6756458
1.72	2.026095036	-0.09942105585	0	0	0	0	0	0	-231.9150544
1.73	2.035219135	-0.09365175336	0	0	0	0	0	0	-213.910714
1.74	2.045925515	-0.08835412815	0	0	0	0	0	0	-179.2292557
1.75	2.057959228	-0.08345569088	0	0	0	0	0	0	-132.6399538
1.76	2.070828722	-0.0787922977	0	0	0	0	0	0	-82.02430693
1.77	2.083964152	-0.07419054554	0	0	0	0	0	0	-33.96968008
1.78	2.096846918	-0.06953569039	0	0	0	0	0	0	7.665431921
1.79	2.10910333	-0.064799091	0	0	0	0	0	0	41.44121798
1.8	2.12055224	-0.06002517235	0	0	0	0	0	0	67.56862014
1.81	2.131199206	-0.05529637716	0	0	0	0	0	0	87.15098034
1.82	2.141186149	-0.05069633581	0	0	0	0	0	0	101.5314875
1.83	2.150719244	-0.04628353863	0	0	0	0	0	0	111.8132402
1.84	2.160000774	-0.04207946845	0	0	0	0	0	0	118.5854706
1.85	2.169182164	-0.0380693816	0	0	0	0	0	0	121.8313253
1.86	2.178343381	-0.0342119349	0	0	0	0	0	0	120.9961623
1.87	2.187497221	-0.03045402904	0	0	0	0	0	0	115.2187713
1.88	2.196611209	-0.02674729049	0	0	0	0	0	0	103.6993337
1.89	2.205635765	-0.0230633606	0	0	0	0	0	0	86.12955696
1.9	2.21452756	-0.01940684816	0	0	0	0	0	0	63.09594233
1.91	2.223260226	-0.01582550607	0	0	0	0	0	0	36.34690821
1.92	2.231821623	-0.01241510935	0	0	0	0	0	0	8.71100919
1.93	2.240207734	-0.009307365067	0	0	0	0	0	0	-16.72462419
1.94	2.248449633	-0.006627238263	0	0	0	0	0	0	-37.79155549
1.95	2.256701411	-0.004444072251	0	0	0	0	0	0	-53.13520326
1.96	2.265288012	-0.002774585952	0	0	0	0	0	0	-61.51562254
1.97	2.274566174	-0.001614433135	0	0	0	0	0	0	-63.0010431
1.98	2.284758998	-0.0009392020459	0	0	0	0	0	0	-58.99880516
1.99	2.295957762	-0.00071070794	0	0	0	0	0	0	-50.66673548
2	2.308153997	-0.000903923558	0	0	0	0	0	0	-39.43362175
2.01	2.321218749	-0.001521906063	0	0	0	0	0	0	-27.40869341
2.02	2.334922374	-0.002604050098	0	0	0	0	0	0	-16.36870703
2.03	2.348990389	-0.004232030215	0	0	0	0	0	0	-7.261688494
2.04	2.36314752	-0.006522842317	0	0	0	0	0	0	-0.3465947389
2.05	2.377148006	-0.009609851806	0	0	0	0	0	0	4.575330993
2.06	2.390799318	-0.01361446136	0	0	0	0	0	0	7.991520536
2.07	2.403968847	-0.01859043601	0	0	0	0	0	0	7.274545879
2.08	2.416637576	-0.02454453094	0	0	0	0	0	0	2.03360036
2.09	2.428927745	-0.03148883023	0	0	0	0	0	0	-3.483336341
2.1	2.441003145	-0.03943936598	0	0	0	0	0	0	-5.805277749
2.11	2.452996082	-0.04840778012	0	0	0	0	0	0	-3.409878422
2.12	2.464970838	-0.05839684192	0	0	0	0	0	0	3.754723827
2.13	2.476903638	-0.06934172123	0	0	0	0	0	0	13.57664276
2.14	2.488727882	-0.08031111092	0	0	0	0	0	0	30.18278517
2.15	2.500348895	-0.09065297172	0	0	0	0	0	0	40.48440739
2.16	2.511582854	-0.1002028114	0	0	0	0	0	0	45.37403329
2.17	2.52237442	-0.1087411401	0	0	0	0	0	0	49.19403345
2.18	2.532770209	-0.1159438321	0	0	0	0	0	0	52.50474836
2.19	2.542562117	-0.1207716112	0	0	0	0	0	0	39.53656968
2.2	2.551597474	-0.1229179567	0	0	0	0	0	0	19.37112928
2.21	2.560085909	-0.1226258954	0	0	0	0	0	0	-0.4614594875
2.22	2.568355529	-0.120352595	0	0	0	0	0	0	-17.00567206
2.23	2.576694317	-0.1166549657	0	0	0	0	0	0	-28.59970389
2.24	2.585280797	-0.1120872682	0	0	0	0	0	0	-33.70019984
2.25	2.594162533	-0.1071324273	0	0	0	0	0	0	-32.42044486
2.26	2.603263884	-0.1021581934	0	0	0	0	0	0	-27.4330916
2.27	2.612438067	-0.09728089304	0	0	0	0	0	0	-19.22924976
2.28	2.621581566	-0.09246368262	0	0	0	0	0	0	-8.203186216
2.29	2.630595505	-0.08768783008	0	0	0	0	0	0	0.4033551004
2.3	2.639387228	-0.0829527047	0	0	0	0	0	0	3.553639939
2.31	2.64792714	-0.07826647842	0	0	0	0	0	0	1.978830108
2.32	2.656261754	-0.07364390716	0	0	0	0	0	0	-2.263282813
2.33	2.664482741	-0.06910645906	0	0	0	0	0	0	-7.518176194
2.34	2.672691112	-0.0646782158	0	0	0	0	0	0	-12.60445083
2.35	2.680974724	-0.06037733467	0	0	0	0	0	0	-16.45917861
2.36	2.68939594	-0.05620784379	0	0	0	0	0	0	-18.17329696
2.37	2.697982491	-0.05215621603	0	0	0	0	0	0	-17.30704619
2.38	2.706725535	-0.04819521122	0	0	0	0	0	0	-14.06202353
2.39	2.715588406	-0.04429269435	0	0	0	0	0	0	-9.133059547
2.4	2.724523942	-0.04042130411	0	0	0	0	0	0	-3.341795737
2.41	2.733492662	-0.03656512846	0	0	0	0	0	0	2.719313354
2.42	2.742474512	-0.03272284209	0	0	0	0	0	0	8.845271334
2.43	2.751470911	-0.02890850027	0	0	0	0	0	0	15.117346
2.44	2.760499147	-0.02515143945	0	0	0	0	0	0	21.62578851
2.45	2.769583824	-0.02149558107	0	0	0	0	0	0	28.1783496
2.46	2.778749498	-0.01799704765	0	0	0	0	0	0	34.13204564
2.47	2.788017162	-0.0147194501	0	0	0	0	0	0	38.41427451
2.48	2.797405381	-0.01172728036	0	0	0	0	0	0	39.72235178
2.49	2.806935481	-0.009077894735	0	0	0	0	0	0	36.88295734
2.5	2.816639295	-0.006813781524	0	0	0	0	0	0	29.29213899
2.51	2.826564911	-0.004956214266	0	0	0	0	0	0	17.21636244
2.52	2.836775813	-0.003504773369	0	0	0	0	0	0	1.713957159
2.53	2.847340624	-0.002439486191	0	0	0	0	0	0	-15.69978872
2.54	2.858320643	-0.001727010609	0	0	0	0	0	0	-33.3339262
2.55	2.86975976	-0.001330023156	0	0	0	0	0	0	-49.49001947
2.56	2.881676324	-0.001219149323	0	0	0	0	0	0	-62.67034702
2.57	2.894056652	-0.001385366272	0	0	0	0	0	0	-71.78913063
2.58	2.906852851	-0.001850682738	0	0	0	0	0	0	-76.28070581
2.59	2.919984459	-0.002674615615	0	0	0	0	0	0	-76.1308021
2.6	2.933341933	-0.003954479118	0	0	0	0	0	0	-71.87073007
2.61	2.946793003	-0.00581788367	0	0	0	0	0	0	-64.49841942
2.62	2.960192397	-0.008406106639	0	0	0	0	0	0	-55.32389891
2.63	2.973389415	-0.01183517498	0	0	0	0	0	0	-45.88849331
2.64	2.986241614	-0.0161413548	0	0	0	0	0	0	-36.45625533
2.65	2.998725738	-0.02134549139	0	0	0	0	0	0	-26.6039571
2.66	3.010916553	-0.02747479273	0	0	0	0	0	0	-16.6447427
2.67	3.02290706	-0.03455826673	0	0	0	0	0	0	-6.751609154
2.68	3.034763322	-0.04262360251	0	0	0	0	0	0	2.846190123
2.69	3.046505585	-0.05169213518	0	0	0	0	0	0	11.35584011
2.7	3.058113419	-0.06177481308	0	0	0	0	0	0	17.46781533
2.71	3.069484633	-0.07271462051	0	0	0	0	0	0	10.01685331
2.72	3.080524219	-0.08336357728	0	0	0	0	0	0	-9.843810157
2.73	3.091483514	-0.09337023525	0	0	0	0	0	0	-21.78848855
2.74	3.102273688	-0.1026092368	0	0	0	0	0	0	-29.10097761
2.75	3.112834383	-0.1108429895	0	0	0	0	0	0	-37.31664649
2.76	3.123076129	-0.1174544219	0	0	0	0	0	0	-30.60156737
2.77	3.132604911	-0.1214061635	0	0	0	0	0	0	-24.13251134
2.78	3.141343342	-0.1226696177	0	0	0	0	0	0	-27.39040837
2.79	3.149527024	-0.1215731483	0	0	0	0	0	0	-34.84337275
2.8	3.157490747	-0.1186365961	0	0	0	0	0	0	-40.19215672
2.81	3.165535786	-0.1144533303	0	0	0	0	0	0	-40.9699133
2.82	3.173864991	-0.1095903895	0	0	0	0	0	0	-37.54847096
2.83	3.182551502	-0.1045230426	0	0	0	0	0	0	-31.17283021
2.84	3.191536929	-0.09957259321	0	0	0	0	0	0	-24.9287881
2.85	3.200697989	-0.09477948983	0	0	0	0	0	0	-21.30477823
2.86	3.209925156	-0.09010556104	0	0	0	0	0	0	-17.65939501
2.87	3.219080281	-0.08552881689	0	0	0	0	0	0	-13.35422708
2.88	3.228039726	-0.08103824264	0	0	0	0	0	0	-9.624853946
2.89	3.236752129	-0.07662977017	0	0	0	0	0	0	-7.350998939
2.9	3.245241485	-0.07230787024	0	0	0	0	0	0	-6.330475422
2.91	3.253577312	-0.06808617549	0	0	0	0	0	0	-5.827006987
2.92	3.261845773	-0.06398229402	0	0	0	0	0	0	-5.150492094
2.93	3.270129931	-0.06000839521	0	0	0	0	0	0	-3.890314072
2.94	3.278494586	-0.05616286406	0	0	0	0	0	0	-1.997679642
2.95	3.286972916	-0.05242719133	0	0	0	0	0	0	0.1794344792
2.96	3.295562239	-0.04876986339	0	0	0	0	0	0	1.990823779
2.97	3.304232184	-0.04515460906	0	0	0	0	0	0	2.701364692
2.98	3.312941835	-0.04154925622	0	0	0	0	0	0	1.716516671
2.99	3.321657373	-0.03793193071	0	0	0	0	0	0	-1.294610727
3	3.330363567	-0.03429454188	0	0	0	0	0	0	-6.381182025
3.01	3.339066315	-0.03064441283	0	0	0	0	0	0	-13.33912414
3.02	3.34778782	-0.02700486711	0	0	0	0	0	0	-21.73702366
3.03	3.356558451	-0.02341477312	0	0	0	0	0	0	-30.93065039
3.04	3.36540907	-0.01992679761	0	0	0	0	0	0	-40.09347737
3.05	3.374365908	-0.01660362249	0	0	0	0	0	0	-48.28960163
3.06	3.383449762	-0.01351212351	0	0	0	0	0	0	-54.57884263
3.07	3.392680258	-0.01071593262	0	0	0	0	0	0	-58.13796251
3.08	3.402084225	-0.008267153454	0	0	0	0	0	0	-58.36518617
3.09	3.411703728	-0.006199284089	0	0	0	0	0	0	-54.93731009
3.1	3.421597588	-0.004524482797	0	0	0	0	0	0	-47.8354842
3.11	3.431832123	-0.00323392085	0	0	0	0	0	0	-37.36822597
3.12	3.442469152	-0.002303057234	0	0	0	0	0	0	-24.14476662
3.13	3.453556109	-0.001698232689	0	0	0	0	0	0	-8.997213873
3.14	3.465118559	-0.001387129563	0	0	0	0	0	0	7.079532989
3.15	3.47715332	-0.001350291471	0	0	0	0	0	0	23.00676322
3.16	3.489626069	-0.001592417208	0	0	0	0	0	0	37.77452644
3.17	3.502471724	-0.002150147273	0	0	0	0	0	0	50.57096413
3.18	3.515599036	-0.00309701581	0	0	0	0	0	0	60.84886925
3.19	3.528894039	-0.004539740152	0	0	0	0	0	0	68.33381626
3.2	3.542226538	-0.006608573753	0	0	0	0	0	0	72.96701243
3.21	3.555460003	-0.009439907521	0	0	0	0	0	0	75.00215729
3.22	3.568454989	-0.01312964853	0	0	0	0	0	0	72.84689244
3.23	3.581098149	-0.01770323615	0	0	0	0	0	0	62.98664426
3.24	3.593398165	-0.0231812025	0	0	0	0	0	0	48.31569513
3.25	3.605437802	-0.02958928772	0	0	0	0	0	0	32.93101635
3.26	3.617303579	-0.0369543338	0	0	0	0	0	0	19.62648837
3.27	3.629048348	-0.04530088313	0	0	0	0	0	0	9.832139361
3.28	3.64067961	-0.05464647321	0	0	0	0	0	0	4.189585739
3.29	3.652168454	-0.06499819334	0	0	0	0	0	0	3.040104255
3.3	3.663346376	-0.07592764977	0	0	0	0	0	0	1.664319658
3.31	3.674284157	-0.08632735836	0	0	0	0	0	0	17.60417663
3.32	3.685115365	-0.0960510777	0	0	0	0	0	0	30.52373254
3.33	3.695745497	-0.1049372079	0	0	0	0	0	0	39.00961621
3.34	3.706148916	-0.112739272	0	0	0	0	0	0	47.96935604
3.35	3.716216756	-0.1187208771	0	0	0	0	0	0	48.16549908
3.36	3.725586004	-0.1220330452	0	0	0	0	0	0	34.9593341
3.37	3.734255739	-0.1227573984	0	0	0	0	0	0	17.69202322
3.38	3.742483429	-0.121272199	0	0	0	0	0	0	0.4063779837
3.39	3.750587405	-0.1181163171	0	0	0	0	0	0	-14.73354207
3.4	3.758828796	-0.1138706827	0	0	0	0	0	0	-25.31393454
3.41	3.767359076	-0.1090676821	0	0	0	0	0	0	-29.39782423
3.42	3.776199339	-0.1041388147	0	0	0	0	0	0	-27.48172826
3.43	3.785250031	-0.0993588988	0	0	0	0	0	0	-22.39709369
3.44	3.79437162	-0.09474260833	0	0	0	0	0	0	-13.48687432
3.45	3.803455443	-0.09024946722	0	0	0	0	0	0	-3.61759097
3.46	3.812382022	-0.08585845894	0	0	0	0	0	0	2.431954045
3.47	3.821061229	-0.08156101134	0	0	0	0	0	0	3.248969331
3.48	3.829477575	-0.07735553437	0	0	0	0	0	0	0.2097960937
3.49	3.837683619	-0.07324748924	0	0	0	0	0	0	-4.858515416
3.5	3.845766387	-0.06924870842	0	0	0	0	0	0	-10.59071725
3.51	3.853817964	-0.0653717539	0	0	0	0	0	0	-15.85726432
3.52	3.861917206	-0.06162128236	0	0	0	0	0	0	-19.58093926
3.53	3.870117277	-0.05798730147	0	0	0	0	0	0	-20.96107788
3.54	3.878437314	-0.05444390646	0	0	0	0	0	0	-19.78130446
3.55	3.886863087	-0.05095427905	0	0	0	0	0	0	-16.45712585
3.56	3.895358447	-0.047479078	0	0	0	0	0	0	-11.78058193
3.57	3.903883343	-0.04398490289	0	0	0	0	0	0	-6.532058367
3.58	3.912410064	-0.04044972345	0	0	0	0	0	0	-1.178632315
3.59	3.920932377	-0.03686568839	0	0	0	0	0	0	4.226781756
3.6	3.929465525	-0.03323997971	0	0	0	0	0	0	9.926571368
3.61	3.938039416	-0.02959485754	0	0	0	0	0	0	16.20886706
3.62	3.946689062	-0.02596671743	0	0	0	0	0	0	23.15185305
3.63	3.955446609	-0.02240497322	0	0	0	0	0	0	30.43920018
3.64	3.964335603	-0.01896890494	0	0	0	0	0	0	37.28040417
3.65	3.973370092	-0.01572364822	0	0	0	0	0	0	42.46645471
3.66	3.982558552	-0.01273465947	0	0	0	0	0	0	44.59843812
3.67	3.991912246	-0.0100605908	0	0	0	0	0	0	42.50490284
3.68	4.00145508	-0.007746132058	0	0	0	0	0	0	35.68501123
3.69	4.011229124	-0.0058170528	0	0	0	0	0	0	24.48918071
3.7	4.021290972	-0.00427882973	0	0	0	0	0	0	9.915250353
3.71	4.031701419	-0.003118380511	0	0	0	0	0	0	-6.699231705
3.72	4.042514559	-0.002308890615	0	0	0	0	0	0	-23.85408029
3.73	4.053769445	-0.001817690116	0	0	0	0	0	0	-40.02551233
3.74	4.065482082	-0.001616637528	0	0	0	0	0	0	-53.86262744
3.75	4.077640041	-0.001693386205	0	0	0	0	0	0	-64.33822971
3.76	4.090201529	-0.002061800528	0	0	0	0	0	0	-70.81383705
3.77	4.103096823	-0.002769253585	0	0	0	0	0	0	-73.08245789
3.78	4.116230787	-0.003898534253	0	0	0	0	0	0	-71.39938198
3.79	4.129487105	-0.005563098414	0	0	0	0	0	0	-66.45371058
3.8	4.142735429	-0.007895300126	0	0	0	0	0	0	-59.26600276
3.81	4.155841362	-0.01102388141	0	0	0	0	0	0	-51.09284704
3.82	4.168664696	-0.01501373339	0	0	0	0	0	0	-42.87080861
3.83	4.181130783	-0.01988410733	0	0	0	0	0	0	-34.06036118
3.84	4.19328254	-0.02565962701	0	0	0	0	0	0	-24.71194173
3.85	4.20520676	-0.03236859704	0	0	0	0	0	0	-15.10776903
3.86	4.216977955	-0.04003947441	0	0	0	0	0	0	-5.42299288
3.87	4.228631053	-0.04869671822	0	0	0	0	0	0	3.773040714
3.88	4.240158402	-0.05835618947	0	0	0	0	0	0	11.33461419
3.89	4.251511608	-0.06899626785	0	0	0	0	0	0	13.68867224
3.9	4.262475363	-0.07972854721	0	0	0	0	0	0	-7.671400317
3.91	4.273320451	-0.08983789584	0	0	0	0	0	0	-22.35400078
3.92	4.284048744	-0.09924303659	0	0	0	0	0	0	-30.6804643
3.93	4.294587914	-0.1077452044	0	0	0	0	0	0	-37.39323467
3.94	4.304919333	-0.1150378099	0	0	0	0	0	0	-40.17984425
3.95	4.314790542	-0.1201046775	0	0	0	0	0	0	-29.23521564
3.96	4.323912632	-0.1224868403	0	0	0	0	0	0	-26.72018209
3.97	4.332393342	-0.1223891686	0	0	0	0	0	0	-31.42827356
3.98	4.340524384	-0.1202540708	0	0	0	0	0	0	-36.67123386
3.99	4.34861195	-0.1166443225	0	0	0	0	0	0	-38.19788556
4	4.356887766	-0.1121327158	0	0	0	0	0	0	-35.47322386
4.01	4.365469174	-0.1072243081	0	0	0	0	0	0	-29.59496869
4.02	4.37434628	-0.1023128154	0	0	0	0	0	0	-22.16946871
4.03	4.383403811	-0.09757711606	0	0	0	0	0	0	-17.42649392
4.04	4.392528205	-0.09298817995	0	0	0	0	0	0	-14.55183693
4.05	4.401609319	-0.08851432534	0	0	0	0	0	0	-11.37233776
4.06	4.410525322	-0.08413945439	0	0	0	0	0	0	-8.174527784
4.07	4.419200815	-0.07985565034	0	0	0	0	0	0	-6.068527589
4.08	4.427636167	-0.07566126115	0	0	0	0	0	0	-5.327268543
4.09	4.435888635	-0.07156240498	0	0	0	0	0	0	-5.386446647
4.1	4.444040464	-0.06757117213	0	0	0	0	0	0	-5.494975871
4.11	4.452175649	-0.0636985998	0	0	0	0	0	0	-5.115800555
4.12	4.460364996	-0.05994605111	0	0	0	0	0	0	-4.041296146
4.13	4.468653627	-0.0562996665	0	0	0	0	0	0	-2.433087385
4.14	4.477053447	-0.0527309442	0	0	0	0	0	0	-0.7922377725
4.15	4.485545977	-0.04920293787	0	0	0	0	0	0	0.1938382743
4.16	4.494095512	-0.04567887398	0	0	0	0	0	0	-0.1269282082
4.17	4.502666808	-0.04212975741	0	0	0	0	0	0	-2.199167484
4.18	4.511239121	-0.03853888853	0	0	0	0	0	0	-6.199124265
4.19	4.51981256	-0.03490419091	0	0	0	0	0	0	-12.05456219
4.2	4.528406002	-0.03123907842	0	0	0	0	0	0	-19.48193496
4.21	4.537049502	-0.02757239083	0	0	0	0	0	0	-28.01341748
4.22	4.545775686	-0.02394754221	0	0	0	0	0	0	-37.00673713
4.23	4.554612764	-0.02042061422	0	0	0	0	0	0	-45.67756713
4.24	4.563580801	-0.01705653368	0	0	0	0	0	0	-53.16307463
4.25	4.572692895	-0.01392357563	0	0	0	0	0	0	-58.60882018
4.26	4.581961345	-0.01108639917	0	0	0	0	0	0	-61.27169934
4.27	4.591407236	-0.008598072094	0	0	0	0	0	0	-60.61067064
4.28	4.601068492	-0.006493435636	0	0	0	0	0	0	-56.34031601
4.29	4.611000199	-0.004786281844	0	0	0	0	0	0	-48.46359137
4.3	4.621265231	-0.003470161967	0	0	0	0	0	0	-37.29362726
4.31	4.631922577	-0.00252220281	0	0	0	0	0	0	-23.43048777
4.32	4.643018225	-0.00190998299	0	0	0	0	0	0	-7.692021374
4.33	4.654577248	-0.00160150651	0	0	0	0	0	0	8.93349079
4.34	4.666596944	-0.001576430412	0	0	0	0	0	0	25.37122926
4.35	4.679044359	-0.001837213792	0	0	0	0	0	0	40.61297132
4.36	4.691857904	-0.002417820747	0	0	0	0	0	0	53.84366279
4.37	4.704949512	-0.003388022623	0	0	0	0	0	0	64.50216828
4.38	4.718208445	-0.004850942265	0	0	0	0	0	0	72.29182967
4.39	4.731507265	-0.006933825061	0	0	0	0	0	0	77.13446954
4.4	4.744711389	-0.009771095604	0	0	0	0	0	0	79.27266958
4.41	4.757682057	-0.01345750022	0	0	0	0	0	0	77.07352615
4.42	4.770305426	-0.01801849979	0	0	0	0	0	0	67.03094887
4.43	4.782588304	-0.02347561284	0	0	0	0	0	0	52.01144047
4.44	4.794610721	-0.02985594987	0	0	0	0	0	0	36.08727511
4.45	4.806456726	-0.03718788573	0	0	0	0	0	0	22.06818864
4.46	4.818177591	-0.04549753791	0	0	0	0	0	0	11.43336403
4.47	4.829780321	-0.05480399989	0	0	0	0	0	0	4.887825814
4.48	4.841236256	-0.0651156479	0	0	0	0	0	0	2.813682063
4.49	4.852369297	-0.07598669009	0	0	0	0	0	0	0.412563374
4.5	4.863263679	-0.08632458861	0	0	0	0	0	0	15.98144996
4.51	4.874068387	-0.09599727713	0	0	0	0	0	0	28.87460013
4.52	4.884693815	-0.1048458448	0	0	0	0	0	0	37.56119164
4.53	4.895111863	-0.1126253101	0	0	0	0	0	0	46.93892452
4.54	4.905210711	-0.1186124387	0	0	0	0	0	0	48.12843496
4.55	4.914615612	-0.121945079	0	0	0	0	0	0	35.7869168
4.56	4.923312037	-0.1226941139	0	0	0	0	0	0	19.27894286
4.57	4.931549529	-0.1212304013	0	0	0	0	0	0	2.539482394
4.58	4.93964293	-0.1180876295	0	0	0	0	0	0	-12.39803925
4.59	4.94785508	-0.1138450186	0	0	0	0	0	0	-23.16727349
4.6	4.956344318	-0.1090366512	0	0	0	0	0	0	-27.77085389
4.61	4.965142319	-0.1040978344	0	0	0	0	0	0	-26.55866976
4.62	4.974161154	-0.09930549377	0	0	0	0	0	0	-22.12415701
4.63	4.983272091	-0.0946747321	0	0	0	0	0	0	-13.59061779
4.64	4.992371223	-0.09016686858	0	0	0	0	0	0	-3.890502091
4.65	5.001337504	-0.08576107954	0	0	0	0	0	0	2.178054906
4.66	5.010075361	-0.08144760391	0	0	0	0	0	0	3.17927779
4.67	5.018561486	-0.07722305411	0	0	0	0	0	0	0.4024184859
4.68	5.026839819	-0.07309124895	0	0	0	0	0	0	-4.44771809
4.69	5.03498984	-0.06906305201	0	0	0	0	0	0	-10.10274605
4.7	5.043098841	-0.06515098005	0	0	0	0	0	0	-15.46809441
4.71	5.051244259	-0.06136057938	0	0	0	0	0	0	-19.44330792
4.72	5.059481223	-0.05768339196	0	0	0	0	0	0	-21.15783516
4.73	5.067832539	-0.05409534466	0	0	0	0	0	0	-20.31127169
4.74	5.076288262	-0.05056136308	0	0	0	0	0	0	-17.23757905
4.75	5.084815732	-0.04704344627	0	0	0	0	0	0	-12.67284951
4.76	5.093376874	-0.0435091752	0	0	0	0	0	0	-7.375924458
4.77	5.101944297	-0.03993723168	0	0	0	0	0	0	-1.822506246
4.78	5.110510573	-0.0363203027	0	0	0	0	0	0	3.898917562
4.79	5.119088857	-0.0326663009	0	0	0	0	0	0	9.977654237
4.8	5.1277066	-0.02899849219	0	0	0	0	0	0	16.63746022
4.81	5.136396829	-0.02535501833	0	0	0	0	0	0	23.88217246
4.82	5.145190082	-0.02178719964	0	0	0	0	0	0	31.31313047
4.83	5.154109435	-0.01835658928	0	0	0	0	0	0	38.05894877
4.84	5.163169733	-0.01513026589	0	0	0	0	0	0	42.85260714
4.85	5.172381869	-0.01217454467	0	0	0	0	0	0	44.29728376
4.86	5.181761326	-0.009547333772	0	0	0	0	0	0	41.3112073
4.87	5.191337586	-0.007290930195	0	0	0	0	0	0	33.55787665
4.88	5.201158245	-0.00542749948	0	0	0	0	0	0	21.56267841
4.89	5.211283682	-0.003958495837	0	0	0	0	0	0	6.451450992
4.9	5.221775131	-0.002866996704	0	0	0	0	0	0	-10.37480858
4.91	5.232684553	-0.002123655772	0	0	0	0	0	0	-27.39953697
4.92	5.244046721	-0.001695084181	0	0	0	0	0	0	-43.10888243
4.93	5.255871612	-0.001554883047	0	0	0	0	0	0	-56.20499953
4.94	5.268139596	-0.001694937288	0	0	0	0	0	0	-65.75181093
4.95	5.280801446	-0.002135458545	0	0	0	0	0	0	-71.2166707
4.96	5.293780512	-0.002931317261	0	0	0	0	0	0	-72.5040293
4.97	5.306975477	-0.004172638116	0	0	0	0	0	0	-69.9793635
4.98	5.320265312	-0.005978315138	0	0	0	0	0	0	-64.42417206
4.99	5.333517297	-0.008482542091	0	0	0	0	0	0	-56.91562991
5	5.346595517	-0.01180648414	0	0	0	0	0	0	-48.76790735
5.01	5.359362802	-0.01599764335	0	0	0	0	0	0	-40.55328418
5.02	5.371773051	-0.02107491232	0	0	0	0	0	0	-31.70678477
5.03	5.383886043	-0.02706393437	0	0	0	0	0	0	-22.41480337
5.04	5.395790001	-0.03399304767	0	0	0	0	0	0	-12.90557076
5.05	5.407552586	-0.04188999948	0	0	0	0	0	0	-3.38632513
5.06	5.419199058	-0.05077746336	0	0	0	0	0	0	5.448704008
5.07	5.430713777	-0.06066878794	0	0	0	0	0	0	12.35856297
5.08	5.442014211	-0.07146507266	0	0	0	0	0	0	8.73814991
5.09	5.452945393	-0.0820694681	0	0	0	0	0	0	-11.80417965
5.1	5.463792917	-0.09203565869	0	0	0	0	0	0	-24.64284852
5.11	5.474496304	-0.1012601042	0	0	0	0	0	0	-32.02517312
5.12	5.484998786	-0.1095238104	0	0	0	0	0	0	-39.04185525
5.13	5.495271859	-0.1164238123	0	0	0	0	0	0	-37.35719111
5.14	5.504987239	-0.1208821432	0	0	0	0	0	0	-27.57768655
5.15	5.513951165	-0.1226746569	0	0	0	0	0	0	-27.0749175
5.16	5.522332546	-0.1220711303	0	0	0	0	0	0	-32.36988079
5.17	5.53043894	-0.1195525973	0	0	0	0	0	0	-36.8662905
5.18	5.538564606	-0.1156926363	0	0	0	0	0	0	-37.26495474
5.19	5.546916843	-0.1110537161	0	0	0	0	0	0	-33.60417063
5.2	5.555582396	-0.1061176824	0	0	0	0	0	0	-27.13166992
5.21	5.564521498	-0.1012440008	0	0	0	0	0	0	-19.9077529
5.22	5.573606423	-0.09654661672	0	0	0	0	0	0	-15.88472616
5.23	5.58272926	-0.09198625642	0	0	0	0	0	0	-13.15257792
5.24	5.591774634	-0.087535175	0	0	0	0	0	0	-10.0396416
5.25	5.600627089	-0.08317988572	0	0	0	0	0	0	-7.197857735
5.26	5.609229629	-0.07891425044	0	0	0	0	0	0	-5.610304561
5.27	5.617600208	-0.07473872703	0	0	0	0	0	0	-5.299653603
5.28	5.62580631	-0.07066150808	0	0	0	0	0	0	-5.591176468
5.29	5.633933806	-0.06669542531	0	0	0	0	0	0	-5.751647884
5.3	5.642065536	-0.062850063	0	0	0	0	0	0	-5.31217292
5.31	5.650267495	-0.05912356092	0	0	0	0	0	0	-4.15004778
5.32	5.658577156	-0.05549827342	0	0	0	0	0	0	-2.51706344
5.33	5.666998015	-0.05194292086	0	0	0	0	0	0	-0.9807492033
5.34	5.675505376	-0.04841970738	0	0	0	0	0	0	-0.2444627577
5.35	5.684061425	-0.04489305712	0	0	0	0	0	0	-0.9256497393
5.36	5.692632883	-0.04133658869	0	0	0	0	0	0	-3.408441445
5.37	5.701203399	-0.037736905	0	0	0	0	0	0	-7.80746243
5.38	5.709777855	-0.03409548535	0	0	0	0	0	0	-13.9972367
5.39	5.718378631	-0.0304293276	0	0	0	0	0	0	-21.65138448
5.4	5.727037229	-0.02677051989	0	0	0	0	0	0	-30.26510184
5.41	5.735786043	-0.02316546987	0	0	0	0	0	0	-39.16450034
5.42	5.744651632	-0.01967228232	0	0	0	0	0	0	-47.55107599
5.43	5.753652152	-0.01635667224	0	0	0	0	0	0	-54.56607668
5.44	5.762799633	-0.0132863321	0	0	0	0	0	0	-59.38016947
5.45	5.772107026	-0.01052364028	0	0	0	0	0	0	-61.29490232
5.46	5.781597905	-0.008117876374	0	0	0	0	0	0	-59.82513677
5.47	5.791313367	-0.006099381588	0	0	0	0	0	0	-54.74534645
5.48	5.801310458	-0.004477474481	0	0	0	0	0	0	-46.12127179
5.49	5.81165182	-0.003241870409	0	0	0	0	0	0	-34.32566674
5.5	5.822394262	-0.002367101876	0	0	0	0	0	0	-20.00503961
5.51	5.833580105	-0.00182004081	0	0	0	0	0	0	-4.013754981
5.52	5.845229453	-0.001570202846	0	0	0	0	0	0	12.63759088
5.53	5.85733399	-0.001601102784	0	0	0	0	0	0	28.8798659
5.54	5.869855349	-0.001921062996	0	0	0	0	0	0	43.73880863
5.55	5.882726837	-0.002571235719	0	0	0	0	0	0	56.4491135
5.56	5.895855877	-0.003628603815	0	0	0	0	0	0	66.505302
5.57	5.909128084	-0.005202199087	0	0	0	0	0	0	73.66043417
5.58	5.922413849	-0.007422471314	0	0	0	0	0	0	77.87125355
5.59	5.935578314	-0.01042185925	0	0	0	0	0	0	79.46500579
5.6	5.948481073	-0.01427886655	0	0	0	0	0	0	75.68146255
5.61	5.961028023	-0.0190141889	0	0	0	0	0	0	64.25572921
5.62	5.973247431	-0.02465097384	0	0	0	0	0	0	48.70905932
5.63	5.985224365	-0.03121688192	0	0	0	0	0	0	32.94413297
5.64	5.997038449	-0.03874024376	0	0	0	0	0	0	19.47878723
5.65	6.008732231	-0.04724619048	0	0	0	0	0	0	9.589484185
5.66	6.020304493	-0.05675195361	0	0	0	0	0	0	3.897049954
5.67	6.031719156	-0.06725760567	0	0	0	0	0	0	2.191488742
5.68	6.042764971	-0.07807357486	0	0	0	0	0	0	2.543756758
5.69	6.053643165	-0.08828937166	0	0	0	0	0	0	18.92335422
5.7	6.064414655	-0.09781916043	0	0	0	0	0	0	30.65763316
5.71	6.074997211	-0.1064807945	0	0	0	0	0	0	39.2091881
5.72	6.085371822	-0.11400677	0	0	0	0	0	0	48.97875555
5.73	6.095352694	-0.1194910273	0	0	0	0	0	0	46.436241
5.74	6.10460121	-0.122291855	0	0	0	0	0	0	32.80657762
5.75	6.11317619	-0.1225629023	0	0	0	0	0	0	16.07461201
5.76	6.121354014	-0.1207170275	0	0	0	0	0	0	-0.4470057423
5.77	6.129446378	-0.1173062609	0	0	0	0	0	0	-14.7745072
5.78	6.137698908	-0.1129073579	0	0	0	0	0	0	-24.44465652
5.79	6.146246352	-0.1080384813	0	0	0	0	0	0	-27.80440074
5.8	6.155095786	-0.103112143	0	0	0	0	0	0	-25.77997125
5.81	6.164140911	-0.098353256	0	0	0	0	0	0	-20.68282304
5.82	6.173259999	-0.09374711513	0	0	0	0	0	0	-11.50267083
5.83	6.18234645	-0.08925870502	0	0	0	0	0	0	-2.221869561
5.84	6.191278372	-0.08487007095	0	0	0	0	0	0	2.822952412
5.85	6.19997175	-0.08057277511	0	0	0	0	0	0	2.924817952
5.86	6.208417945	-0.07636464641	0	0	0	0	0	0	-0.3925336749
5.87	6.216670062	-0.07225101963	0	0	0	0	0	0	-5.504684611
5.88	6.224810562	-0.06824369073	0	0	0	0	0	0	-11.21235232
5.89	6.232925709	-0.06435452375	0	0	0	0	0	0	-16.41703045
5.9	6.241089496	-0.06058676375	0	0	0	0	0	0	-20.03026564
5.91	6.249351291	-0.05692884001	0	0	0	0	0	0	-21.26851605
5.92	6.257727325	-0.05335396199	0	0	0	0	0	0	-19.95762154
5.93	6.266202109	-0.04982574677	0	0	0	0	0	0	-16.53693509
5.94	6.274740531	-0.0463067016	0	0	0	0	0	0	-11.77694188
5.95	6.283305606	-0.04276625885	0	0	0	0	0	0	-6.398616513
5.96	6.291873526	-0.03918571696	0	0	0	0	0	0	-0.80174094
5.97	6.300441134	-0.03556067293	0	0	0	0	0	0	4.99364623
5.98	6.309025059	-0.03190208489	0	0	0	0	0	0	11.2027395
5.99	6.317654542	-0.02823632344	0	0	0	0	0	0	18.01882899
6	6.326362503	-0.02460416064	0	0	0	0	0	0	25.3740541
6.01	6.335178455	-0.02105948675	0	0	0	0	0	0	32.77278737
6.02	6.344123783	-0.01766550072	0	0	0	0	0	0	39.24694186
6.03	6.35321213	-0.01448977341	0	0	0	0	0	0	43.47044462
6.04	6.362454715	-0.01159764176	0	0	0	0	0	0	44.06927148
6.05	6.371869458	-0.009044402618	0	0	0	0	0	0	40.08795179
6.06	6.381489801	-0.006868422158	0	0	0	0	0	0	31.37883277
6.07	6.39136701	-0.005087478485	0	0	0	0	0	0	18.62637545
6.08	6.401562699	-0.003698841156	0	0	0	0	0	0	3.036654802
6.09	6.41213702	-0.002682520774	0	0	0	0	0	0	-13.95582548
6.1	6.423139088	-0.002007404662	0	0	0	0	0	0	-30.81349133
6.11	6.434599017	-0.001640639871	0	0	0	0	0	0	-46.05173973
6.12	6.446520578	-0.00155873374	0	0	0	0	0	0	-58.44716804
6.13	6.45887759	-0.00175878185	0	0	0	0	0	0	-67.14910651
6.14	6.471614725	-0.002267947585	0	0	0	0	0	0	-71.71470275
6.15	6.484649694	-0.00314873115	0	0	0	0	0	0	-72.14769773
6.16	6.497876423	-0.004498076325	0	0	0	0	0	0	-68.90910324
6.17	6.511170546	-0.006439475453	0	0	0	0	0	0	-62.85515987
6.18	6.524398178	-0.009107924585	0	0	0	0	0	0	-55.10639109
6.19	6.537422261	-0.0126130533	0	0	0	0	0	0	-46.99504749
6.2	6.550114283	-0.01698922102	0	0	0	0	0	0	-38.69779574
6.21	6.562455739	-0.02225648469	0	0	0	0	0	0	-29.7545798
6.22	6.574518332	-0.02844138859	0	0	0	0	0	0	-20.43349213
6.23	6.586388927	-0.03557233844	0	0	0	0	0	0	-10.91971976
6.24	6.598127346	-0.04367642243	0	0	0	0	0	0	-1.487433057
6.25	6.609749454	-0.05277458273	0	0	0	0	0	0	7.041376433
6.26	6.621232801	-0.06287788448	0	0	0	0	0	0	13.35136036
6.27	6.632449536	-0.07374856895	0	0	0	0	0	0	3.679986047
6.28	6.643353165	-0.08422045022	0	0	0	0	0	0	-15.16815442
6.29	6.654179557	-0.09404361181	0	0	0	0	0	0	-26.52992859
6.3	6.66484294	-0.1030860333	0	0	0	0	0	0	-33.38471669
6.31	6.675301236	-0.111114021	0	0	0	0	0	0	-40.88010632
6.32	6.6854953	-0.117585099	0	0	0	0	0	0	-34.792124
6.33	6.695053306	-0.1214756152	0	0	0	0	0	0	-26.6952306
6.34	6.703874519	-0.1227347856	0	0	0	0	0	0	-27.91159433
6.35	6.712173143	-0.1216855795	0	0	0	0	0	0	-33.49173151
6.36	6.720263541	-0.1188383516	0	0	0	0	0	0	-37.22479598
6.37	6.72842577	-0.1147720312	0	0	0	0	0	0	-36.6680807
6.38	6.736843367	-0.1100363647	0	0	0	0	0	0	-32.27551591
6.39	6.745575511	-0.1050905306	0	0	0	0	0	0	-25.3729435
6.4	6.754557425	-0.1002562956	0	0	0	0	0	0	-18.6140709
6.41	6.763658148	-0.09559269151	0	0	0	0	0	0	-15.11686397
6.42	6.772773276	-0.09105878311	0	0	0	0	0	0	-12.37453453
6.43	6.781783408	-0.08663044441	0	0	0	0	0	0	-9.254849091
6.44	6.790581491	-0.08229615192	0	0	0	0	0	0	-6.659223162
6.45	6.799127175	-0.07805108899	0	0	0	0	0	0	-5.409383512
6.46	6.807451938	-0.07389735481	0	0	0	0	0	0	-5.326806328
6.47	6.815629798	-0.0698445784	0	0	0	0	0	0	-5.67625628
6.48	6.823747705	-0.06590563295	0	0	0	0	0	0	-5.763675177
6.49	6.831885948	-0.06208824449	0	0	0	0	0	0	-5.189684753
6.5	6.840105468	-0.05838733095	0	0	0	0	0	0	-3.909653525
6.51	6.848436505	-0.05478192214	0	0	0	0	0	0	-2.252021841
6.52	6.856875616	-0.05123859998	0	0	0	0	0	0	-0.8315879601
6.53	6.865393823	-0.04771933723	0	0	0	0	0	0	-0.3505962945
6.54	6.873952825	-0.04418994521	0	0	0	0	0	0	-1.386031198
6.55	6.882522033	-0.04062645329	0	0	0	0	0	0	-4.265147983
6.56	6.891089572	-0.03701850217	0	0	0	0	0	0	-9.048566213
6.57	6.899664608	-0.03337077803	0	0	0	0	0	0	-15.5655635
6.58	6.908272263	-0.0297034166	0	0	0	0	0	0	-23.4523918
6.59	6.916945021	-0.0260515842	0	0	0	0	0	0	-32.16857791
6.6	6.925714508	-0.02246430728	0	0	0	0	0	0	-41.01312822
6.61	6.93460557	-0.01900150362	0	0	0	0	0	0	-49.17194658
6.62	6.943634693	-0.01572975405	0	0	0	0	0	0	-55.78681526
6.63	6.95281324	-0.01271625779	0	0	0	0	0	0	-60.04944744
6.64	6.962155314	-0.01002128429	0	0	0	0	0	0	-61.30064038
6.65	6.971687416	-0.0076906856	0	0	0	0	0	0	-59.10552223
6.66	6.981454134	-0.005750693412	0	0	0	0	0	0	-53.29411564
6.67	6.991514394	-0.004206556034	0	0	0	0	0	0	-43.9916093
6.68	7.001930525	-0.003044578489	0	0	0	0	0	0	-31.62987844
6.69	7.012756979	-0.002237136812	0	0	0	0	0	0	-16.90032448
6.7	7.024032343	-0.001750758806	0	0	0	0	0	0	-0.6910526594
6.71	7.035771561	-0.00155683611	0	0	0	0	0	0	15.96643494
6.72	7.047960484	-0.001642954983	0	0	0	0	0	0	32.00993403
6.73	7.060555066	-0.002023365781	0	0	0	0	0	0	46.49951453
6.74	7.073483407	-0.002746204986	0	0	0	0	0	0	58.7191716
6.75	7.086648382	-0.003895217603	0	0	0	0	0	0	68.21579616
6.76	7.099932087	-0.005584652311	0	0	0	0	0	0	74.78803918
6.77	7.113203125	-0.007947224043	0	0	0	0	0	0	78.42564159
6.78	7.12632631	-0.01111099779	0	0	0	0	0	0	79.40783226
6.79	7.139161375	-0.01513808584	0	0	0	0	0	0	74.0243546
6.8	7.151637658	-0.02004729396	0	0	0	0	0	0	61.43911247
6.81	7.163801118	-0.02586312808	0	0	0	0	0	0	45.56809136
6.82	7.175739468	-0.03261363401	0	0	0	0	0	0	30.08834947
6.83	7.187526718	-0.0403269042	0	0	0	0	0	0	17.23775224
6.84	7.199196646	-0.04902689923	0	0	0	0	0	0	8.118007552
6.85	7.210740443	-0.0587289036	0	0	0	0	0	0	3.2863249
6.86	7.22210536	-0.06940292941	0	0	0	0	0	0	0.4463533817
6.87	7.233082399	-0.08012053351	0	0	0	0	0	0	5.453580772
6.88	7.24394647	-0.09021026189	0	0	0	0	0	0	21.67364325
6.89	7.254684111	-0.09958788288	0	0	0	0	0	0	32.38285123
6.9	7.26522542	-0.1080510545	0	0	0	0	0	0	40.91361162
6.91	7.275553171	-0.1152821095	0	0	0	0	0	0	50.0798672
6.92	7.285404309	-0.1202490056	0	0	0	0	0	0	44.30787258
6.93	7.294505951	-0.1225331322	0	0	0	0	0	0	29.66822695
6.94	7.302977508	-0.1223514835	0	0	0	0	0	0	12.81064595
6.95	7.311114226	-0.1201537043	0	0	0	0	0	0	-3.436659543
6.96	7.319220375	-0.1165048532	0	0	0	0	0	0	-17.05778789
6.97	7.327522569	-0.1119756458	0	0	0	0	0	0	-25.56421969
6.98	7.336131187	-0.1070663918	0	0	0	0	0	0	-27.71899548
6.99	7.345029041	-0.1021645402	0	0	0	0	0	0	-25.04951512
7	7.35409603	-0.09743881479	0	0	0	0	0	0	-19.14166344
7.01	7.363217981	-0.09285758495	0	0	0	0	0	0	-9.511599639
7.02	7.372284172	-0.08838951296	0	0	0	0	0	0	-0.8226282551
7.03	7.381174919	-0.08401908674	0	0	0	0	0	0	3.202520141
7.04	7.389819598	-0.07973909041	0	0	0	0	0	0	2.492884998
7.05	7.398223699	-0.07554866541	0	0	0	0	0	0	-1.286117798
7.06	7.406448455	-0.07145463519	0	0	0	0	0	0	-6.600279065
7.07	7.414578575	-0.06746944203	0	0	0	0	0	0	-12.3001683
7.08	7.42269886	-0.06360392736	0	0	0	0	0	0	-17.281673
7.09	7.43087948	-0.05985880796	0	0	0	0	0	0	-20.48365827
7.1	7.439163806	-0.05621935808	0	0	0	0	0	0	-21.22313246
7.11	7.447561428	-0.0526563413	0	0	0	0	0	0	-19.45581339
7.12	7.456051861	-0.04913247831	0	0	0	0	0	0	-15.71314162
7.13	7.464598288	-0.04561110642	0	0	0	0	0	0	-10.78356071
7.14	7.4731653	-0.04206365034	0	0	0	0	0	0	-5.341074579
7.15	7.481732757	-0.03847403158	0	0	0	0	0	0	0.2897997536
7.16	7.490301719	-0.03484084084	0	0	0	0	0	0	6.151041812
7.17	7.498891952	-0.03117808277	0	0	0	0	0	0	12.47463074
7.18	7.507534071	-0.02751497513	0	0	0	0	0	0	19.4207029
7.19	7.516260974	-0.02389522913	0	0	0	0	0	0	26.84555163
7.2	7.525100678	-0.020374838	0	0	0	0	0	0	34.1575382
7.21	7.534072871	-0.01701832408	0	0	0	0	0	0	40.30325288
7.22	7.543190199	-0.01389340238	0	0	0	0	0	0	43.91682027
7.23	7.552464439	-0.0110640632	0	0	0	0	0	0	43.66682805
7.24	7.561916002	-0.00858277468	0	0	0	0	0	0	38.73306946
7.25	7.571582023	-0.00648401587	0	0	0	0	0	0	29.14552411
7.26	7.581516772	-0.004781523331	0	0	0	0	0	0	15.72144293
7.27	7.591782559	-0.003468528523	0	0	0	0	0	0	-0.2608103027
7.28	7.602438017	-0.002522363996	0	0	0	0	0	0	-17.34636133
7.29	7.613528995	-0.001910728847	0	0	0	0	0	0	-33.99546046
7.3	7.625080959	-0.001601706956	0	0	0	0	0	0	-48.75557038
7.31	7.637091884	-0.001575050902	0	0	0	0	0	0	-60.47089645
7.32	7.649529608	-0.001833159803	0	0	0	0	0	0	-68.37211358
7.33	7.662333227	-0.002409926114	0	0	0	0	0	0	-72.10263244
7.34	7.675415389	-0.003374996153	0	0	0	0	0	0	-71.75777285
7.35	7.688665988	-0.004831302355	0	0	0	0	0	0	-67.88257737
7.36	7.701957845	-0.006906142784	0	0	0	0	0	0	-61.39905591
7.37	7.715156483	-0.009734095699	0	0	0	0	0	0	-53.46992421
7.38	7.728123122	-0.01341064489	0	0	0	0	0	0	-45.38193734
7.39	7.740743173	-0.01796162922	0	0	0	0	0	0	-36.96462423
7.4	7.75302242	-0.02340862228	0	0	0	0	0	0	-27.92460438
7.41	7.765040517	-0.02977881157	0	0	0	0	0	0	-18.56137026
7.42	7.776881572	-0.03710065742	0	0	0	0	0	0	-9.032925153
7.43	7.788597162	-0.04540040606	0	0	0	0	0	0	0.3016329433
7.44	7.800194595	-0.05469726602	0	0	0	0	0	0	8.501693633
7.45	7.811645545	-0.06499981447	0	0	0	0	0	0	14.20259997
7.46	7.822776147	-0.07587440638	0	0	0	0	0	0	-0.734474726
7.47	7.83366449	-0.08622126619	0	0	0	0	0	0	-17.98468531
7.48	7.844465515	-0.09590432568	0	0	0	0	0	0	-28.08696424
7.49	7.855089443	-0.1047658481	0	0	0	0	0	0	-34.6841715
7.5	7.865506886	-0.1125610295	0	0	0	0	0	0	-42.24831703
7.51	7.875606918	-0.1185715114	0	0	0	0	0	0	-32.50344562
7.52	7.885013175	-0.1219275517	0	0	0	0	0	0	-26.26261643
7.53	7.893708183	-0.1226962625	0	0	0	0	0	0	-28.89483203
7.54	7.901940567	-0.1212467182	0	0	0	0	0	0	-34.50164537
7.55	7.910025745	-0.1181120341	0	0	0	0	0	0	-37.44579369
7.56	7.918228049	-0.1138720436	0	0	0	0	0	0	-36.03722238
7.57	7.926707738	-0.1090622159	0	0	0	0	0	0	-31.03095425
7.58	7.935498439	-0.1041194102	0	0	0	0	0	0	-23.7932019
7.59	7.944513768	-0.09932252925	0	0	0	0	0	0	-17.68200882
7.6	7.953625379	-0.09468782133	0	0	0	0	0	0	-14.55384419
7.61	7.962729227	-0.0901766253	0	0	0	0	0	0	-11.74185591
7.62	7.971703511	-0.08576799655	0	0	0	0	0	0	-8.635269624
7.63	7.980451309	-0.0814519999	0	0	0	0	0	0	-6.27941585
7.64	7.988947848	-0.07722506104	0	0	0	0	0	0	-5.310483001
7.65	7.997235804	-0.07309084005	0	0	0	0	0	0	-5.383988424
7.66	8.005393843	-0.06906013102	0	0	0	0	0	0	-5.734953573
7.67	8.013508871	-0.06514549513	0	0	0	0	0	0	-5.717317877
7.68	8.021658405	-0.06135263107	0	0	0	0	0	0	-4.998494693
7.69	8.029897954	-0.05767332232	0	0	0	0	0	0	-3.609054547
7.7	8.038250963	-0.05408365607	0	0	0	0	0	0	-1.945429438
7.71	8.046707937	-0.05054861544	0	0	0	0	0	0	-0.6575891311
7.72	8.055236537	-0.04703022747	0	0	0	0	0	0	-0.4389419695
7.73	8.063798755	-0.04349595199	0	0	0	0	0	0	-1.822470924
7.74	8.072367115	-0.0399243282	0	0	0	0	0	0	-5.08137025
7.75	8.080934	-0.0363078795	0	0	0	0	0	0	-10.2265351
7.76	8.089512357	-0.03265435345	0	0	0	0	0	0	-17.04701945
7.77	8.098129499	-0.02898690049	0	0	0	0	0	0	-25.14341305
7.78	8.106818387	-0.0253435658	0	0	0	0	0	0	-33.94122523
7.79	8.115609662	-0.02177578595	0	0	0	0	0	0	-42.71370168
7.8	8.124526489	-0.01834517433	0	0	0	0	0	0	-50.63243024
7.81	8.133583899	-0.01511890494	0	0	0	0	0	0	-56.84189262
7.82	8.142793002	-0.01216338883	0	0	0	0	0	0	-60.55603977
7.83	8.152169529	-0.009536692651	0	0	0	0	0	0	-61.15551979
7.84	8.161743318	-0.0072811124	0	0	0	0	0	0	-58.25435183
7.85	8.171562424	-0.005418732906	0	0	0	0	0	0	-51.73764627
7.86	8.181687359	-0.003950838241	0	0	0	0	0	0	-41.79208227
7.87	8.192179434	-0.002860574045	0	0	0	0	0	0	-28.90619355
7.88	8.203090685	-0.002118410774	0	0	0	0	0	0	-13.81234099
7.89	8.214455772	-0.001690975172	0	0	0	0	0	0	2.569536054
7.9	8.226284275	-0.001551932915	0	0	0	0	0	0	19.18918179
7.91	8.238556121	-0.001693298814	0	0	0	0	0	0	34.99707953
7.92	8.25122168	-0.002135501589	0	0	0	0	0	0	49.09211754
7.93	8.264203968	-0.002933647284	0	0	0	0	0	0	60.80789392
7.94	8.277401356	-0.00417808184	0	0	0	0	0	0	69.74273876
7.95	8.290692621	-0.005987832933	0	0	0	0	0	0	75.73803239
7.96	8.303944898	-0.008497175178	0	0	0	0	0	0	78.82051425
7.97	8.317022442	-0.01182685911	0	0	0	0	0	0	79.02309793
7.98	8.329788302	-0.01602401403	0	0	0	0	0	0	72.04587307
7.99	8.3421972	-0.02110750198	0	0	0	0	0	0	58.47889149
8	8.354309362	-0.02710293685	0	0	0	0	0	0	42.43717999
8.01	8.36621305	-0.03403860023	0	0	0	0	0	0	27.3350234
8.02	8.377975765	-0.04194218574	0	0	0	0	0	0	15.14691709
8.03	8.389622481	-0.05083625503	0	0	0	0	0	0	6.823975102
8.04	8.401137409	-0.06073407261	0	0	0	0	0	0	2.875892398
8.05	8.412436747	-0.07153364751	0	0	0	0	0	0	-0.9381610485
8.06	8.423368144	-0.0821341534	0	0	0	0	0	0	8.706988522
8.07	8.434215844	-0.09209582628	0	0	0	0	0	0	24.17175693
8.08	8.444917977	-0.1013142503	0	0	0	0	0	0	34.05145844
8.09	8.455418395	-0.1095700393	0	0	0	0	0	0	42.70928158
8.1	8.46568868	-0.1164580455	0	0	0	0	0	0	50.22329787
8.11	8.475399962	-0.1209010467	0	0	0	0	0	0	41.86881856
8.12	8.484360927	-0.1226795603	0	0	0	0	0	0	26.44881735
8.13	8.492741697	-0.1220648995	0	0	0	0	0	0	9.552440697
8.14	8.500849927	-0.1195388622	0	0	0	0	0	0	-6.359178248
8.15	8.50897936	-0.1156752419	0	0	0	0	0	0	-19.17689479
8.16	8.517336243	-0.1110359284	0	0	0	0	0	0	-26.46851795
8.17	8.526006049	-0.1061017628	0	0	0	0	0	0	-27.47108191
8.18	8.53494776	-0.1012312041	0	0	0	0	0	0	-24.24124915
8.19	8.54403297	-0.09653699731	0	0	0	0	0	0	-17.45470856
8.2	8.553153567	-0.09197971734	0	0	0	0	0	0	-7.578750958
8.21	8.562194307	-0.08753162836	0	0	0	0	0	0	0.3750705959
8.22	8.571040367	-0.08317931856	0	0	0	0	0	0	3.39145423
8.23	8.579635651	-0.07891675294	0	0	0	0	0	0	1.942783161
8.24	8.587998947	-0.07474448541	0	0	0	0	0	0	-2.239257754
8.25	8.59619842	-0.07067076875	0	0	0	0	0	0	-7.713365089
8.26	8.604320253	-0.0667084012	0	0	0	0	0	0	-13.36170664
8.27	8.612447317	-0.06286686755	0	0	0	0	0	0	-18.07525814
8.28	8.620645551	-0.05914413939	0	0	0	0	0	0	-20.83501574
8.29	8.628952005	-0.05552238249	0	0	0	0	0	0	-21.07079976
8.3	8.637369787	-0.0519701797	0	0	0	0	0	0	-18.86501903
8.31	8.645873919	-0.04844966299	0	0	0	0	0	0	-14.82903314
8.32	8.654426504	-0.04492525495	0	0	0	0	0	0	-9.755926781
8.33	8.662994241	-0.04137054774	0	0	0	0	0	0	-4.26374367
8.34	8.671560935	-0.03777220056	0	0	0	0	0	0	1.399874481
8.35	8.680131692	-0.03413175492	0	0	0	0	0	0	7.332107364
8.36	8.688729114	-0.03046623888	0	0	0	0	0	0	13.77170083
8.37	8.697384858	-0.02680772184	0	0	0	0	0	0	20.83548779
8.38	8.706131385	-0.02320255888	0	0	0	0	0	0	28.30074644
8.39	8.714995222	-0.01970871779	0	0	0	0	0	0	35.48293633
8.4	8.723994433	-0.01639182272	0	0	0	0	0	0	41.24983501
8.41	8.733140864	-0.01331946992	0	0	0	0	0	0	44.20844995
8.42	8.742447183	-0.01055403506	0	0	0	0	0	0	43.08891903
8.43	8.751936604	-0.008144905146	0	0	0	0	0	0	37.22118317
8.44	8.761649953	-0.006122718477	0	0	0	0	0	0	26.80631177
8.45	8.771643854	-0.004496764348	0	0	0	0	0	0	12.78244212
8.46	8.781980764	-0.003257121975	0	0	0	0	0	0	-3.533895285
8.47	8.792717463	-0.002378490208	0	0	0	0	0	0	-20.65675459
8.48	8.803896512	-0.001827848043	0	0	0	0	0	0	-37.04436324
8.49	8.815538474	-0.001574629163	0	0	0	0	0	0	-51.2914477
8.5	8.827635479	-0.001602140186	0	0	0	0	0	0	-62.31483051
8.51	8.840149658	-0.001918293129	0	0	0	0	0	0	-69.42121839
8.52	8.853014783	-0.002563781546	0	0	0	0	0	0	-72.33870414
8.53	8.866138746	-0.003615095217	0	0	0	0	0	0	-71.25252525
8.54	8.87940748	-0.005180899584	0	0	0	0	0	0	-66.79045146
8.55	8.892691709	-0.007391324754	0	0	0	0	0	0	-59.93012975
8.56	8.905856428	-0.0103792079	0	0	0	0	0	0	-51.8841769
8.57	8.918761402	-0.01422409089	0	0	0	0	0	0	-43.79968635
8.58	8.931311065	-0.01894692087	0	0	0	0	0	0	-35.25231888
8.59	8.943532352	-0.02457078809	0	0	0	0	0	0	-26.12901768
8.6	8.955509965	-0.03112335377	0	0	0	0	0	0	-16.72535036
8.61	8.967323801	-0.03863297884	0	0	0	0	0	0	-7.191179872
8.62	8.979017008	-0.04712490731	0	0	0	0	0	0	2.014707598
8.63	8.990588899	-0.0566165268	0	0	0	0	0	0	9.84319984
8.64	9.002004047	-0.06710892397	0	0	0	0	0	0	14.848934
8.65	9.013052826	-0.07792997324	0	0	0	0	0	0	-4.696057157
8.66	9.023929556	-0.08815401348	0	0	0	0	0	0	-20.45271837
8.67	9.034701488	-0.09769388753	0	0	0	0	0	0	-29.47041736
8.68	9.045285673	-0.1063689617	0	0	0	0	0	0	-36.02232096
8.69	9.055662446	-0.1139139521	0	0	0	0	0	0	-41.71731681
8.7	9.065651017	-0.1194336455	0	0	0	0	0	0	-30.5398837
8.71	9.074908916	-0.1222706522	0	0	0	0	0	0	-26.20634732
8.72	9.083490284	-0.1225736677	0	0	0	0	0	0	-29.97426223
8.73	9.091669914	-0.1207528152	0	0	0	0	0	0	-35.38627646
8.74	9.099759902	-0.1173590212	0	0	0	0	0	0	-37.50529703
8.75	9.108007264	-0.1129693672	0	0	0	0	0	0	-35.30136802
8.76	9.116548657	-0.1081033456	0	0	0	0	0	0	-29.75075228
8.77	9.1253931	-0.1031752402	0	0	0	0	0	0	-22.2860806
8.78	9.134435651	-0.09841370356	0	0	0	0	0	0	-16.91813575
8.79	9.143554224	-0.0938056077	0	0	0	0	0	0	-14.03081471
8.8	9.152642429	-0.08931571078	0	0	0	0	0	0	-11.12773428
8.81	9.161578181	-0.08492586042	0	0	0	0	0	0	-8.076192088
8.82	9.170276378	-0.08062748611	0	0	0	0	0	0	-5.974809713
8.83	9.178727135	-0.076418276	0	0	0	0	0	0	-5.260071554
8.84	9.186982754	-0.07230342238	0	0	0	0	0	0	-5.450442871
8.85	9.195125312	-0.06829463983	0	0	0	0	0	0	-5.773589835
8.86	9.203241043	-0.06440384456	0	0	0	0	0	0	-5.636797702
8.87	9.211404188	-0.06063446578	0	0	0	0	0	0	-4.774825284
8.88	9.219664589	-0.05697515209	0	0	0	0	0	0	-3.292049367
8.89	9.228038998	-0.05339932493	0	0	0	0	0	0	-1.646708851
8.9	9.236512392	-0.04987068793	0	0	0	0	0	0	-0.5152104559
8.91	9.245049875	-0.04635170773	0	0	0	0	0	0	-0.5732977248
8.92	9.253614449	-0.04281170077	0	0	0	0	0	0	-2.307690239
8.93	9.262181997	-0.03923171019	0	0	0	0	0	0	-5.938459309
8.94	9.270749096	-0.03560713807	0	0	0	0	0	0	-11.43038661
8.95	9.279332107	-0.03194872516	0	0	0	0	0	0	-18.53414075
8.96	9.287960149	-0.02828260611	0	0	0	0	0	0	-26.81516884
8.97	9.296666247	-0.02464953269	0	0	0	0	0	0	-35.66834919
8.98	9.305479892	-0.02110314329	0	0	0	0	0	0	-44.34213172
8.99	9.314422625	-0.01770658774	0	0	0	0	0	0	-51.9960119
9	9.323508207	-0.01452743695	0	0	0	0	0	0	-57.78056291
9.01	9.332747849	-0.01163112052	0	0	0	0	0	0	-60.93518151
9.02	9.342159346	-0.009073164249	0	0	0	0	0	0	-60.88111202
9.03	9.351775999	-0.006892181646	0	0	0	0	0	0	-57.28243081
9.04	9.361648939	-0.005106197417	0	0	0	0	0	0	-50.08058752
9.05	9.371839724	-0.003712736032	0	0	0	0	0	0	-39.52206722
9.06	9.382408635	-0.002691967999	0	0	0	0	0	0	-26.14717669
9.07	9.393404989	-0.00201285802	0	0	0	0	0	0	-10.72774431
9.08	9.404859159	-0.001642505656	0	0	0	0	0	0	5.784381297
9.09	9.416775193	-0.001557228263	0	0	0	0	0	0	22.32696442
9.1	9.429127215	-0.001753809295	0	0	0	0	0	0	37.86949188
9.11	9.441860186	-0.002259009848	0	0	0	0	0	0	51.55112415
9.12	9.454892097	-0.003134891942	0	0	0	0	0	0	62.75524603
9.13	9.468117089	-0.004478033189	0	0	0	0	0	0	71.13059674
9.14	9.48141103	-0.006411614036	0	0	0	0	0	0	76.55824534
9.15	9.494640053	-0.009070647787	0	0	0	0	0	0	79.14062205
9.16	9.507667224	-0.01256552259	0	0	0	0	0	0	78.33508966
9.17	9.520363391	-0.01693124452	0	0	0	0	0	0	69.83719365
9.18	9.532708496	-0.02218777163	0	0	0	0	0	0	55.46738461
9.19	9.544773682	-0.02836159658	0	0	0	0	0	0	39.38722308
9.2	9.556645922	-0.03548110719	0	0	0	0	0	0	24.73058458
9.21	9.56838553	-0.04357342045	0	0	0	0	0	0	13.23126351
9.22	9.580008922	-0.05265958365	0	0	0	0	0	0	5.713668657
9.23	9.591493994	-0.06275078742	0	0	0	0	0	0	2.655533071
9.24	9.602715674	-0.07361913724	0	0	0	0	0	0	-1.236154424
9.25	9.613620315	-0.08409852478	0	0	0	0	0	0	12.02208049
9.26	9.624447803	-0.09392982915	0	0	0	0	0	0	26.40440684
9.27	9.635113104	-0.1029826301	0	0	0	0	0	0	35.66293346
9.28	9.645573375	-0.1110240149	0	0	0	0	0	0	44.58620902
9.29	9.655772062	-0.1175213547	0	0	0	0	0	0	49.61924317
9.3	9.665339092	-0.1214447479	0	0	0	0	0	0	39.21599178
9.31	9.674168337	-0.1227345915	0	0	0	0	0	0	23.22044823
9.32	9.682471601	-0.1217109214	0	0	0	0	0	0	6.367819394
9.33	9.690562981	-0.1188825254	0	0	0	0	0	0	-9.138539055
9.34	9.698723384	-0.1148281406	0	0	0	0	0	0	-21.06409407
9.35	9.707137644	-0.1100982088	0	0	0	0	0	0	-27.12465145
9.36	9.715866439	-0.1051531543	0	0	0	0	0	0	-27.0629677
9.37	9.724846194	-0.1003172657	0	0	0	0	0	0	-23.30400737
9.38	9.733945811	-0.09565253238	0	0	0	0	0	0	-15.6610599
9.39	9.743060677	-0.09111794881	0	0	0	0	0	0	-5.754159328
9.4	9.75207172	-0.08668916846	0	0	0	0	0	0	1.360215709
9.41	9.760871417	-0.08235456137	0	0	0	0	0	0	3.408197023
9.42	9.769418579	-0.07810925219	0	0	0	0	0	0	1.298982242
9.43	9.777744036	-0.07395525027	0	0	0	0	0	0	-3.228209495
9.44	9.785921569	-0.06990209754	0	0	0	0	0	0	-8.820479261
9.45	9.794038183	-0.06596265849	0	0	0	0	0	0	-14.37557618
9.46	9.802174352	-0.06214475113	0	0	0	0	0	0	-18.78384927
9.47	9.810391291	-0.05844345622	0	0	0	0	0	0	-21.08417667
9.48	9.81871963	-0.05483798867	0	0	0	0	0	0	-20.82536106
9.49	9.827156302	-0.05129501906	0	0	0	0	0	0	-18.2100308
9.5	9.835672489	-0.04777647254	0	0	0	0	0	0	-13.91462127
9.51	9.844229882	-0.04424807394	0	0	0	0	0	0	-8.72315787
9.52	9.852797716	-0.04068568972	0	0	0	0	0	0	-3.191579361
9.53	9.861363872	-0.03707876832	0	0	0	0	0	0	2.507998033
9.54	9.869937299	-0.03343178847	0	0	0	0	0	0	8.519228838
9.55	9.878543043	-0.02976471476	0	0	0	0	0	0	15.07752888
9.56	9.887213537	-0.02611247568	0	0	0	0	0	0	22.2488987
9.57	9.895980485	-0.02252385897	0	0	0	0	0	0	29.72797507
9.58	9.904868868	-0.01905864843	0	0	0	0	0	0	36.73921567
9.59	9.913895236	-0.01578334944	0	0	0	0	0	0	42.07970199
9.6	9.923070904	-0.01276516491	0	0	0	0	0	0	44.34402704
9.61	9.932409811	-0.01006459089	0	0	0	0	0	0	42.34220056
9.62	9.941938234	-0.007727715332	0	0	0	0	0	0	35.56461684
9.63	9.951700361	-0.005781075978	0	0	0	0	0	0	24.37273631
9.64	9.961754792	-0.004230313059	0	0	0	0	0	0	9.797778201
9.65	9.972163718	-0.003062067773	0	0	0	0	0	0	-6.800475426
9.66	9.982982118	-0.002248812471	0	0	0	0	0	0	-23.90065272
9.67	9.994249007	-0.001757168	0	0	0	0	0	0	-39.97151892
9.68	10.00597962	-0.001558332365	0	0	0	0	0	0	-53.66970771
9.69	10.01816019	-0.001639489673	0	0	0	0	0	0	-63.98541494
9.7	10.0307473	-0.002014353218	0	0	0	0	0	0	-70.29906783
9.71	10.04366962	-0.002730407577	0	0	0	0	0	0	-72.42324099
9.72	10.05683042	-0.003870812475	0	0	0	0	0	0	-70.63264348
9.73	10.07011214	-0.005549357821	0	0	0	0	0	0	-65.63070177
9.74	10.08338359	-0.007898558038	0	0	0	0	0	0	-58.4454515
9.75	10.09650967	-0.01104701018	0	0	0	0	0	0	-50.33959611
9.76	10.10935001	-0.01505829302	0	0	0	0	0	0	-42.22564533
9.77	10.12183169	-0.01995129998	0	0	0	0	0	0	-33.54663122
9.78	10.13399918	-0.025750434	0	0	0	0	0	0	-24.3519936
9.79	10.14594001	-0.03248371855	0	0	0	0	0	0	-14.90942425
9.8	10.15772872	-0.04017927881	0	0	0	0	0	0	-5.38341158
9.81	10.16939988	-0.0488612006	0	0	0	0	0	0	3.657814364
9.82	10.18094535	-0.05854495754	0	0	0	0	0	0	11.06750786
9.83	10.1923146	-0.06920486182	0	0	0	0	0	0	12.87030766
9.84	10.20329594	-0.07993250154	0	0	0	0	0	0	-8.299913811
9.85	10.21416038	-0.09003385243	0	0	0	0	0	0	-22.62052055
9.86	10.22490037	-0.0994257772	0	0	0	0	0	0	-30.74114783
9.87	10.23544478	-0.1079076444	0	0	0	0	0	0	-37.42856319
9.88	10.24577664	-0.1151679608	0	0	0	0	0	0	-39.87982565
9.89	10.25563976	-0.1201831933	0	0	0	0	0	0	-28.93255132
9.9	10.26475426	-0.1225147649	0	0	0	0	0	0	-26.46674471
9.91	10.27323432	-0.1223742373	0	0	0	0	0	0	-31.09041625
9.92	10.28137374	-0.1202080862	0	0	0	0	0	0	-36.12426885
9.93	10.28947757	-0.1165802434	0	0	0	0	0	0	-37.40199118
9.94	10.29777434	-0.1120622374	0	0	0	0	0	0	-34.45658727
9.95	10.30637674	-0.1071560554	0	0	0	0	0	0	-28.42301892
9.96	10.31526983	-0.1022516687	0	0	0	0	0	0	-20.94757588
9.97	10.32433462	-0.09752305699	0	0	0	0	0	0	-16.26885831
9.98	10.33345625	-0.09293975406	0	0	0	0	0	0	-13.51458687
9.99	10.34252441	-0.08847007866	0	0	0	0	0	0	-10.52190959
10	10.35141906	-0.08409829549	0	0	0	0	0	0	-7.570226629
