0	0	0.05	0	0	0.032782213	0
0.01	0.018565428	0.049378229	0	0.018565428	-0.083838684	0
0.02	0.038136379	0.047760314	0	0.038136379	-0.113679334	0
0.03	0.059466854	0.045147104	0	0.059466854	-0.080710978	0
0.04	0.08195548	0.041506611	0	0.08195548	-0.027386401	0
0.05	0.104732373	0.036789203	0	0.104732373	0.02380917	0
0.06	0.127071246	0.030964543	0	0.127071246	0.063743201	0
0.07	0.148483058	0.024031107	0	0.148483058	0.089274876	0
0.08	0.168761662	0.016010573	0	0.168761662	0.102102214	0
0.09	0.187973723	0.00694181	0	0.187973723	0.107931801	0
0.1	0.206375431	-0.003125778	0	0.206375431	0.113960529	0
0.11	0.224293099	-0.014139428	0	0.224293099	0.125795402	0
0.12	0.242014784	-0.026048692	0	0.242014784	0.145206619	0
0.13	0.259721962	-0.038809365	0	0.259721962	0.169419576	0
0.14	0.277471861	-0.052386927	0	0.277471861	0.192018987	0
0.15	0.295224237	-0.066760285	0	0.295224237	0.204965939	0
0.16	0.312800518	-0.081743457	0	0.312800518	0.197944487	0
0.17	0.3299335	-0.095589086	0	0.3299335	0.184562484	0
0.18	0.34692711	-0.107491634	0	0.34692711	0.151101313	0
0.19	0.363007189	-0.115694822	0	0.363007189	0.051574637	0
0.2	0.37789334	-0.119571492	0	0.37789334	-0.038069622	0
0.21	0.391873965	-0.119431038	0	0.391873965	-0.099411297	0
0.22	0.40515359	-0.116109702	0	0.40515359	-0.149435292	0
0.23	0.417998408	-0.110713313	0	0.417998408	-0.210943953	0
0.24	0.430811673	-0.104157643	0	0.430811673	-0.274832459	0
0.25	0.443999918	-0.096982873	0	0.443999918	-0.312630773	0
0.26	0.457723047	-0.089167274	0	0.457723047	-0.306997001	0
0.27	0.47189625	-0.080611953	0	0.47189625	-0.266538825	0
0.28	0.486260895	-0.071361383	0	0.486260895	-0.210868134	0
0.29	0.500527782	-0.06155073	0	0.500527782	-0.15469354	0
0.3	0.514479918	-0.051356177	0	0.514479918	-0.103983221	0
0.31	0.527998147	-0.040988644	0	0.527998147	-0.060498583	0
0.32	0.541047466	-0.030698971	0	0.541047466	-0.025765351	0
0.33	0.553662622	-0.020761438	0	0.553662622	-0.001120055	0
0.34	0.56593328	-0.011440294	0	0.56593328	0.013483157	0
0.35	0.577979481	-0.00296035	0	0.577979481	0.019340663	0
0.36	0.589915374	0.004510037	0	0.589915374	0.01777065	0
0.37	0.601842416	0.010917778	0	0.601842416	0.011041457	0
0.38	0.613889504	0.016260583	0	0.613889504	0.00104	0
0.39	0.626177764	0.02053907	0	0.626177764	-0.0112916	0
0.4	0.638776417	0.023767726	0	0.638776417	-0.025604411	0
0.41	0.651700304	0.026014066	0	0.651700304	-0.042772555	0
0.42	0.664879942	0.02737072	0	0.664879942	-0.063696805	0
0.43	0.678258537	0.027941935	0	0.678258537	-0.086482451	0
0.44	0.691824121	0.027829754	0	0.691824121	-0.108425129	0
0.45	0.705587967	0.027119944	0	0.705587967	-0.126625251	0
0.46	0.719561977	0.025872077	0	0.719561977	-0.138383797	0
0.47	0.733745374	0.024113139	0	0.733745374	-0.141679122	0
0.48	0.748118741	0.021834041	0	0.748118741	-0.135566948	0
0.49	0.762642065	0.018989287	0	0.762642065	-0.120378333	0
0.5	0.777254937	0.015500465	0	0.777254937	-0.097708472	0
0.51	0.791879341	0.011264035	0	0.791879341	-0.070208869	0
0.52	0.806425727	0.006163013	0	0.806425727	-0.0412212	0
0.53	0.820800902	8.43E-05	0	0.820800902	-1.44E-02	0
0.54	0.834906341	-0.00704845	0	0.834906341	0.006974513	0
0.55	0.848711944	-0.015269222	0	0.848711944	0.023172439	0
0.56	0.862290406	-0.024591379	0	0.862290406	0.034024103	0
0.57	0.875703644	-0.03501397	0	0.875703644	0.03733235	0
0.58	0.888946263	-0.046524758	0	0.888946263	0.030256555	0
0.59	0.901954344	-0.059099288	0	0.901954344	0.010154933	0
0.6	0.914622977	-0.072674715	0	0.914622977	-0.035280827	0
0.61	0.92656468	-0.08612574	0	0.92656468	-0.150742744	0
0.62	0.938295111	-0.098472187	0	0.938295111	-0.219874274	0
0.63	0.950007176	-0.109442044	0	0.950007176	-0.261149339	0
0.64	0.961203929	-0.117954366	0	0.961203929	-0.25956414	0
0.65	0.971131914	-0.12287132	0	0.971131914	-0.275704889	0
0.66	0.979813067	-0.12424667	0	0.979813067	-0.307970152	0
0.67	0.987776081	-0.122482286	0	0.987776081	-0.339282404	0
0.68	0.995630048	-0.11827903	0	0.995630048	-0.359039056	0
0.69	1.003856947	-0.112492922	0	1.003856947	-0.364559373	0
0.7	1.012764284	-0.105943575	0	1.012764284	-0.355645195	0
0.71	1.022462919	-0.099257861	0	1.022462919	-0.334915365	0
0.72	1.032857959	-0.092606393	0	1.032857959	-0.310161563	0
0.73	1.043769254	-0.085902455	0	1.043769254	-0.279493415	0
0.74	1.054966707	-0.079084336	0	1.054966707	-0.24476367	0
0.75	1.06623058	-0.072126544	0	1.06623058	-0.209709451	0
0.76	1.07742937	-0.065030863	0	1.07742937	-0.176728886	0
0.77	1.088537358	-0.05782289	0	1.088537358	-0.146382494	0
0.78	1.099603156	-0.050551363	0	1.099603156	-0.118094821	0
0.79	1.110705433	-0.043283358	0	1.110705433	-0.090897927	0
0.8	1.121916625	-0.036096735	0	1.121916625	-0.063978908	0
0.81	1.133276683	-0.029073624	0	1.133276683	-0.037018734	0
0.82	1.144779866	-0.022299671	0	1.144779866	-0.010201513	0
0.83	1.156376146	-0.015864441	0	1.156376146	0.016039373	0
0.84	1.167986063	-0.009860729	0	1.167986063	0.041325205	0
0.85	1.1795235	-0.004378873	0	1.1795235	0.06549069	0
0.86	1.190918027	0.000501433	0	1.190918027	0.088615491	0
0.87	1.202130917	0.004719667	0	1.202130917	0.110959498	0
0.88	1.213163093	0.008241682	0	1.213163093	0.132879119	0
0.89	1.224054036	0.011063749	0	1.224054036	0.154697232	0
0.9	1.234872435	0.013212031	0	1.234872435	0.176522449	0
0.91	1.245701441	0.014737366	0	1.245701441	0.198087186	0
0.92	1.256622941	0.015706394	0	1.256622941	0.218668891	0
0.93	1.267703597	0.016189815	0	1.267703597	0.237116311	0
0.94	1.278985063	0.016249365	0	1.278985063	0.251949192	0
0.95	1.290479518	0.015925778	0	1.290479518	0.261525765	0
0.96	1.302169796	0.015229035	0	1.302169796	0.264244331	0
0.97	1.314013266	0.014133062	0	1.314013266	0.258745516	0
0.98	1.32594769	0.012575273	0	1.32594769	0.24408889	0
0.99	1.33789859	0.010461661	0	1.33789859	0.219883691	0
1	1.349786979	0.007676065	0	1.349786979	0.186369509	0
1.01	1.361537511	0.004092877	0	1.361537511	0.144508581	0
1.02	1.373082477	-0.000403656	0	1.373082477	0.095050709	0
1.03	1.384362119	-0.005897113	0	1.384362119	0.03543448	0
1.04	1.39538463	-0.01245354	0	1.39538463	-0.03000871	0
1.05	1.406246475	-0.020118432	0	1.406246475	-0.09016006	0
1.06	1.417064525	-0.028916807	0	1.417064525	-0.132999093	0
1.07	1.427869247	-0.038855614	0	1.427869247	-0.153535741	0
1.08	1.438583554	-0.049922848	0	1.438583554	-0.152166622	0
1.09	1.449065287	-0.062086537	0	1.449065287	-0.131992217	0
1.1	1.459093975	-0.075161663	0	1.459093975	-0.103536028	0
1.11	1.468308381	-0.087797216	0	1.468308381	-0.057053882	0
1.12	1.477568027	-0.099478838	0	1.477568027	0.014996753	0
1.13	1.486962715	-0.109764139	0	1.486962715	0.078772382	0
1.14	1.495670267	-0.117127954	0	1.495670267	0.099249446	0
1.15	1.503118391	-0.121092341	0	1.503118391	0.082009476	0
1.16	1.509557375	-0.121780836	0	1.509557375	0.048210163	0
1.17	1.515560289	-0.119648549	0	1.515560289	0.012442365	0
1.18	1.521672322	-0.115417663	0	1.521672322	-0.017234466	0
1.19	1.528310834	-0.109912875	0	1.528310834	-0.034918826	0
1.2	1.535748645	-0.103880947	0	1.535748645	-0.036740752	0
1.21	1.544075698	-0.097830368	0	1.544075698	-0.023708952	0
1.22	1.55320099	-0.0918147	0	1.55320099	-0.000957893	0
1.23	1.562948923	-0.085739416	0	1.562948923	0.022158513	0
1.24	1.573086112	-0.079531052	0	1.573086112	0.036226958	0
1.25	1.583401028	-0.07314613	0	1.583401028	0.036994476	0
1.26	1.59377211	-0.066570528	0	1.59377211	0.025867959	0
1.27	1.604174711	-0.059818333	0	1.604174711	0.007419286	0
1.28	1.614647948	-0.05292821	0	1.614647948	-0.013128159	0
1.29	1.625253684	-0.045955774	0	1.625253684	-0.031255383	0
1.3	1.636043054	-0.038966354	0	1.636043054	-0.043761196	0
1.31	1.647032224	-0.032031874	0	1.647032224	-0.049273961	0
1.32	1.658190959	-0.025232704	0	1.658190959	-0.048573895	0
1.33	1.669446385	-0.01866085	0	1.669446385	-0.044369471	0
1.34	1.68069963	-0.012419193	0	1.68069963	-0.040478557	0
1.35	1.691848626	-0.006615239	0	1.691848626	-0.040784266	0
1.36	1.702809942	-0.00135063	0	1.702809942	-0.048350068	0
1.37	1.713534639	0.003290517	0	1.713534639	-0.064844515	0
1.38	1.724016306	0.007252028	0	1.724016306	-0.090264813	0
1.39	1.734289992	0.010511859	0	1.734289992	-0.122966179	0
1.4	1.744422653	0.013082645	0	1.744422653	-0.159981954	0
1.41	1.754497054	0.015005971	0	1.754497054	-0.197571905	0
1.42	1.764594835	0.016342266	0	1.764594835	-0.231792754	0
1.43	1.774782039	0.017157879	0	1.774782039	-0.259023985	0
1.44	1.785099118	0.01751083	0	1.785099118	-0.276430251	0
1.45	1.795556883	0.017438197	0	1.795556883	-0.282239533	0
1.46	1.80613739	0.016946722	0	1.80613739	-0.275854596	0
1.47	1.81679855	0.01600834	0	1.81679855	-0.257806429	0
1.48	1.827480838	0.014561005	0	1.827480838	-0.229591739	0
1.49	1.838115225	0.012514737	0	1.838115225	-0.193423651	0
1.5	1.848631548	0.00976209	0	1.848631548	-0.080816913	0
1.51	1.859436944	0.006479084	0	1.859436944	-0.01572676	0
1.52	1.869059863	0.002552327	0	1.869059863	-0.020594087	0
1.53	1.877451749	-0.002046236	0	1.877451749	-0.043337436	0
1.54	1.885353818	-0.007365108	0	1.885353818	-0.057944899	0
1.55	1.893347308	-0.013482955	0	1.893347308	-0.056557799	0
1.56	1.90177788	-0.020492589	0	1.90177788	-0.036413824	0
1.57	1.910771746	-0.02850191	0	1.910771746	2.2594E-05	0
1.58	1.920285385	-0.037658256	0	1.920285385	0.043057862	0
1.59	1.930104473	-0.048013495	0	1.930104473	0.077613518	0
1.6	1.939883201	-0.059541023	0	1.939883201	0.092272017	0
1.61	1.949257461	-0.072131621	0	1.949257461	0.071488451	0
1.62	1.957750007	-0.084562781	0	1.957750007	-0.048424752	0
1.63	1.965856513	-0.096113109	0	1.965856513	-0.177439677	0
1.64	1.973971566	-0.10673029	0	1.973971566	-0.274287311	0
1.65	1.981868926	-0.115324432	0	1.981868926	-0.308271508	0
1.66	1.988967887	-0.12065526	0	1.988967887	-0.351649563	0
1.67	1.995220491	-0.12255782	0	1.995220491	-0.414751017	0
1.68	2.000885847	-0.121275889	0	2.000885847	-0.480623617	0
1.69	2.006346347	-0.1174186	0	2.006346347	-0.533287815	0
1.7	2.012047774	-0.111866497	0	2.012047774	-0.566350183	0
1.71	2.018477044	-0.105596378	0	2.018477044	-0.57694767	0
1.72	2.026095036	-0.099421056	0	2.026095036	-0.563251165	0
1.73	2.035219135	-0.093651753	0	2.035219135	-0.521473181	0
1.74	2.045925515	-0.088354128	0	2.045925515	-0.446812639	0
1.75	2.057959228	-0.083455691	0	2.057959228	-0.348735599	0
1.76	2.070828722	-0.078792298	0	2.070828722	-0.242840912	0
1.77	2.083964152	-0.074190546	0	2.083964152	-0.142129906	0
1.78	2.096846918	-0.06953569	0	2.096846918	-0.054204826	0
1.79	2.10910333	-0.064799091	0	2.10910333	0.018083345	0
1.8	2.12055224	-0.060025172	0	2.12055224	0.075112068	0
1.81	2.131199206	-0.055296377	0	2.131199206	0.119005584	0
1.82	2.141186149	-0.050696336	0	2.141186149	0.152366639	0
1.83	2.150719244	-0.046283539	0	2.150719244	0.177342941	0
1.84	2.160000774	-0.042079468	0	2.160000774	0.195091473	0
1.85	2.169182164	-0.038069382	0	2.169182164	0.205593269	0
1.86	2.178343381	-0.034211935	0	2.178343381	0.20778039	0
1.87	2.187497221	-0.030454029	0	2.187497221	0.199983514	0
1.88	2.196611209	-0.02674729	0	2.196611209	0.180651377	0
1.89	2.205635765	-0.023063361	0	2.205635765	0.149195753	0
1.9	2.21452756	-0.019406848	0	2.21452756	0.106785037	0
1.91	2.223260226	-0.015825506	0	2.223260226	0.05686831	0
1.92	2.231821623	-0.012415109	0	2.231821623	0.005006909	0
1.93	2.240207734	-0.009307365	0	2.240207734	-0.042756613	0
1.94	2.248449633	-0.006627238	0	2.248449633	-0.082210349	0
1.95	2.256701411	-0.004444072	0	2.256701411	-0.110714479	0
1.96	2.265288012	-0.002774586	0	2.265288012	-0.125805831	0
1.97	2.274566174	-0.001614433	0	2.274566174	-0.127616519	0
1.98	2.284758998	-0.000939202	0	2.284758998	-0.118936812	0
1.99	2.295957762	-0.000710708	0	2.295957762	-0.102044179	0
2	2.308153997	-0.000903924	0	2.308153997	-0.079771168	0
2.01	2.321218749	-0.001521906	0	2.321218749	-0.056339293	0
2.02	2.334922374	-0.00260405	0	2.334922374	-0.035341464	0
2.03	2.348990389	-0.00423203	0	2.348990389	-0.018755407	0
2.04	2.36314752	-0.006522842	0	2.36314752	-0.007216031	0
2.05	2.377148006	-0.009609852	0	2.377148006	-0.00045919	0
2.06	2.390799318	-0.013614461	0	2.390799318	0.00236858	0
2.07	2.403968847	-0.018590436	0	2.403968847	-0.004041344	0
2.08	2.416637576	-0.024544531	0	2.416637576	-0.02047733	0
2.09	2.428927745	-0.03148883	0	2.428927745	-0.038455503	0
2.1	2.441003145	-0.039439366	0	2.441003145	-0.051049921	0
2.11	2.452996082	-0.04840778	0	2.452996082	-0.055227537	0
2.12	2.464970838	-0.058396842	0	2.464970838	-0.050887394	0
2.13	2.476903638	-0.069341721	0	2.476903638	-0.042188435	0
2.14	2.488727882	-0.080311111	0	2.488727882	-0.019945541	0
2.15	2.500348895	-0.090652972	0	2.500348895	-0.009684157	0
2.16	2.511582854	-0.100202811	0	2.511582854	-0.009454744	0
2.17	2.52237442	-0.10874114	0	2.52237442	-0.010353073	0
2.18	2.532770209	-0.115943832	0	2.532770209	-0.010934335	0
2.19	2.542562117	-0.120771611	0	2.542562117	-0.041698472	0
2.2	2.551597474	-0.122917957	0	2.551597474	-0.084175698	0
2.21	2.560085909	-0.122625895	0	2.560085909	-0.123548814	0
2.22	2.568355529	-0.120352595	0	2.568355529	-0.154363939	0
2.23	2.576694317	-0.116654966	0	2.576694317	-0.173854374	0
2.24	2.585280797	-0.112087268	0	2.585280797	-0.179487668	0
2.25	2.594162533	-0.107132427	0	2.594162533	-0.171973317	0
2.26	2.603263884	-0.102158193	0	2.603263884	-0.157024376	0
2.27	2.612438067	-0.097280893	0	2.612438067	-0.135739393	0
2.28	2.621581566	-0.092463683	0	2.621581566	-0.108870055	0
2.29	2.630595505	-0.08768783	0	2.630595505	-0.08688112	0
2.3	2.639387228	-0.082952705	0	2.639387228	-0.075845425	0
2.31	2.64792714	-0.078266478	0	2.64792714	-0.074308818	0
2.32	2.656261754	-0.073643907	0	2.656261754	-0.078170473	0
2.33	2.664482741	-0.069106459	0	2.664482741	-0.084142811	0
2.34	2.672691112	-0.064678216	0	2.672691112	-0.089887118	0
2.35	2.680974724	-0.060377335	0	2.680974724	-0.093295692	0
2.36	2.68939594	-0.056207844	0	2.68939594	-0.092554438	0
2.37	2.697982491	-0.052156216	0	2.697982491	-0.086770308	0
2.38	2.706725535	-0.048195211	0	2.706725535	-0.076319258	0
2.39	2.715588406	-0.044292694	0	2.715588406	-0.062558813	0
2.4	2.724523942	-0.040421304	0	2.724523942	-0.047104895	0
2.41	2.733492662	-0.036565128	0	2.733492662	-0.031126501	0
2.42	2.742474512	-0.032722842	0	2.742474512	-0.015032299	0
2.43	2.751470911	-0.0289085	0	2.751470911	0.001326192	0
2.44	2.760499147	-0.025151439	0	2.760499147	0.018100138	0
2.45	2.769583824	-0.021495581	0	2.769583824	0.034861118	0
2.46	2.778749498	-0.017997048	0	2.778749498	0.050267043	0
2.47	2.788017162	-0.01471945	0	2.788017162	0.062109099	0
2.48	2.797405381	-0.01172728	0	2.797405381	0.067717424	0
2.49	2.806935481	-0.009077895	0	2.806935481	0.06468802	0
2.5	2.816639295	-0.006813782	0	2.816639295	0.051770496	0
2.51	2.826564911	-0.004956214	0	2.826564911	0.029476511	0
2.52	2.836775813	-0.003504773	0	2.836775813	-7.6859E-05	0
2.53	2.847340624	-0.002439486	0	2.847340624	-0.033839063	0
2.54	2.858320643	-0.001727011	0	2.858320643	-0.068394863	0
2.55	2.86975976	-0.001330023	0	2.86975976	-0.100310062	0
2.56	2.881676324	-0.001219149	0	2.881676324	-0.126559843	0
2.57	2.894056652	-0.001385366	0	2.894056652	-0.144963627	0
2.58	2.906852851	-0.001850683	0	2.906852851	-0.154412095	0
2.59	2.919984459	-0.002674616	0	2.919984459	-0.15493622	0
2.6	2.933341933	-0.003954479	0	2.933341933	-0.147695939	0
2.61	2.946793003	-0.005817884	0	2.946793003	-0.134814723	0
2.62	2.960192397	-0.008406107	0	2.960192397	-0.119053905	0
2.63	2.973389415	-0.011835175	0	2.973389415	-0.103612162	0
2.64	2.986241614	-0.016141355	0	2.986241614	-0.089053866	0
2.65	2.998725738	-0.021345491	0	2.998725738	-0.074553405	0
2.66	3.010916553	-0.027474793	0	3.010916553	-0.060764278	0
2.67	3.02290706	-0.034558267	0	3.02290706	-0.048061485	0
2.68	3.034763322	-0.042623603	0	3.034763322	-0.036931223	0
2.69	3.046505585	-0.051692135	0	3.046505585	-0.028980455	0
2.7	3.058113419	-0.061774813	0	3.058113419	-0.026839182	0
2.71	3.069484633	-0.072714621	0	3.069484633	-0.052680914	0
2.72	3.080524219	-0.083363577	0	3.080524219	-0.103051197	0
2.73	3.091483514	-0.093370235	0	3.091483514	-0.136947212	0
2.74	3.102273688	-0.102609237	0	3.102273688	-0.160811192	0
2.75	3.112834383	-0.11084299	0	3.112834383	-0.185476283	0
2.76	3.123076129	-0.117454422	0	3.123076129	-0.178657557	0
2.77	3.132604911	-0.121406164	0	3.132604911	-0.169671187	0
2.78	3.141343342	-0.122669618	0	3.141343342	-0.177450435	0
2.79	3.149527024	-0.121573148	0	3.149527024	-0.191259894	0
2.8	3.157490747	-0.118636596	0	3.157490747	-0.199020909	0
2.81	3.165535786	-0.11445333	0	3.165535786	-0.196393157	0
2.82	3.173864991	-0.10959039	0	3.173864991	-0.184687332	0
2.83	3.182551502	-0.104523043	0	3.182551502	-0.166868703	0
2.84	3.191536929	-0.099572593	0	3.191536929	-0.149430169	0
2.85	3.200697989	-0.09477949	0	3.200697989	-0.137389046	0
2.86	3.209925156	-0.090105561	0	3.209925156	-0.125424351	0
2.87	3.219080281	-0.085528817	0	3.219080281	-0.112237271	0
2.88	3.228039726	-0.081038243	0	3.228039726	-0.100287951	0
2.89	3.236752129	-0.07662977	0	3.236752129	-0.091331768	0
2.9	3.245241485	-0.07230787	0	3.245241485	-0.084968821	0
2.91	3.253577312	-0.068086175	0	3.253577312	-0.079740189	0
2.92	3.261845773	-0.063982294	0	3.261845773	-0.074283278	0
2.93	3.270129931	-0.060008395	0	3.270129931	-0.067789023	0
2.94	3.278494586	-0.056162864	0	3.278494586	-0.060158223	0
2.95	3.286972916	-0.052427191	0	3.286972916	-0.052068322	0
2.96	3.295562239	-0.048769863	0	3.295562239	-0.044788215	0
2.97	3.304232184	-0.045154609	0	3.304232184	-0.03975188	0
2.98	3.312941835	-0.041549256	0	3.312941835	-0.038116223	0
2.99	3.321657373	-0.037931931	0	3.321657373	-0.040521152	0
3	3.330363567	-0.034294542	0	3.330363567	-0.047056906	0
3.01	3.339066315	-0.030644413	0	3.339066315	-0.057322661	0
3.02	3.34778782	-0.027004867	0	3.34778782	-0.070478914	0
3.03	3.356558451	-0.023414773	0	3.356558451	-0.085276074	0
3.04	3.36540907	-0.019926798	0	3.36540907	-0.100113753	0
3.05	3.374365908	-0.016603622	0	3.374365908	-0.113182825	0
3.06	3.383449762	-0.013512124	0	3.383449762	-0.122669809	0
3.07	3.392680258	-0.010715933	0	3.392680258	-0.126991858	0
3.08	3.402084225	-0.008267153	0	3.402084225	-0.124997525	0
3.09	3.411703728	-0.006199284	0	3.411703728	-0.116073904	0
3.1	3.421597588	-0.004524483	0	3.421597588	-0.100195451	0
3.11	3.431832123	-0.003233921	0	3.431832123	-0.077970373	0
3.12	3.442469152	-0.002303057	0	3.442469152	-0.05059259	0
3.13	3.453556109	-0.001698233	0	3.453556109	-0.019692661	0
3.14	3.465118559	-0.00138713	0	3.465118559	0.012771936	0
3.15	3.47715332	-0.001350291	0	3.47715332	0.044663235	0
3.16	3.489626069	-0.001592417	0	3.489626069	0.073956636	0
3.17	3.502471724	-0.002150147	0	3.502471724	0.098991781	0
3.18	3.515599036	-0.003097016	0	3.515599036	0.118600723	0
3.19	3.528894039	-0.00453974	0	3.528894039	0.132127893	0
3.2	3.542226538	-0.006608574	0	3.542226538	0.139325451	0
3.21	3.555460003	-0.009439908	0	3.555460003	0.140564407	0
3.22	3.568454989	-0.013129649	0	3.568454989	0.132564136	0
3.23	3.581098149	-0.017703236	0	3.581098149	0.108270053	0
3.24	3.593398165	-0.023181203	0	3.593398165	0.073450187	0
3.25	3.605437802	-0.029589288	0	3.605437802	0.036272745	0
3.26	3.617303579	-0.036954334	0	3.617303579	0.002298643	0
3.27	3.629048348	-0.045300883	0	3.629048348	-0.025636604	0
3.28	3.64067961	-0.054646473	0	3.64067961	-0.046267302	0
3.29	3.652168454	-0.064998193	0	3.652168454	-0.058917984	0
3.3	3.663346376	-0.07592765	0	3.663346376	-0.072599011	0
3.31	3.674284157	-0.086327358	0	3.674284157	-0.051119005	0
3.32	3.685115365	-0.096051078	0	3.685115365	-0.035003613	0
3.33	3.695745497	-0.104937208	0	3.695745497	-0.026917976	0
3.34	3.706148916	-0.112739272	0	3.706148916	-0.01680056	0
3.35	3.716216756	-0.118720877	0	3.716216756	-0.022389879	0
3.36	3.725586004	-0.122033045	0	3.725586004	-0.052114377	0
3.37	3.734255739	-0.122757398	0	3.734255739	-0.087373352	0
3.38	3.742483429	-0.121272199	0	3.742483429	-0.120459443	0
3.39	3.750587405	-0.118116317	0	3.750587405	-0.147583401	0
3.4	3.758828796	-0.113870683	0	3.758828796	-0.164498552	0
3.41	3.767359076	-0.109067682	0	3.767359076	-0.16786333	0
3.42	3.776199339	-0.104138815	0	3.776199339	-0.159102272	0
3.43	3.785250031	-0.099358899	0	3.785250031	-0.144153086	0
3.44	3.79437162	-0.094742608	0	3.79437162	-0.121716357	0
3.45	3.803455443	-0.090249467	0	3.803455443	-0.097484649	0
3.46	3.812382022	-0.085858459	0	3.812382022	-0.080994551	0
3.47	3.821061229	-0.081561011	0	3.821061229	-0.075063072	0
3.48	3.829477575	-0.077355534	0	3.829477575	-0.076935942	0
3.49	3.837683619	-0.073247489	0	3.837683619	-0.08296452	0
3.5	3.845766387	-0.069248708	0	3.845766387	-0.090430143	0
3.51	3.853817964	-0.065371754	0	3.853817964	-0.097086283	0
3.52	3.861917206	-0.061621282	0	3.861917206	-0.100783161	0
3.53	3.870117277	-0.057987301	0	3.870117277	-0.099909457	0
3.54	3.878437314	-0.054443906	0	3.878437314	-0.094006515	0
3.55	3.886863087	-0.050954279	0	3.886863087	-0.083868531	0
3.56	3.895358447	-0.047479078	0	3.895358447	-0.071040242	0
3.57	3.903883343	-0.043984903	0	3.903883343	-0.05704902	0
3.58	3.912410064	-0.040449723	0	3.912410064	-0.042806988	0
3.59	3.920932377	-0.036865688	0	3.920932377	-0.028412124	0
3.6	3.929465525	-0.03323998	0	3.929465525	-0.013386837	0
3.61	3.938039416	-0.029594858	0	3.938039416	0.002822876	0
3.62	3.946689062	-0.025966717	0	3.946689062	0.020336989	0
3.63	3.955446609	-0.022404973	0	3.955446609	0.038473427	0
3.64	3.964335603	-0.018968905	0	3.964335603	0.055591903	0
3.65	3.973370092	-0.015723648	0	3.973370092	0.069209261	0
3.66	3.982558552	-0.012734659	0	3.982558552	0.076462217	0
3.67	3.991912246	-0.010060591	0	3.991912246	0.074949215	0
3.68	4.00145508	-0.007746132	0	4.00145508	0.06362389	0
3.69	4.011229124	-0.005817053	0	4.011229124	0.043161308	0
3.7	4.021290972	-0.00427883	0	4.021290972	0.015551671	0
3.71	4.031701419	-0.003118381	0	4.031701419	-0.016516844	0
3.72	4.042514559	-0.002308891	0	4.042514559	-0.050017052	0
3.73	4.053769445	-0.00181769	0	4.053769445	-0.081868715	0
3.74	4.065482082	-0.001616638	0	4.065482082	-0.109341893	0
3.75	4.077640041	-0.001693386	0	4.077640041	-0.130369845	0
3.76	4.090201529	-0.002061801	0	4.090201529	-0.143689475	0
3.77	4.103096823	-0.002769254	0	4.103096823	-0.14893417	0
3.78	4.116230787	-0.003898534	0	4.116230787	-0.146697298	0
3.79	4.129487105	-0.005563098	0	4.129487105	-0.138470519	0
3.8	4.142735429	-0.0078953	0	4.142735429	-0.126427306	0
3.81	4.155841362	-0.011023881	0	4.155841362	-0.113209575	0
3.82	4.168664696	-0.015013733	0	4.168664696	-0.10075535	0
3.83	4.181130783	-0.019884107	0	4.181130783	-0.088004829	0
3.84	4.19328254	-0.025659627	0	4.19328254	-0.07508351	0
3.85	4.20520676	-0.032368597	0	4.20520676	-0.062584135	0
3.86	4.216977955	-0.040039474	0	4.216977955	-0.05088546	0
3.87	4.228631053	-0.048696718	0	4.228631053	-0.041150637	0
3.88	4.240158402	-0.058356189	0	4.240158402	-0.035686961	0
3.89	4.251511608	-0.068996268	0	4.251511608	-0.041618924	0
3.9	4.262475363	-0.079728547	0	4.262475363	-0.095071348	0
3.91	4.273320451	-0.089837896	0	4.273320451	-0.134545898	0
3.92	4.284048744	-0.099243037	0	4.284048744	-0.160603966	0
3.93	4.294587914	-0.107745204	0	4.294587914	-0.182531673	0
3.94	4.304919333	-0.11503781	0	4.304919333	-0.195397499	0
3.95	4.314790542	-0.120104678	0	4.314790542	-0.178575109	0
3.96	4.323912632	-0.12248684	0	4.323912632	-0.175927204	0
3.97	4.332393342	-0.122389169	0	4.332393342	-0.185245716	0
3.98	4.340524384	-0.120254071	0	4.340524384	-0.193596539	0
3.99	4.34861195	-0.116644323	0	4.34861195	-0.193040094	0
4	4.356887766	-0.112132716	0	4.356887766	-0.183079164	0
4.01	4.365469174	-0.107224308	0	4.365469174	-0.166414245	0
4.02	4.37434628	-0.102312815	0	4.37434628	-0.146651752	0
4.03	4.383403811	-0.097577116	0	4.383403811	-0.132430104	0
4.04	4.392528205	-0.09298818	0	4.392528205	-0.122091854	0
4.05	4.401609319	-0.088514325	0	4.401609319	-0.111259001	0
4.06	4.410525322	-0.084139454	0	4.410525322	-0.10048851	0
4.07	4.419200815	-0.07985565	0	4.419200815	-0.091992705	0
4.08	4.427636167	-0.075661261	0	4.427636167	-0.086315798	0
4.09	4.435888635	-0.071562405	0	4.435888635	-0.082335298	0
4.1	4.444040464	-0.067571172	0	4.444040464	-0.078561124	0
4.11	4.452175649	-0.0636986	0	4.452175649	-0.073930201	0
4.12	4.460364996	-0.059946051	0	4.460364996	-0.068028643	0
4.13	4.468653627	-0.056299667	0	4.468653627	-0.061165842	0
4.14	4.477053447	-0.052730944	0	4.477053447	-0.05431542	0
4.15	4.485545977	-0.049202938	0	4.485545977	-0.048815261	0
4.16	4.494095512	-0.045678874	0	4.494095512	-0.04593273	0
4.17	4.502666808	-0.042129757	0	4.502666808	-0.046528092	0
4.18	4.511239121	-0.038538889	0	4.511239121	-0.050937138	0
4.19	4.51981256	-0.034904191	0	4.51981256	-0.059013315	0
4.2	4.528406002	-0.031239078	0	4.528406002	-0.070202948	0
4.21	4.537049502	-0.027572391	0	4.537049502	-0.083599226	0
4.22	4.545775686	-0.023947542	0	4.545775686	-0.097961016	0
4.23	4.554612764	-0.020420614	0	4.554612764	-0.111775748	0
4.24	4.563580801	-0.017056534	0	4.563580801	-0.123382683	0
4.25	4.572692895	-0.013923576	0	4.572692895	-0.131141216	0
4.26	4.581961345	-0.011086399	0	4.581961345	-0.133629798	0
4.27	4.591407236	-0.008598072	0	4.591407236	-0.129819413	0
4.28	4.601068492	-0.006493436	0	4.601068492	-0.119174068	0
4.29	4.611000199	-0.004786282	0	4.611000199	-0.101713465	0
4.3	4.621265231	-0.003470162	0	4.621265231	-0.078057417	0
4.31	4.631922577	-0.002522203	0	4.631922577	-0.049383179	0
4.32	4.643018225	-0.001909983	0	4.643018225	-0.017294026	0
4.33	4.654577248	-0.001601507	0	4.654577248	0.016265475	0
4.34	4.666596944	-0.00157643	0	4.666596944	0.049166029	0
4.35	4.679044359	-0.001837214	0	4.679044359	0.079388729	0
4.36	4.691857904	-0.002417821	0	4.691857904	0.105269505	0
4.37	4.704949512	-0.003388023	0	4.704949512	0.125616314	0
4.38	4.718208445	-0.004850942	0	4.718208445	0.139732717	0
4.39	4.731507265	-0.006933825	0	4.731507265	0.147335114	0
4.4	4.744711389	-0.009771096	0	4.744711389	0.148774243	0
4.41	4.757682057	-0.0134575	0	4.757682057	0.140689552	0
4.42	4.770305426	-0.0180185	0	4.770305426	0.116043398	0
4.43	4.782588304	-0.023475613	0	4.782588304	0.080547268	0
4.44	4.794610721	-0.02985595	0	4.794610721	0.0423186	0
4.45	4.806456726	-0.037187886	0	4.806456726	0.006948491	0
4.46	4.818177591	-0.045497538	0	4.818177591	-0.02263081	0
4.47	4.829780321	-0.054804	0	4.829780321	-0.045028348	0
4.48	4.841236256	-0.065115648	0	4.841236256	-0.059488284	0
4.49	4.852369297	-0.07598669	0	4.852369297	-0.075161563	0
4.5	4.863263679	-0.086324589	0	4.863263679	-0.054361689	0
4.51	4.874068387	-0.095997277	0	4.874068387	-0.038248077	0
4.52	4.884693815	-0.104845845	0	4.884693815	-0.029723462	0
4.53	4.895111863	-0.11262531	0	4.895111863	-0.018747461	0
4.54	4.905210711	-0.118612439	0	4.905210711	-0.022355569	0
4.55	4.914615612	-0.121945079	0	4.914615612	-0.050371245	0
4.56	4.923312037	-0.122694114	0	4.923312037	-0.084136228	0
4.57	4.931549529	-0.121230401	0	4.931549529	-0.116151436	0
4.58	4.93964293	-0.11808763	0	4.93964293	-0.142883709	0
4.59	4.94785508	-0.113845019	0	4.94785508	-0.160179566	0
4.6	4.956344318	-0.109036651	0	4.956344318	-0.164578359	0
4.61	4.965142319	-0.104097834	0	4.965142319	-0.157215174	0
4.62	4.974161154	-0.099305494	0	4.974161154	-0.143553808	0
4.63	4.983272091	-0.094674732	0	4.983272091	-0.121855968	0
4.64	4.992371223	-0.090166869	0	4.992371223	-0.097947873	0
4.65	5.001337504	-0.08576108	0	5.001337504	-0.08140497	0
4.66	5.010075361	-0.081447604	0	5.010075361	-0.075089048	0
4.67	5.018561486	-0.077223054	0	5.018561486	-0.076418217	0
4.68	5.026839819	-0.073091249	0	5.026839819	-0.081986685	0
4.69	5.03498984	-0.069063052	0	5.03498984	-0.089268544	0
4.7	5.043098841	-0.06515098	0	5.043098841	-0.096087169	0
4.71	5.051244259	-0.061360579	0	5.051244259	-0.100247195	0
4.72	5.059481223	-0.057683392	0	5.059481223	-0.099999062	0
4.73	5.067832539	-0.054095345	0	5.067832539	-0.094717888	0
4.74	5.076288262	-0.050561363	0	5.076288262	-0.085036521	0
4.75	5.084815732	-0.047043446	0	5.084815732	-0.072389145	0
4.76	5.093376874	-0.043509175	0	5.093376874	-0.058261024	0
4.77	5.101944297	-0.039937232	0	5.101944297	-0.043582244	0
4.78	5.110510573	-0.036320303	0	5.110510573	-0.028522468	0
4.79	5.119088857	-0.032666301	0	5.119088857	-0.012710993	0
4.8	5.1277066	-0.028998492	0	5.1277066	0.004276428	0
4.81	5.136396829	-0.025355018	0	5.136396829	0.022409327	0
4.82	5.145190082	-0.0217872	0	5.145190082	0.040839061	0
4.83	5.154109435	-0.018356589	0	5.154109435	0.057761309	0
4.84	5.163169733	-0.015130266	0	5.163169733	0.070574948	0
4.85	5.172381869	-0.012174545	0	5.172381869	0.076420023	0
4.86	5.181761326	-0.009547334	0	5.181761326	0.073075081	0
4.87	5.191337586	-0.00729093	0	5.191337586	0.059824823	0
4.88	5.201158245	-0.005427499	0	5.201158245	0.037697858	0
4.89	5.211283682	-0.003958496	0	5.211283682	0.008944406	0
4.9	5.221775131	-0.002866997	0	5.221775131	-0.023616614	0
4.91	5.232684553	-0.002123656	0	5.232684553	-0.05692273	0
4.92	5.244046721	-0.001695084	0	5.244046721	-0.087912849	0
4.93	5.255871612	-0.001554883	0	5.255871612	-0.113964882	0
4.94	5.268139596	-0.001694937	0	5.268139596	-0.133198559	0
4.95	5.280801446	-0.002135459	0	5.280801446	-0.1445688	0
4.96	5.293780512	-0.002931317	0	5.293780512	-0.147939376	0
4.97	5.306975477	-0.004172638	0	5.306975477	-0.144131365	0
4.98	5.320265312	-0.005978315	0	5.320265312	-0.134826659	0
4.99	5.333517297	-0.008482542	0	5.333517297	-0.122313802	0
5	5.346595517	-0.011806484	0	5.346595517	-0.109342299	0
5.01	5.359362802	-0.015997643	0	5.359362802	-0.097104211	0
5.02	5.371773051	-0.021074912	0	5.371773051	-0.084488482	0
5.03	5.383886043	-0.027063934	0	5.383886043	-0.071893541	0
5.04	5.395790001	-0.033993048	0	5.395790001	-0.05980419	0
5.05	5.407552586	-0.041889999	0	5.407552586	-0.048662649	0
5.06	5.419199058	-0.050777463	0	5.419199058	-0.039880055	0
5.07	5.430713777	-0.060668788	0	5.430713777	-0.035951662	0
5.08	5.442014211	-0.071465073	0	5.442014211	-0.053988773	0
5.09	5.452945393	-0.082069468	0	5.452945393	-0.105677827	0
5.1	5.463792917	-0.092035659	0	5.463792917	-0.141321356	0
5.11	5.474496304	-0.101260104	0	5.474496304	-0.16531045	0
5.12	5.484998786	-0.10952381	0	5.484998786	-0.187607521	0
5.13	5.495271859	-0.116423812	0	5.495271859	-0.191138194	0
5.14	5.504987239	-0.120882143	0	5.504987239	-0.176037516	0
5.15	5.513951165	-0.122674657	0	5.513951165	-0.176824492	0
5.16	5.522332546	-0.12207113	0	5.522332546	-0.186810892	0
5.17	5.53043894	-0.119552597	0	5.53043894	-0.193285178	0
5.18	5.538564606	-0.115692636	0	5.538564606	-0.190222545	0
5.19	5.546916843	-0.111053716	0	5.546916843	-0.178262057	0
5.2	5.555582396	-0.106117682	0	5.555582396	-0.160381022	0
5.21	5.564521498	-0.101244001	0	5.564521498	-0.141059507	0
5.22	5.573606423	-0.096546617	0	5.573606423	-0.128316069	0
5.23	5.58272926	-0.091986256	0	5.58272926	-0.118291412	0
5.24	5.591774634	-0.087535175	0	5.591774634	-0.107614458	0
5.25	5.600627089	-0.083179886	0	5.600627089	-0.097575601	0
5.26	5.609229629	-0.07891425	0	5.609229629	-0.090134859	0
5.27	5.617600208	-0.074738727	0	5.617600208	-0.085338034	0
5.28	5.62580631	-0.070661508	0	5.62580631	-0.081843861	0
5.29	5.633933806	-0.066695425	0	5.633933806	-0.078198721	0
5.3	5.642065536	-0.062850063	0	5.642065536	-0.073474409	0
5.31	5.650267495	-0.059123561	0	5.650267495	-0.067423657	0
5.32	5.658577156	-0.055498273	0	5.658577156	-0.0605324	0
5.33	5.666998015	-0.051942921	0	5.666998015	-0.053904419	0
5.34	5.675505376	-0.048419707	0	5.675505376	-0.048908633	0
5.35	5.684061425	-0.044893057	0	5.684061425	-0.046744356	0
5.36	5.692632883	-0.041336589	0	5.692632883	-0.048153472	0
5.37	5.701203399	-0.037736905	0	5.701203399	-0.05335183	0
5.38	5.709777855	-0.034095485	0	5.709777855	-0.062089958	0
5.39	5.718378631	-0.030429328	0	5.718378631	-0.073732097	0
5.4	5.727037229	-0.02677052	0	5.727037229	-0.087300724	0
5.41	5.735786043	-0.02316547	0	5.735786043	-0.101494471	0
5.42	5.744651632	-0.019672282	0	5.744651632	-0.114774434	0
5.43	5.753652152	-0.016356672	0	5.753652152	-0.125488825	0
5.44	5.762799633	-0.013286332	0	5.762799633	-0.132046671	0
5.45	5.772107026	-0.01052364	0	5.772107026	-0.133113445	0
5.46	5.781597905	-0.008117876	0	5.781597905	-0.12776815	0
5.47	5.791313367	-0.006099382	0	5.791313367	-0.115590075	0
5.48	5.801310458	-0.004477474	0	5.801310458	-0.096720018	0
5.49	5.81165182	-0.00324187	0	5.81165182	-0.071893203	0
5.5	5.822394262	-0.002367102	0	5.822394262	-0.042377181	0
5.51	5.833580105	-0.001820041	0	5.833580105	-0.009847551	0
5.52	5.845229453	-0.001570203	0	5.845229453	0.023704979	0
5.53	5.85733399	-0.001601103	0	5.85733399	0.056158629	0
5.54	5.869855349	-0.001921063	0	5.869855349	0.085556554	0
5.55	5.882726837	-0.002571236	0	5.882726837	0.110326991	0
5.56	5.895855877	-0.003628604	0	5.895855877	0.129382	0
5.57	5.909128084	-0.005202199	0	5.909128084	0.142118669	0
5.58	5.922413849	-0.007422471	0	5.922413849	0.148320036	0
5.59	5.935578314	-0.010421859	0	5.935578314	0.148508153	0
5.6	5.948481073	-0.014278867	0	5.948481073	0.137084058	0
5.61	5.961028023	-0.019014189	0	5.961028023	0.109497269	0
5.62	5.973247431	-0.024650974	0	5.973247431	0.072767145	0
5.63	5.985224365	-0.031216882	0	5.985224365	0.034671384	0
5.64	5.997038449	-0.038740244	0	5.997038449	0.00021733	0
5.65	6.008732231	-0.04724619	0	6.008732231	-0.028067222	0
5.66	6.020304493	-0.056751954	0	6.020304493	-0.048957854	0
5.67	6.031719156	-0.067257606	0	6.031719156	-0.062874629	0
5.68	6.042764971	-0.078073575	0	6.042764971	-0.072986061	0
5.69	6.053643165	-0.088289372	0	6.053643165	-0.050442664	0
5.7	6.064414655	-0.09781916	0	6.064414655	-0.036503894	0
5.71	6.074997211	-0.106480795	0	6.074997211	-0.028062419	0
5.72	6.085371822	-0.11400677	0	6.085371822	-0.016049259	0
5.73	6.095352694	-0.119491027	0	6.095352694	-0.026618545	0
5.74	6.10460121	-0.122291855	0	6.10460121	-0.0566787	0
5.75	6.11317619	-0.122562902	0	6.11317619	-0.090413678	0
5.76	6.121354014	-0.120717028	0	6.121354014	-0.121611039	0
5.77	6.129446378	-0.117306261	0	6.129446378	-0.146855275	0
5.78	6.137698908	-0.112907358	0	6.137698908	-0.161796671	0
5.79	6.146246352	-0.108038481	0	6.146246352	-0.163647282	0
5.8	6.155095786	-0.103112143	0	6.155095786	-0.154672086	0
5.81	6.164140911	-0.098353256	0	6.164140911	-0.139718902	0
5.82	6.173259999	-0.093747115	0	6.173259999	-0.116752457	0
5.83	6.18234645	-0.089258705	0	6.18234645	-0.093702444	0
5.84	6.191278372	-0.084870071	0	6.191278372	-0.079224166	0
5.85	6.19997175	-0.080572775	0	6.19997175	-0.074723139	0
5.86	6.208417945	-0.076364646	0	6.208417945	-0.077149713	0
5.87	6.216670062	-0.07225102	0	6.216670062	-0.083260389	0
5.88	6.224810562	-0.068243691	0	6.224810562	-0.090668396	0
5.89	6.232925709	-0.064354524	0	6.232925709	-0.097188585	0
5.9	6.241089496	-0.060586764	0	6.241089496	-0.100647295	0
5.91	6.249351291	-0.05692884	0	6.249351291	-0.099465872	0
5.92	6.257727325	-0.053353962	0	6.257727325	-0.093269205	0
5.93	6.266202109	-0.049825747	0	6.266202109	-0.082899617	0
5.94	6.274740531	-0.046306702	0	6.274740531	-0.069860586	0
5.95	6.283305606	-0.042766259	0	6.283305606	-0.055563492	0
5.96	6.291873526	-0.039185717	0	6.291873526	-0.040789199	0
5.97	6.300441134	-0.035560673	0	6.300441134	-0.025573381	0
5.98	6.309025059	-0.031902085	0	6.309025059	-0.009496606	0
5.99	6.317654542	-0.028236323	0	6.317654542	0.007801335	0
6	6.326362503	-0.024604161	0	6.326362503	0.026143947	0
6.01	6.335178455	-0.021059487	0	6.335178455	0.044486088	0
6.02	6.344123783	-0.017665501	0	6.344123783	0.060828383	0
6.03	6.35321213	-0.014489773	0	6.35321213	0.072451116	0
6.04	6.362454715	-0.011597642	0	6.362454715	0.076540901	0
6.05	6.371869458	-0.009044403	0	6.371869458	0.071131501	0
6.06	6.381489801	-0.006868422	0	6.381489801	0.055889244	0
6.07	6.39136701	-0.005087478	0	6.39136701	0.032165273	0
6.08	6.401562699	-0.003698841	0	6.401562699	0.002374469	0
6.09	6.41213702	-0.002682521	0	6.41213702	-0.030594172	0
6.1	6.423139088	-0.002007405	0	6.423139088	-0.063634388	0
6.11	6.434599017	-0.00164064	0	6.434599017	-0.093744119	0
6.12	6.446520578	-0.001558734	0	6.446520578	-0.11845307	0
6.13	6.45887759	-0.001758782	0	6.45887759	-0.136056995	0
6.14	6.471614725	-0.002267948	0	6.471614725	-0.145697354	0
6.15	6.484649694	-0.003148731	0	6.484649694	-0.147444126	0
6.16	6.497876423	-0.004498076	0	6.497876423	-0.142316282	0
6.17	6.511170546	-0.006439475	0	6.511170546	-0.132149795	0
6.18	6.524398178	-0.009107925	0	6.524398178	-0.119320707	0
6.19	6.537422261	-0.012613053	0	6.537422261	-0.106603148	0
6.2	6.550114283	-0.016989221	0	6.550114283	-0.094384812	0
6.21	6.562455739	-0.022256485	0	6.562455739	-0.081765645	0
6.22	6.574518332	-0.028441389	0	6.574518332	-0.069308373	0
6.23	6.586388927	-0.035572338	0	6.586388927	-0.057411778	0
6.24	6.598127346	-0.043676422	0	6.598127346	-0.046651288	0
6.25	6.609749454	-0.052774583	0	6.609749454	-0.03869183	0
6.26	6.621232801	-0.062877884	0	6.621232801	-0.036175163	0
6.27	6.632449536	-0.073748569	0	6.632449536	-0.066388597	0
6.28	6.643353165	-0.08422045	0	6.643353165	-0.114556759	0
6.29	6.654179557	-0.094043612	0	6.654179557	-0.147103469	0
6.3	6.66484294	-0.103086033	0	6.66484294	-0.169855466	0
6.31	6.675301236	-0.111114021	0	6.675301236	-0.192874234	0
6.32	6.6854953	-0.117585099	0	6.6854953	-0.187169347	0
6.33	6.695053306	-0.121475615	0	6.695053306	-0.174866076	0
6.34	6.703874519	-0.122734786	0	6.703874519	-0.178557975	0
6.35	6.712173143	-0.12168558	0	6.712173143	-0.188669043	0
6.36	6.720263541	-0.118838352	0	6.720263541	-0.193287944	0
6.37	6.72842577	-0.114772031	0	6.72842577	-0.188108192	0
6.38	6.736843367	-0.110036365	0	6.736843367	-0.174587397	0
6.39	6.745575511	-0.105090531	0	6.745575511	-0.155836418	0
6.4	6.754557425	-0.100256296	0	6.754557425	-0.137484438	0
6.41	6.763658148	-0.095592692	0	6.763658148	-0.12582642	0
6.42	6.772773276	-0.091058783	0	6.772773276	-0.115807852	0
6.43	6.781783408	-0.086630444	0	6.781783408	-0.105140142	0
6.44	6.790581491	-0.082296152	0	6.790581491	-0.095614598	0
6.45	6.799127175	-0.078051089	0	6.799127175	-0.088869856	0
6.46	6.807451938	-0.073897355	0	6.807451938	-0.084550968	0
6.47	6.815629798	-0.069844578	0	6.815629798	-0.081197091	0
6.48	6.823747705	-0.065905633	0	6.823747705	-0.077432983	0
6.49	6.831885948	-0.062088244	0	6.831885948	-0.072467614	0
6.5	6.840105468	-0.058387331	0	6.840105468	-0.066206638	0
6.51	6.848436505	-0.054781922	0	6.848436505	-0.059285966	0
6.52	6.856875616	-0.0512386	0	6.856875616	-0.052901776	0
6.53	6.865393823	-0.047719337	0	6.865393823	-0.04842053	0
6.54	6.873952825	-0.044189945	0	6.873952825	-0.046962007	0
6.55	6.882522033	-0.040626453	0	6.882522033	-0.049156749	0
6.56	6.891089572	-0.037018502	0	6.891089572	-0.055115634	0
6.57	6.899664608	-0.033370778	0	6.899664608	-0.064501905	0
6.58	6.908272263	-0.029703417	0	6.908272263	-0.076608201	0
6.59	6.916945021	-0.026051584	0	6.916945021	-0.09038874	0
6.6	6.925714508	-0.022464307	0	6.925714508	-0.104490563	0
6.61	6.93460557	-0.019001504	0	6.93460557	-0.117345397	0
6.62	6.943634693	-0.015729754	0	6.943634693	-0.127303385	0
6.63	6.95281324	-0.012716258	0	6.95281324	-0.132815153	0
6.64	6.962155314	-0.010021284	0	6.962155314	-0.132622565	0
6.65	6.971687416	-0.007690686	0	6.971687416	-0.12590173	0
6.66	6.981454134	-0.005750693	0	6.981454134	-0.112338924	0
6.67	6.991514394	-0.004206556	0	6.991514394	-0.092189775	0
6.68	7.001930525	-0.003044578	0	7.001930525	-0.066304335	0
6.69	7.012756979	-0.002237137	0	7.012756979	-0.036037786	0
6.7	7.024032343	-0.001750759	0	7.024032343	-0.003132864	0
6.71	7.035771561	-0.001556836	0	7.035771561	0.030376034	0
6.72	7.047960484	-0.001642955	0	7.047960484	0.062376913	0
6.73	7.060555066	-0.002023366	0	7.060555066	0.090975663	0
6.74	7.073483407	-0.002746205	0	7.073483407	0.114692138	0
6.75	7.086648382	-0.003895218	0	7.086648382	0.132536374	0
6.76	7.099932087	-0.005584652	0	7.099932087	0.143991426	0
6.77	7.113203125	-0.007947224	0	7.113203125	0.148904059	0
6.78	7.12632631	-0.011110998	0	7.12632631	0.147704667	0
6.79	7.139161375	-0.015138086	0	7.139161375	0.132910623	0
6.8	7.151637658	-0.020047294	0	7.151637658	0.102830931	0
6.81	7.163801118	-0.025863128	0	7.163801118	0.065273055	0
6.82	7.175739468	-0.032613634	0	7.175739468	0.027563065	0
6.83	7.187526718	-0.040326904	0	7.187526718	-0.0058514	0
6.84	7.199196646	-0.049026899	0	7.199196646	-0.032790884	0
6.85	7.210740443	-0.058728904	0	7.210740443	-0.052156254	0
6.86	7.22210536	-0.069402929	0	7.22210536	-0.068510222	0
6.87	7.233082399	-0.080120534	0	7.233082399	-0.069213372	0
6.88	7.24394647	-0.090210262	0	7.24394647	-0.046862975	0
6.89	7.254684111	-0.099587883	0	7.254684111	-0.034822181	0
6.9	7.26522542	-0.108051055	0	7.26522542	-0.026223832	0
6.91	7.275553171	-0.11528211	0	7.275553171	-0.015122376	0
6.92	7.285404309	-0.120249006	0	7.285404309	-0.031633261	0
6.93	7.294505951	-0.122533132	0	7.294505951	-0.063196678	0
6.94	7.302977508	-0.122351484	0	7.302977508	-0.096730192	0
6.95	7.311114226	-0.120153704	0	7.311114226	-0.127027023	0
6.96	7.319220375	-0.116504853	0	7.319220375	-0.150620429	0
6.97	7.327522569	-0.111975646	0	7.327522569	-0.163104085	0
6.98	7.336131187	-0.107066392	0	7.336131187	-0.162504383	0
6.99	7.345029041	-0.10216454	0	7.345029041	-0.15226357	0
7	7.35409603	-0.097438815	0	7.35409603	-0.135722142	0
7.01	7.363217981	-0.092857585	0	7.363217981	-0.111880784	0
7.02	7.372284172	-0.088389513	0	7.372284172	-0.09003477	0
7.03	7.381174919	-0.084019087	0	7.381174919	-0.077614047	0
7.04	7.389819598	-0.07973909	0	7.389819598	-0.07475332	0
7.05	7.398223699	-0.075548665	0	7.398223699	-0.078120901	0
7.06	7.406448455	-0.071454635	0	7.406448455	-0.084655193	0
7.07	7.414578575	-0.067469442	0	7.414578575	-0.092069779	0
7.08	7.42269886	-0.063603927	0	7.42269886	-0.098167273	0
7.09	7.43087948	-0.059858808	0	7.43087948	-0.100826125	0
7.1	7.439163806	-0.056219358	0	7.439163806	-0.098665623	0
7.11	7.447561428	-0.052656341	0	7.447561428	-0.091567968	0
7.12	7.456051861	-0.049132478	0	7.456051861	-0.080558761	0
7.13	7.464598288	-0.045611106	0	7.464598288	-0.067178227	0
7.14	7.4731653	-0.04206365	0	7.4731653	-0.052745799	0
7.15	7.481732757	-0.038474032	0	7.481732757	-0.037894432	0
7.16	7.490301719	-0.034840841	0	7.490301719	-0.022538757	0
7.17	7.498891952	-0.031178083	0	7.498891952	-0.006228822	0
7.18	7.507534071	-0.027514975	0	7.507534071	0.011326431	0
7.19	7.516260974	-0.023895229	0	7.516260974	0.029795874	0
7.2	7.525100678	-0.020374838	0	7.525100678	0.047940238	0
7.21	7.534072871	-0.017018324	0	7.534072871	0.063588182	0
7.22	7.543190199	-0.013893402	0	7.543190199	0.073940239	0
7.23	7.552464439	-0.011064063	0	7.552464439	0.076269593	0
7.24	7.561916002	-0.008582775	0	7.561916002	0.068883364	0
7.25	7.571582023	-0.006484016	0	7.571582023	0.051807032	0
7.26	7.581516772	-0.004781523	0	7.581516772	0.026661363	0
7.27	7.591782559	-0.003468529	0	7.591782559	-0.00399015	0
7.28	7.602438017	-0.002522364	0	7.602438017	-0.037215087	0
7.29	7.613528995	-0.001910729	0	7.613528995	-0.06990165	0
7.3	7.625080959	-0.001601707	0	7.625080959	-0.099112848	0
7.31	7.637091884	-0.001575051	0	7.637091884	-0.122516844	0
7.32	7.649529608	-0.00183316	0	7.649529608	-0.138577387	0
7.33	7.662333227	-0.002409926	0	7.662333227	-0.146615191	0
7.34	7.675415389	-0.003374996	0	7.675415389	-0.146890542	0
7.35	7.688665988	-0.004831302	0	7.688665988	-0.140596457	0
7.36	7.701957845	-0.006906143	0	7.701957845	-0.129704255	0
7.37	7.715156483	-0.009734096	0	7.715156483	-0.116673944	0
7.38	7.728123122	-0.013410645	0	7.728123122	-0.10417452	0
7.39	7.740743173	-0.017961629	0	7.740743173	-0.091890877	0
7.4	7.75302242	-0.023408622	0	7.75302242	-0.079257831	0
7.41	7.765040517	-0.029778812	0	7.765040517	-0.066901553	0
7.42	7.776881572	-0.037100657	0	7.776881572	-0.055166507	0
7.43	7.788597162	-0.045400406	0	7.788597162	-0.04479714	0
7.44	7.800194595	-0.054697266	0	7.800194595	-0.037693879	0
7.45	7.811645545	-0.064999814	0	7.811645545	-0.036594614	0
7.46	7.822776147	-0.075874406	0	7.822776147	-0.077343355	0
7.47	7.83366449	-0.086221266	0	7.83366449	-0.122190637	0
7.48	7.844465515	-0.095904326	0	7.844465515	-0.152078254	0
7.49	7.855089443	-0.104765848	0	7.855089443	-0.174134191	0
7.5	7.865506886	-0.11256103	0	7.865506886	-0.197057664	0
7.51	7.875606918	-0.118571511	0	7.875606918	-0.183578402	0
7.52	7.885013175	-0.121927552	0	7.885013175	-0.174452785	0
7.53	7.893708183	-0.122696263	0	7.893708183	-0.180485927	0
7.54	7.901940567	-0.121246718	0	7.901940567	-0.190250009	0
7.55	7.910025745	-0.118112034	0	7.910025745	-0.193003621	0
7.56	7.918228049	-0.113872044	0	7.918228049	-0.185946489	0
7.57	7.926707738	-0.109062216	0	7.926707738	-0.171124125	0
7.58	7.935498439	-0.10411941	0	7.935498439	-0.151705814	0
7.59	7.944513768	-0.099322529	0	7.944513768	-0.134686547	0
7.6	7.953625379	-0.094687821	0	7.953625379	-0.123795509	0
7.61	7.962729227	-0.090176625	0	7.962729227	-0.113660337	0
7.62	7.971703511	-0.085767997	0	7.971703511	-0.103038536	0
7.63	7.980451309	-0.081452	0	7.980451309	-0.094010832	0
7.64	7.988947848	-0.077225061	0	7.988947848	-0.087846027	0
7.65	7.997235804	-0.07309084	0	7.997235804	-0.083858817	0
7.66	8.005393843	-0.069060131	0	8.005393843	-0.080530038	0
7.67	8.013508871	-0.065145495	0	8.013508871	-0.076580131	0
7.68	8.021658405	-0.061352631	0	8.021658405	-0.07134962	0
7.69	8.029897954	-0.057673322	0	8.029897954	-0.064891431	0
7.7	8.038250963	-0.054083656	0	8.038250963	-0.057974515	0
7.71	8.046707937	-0.050548615	0	8.046707937	-0.051863793	0
7.72	8.055236537	-0.047030227	0	8.055236537	-0.047908111	0
7.73	8.063798755	-0.043495952	0	8.063798755	-0.047140894	0
7.74	8.072367115	-0.039924328	0	8.072367115	-0.050087069	0
7.75	8.080934	-0.03630788	0	8.080934	-0.05676095	0
7.76	8.089512357	-0.032654353	0	8.089512357	-0.066748392	0
7.77	8.098129499	-0.0289869	0	8.098129499	-0.079273726	0
7.78	8.106818387	-0.025343566	0	8.106818387	-0.093226016	0
7.79	8.115609662	-0.021775786	0	8.115609662	-0.107203189	0
7.8	8.124526489	-0.018345174	0	8.124526489	-0.119610034	0
7.81	8.133583899	-0.015118905	0	8.133583899	-0.12880269	0
7.82	8.142793002	-0.012163389	0	8.142793002	-0.133275469	0
7.83	8.152169529	-0.009536693	0	8.152169529	-0.131847733	0
7.84	8.161743318	-0.007281112	0	8.161743318	-0.123789816	0
7.85	8.171562424	-0.005418733	0	8.171562424	-0.108894026	0
7.86	8.181687359	-0.003950838	0	8.181687359	-0.087535003	0
7.87	8.192179434	-0.002860574	0	8.192179434	-0.060672961	0
7.88	8.203090685	-0.002118411	0	8.203090685	-0.029743093	0
7.89	8.214455772	-0.001690975	0	8.214455772	0.003448097	0
7.9	8.226284275	-0.001551933	0	8.226284275	0.036826431	0
7.91	8.238556121	-0.001693299	0	8.238556121	0.06830086	0
7.92	8.25122168	-0.002135502	0	8.25122168	0.096048733	0
7.93	8.264203968	-0.002933647	0	8.264203968	0.118682141	0
7.94	8.277401356	-0.004178082	0	8.277401356	0.135307396	0
7.95	8.290692621	-0.005987833	0	8.290692621	0.145488232	0
7.96	8.303944898	-0.008497175	0	8.303944898	0.149143854	0
7.97	8.317022442	-0.011826859	0	8.317022442	0.146219337	0
7.98	8.329788302	-0.016024014	0	8.329788302	0.128067732	0
7.99	8.3421972	-0.021107502	0	8.3421972	0.095850281	0
8	8.354309362	-0.027102937	0	8.354309362	0.057771423	0
8.01	8.36621305	-0.0340386	0	8.36621305	0.020631447	0
8.02	8.377975765	-0.041942186	0	8.377975765	-0.011648352	0
8.03	8.389622481	-0.050836255	0	8.389622481	-0.037188305	0
8.04	8.401137409	-0.060734073	0	8.401137409	-0.054982288	0
8.05	8.412436747	-0.071533648	0	8.412436747	-0.07340997	0
8.06	8.423368144	-0.082134153	0	8.423368144	-0.064720176	0
8.07	8.434215844	-0.092095826	0	8.434215844	-0.043752312	0
8.08	8.444917977	-0.10131425	0	8.444917977	-0.033211333	0
8.09	8.455418395	-0.109570039	0	8.455418395	-0.024151476	0
8.1	8.46568868	-0.116458046	0	8.46568868	-0.01601145	0
8.11	8.475399962	-0.120901047	0	8.475399962	-0.03716341	0
8.12	8.484360927	-0.12267956	0	8.484360927	-0.069781925	0
8.13	8.492741697	-0.1220649	0	8.492741697	-0.102960019	0
8.14	8.500849927	-0.119538862	0	8.500849927	-0.132257218	0
8.15	8.50897936	-0.115675242	0	8.50897936	-0.154029032	0
8.16	8.517336243	-0.111035928	0	8.517336243	-0.163972964	0
8.17	8.526006049	-0.106101763	0	8.526006049	-0.161043927	0
8.18	8.53494776	-0.101231204	0	8.53494776	-0.149713702	0
8.19	8.54403297	-0.096536997	0	8.54403297	-0.131446414	0
8.2	8.553153567	-0.091979717	0	8.553153567	-0.107137219	0
8.21	8.562194307	-0.087531628	0	8.562194307	-0.086781487	0
8.22	8.571040367	-0.083179319	0	8.571040367	-0.076396411	0
8.23	8.579635651	-0.078916753	0	8.579635651	-0.075031187	0
8.24	8.587998947	-0.074744485	0	8.587998947	-0.079223001	0
8.25	8.59619842	-0.070670769	0	8.59619842	-0.086097499	0
8.26	8.604320253	-0.066708401	0	8.604320253	-0.093431814	0
8.27	8.612447317	-0.062866868	0	8.612447317	-0.099017384	0
8.28	8.620645551	-0.059144139	0	8.620645551	-0.10081417	0
8.29	8.628952005	-0.055522382	0	8.628952005	-0.097663982	0
8.3	8.637369787	-0.05197018	0	8.637369787	-0.089700218	0
8.31	8.645873919	-0.048449663	0	8.645873919	-0.078107729	0
8.32	8.654426504	-0.044925255	0	8.654426504	-0.064437109	0
8.33	8.662994241	-0.041370548	0	8.662994241	-0.049898035	0
8.34	8.671560935	-0.037772201	0	8.671560935	-0.034972452	0
8.35	8.680131692	-0.034131755	0	8.680131692	-0.01946754	0
8.36	8.688729114	-0.030466239	0	8.688729114	-0.002922837	0
8.37	8.697384858	-0.026807722	0	8.697384858	0.014863254	0
8.38	8.706131385	-0.023202559	0	8.706131385	0.033398934	0
8.39	8.714995222	-0.019708718	0	8.714995222	0.051257155	0
8.4	8.723994433	-0.016391823	0	8.723994433	0.066107847	0
8.41	8.733140864	-0.01331947	0	8.733140864	0.07509743	0
8.42	8.742447183	-0.010554035	0	8.742447183	0.075623803	0
8.43	8.751936604	-0.008144905	0	8.751936604	0.066297461	0
8.44	8.761649953	-0.006122718	0	8.761649953	0.047489906	0
8.45	8.771643854	-0.004496764	0	8.771643854	0.02106812	0
8.46	8.781980764	-0.003257122	0	8.781980764	-0.010324913	0
8.47	8.792717463	-0.00237849	0	8.792717463	-0.043691999	0
8.48	8.803896512	-0.001827848	0	8.803896512	-0.075916574	0
8.49	8.815538474	-0.001574629	0	8.815538474	-0.104157524	0
8.5	8.827635479	-0.00160214	0	8.827635479	-0.126231801	0
8.51	8.840149658	-0.001918293	0	8.840149658	-0.14076073	0
8.52	8.853014783	-0.002563782	0	8.853014783	-0.14724119	0
8.53	8.866138746	-0.003615095	0	8.866138746	-0.146120146	0
8.54	8.87940748	-0.0051809	0	8.87940748	-0.138761803	0
8.55	8.892691709	-0.007391325	0	8.892691709	-0.127251585	0
8.56	8.905856428	-0.010379208	0	8.905856428	-0.114147562	0
8.57	8.918761402	-0.014224091	0	8.918761402	-0.101823464	0
8.58	8.931311065	-0.018946921	0	8.931311065	-0.089451559	0
8.59	8.943532352	-0.024570788	0	8.943532352	-0.076828823	0
8.6	8.955509965	-0.031123354	0	8.955509965	-0.064574055	0
8.61	8.967323801	-0.038632979	0	8.967323801	-0.053015339	0
8.62	8.979017008	-0.047124907	0	8.979017008	-0.043095492	0
8.63	8.990588899	-0.056616527	0	8.990588899	-0.036930127	0
8.64	9.002004047	-0.067108924	0	9.002004047	-0.037411056	0
8.65	9.013052826	-0.077929973	0	9.013052826	-0.087322087	0
8.66	9.023929556	-0.088154013	0	9.023929556	-0.12905945	0
8.67	9.034701488	-0.097693888	0	9.034701488	-0.156634723	0
8.68	9.045285673	-0.106368962	0	9.045285673	-0.178413604	0
8.69	9.055662446	-0.113913952	0	9.055662446	-0.197348586	0
8.7	9.065651017	-0.119433646	0	9.065651017	-0.180513413	0
8.71	9.074908916	-0.122270652	0	9.074908916	-0.174683347	0
8.72	9.083490284	-0.122573668	0	9.083490284	-0.182522192	0
8.73	9.091669914	-0.120752815	0	9.091669914	-0.191525368	0
8.74	9.099759902	-0.117359021	0	9.099759902	-0.192369615	0
8.75	9.108007264	-0.112969367	0	9.108007264	-0.183572103	0
8.76	9.116548657	-0.108103346	0	9.116548657	-0.167604851	0
8.77	9.1253931	-0.10317524	0	9.1253931	-0.147747401	0
8.78	9.134435651	-0.098413704	0	9.134435651	-0.132249976	0
8.79	9.143554224	-0.093805608	0	9.143554224	-0.121867237	0
8.8	9.152642429	-0.089315711	0	9.152642429	-0.11157118	0
8.81	9.161578181	-0.08492586	0	9.161578181	-0.101078244	0
8.82	9.170276378	-0.080627486	0	9.170276378	-0.092577105	0
8.83	9.178727135	-0.076418276	0	9.178727135	-0.086938419	0
8.84	9.186982754	-0.072303422	0	9.186982754	-0.083204308	0
8.85	9.195125312	-0.06829464	0	9.195125312	-0.07984182	0
8.86	9.203241043	-0.064403845	0	9.203241043	-0.07567744	0
8.87	9.211404188	-0.060634466	0	9.211404188	-0.070184117	0
8.88	9.219664589	-0.056975152	0	9.219664589	-0.063559251	0
8.89	9.228038998	-0.053399325	0	9.228038998	-0.056692743	0
8.9	9.236512392	-0.049870688	0	9.236512392	-0.050901109	0
8.91	9.245049875	-0.046351708	0	9.245049875	-0.047498303	0
8.92	9.253614449	-0.042811701	0	9.253614449	-0.047427081	0
8.93	9.262181997	-0.03923171	0	9.262181997	-0.051108629	0
8.94	9.270749096	-0.035607138	0	9.270749096	-0.058467911	0
8.95	9.279332107	-0.031948725	0	9.279332107	-0.069017007	0
8.96	9.287960149	-0.028282606	0	9.287960149	-0.081912944	0
8.97	9.296666247	-0.024649533	0	9.296666247	-0.095986231	0
8.98	9.305479892	-0.021103143	0	9.305479892	-0.109787406	0
8.99	9.314422625	-0.017706588	0	9.314422625	-0.121698612	0
9	9.323508207	-0.014527437	0	9.323508207	-0.130088563	0
9.01	9.332747849	-0.011631121	0	9.332747849	-0.133501484	0
9.02	9.342159346	-0.009073164	0	9.342159346	-0.130835388	0
9.03	9.351775999	-0.006892182	0	9.351775999	-0.121457044	0
9.04	9.361648939	-0.005106197	0	9.361648939	-0.105267372	0
9.05	9.371839724	-0.003712736	0	9.371839724	-0.08275687	0
9.06	9.382408635	-0.002691968	0	9.382408635	-0.054986321	0
9.07	9.393404989	-0.002012858	0	9.393404989	-0.023468347	0
9.08	9.404859159	-0.001642506	0	9.404859159	0.009926257	0
9.09	9.416775193	-0.001557228	0	9.416775193	0.043096701	0
9.1	9.429127215	-0.001753809	0	9.429127215	0.073985175	0
9.11	9.441860186	-0.00225901	0	9.441860186	0.100843238	0
9.12	9.454892097	-0.003134892	0	9.454892097	0.1223756	0
9.13	9.468117089	-0.004478033	0	9.468117089	0.13778316	0
9.14	9.48141103	-0.006411614	0	9.48141103	0.146704877	0
9.15	9.494640053	-0.009070648	0	9.494640053	0.149210596	0
9.16	9.507667224	-0.012565523	0	9.507667224	0.144104656	0
9.17	9.520363391	-0.016931245	0	9.520363391	0.122743142	0
9.18	9.532708496	-0.022187772	0	9.532708496	0.088746997	0
9.19	9.544773682	-0.028361597	0	9.544773682	0.050412849	0
9.2	9.556645922	-0.035481107	0	9.556645922	0.013980062	0
9.21	9.56838553	-0.04357342	0	9.56838553	-0.017110893	0
9.22	9.580008922	-0.052659584	0	9.580008922	-0.041232247	0
9.23	9.591493994	-0.062750787	0	9.591493994	-0.057439721	0
9.24	9.602715674	-0.073619137	0	9.602715674	-0.076091446	0
9.25	9.613620315	-0.084098525	0	9.613620315	-0.060054364	0
9.26	9.624447803	-0.093929829	0	9.624447803	-0.041121015	0
9.27	9.635113104	-0.10298263	0	9.635113104	-0.031656763	0
9.28	9.645573375	-0.111024015	0	9.645573375	-0.021851597	0
9.29	9.655772062	-0.117521355	0	9.655772062	-0.018282869	0
9.3	9.665339092	-0.121444748	0	9.665339092	-0.043012764	0
9.31	9.674168337	-0.122734592	0	9.674168337	-0.076293696	0
9.32	9.682471601	-0.121710921	0	9.682471601	-0.108975282	0
9.33	9.690562981	-0.118882525	0	9.690562981	-0.137159603	0
9.34	9.698723384	-0.114828141	0	9.698723384	-0.156956329	0
9.35	9.707137644	-0.110098209	0	9.707137644	-0.164347512	0
9.36	9.715866439	-0.105153154	0	9.715866439	-0.159279089	0
9.37	9.724846194	-0.100317266	0	9.724846194	-0.146925281	0
9.38	9.733945811	-0.095652532	0	9.733945811	-0.126974652	0
9.39	9.743060677	-0.091117949	0	9.743060677	-0.102626268	0
9.4	9.75207172	-0.086689168	0	9.75207172	-0.083968737	0
9.41	9.760871417	-0.082354561	0	9.760871417	-0.075538167	0
9.42	9.769418579	-0.078109252	0	9.769418579	-0.075511288	0
9.43	9.777744036	-0.07395525	0	9.777744036	-0.080411669	0
9.44	9.785921569	-0.069902098	0	9.785921569	-0.087543057	0
9.45	9.794038183	-0.065962658	0	9.794038183	-0.09471381	0
9.46	9.802174352	-0.062144751	0	9.802174352	-0.09971245	0
9.47	9.810391291	-0.058443456	0	9.810391291	-0.100611809	0
9.48	9.81871963	-0.054837989	0	9.81871963	-0.096488711	0
9.49	9.827156302	-0.051295019	0	9.827156302	-0.087715081	0
9.5	9.835672489	-0.047776473	0	9.835672489	-0.075605716	0
9.51	9.844229882	-0.044248074	0	9.844229882	-0.06169439	0
9.52	9.852797716	-0.04068569	0	9.852797716	-0.047068849	0
9.53	9.861363872	-0.037078768	0	9.861363872	-0.032062772	0
9.54	9.869937299	-0.033431788	0	9.869937299	-0.01639333	0
9.55	9.878543043	-0.029764715	0	9.878543043	0.000390343	0
9.56	9.887213537	-0.026112476	0	9.887213537	0.018385321	0
9.57	9.895980485	-0.022523859	0	9.895980485	0.036932091	0
9.58	9.904868868	-0.019058648	0	9.904868868	0.054419783	0
9.59	9.913895236	-0.015783349	0	9.913895236	0.068376055	0
9.6	9.923070904	-0.012765165	0	9.923070904	0.075922889	0
9.61	9.932409811	-0.010064591	0	9.932409811	0.07461981	0
9.62	9.941938234	-0.007727715	0	9.941938234	0.063401519	0
9.63	9.951700361	-0.005781076	0	9.951700361	0.042964397	0
9.64	9.961754792	-0.004230313	0	9.961754792	0.015365243	0
9.65	9.972163718	-0.003062068	0	9.972163718	-0.016663019	0
9.66	9.982982118	-0.002248812	0	9.982982118	-0.050050117	0
9.67	9.994249007	-0.001757168	0	9.994249007	-0.081700206	0
9.68	10.00597962	-0.001558332	0	10.00597962	-0.108897747	0
9.69	10.01816019	-0.00163949	0	10.01816019	-0.12961032	0
9.7	10.0307473	-0.002014353	0	10.0307473	-0.142612489	0
9.71	10.04366962	-0.002730408	0	10.04366962	-0.14757689	0
9.72	10.05683042	-0.003870812	0	10.05683042	-0.145136099	0
9.73	10.07011214	-0.005549358	0	10.07011214	-0.136810762	0
9.74	10.08338359	-0.007898558	0	10.08338359	-0.124789461	0
9.75	10.09650967	-0.01104701	0	10.09650967	-0.111726202	0
9.76	10.10935001	-0.015058293	0	10.10935001	-0.099509584	0
9.77	10.12183169	-0.0199513	0	10.12183169	-0.087044562	0
9.78	10.13399918	-0.025750434	0	10.13399918	-0.074454421	0
9.79	10.14594001	-0.032483719	0	10.14594001	-0.062302568	0
9.8	10.15772872	-0.040179279	0	10.15772872	-0.050946102	0
9.81	10.16939988	-0.048861201	0	10.16939988	-0.041545572	0
9.82	10.18094535	-0.058544958	0	10.18094535	-0.036409942	0
9.83	10.1923146	-0.069204862	0	10.1923146	-0.043464247	0
9.84	10.20329594	-0.079932502	0	10.20329594	-0.09653233	0
9.85	10.21416038	-0.090033852	0	10.21416038	-0.135274893	0
9.86	10.22490037	-0.099425777	0	10.22490037	-0.160908073	0
9.87	10.23544478	-0.107907644	0	10.23544478	-0.18276477	0
9.88	10.24577664	-0.115167961	0	10.24577664	-0.194927612	0
9.89	10.25563976	-0.120183193	0	10.25563976	-0.178048296	0
9.9	10.26475426	-0.122514765	0	10.26475426	-0.175448254	0
9.91	10.27323432	-0.122374237	0	10.27323432	-0.18455507	0
9.92	10.28137374	-0.120208086	0	10.28137374	-0.192456624	0
9.93	10.28947757	-0.116580243	0	10.28947757	-0.191384225	0
9.94	10.29777434	-0.112062237	0	10.29777434	-0.180975412	0
9.95	10.30637674	-0.107156055	0	10.30637674	-0.164002093	0
9.96	10.31526983	-0.102251669	0	10.31526983	-0.144146821	0
9.97	10.32433462	-0.097523057	0	10.32433462	-0.130060774	0
9.98	10.33345625	-0.092939754	0	10.33345625	-0.119968928	0
9.99	10.34252441	-0.088470079	0	10.34252441	-0.109513898	0
10	10.35141906	-0.084098295	0	10.35141906	-0.099238748	0
