0	0	0.05	0	0.994995507	0.09991967318	0	-0.09991967318	0.994995507	0	0	0	1
0.01	0.01856542806	0.04937822869	0	0.995934285	0.09008273937	0	-0.09008273937	0.995934285	0	0	0	1
0.02	0.03813637855	0.04776031448	0	0.9971254331	0.07576853407	0	-0.07576853407	0.9971254331	0	0	0	1
0.03	0.05946685374	0.04514710374	0	0.9978640224	0.06532528409	0	-0.06532528409	0.9978640224	0	0	0	1
0.04	0.08195547968	0.04150661075	0	0.9983502112	0.0574182534	0	-0.0574182534	0.9983502112	0	0	0	1
0.05	0.1047323728	0.03678920288	0	0.9987764948	0.04945213269	0	-0.04945213269	0.9987764948	0	0	0	1
0.06	0.1270712464	0.03096454268	0	0.9991868467	0.04031929189	0	-0.04031929189	0.9991868467	0	0	0	1
0.07	0.1484830581	0.02403110664	0	0.9995566604	0.02977385804	0	-0.02977385804	0.9995566604	0	0	0	1
0.08	0.1687616622	0.01601057301	0	0.9998423828	0.01775414141	0	-0.01775414141	0.9998423828	0	0	0	1
0.09	0.1879737229	0.006941809743	0	0.9999909843	0.00424633391	0	-0.00424633391	0.9999909843	0	0	0	1
0.1	0.2063754306	-0.00312577842	0	0.9999427344	-0.01070177321	0	0.01070177321	0.9999427344	0	0	0	1
0.11	0.2242930986	-0.0141394282	0	0.9996345178	-0.02703388199	0	0.02703388199	0.9996345178	0	0	0	1
0.12	0.2420147835	-0.02604869179	0	0.9989965054	-0.04478819298	0	0.04478819298	0.9989965054	0	0	0	1
0.13	0.2597219617	-0.03880936513	0	0.9979388638	-0.06417183321	0	0.06417183321	0.9979388638	0	0	0	1
0.14	0.2774718606	-0.05238692735	0	0.9963338051	-0.08555085541	0	0.08555085541	0.9963338051	0	0	0	1
0.15	0.2952242368	-0.06676028476	0	0.9940035243	-0.1093480389	0	0.1093480389	0.9940035243	0	0	0	1
0.16	0.3128005181	-0.08174345663	0	0.9907146902	-0.1359573562	0	0.1359573562	0.9907146902	0	0	0	1
0.17	0.3299334998	-0.09558908596	0	0.9863367543	-0.1647416377	0	0.1647416377	0.9863367543	0	0	0	1
0.18	0.3469271096	-0.107491634	0	0.9806748521	-0.1956446638	0	0.1956446638	0.9806748521	0	0	0	1
0.19	0.3630071886	-0.1156948223	0	0.9728087128	-0.2316100351	0	0.2316100351	0.9728087128	0	0	0	1
0.2	0.3778933396	-0.1195714916	0	0.9629350298	-0.2697334397	0	0.2697334397	0.9629350298	0	0	0	1
0.21	0.3918739651	-0.1194310383	0	0.9532817075	-0.3020827471	0	0.3020827471	0.9532817075	0	0	0	1
0.22	0.4051535895	-0.1161097021	0	0.9446218063	-0.3281610017	0	0.3281610017	0.9446218063	0	0	0	1
0.23	0.417998408	-0.1107133127	0	0.9363059652	-0.3511853349	0	0.3511853349	0.9363059652	0	0	0	1
0.24	0.4308116726	-0.1041576425	0	0.927601568	-0.3735710522	0	0.3735710522	0.927601568	0	0	0	1
0.25	0.4439999175	-0.09698287318	0	0.9192839519	-0.3935949894	0	0.3935949894	0.9192839519	0	0	0	1
0.26	0.4577230465	-0.08916727422	0	0.9129917538	-0.407978011	0	0.407978011	0.9129917538	0	0	0	1
0.27	0.4718962502	-0.08061195321	0	0.9095838059	-0.4155205169	0	0.4155205169	0.9095838059	0	0	0	1
0.28	0.4862608952	-0.07136138306	0	0.9086857187	-0.4174808554	0	0.4174808554	0.9086857187	0	0	0	1
0.29	0.5005277824	-0.06155072986	0	0.9094609756	-0.4157892902	0	0.4157892902	0.9094609756	0	0	0	1
0.3	0.5144799179	-0.05135617734	0	0.911318486	-0.4117020975	0	0.4117020975	0.911318486	0	0	0	1
0.31	0.5279981469	-0.04098864425	0	0.9139994587	-0.4057154045	0	0.4057154045	0.9139994587	0	0	0	1
0.32	0.5410474659	-0.03069897104	0	0.9173378052	-0.3981097224	0	0.3981097224	0.9173378052	0	0	0	1
0.33	0.5536626223	-0.02076143787	0	0.9211296621	-0.3892558871	0	0.3892558871	0.9211296621	0	0	0	1
0.34	0.5659332804	-0.01144029378	0	0.9251766443	-0.3795367924	0	0.3795367924	0.9251766443	0	0	0	1
0.35	0.5779794806	-0.002960349551	0	0.9293463846	-0.3692090159	0	0.3692090159	0.9293463846	0	0	0	1
0.36	0.5899153744	0.004510037431	0	0.933559141	-0.3584233953	0	0.3584233953	0.933559141	0	0	0	1
0.37	0.6018424162	0.01091777753	0	0.9377768792	-0.3472384265	0	0.3472384265	0.9377768792	0	0	0	1
0.38	0.6138895035	0.01626058301	0	0.9419526888	-0.3357456358	0	0.3357456358	0.9419526888	0	0	0	1
0.39	0.6261777639	0.02053907046	0	0.946017223	-0.3241163583	0	0.3241163583	0.946017223	0	0	0	1
0.4	0.6387764166	0.0237677259	0	0.9499020343	-0.3125477968	0	0.3125477968	0.9499020343	0	0	0	1
0.41	0.651700304	0.02601406554	0	0.9535517233	-0.3012293328	0	0.3012293328	0.9535517233	0	0	0	1
0.42	0.664879942	0.02737072041	0	0.9569010869	-0.2904140318	0	0.2904140318	0.9569010869	0	0	0	1
0.43	0.6782585373	0.02794193536	0	0.9599440725	-0.2801916801	0	0.2801916801	0.9599440725	0	0	0	1
0.44	0.6918241213	0.0278297537	0	0.9627032426	-0.2705595435	0	0.2705595435	0.9627032426	0	0	0	1
0.45	0.7055879665	0.02711994402	0	0.9652054433	-0.2614927383	0	0.2614927383	0.9652054433	0	0	0	1
0.46	0.719561977	0.0258720769	0	0.9674806352	-0.2529450938	0	0.2529450938	0.9674806352	0	0	0	1
0.47	0.7337453738	0.02411313909	0	0.9695586009	-0.2448593871	0	0.2448593871	0.9695586009	0	0	0	1
0.48	0.7481187406	0.02183404108	0	0.971461912	-0.237195602	0	0.237195602	0.971461912	0	0	0	1
0.49	0.7626420648	0.01898928714	0	0.9732014269	-0.2299543056	0	0.2299543056	0.9732014269	0	0	0	1
0.5	0.7772549373	0.0155004649	0	0.9747768882	-0.2231815812	0	0.2231815812	0.9747768882	0	0	0	1
0.51	0.7918793409	0.01126403471	0	0.9761812603	-0.2169565555	0	0.2169565555	0.9761812603	0	0	0	1
0.52	0.8064257266	0.006163012902	0	0.9774068053	-0.2113668302	0	0.2113668302	0.9774068053	0	0	0	1
0.53	0.8208009021	8.427642306e-005	0	0.978451274	-0.2064778545	0	0.2064778545	0.978451274	0	0	0	1
0.54	0.8349063405	-0.007048449766	0	0.979320959	-0.2023127758	0	0.2023127758	0.979320959	0	0	0	1
0.55	0.848711944	-0.01526922177	0	0.9800613751	-0.1986949948	0	0.1986949948	0.9800613751	0	0	0	1
0.56	0.8622904057	-0.02459137862	0	0.9807336554	-0.1953496793	0	0.1953496793	0.9807336554	0	0	0	1
0.57	0.8757036443	-0.03501396996	0	0.9813733579	-0.1921102088	0	0.1921102088	0.9813733579	0	0	0	1
0.58	0.8889462626	-0.0465247579	0	0.9820118101	-0.1888195033	0	0.1888195033	0.9820118101	0	0	0	1
0.59	0.9019543436	-0.05909928832	0	0.9826904007	-0.1852554356	0	0.1852554356	0.9826904007	0	0	0	1
0.6	0.9146229769	-0.07267471451	0	0.9834152855	-0.1813680687	0	0.1813680687	0.9834152855	0	0	0	1
0.61	0.92656468	-0.08612574016	0	0.9830579825	-0.1832948526	0	0.1832948526	0.9830579825	0	0	0	1
0.62	0.9382951106	-0.09847218738	0	0.9829003615	-0.1841382074	0	0.1841382074	0.9829003615	0	0	0	1
0.63	0.9500071756	-0.1094420443	0	0.9840152254	-0.1780843511	0	0.1780843511	0.9840152254	0	0	0	1
0.64	0.9612039287	-0.1179543663	0	0.9866840521	-0.1626486438	0	0.1626486438	0.9866840521	0	0	0	1
0.65	0.9711319137	-0.1228713203	0	0.9901113608	-0.1402836168	0	0.1402836168	0.9901113608	0	0	0	1
0.66	0.9798130668	-0.1242466704	0	0.9932065028	-0.1163651272	0	0.1163651272	0.9932065028	0	0	0	1
0.67	0.9877760809	-0.1224822856	0	0.9957345975	-0.09226381398	0	0.09226381398	0.9957345975	0	0	0	1
0.68	0.9956300478	-0.1182790297	0	0.9976671131	-0.06826662083	0	0.06826662083	0.9976671131	0	0	0	1
0.69	1.003856947	-0.112492922	0	0.9989828449	-0.04509185832	0	0.04509185832	0.9989828449	0	0	0	1
0.7	1.012764284	-0.1059435748	0	0.9997193491	-0.02369014523	0	0.02369014523	0.9997193491	0	0	0	1
0.71	1.022462919	-0.09925786107	0	0.9999890414	-0.004681564381	0	0.004681564381	0.9999890414	0	0	0	1
0.72	1.032857959	-0.09260639288	0	0.9999381849	0.01111873823	0	-0.01111873823	0.9999381849	0	0	0	1
0.73	1.043769254	-0.0859024552	0	0.9997130799	0.02395324529	0	-0.02395324529	0.9997130799	0	0	0	1
0.74	1.054966707	-0.0790843355	0	0.9993991106	0.0346614725	0	-0.0346614725	0.9993991106	0	0	0	1
0.75	1.06623058	-0.072126544	0	0.9990425837	0.04374832431	0	-0.04374832431	0.9990425837	0	0	0	1
0.76	1.07742937	-0.06503086303	0	0.9986755565	0.05145029509	0	-0.05145029509	0.9986755565	0	0	0	1
0.77	1.088537358	-0.05782289044	0	0.9983195283	0.05794928356	0	-0.05794928356	0.9983195283	0	0	0	1
0.78	1.099603156	-0.05055136343	0	0.9979842857	0.0634615275	0	-0.0634615275	0.9979842857	0	0	0	1
0.79	1.110705433	-0.04328335813	0	0.9976685068	0.06824624992	0	-0.06824624992	0.9976685068	0	0	0	1
0.8	1.121916625	-0.03609673533	0	0.9973619016	0.07258951142	0	-0.07258951142	0.9973619016	0	0	0	1
0.81	1.133276683	-0.02907362422	0	0.9970481483	0.07677883786	0	-0.07677883786	0.9970481483	0	0	0	1
0.82	1.144779866	-0.02229967104	0	0.9967067196	0.08109078285	0	-0.08109078285	0.9967067196	0	0	0	1
0.83	1.156376146	-0.01586444134	0	0.9963136577	0.08578517075	0	-0.08578517075	0.9963136577	0	0	0	1
0.84	1.167986063	-0.009860728882	0	0.9958417045	0.09110049214	0	-0.09110049214	0.9958417045	0	0	0	1
0.85	1.1795235	-0.004378873181	0	0.9952623743	0.09722554326	0	-0.09722554326	0.9952623743	0	0	0	1
0.86	1.190918027	0.0005014325106	0	0.9945500568	0.1042601772	0	-0.1042601772	0.9945500568	0	0	0	1
0.87	1.202130917	0.004719667106	0	0.9936877709	0.112181166	0	-0.112181166	0.9936877709	0	0	0	1
0.88	1.213163093	0.008241681636	0	0.9926732764	0.1208294924	0	-0.1208294924	0.9926732764	0	0	0	1
0.89	1.224054036	0.01106374881	0	0.9915239548	0.1299240051	0	-0.1299240051	0.9915239548	0	0	0	1
0.9	1.234872435	0.01321203141	0	0.9902793739	0.1390926371	0	-0.1390926371	0.9902793739	0	0	0	1
0.91	1.245701441	0.01473736592	0	0.9890001362	0.1479146058	0	-0.1479146058	0.9890001362	0	0	0	1
0.92	1.256622941	0.01570639409	0	0.9877624322	0.1559659499	0	-0.1559659499	0.9877624322	0	0	0	1
0.93	1.267703597	0.01618981476	0	0.9866480242	0.1628670509	0	-0.1628670509	0.9866480242	0	0	0	1
0.94	1.278985063	0.0162493653	0	0.9857322384	0.1683209853	0	-0.1683209853	0.9857322384	0	0	0	1
0.95	1.290479518	0.0159257775	0	0.9850731383	0.1721363189	0	-0.1721363189	0.9850731383	0	0	0	1
0.96	1.302169796	0.01522903547	0	0.9847040631	0.1742352092	0	-0.1742352092	0.9847040631	0	0	0	1
0.97	1.314013266	0.01413306231	0	0.984631485	0.1746448934	0	-0.1746448934	0.984631485	0	0	0	1
0.98	1.32594769	0.01257527296	0	0.9848379236	0.1734769845	0	-0.1734769845	0.9848379236	0	0	0	1
0.99	1.33789859	0.01046166085	0	0.985289064	0.1708960511	0	-0.1708960511	0.985289064	0	0	0	1
1	1.349786979	0.00767606457	0	0.9859428653	0.1670828129	0	-0.1670828129	0.9859428653	0	0	0	1
1.01	1.361537511	0.004092876594	0	0.9867580875	0.1621988801	0	-0.1621988801	0.9867580875	0	0	0	1
1.02	1.373082477	-0.000403656249	0	0.9877020713	0.1563477482	0	-0.1563477482	0.9877020713	0	0	0	1
1.03	1.384362119	-0.0058971128	0	0.9888287226	0.1490562218	0	-0.1490562218	0.9888287226	0	0	0	1
1.04	1.39538463	-0.0124535395	0	0.9901709353	0.1398624997	0	-0.1398624997	0.9901709353	0	0	0	1
1.05	1.406246475	-0.02011843204	0	0.9916319214	0.1290973759	0	-0.1290973759	0.9916319214	0	0	0	1
1.06	1.417064525	-0.02891680667	0	0.9930176795	0.1179656228	0	-0.1179656228	0.9930176795	0	0	0	1
1.07	1.427869247	-0.0388556143	0	0.994198378	0.1075620065	0	-0.1075620065	0.994198378	0	0	0	1
1.08	1.438583554	-0.04992284815	0	0.9951457594	0.09841197899	0	-0.09841197899	0.9951457594	0	0	0	1
1.09	1.449065287	-0.06208653748	0	0.9958871017	0.09060287382	0	-0.09060287382	0.9958871017	0	0	0	1
1.1	1.459093975	-0.07516166276	0	0.9964800662	0.0838300526	0	-0.0838300526	0.9964800662	0	0	0	1
1.11	1.468308381	-0.08779721574	0	0.9969887203	0.07754670528	0	-0.07754670528	0.9969887203	0	0	0	1
1.12	1.477568027	-0.09947883811	0	0.997380169	0.07233808422	0	-0.07233808422	0.997380169	0	0	0	1
1.13	1.486962715	-0.109764139	0	0.9978346769	0.06577201233	0	-0.06577201233	0.9978346769	0	0	0	1
1.14	1.495670267	-0.1171279544	0	0.9985024504	0.0547070062	0	-0.0547070062	0.9985024504	0	0	0	1
1.15	1.503118391	-0.1210923407	0	0.9992808423	0.03791831102	0	-0.03791831102	0.9992808423	0	0	0	1
1.16	1.509557375	-0.121780836	0	0.999855639	0.01699120938	0	-0.01699120938	0.999855639	0	0	0	1
1.17	1.515560289	-0.1196485494	0	0.9999808275	-0.006192301086	0	0.006192301086	0.9999808275	0	0	0	1
1.18	1.521672322	-0.1154176632	0	0.999535661	-0.03047068052	0	0.03047068052	0.999535661	0	0	0	1
1.19	1.528310834	-0.1099128751	0	0.9984827153	-0.0550660259	0	0.0550660259	0.9984827153	0	0	0	1
1.2	1.535748645	-0.1038809471	0	0.9968593175	-0.07919280934	0	0.07919280934	0.9968593175	0	0	0	1
1.21	1.544075698	-0.09783036846	0	0.9947684895	-0.1021550402	0	0.1021550402	0.9947684895	0	0	0	1
1.22	1.55320099	-0.09181470006	0	0.9923393008	-0.1235423493	0	0.1235423493	0.9923393008	0	0	0	1
1.23	1.562948923	-0.08573941646	0	0.9896423716	-0.1435547853	0	0.1435547853	0.9896423716	0	0	0	1
1.24	1.573086112	-0.07953105167	0	0.9866453421	-0.1628832984	0	0.1628832984	0.9866453421	0	0	0	1
1.25	1.583401028	-0.07314613	0	0.9832813062	-0.1820930336	0	0.1820930336	0.9832813062	0	0	0	1
1.26	1.59377211	-0.06657052848	0	0.9795385098	-0.2012568206	0	0.2012568206	0.9795385098	0	0	0	1
1.27	1.604174711	-0.05981833294	0	0.9754927359	-0.220031639	0	0.220031639	0.9754927359	0	0	0	1
1.28	1.614647948	-0.0529282096	0	0.9712845261	-0.2379209309	0	0.2379209309	0.9712845261	0	0	0	1
1.29	1.625253684	-0.04595577437	0	0.9670833499	-0.2544598089	0	0.2544598089	0.9670833499	0	0	0	1
1.3	1.636043054	-0.03896635368	0	0.9630647452	-0.2692699325	0	0.2692699325	0.9630647452	0	0	0	1
1.31	1.647032224	-0.03203187418	0	0.9593920694	-0.2820759775	0	0.2820759775	0.9593920694	0	0	0	1
1.32	1.658190959	-0.02523270387	0	0.9561925784	-0.2927383695	0	0.2927383695	0.9561925784	0	0	0	1
1.33	1.669446385	-0.0186608502	0	0.9535354145	-0.3012809541	0	0.3012809541	0.9535354145	0	0	0	1
1.34	1.68069963	-0.01241919307	0	0.9514275885	-0.3078726096	0	0.3078726096	0.9514275885	0	0	0	1
1.35	1.691848626	-0.006615239413	0	0.9498313258	-0.3127626138	0	0.3127626138	0.9498313258	0	0	0	1
1.36	1.702809942	-0.00135062981	0	0.9486904933	-0.3162061795	0	0.3162061795	0.9486904933	0	0	0	1
1.37	1.713534639	0.003290517319	0	0.9479531842	-0.318409737	0	0.318409737	0.9479531842	0	0	0	1
1.38	1.724016306	0.007252027866	0	0.9475865285	-0.3194992505	0	0.3194992505	0.9475865285	0	0	0	1
1.39	1.734289992	0.01051185872	0	0.9475833205	-0.3195087647	0	0.3195087647	0.9475833205	0	0	0	1
1.4	1.744422653	0.01308264538	0	0.9479607146	-0.3183873168	0	0.3183873168	0.9479607146	0	0	0	1
1.41	1.754497054	0.01500597148	0	0.9487510078	-0.3160245644	0	0.3160245644	0.9487510078	0	0	0	1
1.42	1.764594835	0.01634226616	0	0.9499878136	-0.3122869738	0	0.3122869738	0.9499878136	0	0	0	1
1.43	1.774782039	0.01715787883	0	0.9516917323	-0.3070551199	0	0.3070551199	0.9516917323	0	0	0	1
1.44	1.785099118	0.01751082977	0	0.9538570276	-0.3002611711	0	0.3002611711	0.9538570276	0	0	0	1
1.45	1.795556883	0.01743819715	0	0.9564435113	-0.2919174707	0	0.2919174707	0.9564435113	0	0	0	1
1.46	1.80613739	0.01694672188	0	0.9593759894	-0.2821306628	0	0.2821306628	0.9593759894	0	0	0	1
1.47	1.81679855	0.01600834002	0	0.9625512688	-0.2710997139	0	0.2710997139	0.9625512688	0	0	0	1
1.48	1.827480838	0.014561005	0	0.9658505605	-0.2590997776	0	0.2590997776	0.9658505605	0	0	0	1
1.49	1.838115225	0.01251473735	0	0.9691542913	-0.2464547823	0	0.2464547823	0.9691542913	0	0	0	1
1.5	1.848631548	0.009762090156	0	0.9723557844	-0.2335042368	0	0.2335042368	0.9723557844	0	0	0	1
1.51	1.859436944	0.006479083697	0	0.9769253392	-0.2135810892	0	0.2135810892	0.9769253392	0	0	0	1
1.52	1.869059863	0.002552327237	0	0.9804288031	-0.1968739751	0	0.1968739751	0.9804288031	0	0	0	1
1.53	1.877451749	-0.002046236412	0	0.9827696227	-0.1848347063	0	0.1848347063	0.9827696227	0	0	0	1
1.54	1.885353818	-0.007365108307	0	0.9847487448	-0.1739824979	0	0.1739824979	0.9847487448	0	0	0	1
1.55	1.893347308	-0.01348295473	0	0.9866311759	-0.1629690852	0	0.1629690852	0.9866311759	0	0	0	1
1.56	1.90177788	-0.02049258922	0	0.9884808548	-0.1513459604	0	0.1513459604	0.9884808548	0	0	0	1
1.57	1.910771746	-0.02850191037	0	0.9903018971	-0.1389321874	0	0.1389321874	0.9903018971	0	0	0	1
1.58	1.920285385	-0.03765825638	0	0.9920222052	-0.1260632557	0	0.1260632557	0.9920222052	0	0	0	1
1.59	1.930104473	-0.04801349512	0	0.9935173001	-0.11368102	0	0.11368102	0.9935173001	0	0	0	1
1.6	1.939883201	-0.05954102259	0	0.9947332176	-0.1024979303	0	0.1024979303	0.9947332176	0	0	0	1
1.61	1.949257461	-0.07213162074	0	0.9956708348	-0.09294938849	0	0.09294938849	0.9956708348	0	0	0	1
1.62	1.957750007	-0.084562781	0	0.9958112833	-0.09143242306	0	0.09143242306	0.9958112833	0	0	0	1
1.63	1.965856513	-0.09611310869	0	0.9952242056	-0.0976154728	0	0.0976154728	0.9952242056	0	0	0	1
1.64	1.973971566	-0.10673029	0	0.9949652129	-0.1002208816	0	0.1002208816	0.9949652129	0	0	0	1
1.65	1.981868926	-0.1153244315	0	0.9958421413	-0.09109571624	0	0.09109571624	0.9958421413	0	0	0	1
1.66	1.988967887	-0.1206552597	0	0.9973648827	-0.07254854032	0	0.07254854032	0.9973648827	0	0	0	1
1.67	1.995220491	-0.1225578197	0	0.9987081976	-0.05081275511	0	0.05081275511	0.9987081976	0	0	0	1
1.68	2.000885847	-0.1212758888	0	0.9996208781	-0.0275336167	0	0.0275336167	0.9996208781	0	0	0	1
1.69	2.006346347	-0.1174185999	0	0.9999947349	-0.003245036003	0	0.003245036003	0.9999947349	0	0	0	1
1.7	2.012047774	-0.1118664968	0	0.9997950137	0.02024674238	0	-0.02024674238	0.9997950137	0	0	0	1
1.71	2.018477044	-0.1055963784	0	0.9991838226	0.04039416611	0	-0.04039416611	0.9991838226	0	0	0	1
1.72	2.026095036	-0.09942105585	0	0.9984468603	0.0557123617	0	-0.0557123617	0.9984468603	0	0	0	1
1.73	2.035219135	-0.09365175336	0	0.9977894141	0.06645513618	0	-0.06645513618	0.9977894141	0	0	0	1
1.74	2.045925515	-0.08835412815	0	0.9972063575	0.07469592096	0	-0.07469592096	0.9972063575	0	0	0	1
1.75	2.057959228	-0.08345569088	0	0.9966406708	0.08189855556	0	-0.08189855556	0.9966406708	0	0	0	1
1.76	2.070828722	-0.0787922977	0	0.9960851579	0.08839885839	0	-0.08839885839	0.9960851579	0	0	0	1
1.77	2.083964152	-0.07419054554	0	0.9955518408	0.09421535061	0	-0.09421535061	0.9955518408	0	0	0	1
1.78	2.096846918	-0.06953569039	0	0.9950307743	0.09956785749	0	-0.09956785749	0.9950307743	0	0	0	1
1.79	2.10910333	-0.064799091	0	0.9944865524	0.104864184	0	-0.104864184	0.9944865524	0	0	0	1
1.8	2.12055224	-0.06002517235	0	0.993877154	0.1104907362	0	-0.1104907362	0.993877154	0	0	0	1
1.81	2.131199206	-0.05529637716	0	0.9931730429	0.1166503612	0	-0.1166503612	0.9931730429	0	0	0	1
1.82	2.141186149	-0.05069633581	0	0.9923680443	0.1233112511	0	-0.1233112511	0.9923680443	0	0	0	1
1.83	2.150719244	-0.04628353863	0	0.991480525	0.1302550133	0	-0.1302550133	0.991480525	0	0	0	1
1.84	2.160000774	-0.04207946845	0	0.9905459118	0.1371816191	0	-0.1371816191	0.9905459118	0	0	0	1
1.85	2.169182164	-0.0380693816	0	0.9896039952	0.1438190969	0	-0.1438190969	0.9896039952	0	0	0	1
1.86	2.178343381	-0.0342119349	0	0.9886849099	0.1500071628	0	-0.1500071628	0.9886849099	0	0	0	1
1.87	2.187497221	-0.03045402904	0	0.9877963871	0.1557507551	0	-0.1557507551	0.9877963871	0	0	0	1
1.88	2.196611209	-0.02674729049	0	0.9869135532	0.1612502356	0	-0.1612502356	0.9869135532	0	0	0	1
1.89	2.205635765	-0.0230633606	0	0.9859728118	0.1669060049	0	-0.1669060049	0.9859728118	0	0	0	1
1.9	2.21452756	-0.01940684816	0	0.9848731557	0.1732768515	0	-0.1732768515	0.9848731557	0	0	0	1
1.91	2.223260226	-0.01582550607	0	0.9834898776	0.180963147	0	-0.180963147	0.9834898776	0	0	0	1
1.92	2.231821623	-0.01241510935	0	0.9817092972	0.1903860705	0	-0.1903860705	0.9817092972	0	0	0	1
1.93	2.240207734	-0.009307365067	0	0.9794892166	0.2014965871	0	-0.2014965871	0.9794892166	0	0	0	1
1.94	2.248449633	-0.006627238263	0	0.97691554	0.2136259058	0	-0.2136259058	0.97691554	0	0	0	1
1.95	2.256701411	-0.004444072251	0	0.9741777222	0.2257825625	0	-0.2257825625	0.9741777222	0	0	0	1
1.96	2.265288012	-0.002774585952	0	0.971485811	0.2370976993	0	-0.2370976993	0.971485811	0	0	0	1
1.97	2.274566174	-0.001614433135	0	0.9690728203	0.2467749359	0	-0.2467749359	0.9690728203	0	0	0	1
1.98	2.284758998	-0.0009392020459	0	0.9671984233	0.2540220661	0	-0.2540220661	0.9671984233	0	0	0	1
1.99	2.295957762	-0.00071070794	0	0.9660318398	0.2584230727	0	-0.2584230727	0.9660318398	0	0	0	1
2	2.308153997	-0.000903923558	0	0.9656136553	0.2599812854	0	-0.2599812854	0.9656136553	0	0	0	1
2.01	2.321218749	-0.001521906063	0	0.9659142465	0.2588622576	0	-0.2588622576	0.9659142465	0	0	0	1
2.02	2.334922374	-0.002604050098	0	0.9668379917	0.255390481	0	-0.255390481	0.9668379917	0	0	0	1
2.03	2.348990389	-0.004232030215	0	0.9682164052	0.2501139596	0	-0.2501139596	0.9682164052	0	0	0	1
2.04	2.36314752	-0.006522842317	0	0.9698453124	0.2437212957	0	-0.2437212957	0.9698453124	0	0	0	1
2.05	2.377148006	-0.009609851806	0	0.971534323	0.2368988375	0	-0.2368988375	0.971534323	0	0	0	1
2.06	2.390799318	-0.01361446136	0	0.9731389837	0.2302184147	0	-0.2302184147	0.9731389837	0	0	0	1
2.07	2.403968847	-0.01859043601	0	0.9746769979	0.2236174185	0	-0.2236174185	0.9746769979	0	0	0	1
2.08	2.416637576	-0.02454453094	0	0.9763433801	0.2162258174	0	-0.2162258174	0.9763433801	0	0	0	1
2.09	2.428927745	-0.03148883023	0	0.9781092757	0.2080919142	0	-0.2080919142	0.9781092757	0	0	0	1
2.1	2.441003145	-0.03943936598	0	0.9798525954	0.1997220353	0	-0.1997220353	0.9798525954	0	0	0	1
2.11	2.452996082	-0.04840778012	0	0.9815106477	0.1914075453	0	-0.1914075453	0.9815106477	0	0	0	1
2.12	2.464970838	-0.05839684192	0	0.9830926463	0.1831088444	0	-0.1831088444	0.9830926463	0	0	0	1
2.13	2.476903638	-0.06934172123	0	0.9846388151	0.174603562	0	-0.174603562	0.9846388151	0	0	0	1
2.14	2.488727882	-0.08031111092	0	0.9861184696	0.1660432591	0	-0.1660432591	0.9861184696	0	0	0	1
2.15	2.500348895	-0.09065297172	0	0.987824802	0.1555704358	0	-0.1555704358	0.987824802	0	0	0	1
2.16	2.511582854	-0.1002028114	0	0.9898754101	0.1419389744	0	-0.1419389744	0.9898754101	0	0	0	1
2.17	2.52237442	-0.1087411401	0	0.9920841742	0.1255746442	0	-0.1255746442	0.9920841742	0	0	0	1
2.18	2.532770209	-0.1159438321	0	0.9942843849	0.1067640478	0	-0.1067640478	0.9942843849	0	0	0	1
2.19	2.542562117	-0.1207716112	0	0.9963735949	0.08508618817	0	-0.08508618817	0.9963735949	0	0	0	1
2.2	2.551597474	-0.1229179567	0	0.9981131764	0.06140103528	0	-0.06140103528	0.9981131764	0	0	0	1
2.21	2.560085909	-0.1226258954	0	0.9993129279	0.03706308252	0	-0.03706308252	0.9993129279	0	0	0	1
2.22	2.568355529	-0.120352595	0	0.9999196468	0.01267674797	0	-0.01267674797	0.9999196468	0	0	0	1
2.23	2.576694317	-0.1166549657	0	0.999934418	-0.01145249929	0	0.01145249929	0.999934418	0	0	0	1
2.24	2.585280797	-0.1120872682	0	0.9993940368	-0.03480745789	0	0.03480745789	0.9993940368	0	0	0	1
2.25	2.594162533	-0.1071324273	0	0.9983897095	-0.05672731238	0	0.05672731238	0.9983897095	0	0	0	1
2.26	2.603263884	-0.1021581934	0	0.9970510732	-0.07674084616	0	0.07674084616	0.9970510732	0	0	0	1
2.27	2.612438067	-0.09728089304	0	0.9955096807	-0.09465978862	0	0.09465978862	0.9955096807	0	0	0	1
2.28	2.621581566	-0.09246368262	0	0.9938487639	-0.1107458101	0	0.1107458101	0.9938487639	0	0	0	1
2.29	2.630595505	-0.08768783008	0	0.9920551049	-0.1258040892	0	0.1258040892	0.9920551049	0	0	0	1
2.3	2.639387228	-0.0829527047	0	0.9900809943	-0.1404977748	0	0.1404977748	0.9900809943	0	0	0	1
2.31	2.64792714	-0.07826647842	0	0.9879275518	-0.1549165979	0	0.1549165979	0.9879275518	0	0	0	1
2.32	2.656261754	-0.07364390716	0	0.9856601549	-0.168742582	0	0.168742582	0.9856601549	0	0	0	1
2.33	2.664482741	-0.06910645906	0	0.9833738172	-0.181592774	0	0.181592774	0.9833738172	0	0	0	1
2.34	2.672691112	-0.0646782158	0	0.981159922	-0.193197328	0	0.193197328	0.981159922	0	0	0	1
2.35	2.680974724	-0.06037733467	0	0.9790984172	-0.2033870433	0	0.2033870433	0.9790984172	0	0	0	1
2.36	2.68939594	-0.05620784379	0	0.9772655846	-0.212018813	0	0.212018813	0.9772655846	0	0	0	1
2.37	2.697982491	-0.05215621603	0	0.9757371282	-0.2189453281	0	0.2189453281	0.9757371282	0	0	0	1
2.38	2.706725535	-0.04819521122	0	0.9745785138	-0.2240462462	0	0.2240462462	0.9745785138	0	0	0	1
2.39	2.715588406	-0.04429269435	0	0.9738305542	-0.2272752774	0	0.2272752774	0.9738305542	0	0	0	1
2.4	2.724523942	-0.04042130411	0	0.9735036419	-0.2286715094	0	0.2286715094	0.9735036419	0	0	0	1
2.41	2.733492662	-0.03656512846	0	0.9735858949	-0.2283210572	0	0.2283210572	0.9735858949	0	0	0	1
2.42	2.742474512	-0.03272284209	0	0.9740571965	-0.2263019618	0	0.2263019618	0.9740571965	0	0	0	1
2.43	2.751470911	-0.02890850027	0	0.9748964716	-0.2226586393	0	0.2226586393	0.9748964716	0	0	0	1
2.44	2.760499147	-0.02515143945	0	0.976076737	-0.2174263175	0	0.2174263175	0.976076737	0	0	0	1
2.45	2.769583824	-0.02149558107	0	0.9775531128	-0.2106891349	0	0.2106891349	0.9775531128	0	0	0	1
2.46	2.778749498	-0.01799704765	0	0.979253966	-0.2026367937	0	0.2026367937	0.979253966	0	0	0	1
2.47	2.788017162	-0.0147194501	0	0.9810820093	-0.1935925901	0	0.1935925901	0.9810820093	0	0	0	1
2.48	2.797405381	-0.01172728036	0	0.9829248833	-0.1840072658	0	0.1840072658	0.9829248833	0	0	0	1
2.49	2.806935481	-0.009077894735	0	0.9846723457	-0.1744143675	0	0.1744143675	0.9846723457	0	0	0	1
2.5	2.816639295	-0.006813781524	0	0.9862366619	-0.1653397917	0	0.1653397917	0.9862366619	0	0	0	1
2.51	2.826564911	-0.004956214266	0	0.9875694836	-0.1571830623	0	0.1571830623	0.9875694836	0	0	0	1
2.52	2.836775813	-0.003504773369	0	0.9886627867	-0.150152903	0	0.150152903	0.9886627867	0	0	0	1
2.53	2.847340624	-0.002439486191	0	0.989534444	-0.1442968613	0	0.1442968613	0.989534444	0	0	0	1
2.54	2.858320643	-0.001727010609	0	0.9902126436	-0.1395669028	0	0.1395669028	0.9902126436	0	0	0	1
2.55	2.86975976	-0.001330023156	0	0.9907294074	-0.1358500693	0	0.1358500693	0.9907294074	0	0	0	1
2.56	2.881676324	-0.001219149323	0	0.9911165994	-0.1329958132	0	0.1329958132	0.9911165994	0	0	0	1
2.57	2.894056652	-0.001385366272	0	0.9914006581	-0.1308615116	0	0.1308615116	0.9914006581	0	0	0	1
2.58	2.906852851	-0.001850682738	0	0.9916001633	-0.1293410847	0	0.1293410847	0.9916001633	0	0	0	1
2.59	2.919984459	-0.002674615615	0	0.9917267017	-0.1283672429	0	0.1283672429	0.9917267017	0	0	0	1
2.6	2.933341933	-0.003954479118	0	0.991786449	-0.1279048066	0	0.1279048066	0.991786449	0	0	0	1
2.61	2.946793003	-0.00581788367	0	0.9917823029	-0.1279369516	0	0.1279369516	0.9917823029	0	0	0	1
2.62	2.960192397	-0.008406106639	0	0.9917170436	-0.1284418367	0	0.1284418367	0.9917170436	0	0	0	1
2.63	2.973389415	-0.01183517498	0	0.9915950423	-0.1293803389	0	0.1293803389	0.9915950423	0	0	0	1
2.64	2.986241614	-0.0161413548	0	0.9914412662	-0.1305534971	0	0.1305534971	0.9914412662	0	0	0	1
2.65	2.998725738	-0.02134549139	0	0.9913053617	-0.1315814575	0	0.1315814575	0.9913053617	0	0	0	1
2.66	3.010916553	-0.02747479273	0	0.9911960128	-0.1324026595	0	0.1324026595	0.9911960128	0	0	0	1
2.67	3.02290706	-0.03455826673	0	0.9911039392	-0.1330901261	0	0.1330901261	0.9911039392	0	0	0	1
2.68	3.034763322	-0.04262360251	0	0.9910342392	-0.1336081463	0	0.1336081463	0.9910342392	0	0	0	1
2.69	3.046505585	-0.05169213518	0	0.9909991463	-0.1338681892	0	0.1338681892	0.9909991463	0	0	0	1
2.7	3.058113419	-0.06177481308	0	0.9910042575	-0.1338303465	0	0.1338303465	0.9910042575	0	0	0	1
2.71	3.069484633	-0.07271462051	0	0.9909362007	-0.1343333397	0	0.1343333397	0.9909362007	0	0	0	1
2.72	3.080524219	-0.08336357728	0	0.9902776085	-0.1391052049	0	0.1391052049	0.9902776085	0	0	0	1
2.73	3.091483514	-0.09337023525	0	0.9897626998	-0.1427228018	0	0.1427228018	0.9897626998	0	0	0	1
2.74	3.102273688	-0.1026092368	0	0.9897594325	-0.1427454581	0	0.1427454581	0.9897594325	0	0	0	1
2.75	3.112834383	-0.1108429895	0	0.9902151275	-0.1395492789	0	0.1395492789	0.9902151275	0	0	0	1
2.76	3.123076129	-0.1174544219	0	0.9913436247	-0.1312928705	0	0.1312928705	0.9913436247	0	0	0	1
2.77	3.132604911	-0.1214061635	0	0.9931824741	-0.1165700355	0	0.1165700355	0.9931824741	0	0	0	1
2.78	3.141343342	-0.1226696177	0	0.9949538297	-0.100333827	0	0.100333827	0.9949538297	0	0	0	1
2.79	3.149527024	-0.1215731483	0	0.9964527983	-0.08415355512	0	0.08415355512	0.9964527983	0	0	0	1
2.8	3.157490747	-0.1186365961	0	0.9977083804	-0.06766082833	0	0.06766082833	0.9977083804	0	0	0	1
2.81	3.165535786	-0.1144533303	0	0.9987179322	-0.05062106136	0	0.05062106136	0.9987179322	0	0	0	1
2.82	3.173864991	-0.1095903895	0	0.9994391308	-0.03348766586	0	0.03348766586	0.9994391308	0	0	0	1
2.83	3.182551502	-0.1045230426	0	0.9998561496	-0.01696113528	0	0.01696113528	0.9998561496	0	0	0	1
2.84	3.191536929	-0.09957259321	0	0.9999984082	-0.001784261015	0	0.001784261015	0.9999984082	0	0	0	1
2.85	3.200697989	-0.09477948983	0	0.9999365871	0.011261518	0	-0.011261518	0.9999365871	0	0	0	1
2.86	3.209925156	-0.09010556104	0	0.9997354913	0.02299885581	0	-0.02299885581	0.9997354913	0	0	0	1
2.87	3.219080281	-0.08552881689	0	0.9994068103	0.03443875081	0	-0.03443875081	0.9994068103	0	0	0	1
2.88	3.228039726	-0.08103824264	0	0.9989491114	0.04583309799	0	-0.04583309799	0.9989491114	0	0	0	1
2.89	3.236752129	-0.07662977017	0	0.9983743425	0.05699712494	0	-0.05699712494	0.9983743425	0	0	0	1
2.9	3.245241485	-0.07230787024	0	0.9977028405	0.06774246869	0	-0.06774246869	0.9977028405	0	0	0	1
2.91	3.253577312	-0.06808617549	0	0.9969550437	0.07797846447	0	-0.07797846447	0.9969550437	0	0	0	1
2.92	3.261845773	-0.06398229402	0	0.99615041	0.08766048562	0	-0.08766048562	0.99615041	0	0	0	1
2.93	3.270129931	-0.06000839521	0	0.9953077766	0.09675965021	0	-0.09675965021	0.9953077766	0	0	0	1
2.94	3.278494586	-0.05616286406	0	0.9944447664	0.1052597098	0	-0.1052597098	0.9944447664	0	0	0	1
2.95	3.286972916	-0.05242719133	0	0.9935778011	0.113151019	0	-0.113151019	0.9935778011	0	0	0	1
2.96	3.295562239	-0.04876986339	0	0.9927218198	0.1204300145	0	-0.1204300145	0.9927218198	0	0	0	1
2.97	3.304232184	-0.04515460906	0	0.9918875347	0.1271185217	0	-0.1271185217	0.9918875347	0	0	0	1
2.98	3.312941835	-0.04154925622	0	0.9910771444	0.1332895111	0	-0.1332895111	0.9910771444	0	0	0	1
2.99	3.321657373	-0.03793193071	0	0.9902816243	0.1390766141	0	-0.1390766141	0.9902816243	0	0	0	1
3	3.330363567	-0.03429454188	0	0.9894812864	0.1446609271	0	-0.1446609271	0.9894812864	0	0	0	1
3.01	3.339066315	-0.03064441283	0	0.9886484294	0.1502474058	0	-0.1502474058	0.9886484294	0	0	0	1
3.02	3.34778782	-0.02700486711	0	0.9877500805	0.1560441553	0	-0.1560441553	0.9877500805	0	0	0	1
3.03	3.356558451	-0.02341477312	0	0.9867500295	0.1622478947	0	-0.1622478947	0.9867500295	0	0	0	1
3.04	3.36540907	-0.01992679761	0	0.9856114346	0.1690269211	0	-0.1690269211	0.9856114346	0	0	0	1
3.05	3.374365908	-0.01660362249	0	0.9843018607	0.1764931926	0	-0.1764931926	0.9843018607	0	0	0	1
3.06	3.383449762	-0.01351212351	0	0.9828007631	0.1846690554	0	-0.1846690554	0.9828007631	0	0	0	1
3.07	3.392680258	-0.01071593262	0	0.9811077421	0.1934621368	0	-0.1934621368	0.9811077421	0	0	0	1
3.08	3.402084225	-0.008267153454	0	0.9792486041	0.2026627033	0	-0.2026627033	0.9792486041	0	0	0	1
3.09	3.411703728	-0.006199284089	0	0.9772763507	0.2119691827	0	-0.2119691827	0.9772763507	0	0	0	1
3.1	3.421597588	-0.004524482797	0	0.9752688892	0.2210217044	0	-0.2210217044	0.9752688892	0	0	0	1
3.11	3.431832123	-0.00323392085	0	0.9733237028	0.2294361992	0	-0.2294361992	0.9733237028	0	0	0	1
3.12	3.442469152	-0.002303057234	0	0.9715496269	0.2368360666	0	-0.2368360666	0.9715496269	0	0	0	1
3.13	3.453556109	-0.001698232689	0	0.9700532312	0.2428924221	0	-0.2428924221	0.9700532312	0	0	0	1
3.14	3.465118559	-0.001387129563	0	0.9689257038	0.2473519365	0	-0.2473519365	0.9689257038	0	0	0	1
3.15	3.47715332	-0.001350291471	0	0.9682329869	0.2500497614	0	-0.2500497614	0.9682329869	0	0	0	1
3.16	3.489626069	-0.001592417208	0	0.9680062006	0.2509262751	0	-0.2509262751	0.9680062006	0	0	0	1
3.17	3.502471724	-0.002150147273	0	0.968233617	0.2500473212	0	-0.2500473212	0.968233617	0	0	0	1
3.18	3.515599036	-0.00309701581	0	0.9688641502	0.2475929288	0	-0.2475929288	0.9688641502	0	0	0	1
3.19	3.528894039	-0.004539740152	0	0.9698147368	0.2438429336	0	-0.2438429336	0.9698147368	0	0	0	1
3.2	3.542226538	-0.006608573753	0	0.9709867001	0.2391334944	0	-0.2391334944	0.9709867001	0	0	0	1
3.21	3.555460003	-0.009439907521	0	0.972281171	0.2338147227	0	-0.2338147227	0.972281171	0	0	0	1
3.22	3.568454989	-0.01312964853	0	0.9736441782	0.2280723881	0	-0.2280723881	0.9736441782	0	0	0	1
3.23	3.581098149	-0.01770323615	0	0.9752861644	0.2209454629	0	-0.2209454629	0.9752861644	0	0	0	1
3.24	3.593398165	-0.0231812025	0	0.9772581868	0.2120529094	0	-0.2120529094	0.9772581868	0	0	0	1
3.25	3.605437802	-0.02958928772	0	0.9793997563	0.2019309719	0	-0.2019309719	0.9793997563	0	0	0	1
3.26	3.617303579	-0.0369543338	0	0.9815525312	0.1911926476	0	-0.1911926476	0.9815525312	0	0	0	1
3.27	3.629048348	-0.04530088313	0	0.9836327359	0.1801850184	0	-0.1801850184	0.9836327359	0	0	0	1
3.28	3.64067961	-0.05464647321	0	0.9856107499	0.1690309133	0	-0.1690309133	0.9856107499	0	0	0	1
3.29	3.652168454	-0.06499819334	0	0.9874783028	0.1577548777	0	-0.1577548777	0.9874783028	0	0	0	1
3.3	3.663346376	-0.07592764977	0	0.9891933147	0.1466171413	0	-0.1466171413	0.9891933147	0	0	0	1
3.31	3.674284157	-0.08632735836	0	0.990501375	0.1375028225	0	-0.1375028225	0.990501375	0	0	0	1
3.32	3.685115365	-0.0960510777	0	0.9917725344	0.1280126559	0	-0.1280126559	0.9917725344	0	0	0	1
3.33	3.695745497	-0.1049372079	0	0.9932898413	0.1156515942	0	-0.1156515942	0.9932898413	0	0	0	1
3.34	3.706148916	-0.112739272	0	0.994954902	0.1003231928	0	-0.1003231928	0.994954902	0	0	0	1
3.35	3.716216756	-0.1187208771	0	0.9966110097	0.08225871009	0	-0.08225871009	0.9966110097	0	0	0	1
3.36	3.725586004	-0.1220330452	0	0.9980886901	0.0617977884	0	-0.0617977884	0.9980886901	0	0	0	1
3.37	3.734255739	-0.1227573984	0	0.9991912973	0.04020884687	0	-0.04020884687	0.9991912973	0	0	0	1
3.38	3.742483429	-0.121272199	0	0.9998343477	0.01820102273	0	-0.01820102273	0.9998343477	0	0	0	1
3.39	3.750587405	-0.1181163171	0	0.9999919137	-0.0040215	0	0.0040215	0.9999919137	0	0	0	1
3.4	3.758828796	-0.1138706827	0	0.9996591716	-0.02610633501	0	0.02610633501	0.9996591716	0	0	0	1
3.41	3.767359076	-0.1090676821	0	0.9988772959	-0.04737243547	0	0.04737243547	0.9988772959	0	0	0	1
3.42	3.776199339	-0.1041388147	0	0.9977430337	-0.06714788716	0	0.06714788716	0.9977430337	0	0	0	1
3.43	3.785250031	-0.0993588988	0	0.9963737599	-0.0850842556	0	0.0850842556	0.9963737599	0	0	0	1
3.44	3.79437162	-0.09474260833	0	0.9948714181	-0.101147721	0	0.101147721	0.9948714181	0	0	0	1
3.45	3.803455443	-0.09024946722	0	0.9932668011	-0.1158493068	0	0.1158493068	0.9932668011	0	0	0	1
3.46	3.812382022	-0.08585845894	0	0.9915142785	-0.1299978293	0	0.1299978293	0.9915142785	0	0	0	1
3.47	3.821061229	-0.08156101134	0	0.9895720859	-0.1440384909	0	0.1440384909	0.9895720859	0	0	0	1
3.48	3.829477575	-0.07735553437	0	0.9874581768	-0.1578808067	0	0.1578808067	0.9874581768	0	0	0	1
3.49	3.837683619	-0.07324748924	0	0.9852417478	-0.1711686256	0	0.1711686256	0.9852417478	0	0	0	1
3.5	3.845766387	-0.06924870842	0	0.9830091568	-0.1835565242	0	0.1835565242	0.9830091568	0	0	0	1
3.51	3.853817964	-0.0653717539	0	0.9808429674	-0.1948000853	0	0.1948000853	0.9808429674	0	0	0	1
3.52	3.861917206	-0.06162128236	0	0.9788213099	-0.2047164951	0	0.2047164951	0.9788213099	0	0	0	1
3.53	3.870117277	-0.05798730147	0	0.977022613	-0.2131356698	0	0.2131356698	0.977022613	0	0	0	1
3.54	3.878437314	-0.05444390646	0	0.9755221135	-0.2199013553	0	0.2199013553	0.9755221135	0	0	0	1
3.55	3.886863087	-0.05095427905	0	0.9743797956	-0.2249089016	0	0.2249089016	0.9743797956	0	0	0	1
3.56	3.895358447	-0.047479078	0	0.9736296981	-0.228134195	0	0.228134195	0.9736296981	0	0	0	1
3.57	3.903883343	-0.04398490289	0	0.9732794362	-0.2296239077	0	0.2296239077	0.9732794362	0	0	0	1
3.58	3.912410064	-0.04044972345	0	0.9733198713	-0.2294524528	0	0.2294524528	0.9733198713	0	0	0	1
3.59	3.920932377	-0.03686568839	0	0.9737365888	-0.2276775254	0	0.2276775254	0.9737365888	0	0	0	1
3.6	3.929465525	-0.03323997971	0	0.9745141939	-0.2243258475	0	0.2243258475	0.9745141939	0	0	0	1
3.61	3.938039416	-0.02959485754	0	0.9756312762	-0.2194165284	0	0.2194165284	0.9756312762	0	0	0	1
3.62	3.946689062	-0.02596671743	0	0.9770512564	-0.2130043246	0	0.2130043246	0.9770512564	0	0	0	1
3.63	3.955446609	-0.02240497322	0	0.9787153931	-0.205222268	0	0.205222268	0.9787153931	0	0	0	1
3.64	3.964335603	-0.01896890494	0	0.9805416354	-0.1963112359	0	0.1963112359	0.9805416354	0	0	0	1
3.65	3.973370092	-0.01572364822	0	0.982429182	-0.1866357477	0	0.1866357477	0.982429182	0	0	0	1
3.66	3.982558552	-0.01273465947	0	0.9842689783	-0.1766764794	0	0.1766764794	0.9842689783	0	0	0	1
3.67	3.991912246	-0.0100605908	0	0.985961358	-0.1669736523	0	0.1669736523	0.985961358	0	0	0	1
3.68	4.00145508	-0.007746132058	0	0.987436475	-0.1580164798	0	0.1580164798	0.987436475	0	0	0	1
3.69	4.011229124	-0.0058170528	0	0.9886657749	-0.150133226	0	0.150133226	0.9886657749	0	0	0	1
3.7	4.021290972	-0.00427882973	0	0.9896553065	-0.1434655861	0	0.1434655861	0.9896553065	0	0	0	1
3.71	4.031701419	-0.003118380511	0	0.9904286988	-0.1380253331	0	0.1380253331	0.9904286988	0	0	0	1
3.72	4.042514559	-0.002308890615	0	0.9910162104	-0.1337418064	0	0.1337418064	0.9910162104	0	0	0	1
3.73	4.053769445	-0.001817690116	0	0.9914505388	-0.130483061	0	0.130483061	0.9914505388	0	0	0	1
3.74	4.065482082	-0.001616637528	0	0.9917622352	-0.1280924234	0	0.1280924234	0.9917622352	0	0	0	1
3.75	4.077640041	-0.001693386205	0	0.9919755209	-0.1264300834	0	0.1264300834	0.9919755209	0	0	0	1
3.76	4.090201529	-0.002061800528	0	0.9921078415	-0.1253875227	0	0.1253875227	0.9921078415	0	0	0	1
3.77	4.103096823	-0.002769253585	0	0.992171212	-0.1248850916	0	0.1248850916	0.992171212	0	0	0	1
3.78	4.116230787	-0.003898534253	0	0.9921732608	-0.1248688134	0	0.1248688134	0.9921732608	0	0	0	1
3.79	4.129487105	-0.005563098414	0	0.9921187133	-0.1253014712	0	0.1253014712	0.9921187133	0	0	0	1
3.8	4.142735429	-0.007895300126	0	0.9920116935	-0.1261459471	0	0.1261459471	0.9920116935	0	0	0	1
3.81	4.155841362	-0.01102388141	0	0.9918580724	-0.1273482006	0	0.1273482006	0.9918580724	0	0	0	1
3.82	4.168664696	-0.01501373339	0	0.9916697762	-0.1288062692	0	0.1288062692	0.9916697762	0	0	0	1
3.83	4.181130783	-0.01988410733	0	0.9914917827	-0.1301692928	0	0.1301692928	0.9914917827	0	0	0	1
3.84	4.19328254	-0.02565962701	0	0.9913528103	-0.1312234948	0	0.1312234948	0.9913528103	0	0	0	1
3.85	4.20520676	-0.03236859704	0	0.9912468221	-0.132021732	0	0.132021732	0.9912468221	0	0	0	1
3.86	4.216977955	-0.04003947441	0	0.9911720932	-0.1325816037	0	0.1325816037	0.9911720932	0	0	0	1
3.87	4.228631053	-0.04869671822	0	0.9911385808	-0.1328318997	0	0.1328318997	0.9911385808	0	0	0	1
3.88	4.240158402	-0.05835618947	0	0.9911538286	-0.1327180776	0	0.1327180776	0.9911538286	0	0	0	1
3.89	4.251511608	-0.06899626785	0	0.9912110106	-0.1322903338	0	0.1322903338	0.9912110106	0	0	0	1
3.9	4.262475363	-0.07972854721	0	0.9907429101	-0.1357515602	0	0.1357515602	0.9907429101	0	0	0	1
3.91	4.273320451	-0.08983789584	0	0.9901071326	-0.140313456	0	0.140313456	0.9901071326	0	0	0	1
3.92	4.284048744	-0.09924303659	0	0.9898825186	-0.1418893912	0	0.1418893912	0.9898825186	0	0	0	1
3.93	4.294587914	-0.1077452044	0	0.9901430051	-0.140060092	0	0.140060092	0.9901430051	0	0	0	1
3.94	4.304919333	-0.1150378099	0	0.9908146068	-0.1352272713	0	0.1352272713	0.9908146068	0	0	0	1
3.95	4.314790542	-0.1201046775	0	0.9923605161	-0.1233718207	0	0.1233718207	0.9923605161	0	0	0	1
3.96	4.323912632	-0.1224868403	0	0.9941548497	-0.1079635811	0	0.1079635811	0.9941548497	0	0	0	1
3.97	4.332393342	-0.1223891686	0	0.9957320335	-0.09229148101	0	0.09229148101	0.9957320335	0	0	0	1
3.98	4.340524384	-0.1202540708	0	0.9970614778	-0.0766055451	0	0.0766055451	0.9970614778	0	0	0	1
3.99	4.34861195	-0.1166443225	0	0.9981746415	-0.06039358432	0	0.06039358432	0.9981746415	0	0	0	1
4	4.356887766	-0.1121327158	0	0.9990425895	-0.04374819208	0	0.04374819208	0.9990425895	0	0	0	1
4.01	4.365469174	-0.1072243081	0	0.9996283787	-0.02725994402	0	0.02725994402	0.9996283787	0	0	0	1
4.02	4.37434628	-0.1023128154	0	0.9999333779	-0.01154295574	0	0.01154295574	0.9999333779	0	0	0	1
4.03	4.383403811	-0.09757711606	0	0.9999968487	0.002510484698	0	-0.002510484698	0.9999968487	0	0	0	1
4.04	4.392528205	-0.09298817995	0	0.9998903994	0.01480504029	0	-0.01480504029	0.9998903994	0	0	0	1
4.05	4.401609319	-0.08851432534	0	0.9996506654	0.0264300426	0	-0.0264300426	0.9996506654	0	0	0	1
4.06	4.410525322	-0.08413945439	0	0.9992765439	0.03803141845	0	-0.03803141845	0.9992765439	0	0	0	1
4.07	4.419200815	-0.07985565034	0	0.9987703041	0.04957700718	0	-0.04957700718	0.9987703041	0	0	0	1
4.08	4.427636167	-0.07566126115	0	0.9981481393	0.06083002619	0	-0.06083002619	0.9981481393	0	0	0	1
4.09	4.435888635	-0.07156240498	0	0.9974311741	0.07163136775	0	-0.07163136775	0.9974311741	0	0	0	1
4.1	4.444040464	-0.06757117213	0	0.9966401744	0.08190459539	0	-0.08190459539	0.9966401744	0	0	0	1
4.11	4.452175649	-0.0636985998	0	0.9957954579	0.09160461811	0	-0.09160461811	0.9957954579	0	0	0	1
4.12	4.460364996	-0.05994605111	0	0.9949165441	0.1007028816	0	-0.1007028816	0.9949165441	0	0	0	1
4.13	4.468653627	-0.0562996665	0	0.9940215841	0.1091837457	0	-0.1091837457	0.9940215841	0	0	0	1
4.14	4.477053447	-0.0527309442	0	0.9931275095	0.1170373863	0	-0.1170373863	0.9931275095	0	0	0	1
4.15	4.485545977	-0.04920293787	0	0.9922490226	0.12426535	0	-0.12426535	0.9922490226	0	0	0	1
4.16	4.494095512	-0.04567887398	0	0.991395243	0.1309025293	0	-0.1309025293	0.991395243	0	0	0	1
4.17	4.502666808	-0.04212975741	0	0.9905660722	0.1370359685	0	-0.1370359685	0.9905660722	0	0	0	1
4.18	4.511239121	-0.03853888853	0	0.9897507922	0.1428053545	0	-0.1428053545	0.9897507922	0	0	0	1
4.19	4.51981256	-0.03490419091	0	0.9889295422	0.1483858504	0	-0.1483858504	0.9889295422	0	0	0	1
4.2	4.528406002	-0.03123907842	0	0.9880756872	0.153968946	0	-0.153968946	0.9880756872	0	0	0	1
4.21	4.537049502	-0.02757239083	0	0.9871578564	0.1597478218	0	-0.1597478218	0.9871578564	0	0	0	1
4.22	4.545775686	-0.02394754221	0	0.9861412418	0.16590796	0	-0.16590796	0.9861412418	0	0	0	1
4.23	4.554612764	-0.02042061422	0	0.9849901971	0.1726102882	0	-0.1726102882	0.9849901971	0	0	0	1
4.24	4.563580801	-0.01705653368	0	0.9836734851	0.1799624256	0	-0.1799624256	0.9836734851	0	0	0	1
4.25	4.572692895	-0.01392357563	0	0.9821715731	0.1879867046	0	-0.1879867046	0.9821715731	0	0	0	1
4.26	4.581961345	-0.01108639917	0	0.9804843736	0.1965970324	0	-0.1965970324	0.9804843736	0	0	0	1
4.27	4.591407236	-0.008598072094	0	0.9786366601	0.2055973918	0	-0.2055973918	0.9786366601	0	0	0	1
4.28	4.601068492	-0.006493435636	0	0.9766790732	0.2147044198	0	-0.2147044198	0.9766790732	0	0	0	1
4.29	4.611000199	-0.004786281844	0	0.9746863807	0.2235765179	0	-0.2235765179	0.9746863807	0	0	0	1
4.3	4.621265231	-0.003470161967	0	0.9727528536	0.2318445294	0	-0.2318445294	0.9727528536	0	0	0	1
4.31	4.631922577	-0.00252220281	0	0.9709842926	0.2391432701	0	-0.2391432701	0.9709842926	0	0	0	1
4.32	4.643018225	-0.00190998299	0	0.9694849868	0.2451506891	0	-0.2451506891	0.9694849868	0	0	0	1
4.33	4.654577248	-0.00160150651	0	0.9683456136	0.249613246	0	-0.249613246	0.9683456136	0	0	0	1
4.34	4.666596944	-0.001576430412	0	0.9676334632	0.2523598243	0	-0.2523598243	0.9676334632	0	0	0	1
4.35	4.679044359	-0.001837213792	0	0.9673818769	0.2533225302	0	-0.2533225302	0.9673818769	0	0	0	1
4.36	4.691857904	-0.002417820747	0	0.9675832377	0.2525523276	0	-0.2525523276	0.9675832377	0	0	0	1
4.37	4.704949512	-0.003388022623	0	0.9681896882	0.2502173607	0	-0.2502173607	0.9681896882	0	0	0	1
4.38	4.718208445	-0.004850942265	0	0.9691217511	0.2465827074	0	-0.2465827074	0.9691217511	0	0	0	1
4.39	4.731507265	-0.006933825061	0	0.9702832121	0.2419720815	0	-0.2419720815	0.9702832121	0	0	0	1
4.4	4.744711389	-0.009771095604	0	0.971576067	0.2367275778	0	-0.2367275778	0.971576067	0	0	0	1
4.41	4.757682057	-0.01345750022	0	0.9729470224	0.2310283353	0	-0.2310283353	0.9729470224	0	0	0	1
4.42	4.770305426	-0.01801849979	0	0.9746099275	0.223909556	0	-0.223909556	0.9746099275	0	0	0	1
4.43	4.782588304	-0.02347561284	0	0.9766161513	0.2149904486	0	-0.2149904486	0.9766161513	0	0	0	1
4.44	4.794610721	-0.02985594987	0	0.9788036231	0.2048010433	0	-0.2048010433	0.9788036231	0	0	0	1
4.45	4.806456726	-0.03718788573	0	0.9810108866	0.1939526755	0	-0.1939526755	0.9810108866	0	0	0	1
4.46	4.818177591	-0.04549753791	0	0.9831502689	0.1827992032	0	-0.1827992032	0.9831502689	0	0	0	1
4.47	4.829780321	-0.05480399989	0	0.9851882223	0.1714764318	0	-0.1714764318	0.9851882223	0	0	0	1
4.48	4.841236256	-0.0651156479	0	0.9871131628	0.1600237601	0	-0.1600237601	0.9871131628	0	0	0	1
4.49	4.852369297	-0.07598669009	0	0.9888777995	0.148730285	0	-0.148730285	0.9888777995	0	0	0	1
4.5	4.863263679	-0.08632458861	0	0.990210516	0.1395819976	0	-0.1395819976	0.990210516	0	0	0	1
4.51	4.874068387	-0.09599727713	0	0.9914942463	0.1301505263	0	-0.1301505263	0.9914942463	0	0	0	1
4.52	4.884693815	-0.1048458448	0	0.9930283276	0.1178759539	0	-0.1178759539	0.9930283276	0	0	0	1
4.53	4.895111863	-0.1126253101	0	0.9947190872	0.1026349728	0	-0.1026349728	0.9947190872	0	0	0	1
4.54	4.905210711	-0.1186124387	0	0.9964106416	0.08465124491	0	-0.08465124491	0.9964106416	0	0	0	1
4.55	4.914615612	-0.121945079	0	0.9979357967	0.06421951215	0	-0.06421951215	0.9979357967	0	0	0	1
4.56	4.923312037	-0.1226941139	0	0.9990922523	0.04259896087	0	-0.04259896087	0.9990922523	0	0	0	1
4.57	4.931549529	-0.1212304013	0	0.9997898387	0.0205006937	0	-0.0205006937	0.9997898387	0	0	0	1
4.58	4.93964293	-0.1180876295	0	0.9999982463	-0.001872778413	0	0.001872778413	0.9999982463	0	0	0	1
4.59	4.94785508	-0.1138450186	0	0.9997079892	-0.02416477661	0	0.02416477661	0.9997079892	0	0	0	1
4.6	4.956344318	-0.1090366512	0	0.9989562045	-0.04567823946	0	0.04567823946	0.9989562045	0	0	0	1
4.61	4.965142319	-0.1040978344	0	0.9978383949	-0.06571558221	0	0.06571558221	0.9978383949	0	0	0	1
4.62	4.974161154	-0.09930549377	0	0.9964742314	-0.08389938076	0	0.08389938076	0.9964742314	0	0	0	1
4.63	4.983272091	-0.0946747321	0	0.9949695536	-0.1001777788	0	0.1001777788	0.9949695536	0	0	0	1
4.64	4.992371223	-0.09016686858	0	0.9933579858	-0.1150648168	0	0.1150648168	0.9933579858	0	0	0	1
4.65	5.001337504	-0.08576107954	0	0.9915957601	-0.1293748375	0	0.1293748375	0.9915957601	0	0	0	1
4.66	5.010075361	-0.08144760391	0	0.9896420812	-0.143556787	0	0.143556787	0.9896420812	0	0	0	1
4.67	5.018561486	-0.07722305411	0	0.9875146092	-0.157527447	0	0.157527447	0.9875146092	0	0	0	1
4.68	5.026839819	-0.07309124895	0	0.9852811814	-0.1709414916	0	0.1709414916	0.9852811814	0	0	0	1
4.69	5.03498984	-0.06906305201	0	0.9830265582	-0.1834633092	0	0.1834633092	0.9830265582	0	0	0	1
4.7	5.043098841	-0.06515098005	0	0.9808325758	-0.1948524013	0	0.1948524013	0.9808325758	0	0	0	1
4.71	5.051244259	-0.06136057938	0	0.9787782117	-0.2049224546	0	0.2049224546	0.9787782117	0	0	0	1
4.72	5.059481223	-0.05768339196	0	0.9769447735	-0.2134921767	0	0.2134921767	0.9769447735	0	0	0	1
4.73	5.067832539	-0.05409534466	0	0.9754117663	-0.220390304	0	0.220390304	0.9754117663	0	0	0	1
4.74	5.076288262	-0.05056136308	0	0.9742442276	-0.2254954211	0	0.2254954211	0.9742442276	0	0	0	1
4.75	5.084815732	-0.04704344627	0	0.9734808765	-0.2287684049	0	0.2287684049	0.9734808765	0	0	0	1
4.76	5.093376874	-0.0435091752	0	0.9731325261	-0.2302457093	0	0.2302457093	0.9731325261	0	0	0	1
4.77	5.101944297	-0.03993723168	0	0.9731913643	-0.229996888	0	0.229996888	0.9731913643	0	0	0	1
4.78	5.110510573	-0.0363203027	0	0.9736423185	-0.2280803269	0	0.2280803269	0.9736423185	0	0	0	1
4.79	5.119088857	-0.0326663009	0	0.9744676044	-0.2245281454	0	0.2245281454	0.9744676044	0	0	0	1
4.8	5.1277066	-0.02899849219	0	0.9756419298	-0.219369152	0	0.219369152	0.9756419298	0	0	0	1
4.81	5.136396829	-0.02535501833	0	0.9771234694	-0.2126728135	0	0.2126728135	0.9771234694	0	0	0	1
4.82	5.145190082	-0.02178719964	0	0.9788473013	-0.2045921818	0	0.2045921818	0.9788473013	0	0	0	1
4.83	5.154109435	-0.01835658928	0	0.9807246197	-0.1953950364	0	0.1953950364	0.9807246197	0	0	0	1
4.84	5.163169733	-0.01513026589	0	0.9826484292	-0.1854779358	0	0.1854779358	0.9826484292	0	0	0	1
4.85	5.172381869	-0.01217454467	0	0.9845058988	-0.1753514618	0	0.1753514618	0.9845058988	0	0	0	1
4.86	5.181761326	-0.009547333772	0	0.9861977158	-0.165571934	0	0.165571934	0.9861977158	0	0	0	1
4.87	5.191337586	-0.007290930195	0	0.9876586343	-0.1566219083	0	0.1566219083	0.9876586343	0	0	0	1
4.88	5.201158245	-0.00542749948	0	0.988866715	-0.1488039649	0	0.1488039649	0.988866715	0	0	0	1
4.89	5.211283682	-0.003958495837	0	0.9898333118	-0.142232257	0	0.142232257	0.9898333118	0	0	0	1
4.9	5.221775131	-0.002866996704	0	0.9905851084	-0.1368982945	0	0.1368982945	0.9905851084	0	0	0	1
4.91	5.232684553	-0.002123655772	0	0.9911532487	-0.1327224077	0	0.1327224077	0.9911532487	0	0	0	1
4.92	5.244046721	-0.001695084181	0	0.9915708823	-0.129565371	0	0.129565371	0.9915708823	0	0	0	1
4.93	5.255871612	-0.001554883047	0	0.9918683885	-0.1272678271	0	0.1272678271	0.9918683885	0	0	0	1
4.94	5.268139596	-0.001694937288	0	0.9920689038	-0.1256952271	0	0.1256952271	0.9920689038	0	0	0	1
4.95	5.280801446	-0.002135458545	0	0.9921886443	-0.1247465194	0	0.1247465194	0.9921886443	0	0	0	1
4.96	5.293780512	-0.002931317261	0	0.9922386647	-0.1243480287	0	0.1243480287	0.9922386647	0	0	0	1
4.97	5.306975477	-0.004172638116	0	0.9922259522	-0.1244494269	0	0.1244494269	0.9922259522	0	0	0	1
4.98	5.320265312	-0.005978315138	0	0.9921550158	-0.1250136975	0	0.1250136975	0.9921550158	0	0	0	1
4.99	5.333517297	-0.008482542091	0	0.99203037	-0.1259989882	0	0.1259989882	0.99203037	0	0	0	1
5	5.346595517	-0.01180648414	0	0.9918584615	-0.1273451703	0	0.1273451703	0.9918584615	0	0	0	1
5.01	5.359362802	-0.01599764335	0	0.9916570693	-0.1289040606	0	0.1289040606	0.9916570693	0	0	0	1
5.02	5.371773051	-0.02107491232	0	0.9914748592	-0.1302981331	0	0.1302981331	0.9914748592	0	0	0	1
5.03	5.383886043	-0.02706393437	0	0.9913309763	-0.1313883382	0	0.1313883382	0.9913309763	0	0	0	1
5.04	5.395790001	-0.03399304767	0	0.991217931	-0.1322384713	0	0.1322384713	0.991217931	0	0	0	1
5.05	5.407552586	-0.04188999948	0	0.9911378049	-0.1328376896	0	0.1328376896	0.9911378049	0	0	0	1
5.06	5.419199058	-0.05077746336	0	0.9911017596	-0.1331063564	0	0.1331063564	0.9911017596	0	0	0	1
5.07	5.430713777	-0.06066878794	0	0.9911160206	-0.1330001265	0	0.1330001265	0.9911160206	0	0	0	1
5.08	5.442014211	-0.07146507266	0	0.9911175027	-0.1329890819	0	0.1329890819	0.9911175027	0	0	0	1
5.09	5.452945393	-0.0820694681	0	0.9905178308	-0.1373842307	0	0.1373842307	0.9905178308	0	0	0	1
5.1	5.463792917	-0.09203565869	0	0.9899483485	-0.1414293722	0	0.1414293722	0.9899483485	0	0	0	1
5.11	5.474496304	-0.1012601042	0	0.9898438656	-0.1421587904	0	0.1421587904	0.9898438656	0	0	0	1
5.12	5.484998786	-0.1095238104	0	0.9901997555	-0.1396583122	0	0.1396583122	0.9901997555	0	0	0	1
5.13	5.495271859	-0.1164238123	0	0.9910427327	-0.1335451307	0	0.1335451307	0.9910427327	0	0	0	1
5.14	5.504987239	-0.1208821432	0	0.9927274976	-0.1203832031	0	0.1203832031	0.9927274976	0	0	0	1
5.15	5.513951165	-0.1226746569	0	0.994497736	-0.1047580693	0	0.1047580693	0.994497736	0	0	0	1
5.16	5.522332546	-0.1220711303	0	0.9960206726	-0.0891224981	0	0.0891224981	0.9960206726	0	0	0	1
5.17	5.53043894	-0.1195525973	0	0.9973056369	-0.07335848005	0	0.07335848005	0.9973056369	0	0	0	1
5.18	5.538564606	-0.1156926363	0	0.9983724387	-0.05703046164	0	0.05703046164	0.9983724387	0	0	0	1
5.19	5.546916843	-0.1110537161	0	0.9991844383	-0.04037893378	0	0.04037893378	0.9991844383	0	0	0	1
5.2	5.555582396	-0.1061176824	0	0.9997113046	-0.0240272233	0	0.0240272233	0.9997113046	0	0	0	1
5.21	5.564521498	-0.1012440008	0	0.9999631086	-0.008589611434	0	0.008589611434	0.9999631086	0	0	0	1
5.22	5.573606423	-0.09654661672	0	0.9999874357	0.005012819518	0	-0.005012819518	0.9999874357	0	0	0	1
5.23	5.58272926	-0.09198625642	0	0.9998542183	0.01707460308	0	-0.01707460308	0.9998542183	0	0	0	1
5.24	5.591774634	-0.087535175	0	0.9995885235	0.02868420795	0	-0.02868420795	0.9995885235	0	0	0	1
5.25	5.600627089	-0.08317988572	0	0.9991871911	0.04031075827	0	-0.04031075827	0.9991871911	0	0	0	1
5.26	5.609229629	-0.07891425044	0	0.9986558151	0.05183206568	0	-0.05183206568	0.9986558151	0	0	0	1
5.27	5.617600208	-0.07473872703	0	0.9980126084	0.06301454981	0	-0.06301454981	0.9980126084	0	0	0	1
5.28	5.62580631	-0.07066150808	0	0.9972789668	0.07372016226	0	-0.07372016226	0.9972789668	0	0	0	1
5.29	5.633933806	-0.06669542531	0	0.9964757165	0.08388174118	0	-0.08388174118	0.9964757165	0	0	0	1
5.3	5.642065536	-0.062850063	0	0.995623211	0.0934581281	0	-0.0934581281	0.995623211	0	0	0	1
5.31	5.650267495	-0.05912356092	0	0.9947407804	0.1024245078	0	-0.1024245078	0.9947407804	0	0	0	1
5.32	5.658577156	-0.05549827342	0	0.9938463319	0.1107676336	0	-0.1107676336	0.9938463319	0	0	0	1
5.33	5.666998015	-0.05194292086	0	0.9929564417	0.118479977	0	-0.118479977	0.9929564417	0	0	0	1
5.34	5.675505376	-0.04841970738	0	0.9920848173	0.1255695633	0	-0.1255695633	0.9920848173	0	0	0	1
5.35	5.684061425	-0.04489305712	0	0.9912386349	0.1320831887	0	-0.1320831887	0.9912386349	0	0	0	1
5.36	5.692632883	-0.04133658869	0	0.9904153433	0.1381211344	0	-0.1381211344	0.9904153433	0	0	0	1
5.37	5.701203399	-0.037736905	0	0.9896019918	0.1438328814	0	-0.1438328814	0.9896019918	0	0	0	1
5.38	5.709777855	-0.03409548535	0	0.9887770522	0.1493985982	0	-0.1493985982	0.9887770522	0	0	0	1
5.39	5.718378631	-0.0304293276	0	0.987912919	0.1550098854	0	-0.1550098854	0.987912919	0	0	0	1
5.4	5.727037229	-0.02677051989	0	0.9869776916	0.1608571924	0	-0.1608571924	0.9869776916	0	0	0	1
5.41	5.735786043	-0.02316546987	0	0.9859363418	0.1671213031	0	-0.1671213031	0.9859363418	0	0	0	1
5.42	5.744651632	-0.01967228232	0	0.984754018	0.1739526485	0	-0.1739526485	0.984754018	0	0	0	1
5.43	5.753652152	-0.01635667224	0	0.9834015615	0.181442467	0	-0.181442467	0.9834015615	0	0	0	1
5.44	5.762799633	-0.0132863321	0	0.9818629856	0.189591871	0	-0.189591871	0.9818629856	0	0	0	1
5.45	5.772107026	-0.01052364028	0	0.9801429326	0.1982922886	0	-0.1982922886	0.9801429326	0	0	0	1
5.46	5.781597905	-0.008117876374	0	0.978271211	0.2073292977	0	-0.2073292977	0.978271211	0	0	0	1
5.47	5.791313367	-0.006099381588	0	0.9763031618	0.2164073389	0	-0.2164073389	0.9763031618	0	0	0	1
5.48	5.801310458	-0.004477474481	0	0.9743175307	0.2251784832	0	-0.2251784832	0.9743175307	0	0	0	1
5.49	5.81165182	-0.003241870409	0	0.9724113387	0.2332727768	0	-0.2332727768	0.9724113387	0	0	0	1
5.5	5.822394262	-0.002367101876	0	0.9706907269	0.2403320885	0	-0.2403320885	0.9706907269	0	0	0	1
5.51	5.833580105	-0.00182004081	0	0.9692580229	0.2460465098	0	-0.2460465098	0.9692580229	0	0	0	1
5.52	5.845229453	-0.001570202846	0	0.9682000725	0.2501771765	0	-0.2501771765	0.9682000725	0	0	0	1
5.53	5.85733399	-0.001601102784	0	0.9675782309	0.2525715088	0	-0.2525715088	0.9675782309	0	0	0	1
5.54	5.869855349	-0.001921062996	0	0.9674181897	0.253183819	0	-0.253183819	0.9674181897	0	0	0	1
5.55	5.882726837	-0.002571235719	0	0.9677042165	0.2520883762	0	-0.2520883762	0.9677042165	0	0	0	1
5.56	5.895855877	-0.003628603815	0	0.968381467	0.2494741155	0	-0.2494741155	0.968381467	0	0	0	1
5.57	5.909128084	-0.005202199087	0	0.9693659721	0.2456208708	0	-0.2456208708	0.9693659721	0	0	0	1
5.58	5.922413849	-0.007422471314	0	0.9705605197	0.2408573803	0	-0.2408573803	0.9705605197	0	0	0	1
5.59	5.935578314	-0.01042185925	0	0.9718653884	0.2355369756	0	-0.2355369756	0.9718653884	0	0	0	1
5.6	5.948481073	-0.01427886655	0	0.9732742783	0.2296457689	0	-0.2296457689	0.9732742783	0	0	0	1
5.61	5.961028023	-0.0190141889	0	0.9750116244	0.2221538482	0	-0.2221538482	0.9750116244	0	0	0	1
5.62	5.973247431	-0.02465097384	0	0.9770688039	0.2129238183	0	-0.2129238183	0.9770688039	0	0	0	1
5.63	5.985224365	-0.03121688192	0	0.9792702211	0.2025582238	0	-0.2025582238	0.9792702211	0	0	0	1
5.64	5.997038449	-0.03874024376	0	0.9814675581	0.1916283707	0	-0.1916283707	0.9814675581	0	0	0	1
5.65	6.008732231	-0.04724619048	0	0.9835867618	0.1804358113	0	-0.1804358113	0.9835867618	0	0	0	1
5.66	6.020304493	-0.05675195361	0	0.9856008119	0.169088851	0	-0.169088851	0.9856008119	0	0	0	1
5.67	6.031719156	-0.06725760567	0	0.9875006083	0.1576151915	0	-0.1576151915	0.9875006083	0	0	0	1
5.68	6.042764971	-0.07807357486	0	0.98919109	0.1466321499	0	-0.1466321499	0.98919109	0	0	0	1
5.69	6.053643165	-0.08828937166	0	0.9904655864	0.1377603793	0	-0.1377603793	0.9904655864	0	0	0	1
5.7	6.064414655	-0.09781916043	0	0.9917884788	0.1278890668	0	-0.1278890668	0.9917884788	0	0	0	1
5.71	6.074997211	-0.1064807945	0	0.9933638011	0.1150146023	0	-0.1150146023	0.9933638011	0	0	0	1
5.72	6.085371822	-0.11400677	0	0.9950623155	0.09925214527	0	-0.09925214527	0.9950623155	0	0	0	1
5.73	6.095352694	-0.1194910273	0	0.9967365287	0.08072355457	0	-0.08072355457	0.9967365287	0	0	0	1
5.74	6.10460121	-0.122291855	0	0.9982001609	0.05997031629	0	-0.05997031629	0.9982001609	0	0	0	1
5.75	6.11317619	-0.1225629023	0	0.9992689099	0.03823147503	0	-0.03823147503	0.9992689099	0	0	0	1
5.76	6.121354014	-0.1207170275	0	0.9998709013	0.01606800082	0	-0.01606800082	0.9998709013	0	0	0	1
5.77	6.129446378	-0.1173062609	0	0.999979946	-0.0063330587	0	0.0063330587	0.999979946	0	0	0	1
5.78	6.137698908	-0.1129073579	0	0.9995927369	-0.02853699811	0	0.02853699811	0.9995927369	0	0	0	1
5.79	6.146246352	-0.1080384813	0	0.9987587398	-0.04980943275	0	0.04980943275	0.9987587398	0	0	0	1
5.8	6.155095786	-0.103112143	0	0.9975819762	-0.0694996457	0	0.0694996457	0.9975819762	0	0	0	1
5.81	6.164140911	-0.098353256	0	0.9961823863	-0.08729635249	0	0.08729635249	0.9961823863	0	0	0	1
5.82	6.173259999	-0.09374711513	0	0.9946567872	-0.1032369883	0	0.1032369883	0.9946567872	0	0	0	1
5.83	6.18234645	-0.08925870502	0	0.9930195298	-0.1179500461	0	0.1179500461	0.9930195298	0	0	0	1
5.84	6.191278372	-0.08487007095	0	0.991220076	-0.1322223916	0	0.1322223916	0.991220076	0	0	0	1
5.85	6.19997175	-0.08057277511	0	0.9892270013	-0.1463896848	0	0.1463896848	0.9892270013	0	0	0	1
5.86	6.208417945	-0.07636464641	0	0.9870701234	-0.1602890247	0	0.1602890247	0.9870701234	0	0	0	1
5.87	6.216670062	-0.07225101963	0	0.9848231147	-0.1735610346	0	0.1735610346	0.9848231147	0	0	0	1
5.88	6.224810562	-0.06824369073	0	0.9825709307	-0.1858880475	0	0.1858880475	0.9825709307	0	0	0	1
5.89	6.232925709	-0.06435452375	0	0.9803944886	-0.1970447836	0	0.1970447836	0.9803944886	0	0	0	1
5.9	6.241089496	-0.06058676375	0	0.978373276	-0.2068471244	0	0.2068471244	0.978373276	0	0	0	1
5.91	6.249351291	-0.05692884001	0	0.9765893046	-0.2151123665	0	0.2151123665	0.9765893046	0	0	0	1
5.92	6.257727325	-0.05335396199	0	0.9751209362	-0.2216735431	0	0.2216735431	0.9751209362	0	0	0	1
5.93	6.266202109	-0.04982574677	0	0.9740291239	-0.226422759	0	0.226422759	0.9740291239	0	0	0	1
5.94	6.274740531	-0.0463067016	0	0.9733470154	-0.229337279	0	0.229337279	0.9733470154	0	0	0	1
5.95	6.283305606	-0.04276625885	0	0.9730809573	-0.2304635556	0	0.2304635556	0.9730809573	0	0	0	1
5.96	6.291873526	-0.03918571696	0	0.9732210186	-0.2298713747	0	0.2298713747	0.9732210186	0	0	0	1
5.97	6.300441134	-0.03556067293	0	0.973751532	-0.2276136067	0	0.2276136067	0.973751532	0	0	0	1
5.98	6.309025059	-0.03190208489	0	0.9746536817	-0.2237190218	0	0.2237190218	0.9746536817	0	0	0	1
5.99	6.317654542	-0.02823632344	0	0.97589922	-0.2182217048	0	0.2182217048	0.97589922	0	0	0	1
6	6.326362503	-0.02460416064	0	0.9774417092	-0.2112053625	0	0.2112053625	0.9774417092	0	0	0	1
6.01	6.335178455	-0.02105948675	0	0.9792107598	-0.2028454778	0	0.2028454778	0.9792107598	0	0	0	1
6.02	6.344123783	-0.01766550072	0	0.9811126786	-0.1934371004	0	0.1934371004	0.9811126786	0	0	0	1
6.03	6.35321213	-0.01448977341	0	0.9830374863	-0.1834047453	0	0.1834047453	0.9830374863	0	0	0	1
6.04	6.362454715	-0.01159764176	0	0.9848728644	-0.1732785069	0	0.1732785069	0.9848728644	0	0	0	1
6.05	6.371869458	-0.009044402618	0	0.9865247147	-0.1636123077	0	0.1636123077	0.9865247147	0	0	0	1
6.06	6.381489801	-0.006868422158	0	0.987936686	-0.1548583366	0	0.1548583366	0.987936686	0	0	0	1
6.07	6.39136701	-0.005087478485	0	0.9890952273	-0.1472773956	0	0.1472773956	0.9890952273	0	0	0	1
6.08	6.401562699	-0.003698841156	0	0.9900164316	-0.1409519957	0	0.1409519957	0.9900164316	0	0	0	1
6.09	6.41213702	-0.002682520774	0	0.9907283096	-0.1358580754	0	0.1358580754	0.9907283096	0	0	0	1
6.1	6.423139088	-0.002007404662	0	0.9912630026	-0.1319001887	0	0.1319001887	0.9912630026	0	0	0	1
6.11	6.434599017	-0.001640639871	0	0.9916537843	-0.1289293301	0	0.1289293301	0.9916537843	0	0	0	1
6.12	6.446520578	-0.00155873374	0	0.9919296353	-0.1267895839	0	0.1267895839	0.9919296353	0	0	0	1
6.13	6.45887759	-0.00175878185	0	0.9921120545	-0.1253541832	0	0.1253541832	0.9921120545	0	0	0	1
6.14	6.471614725	-0.002267947585	0	0.9922161049	-0.1245279133	0	0.1245279133	0.9922161049	0	0	0	1
6.15	6.484649694	-0.00314873115	0	0.9922519156	-0.1242422469	0	0.1242422469	0.9922519156	0	0	0	1
6.16	6.497876423	-0.004498076325	0	0.9922257698	-0.1244508807	0	0.1244508807	0.9922257698	0	0	0	1
6.17	6.511170546	-0.006439475453	0	0.9921419698	-0.1251171921	0	0.1251171921	0.9921419698	0	0	0	1
6.18	6.524398178	-0.009107924585	0	0.9920053973	-0.1261954507	0	0.1261954507	0.9920053973	0	0	0	1
6.19	6.537422261	-0.0126130533	0	0.9918229691	-0.127621307	0	0.127621307	0.9918229691	0	0	0	1
6.2	6.550114283	-0.01698922102	0	0.9916197487	-0.1291908436	0	0.1291908436	0.9916197487	0	0	0	1
6.21	6.562455739	-0.02225648469	0	0.9914436266	-0.1305355709	0	0.1305355709	0.9914436266	0	0	0	1
6.22	6.574518332	-0.02844138859	0	0.9913047988	-0.1315856978	0	0.1315856978	0.9913047988	0	0	0	1
6.23	6.586388927	-0.03557233844	0	0.9911959682	-0.1324029936	0	0.1324029936	0.9911959682	0	0	0	1
6.24	6.598127346	-0.04367642243	0	0.9911222728	-0.1329535271	0	0.1329535271	0.9911222728	0	0	0	1
6.25	6.609749454	-0.05277458273	0	0.9910948238	-0.1331579901	0	0.1331579901	0.9910948238	0	0	0	1
6.26	6.621232801	-0.06287788448	0	0.9911181484	-0.1329842697	0	0.1329842697	0.9911181484	0	0	0	1
6.27	6.632449536	-0.07374856895	0	0.9910266371	-0.1336645223	0	0.1336645223	0.9910266371	0	0	0	1
6.28	6.643353165	-0.08422045022	0	0.9903631245	-0.1384950597	0	0.1384950597	0.9903631245	0	0	0	1
6.29	6.654179557	-0.09404361181	0	0.9898742575	-0.1419470122	0	0.1419470122	0.9898742575	0	0	0	1
6.3	6.66484294	-0.1030860333	0	0.9898771502	-0.1419268384	0	0.1419268384	0.9898771502	0	0	0	1
6.31	6.675301236	-0.111114021	0	0.990310021	-0.1388742682	0	0.1388742682	0.990310021	0	0	0	1
6.32	6.6854953	-0.117585099	0	0.9913413459	-0.1313100754	0	0.1313100754	0.9913413459	0	0	0	1
6.33	6.695053306	-0.1214756152	0	0.9931038215	-0.1172382182	0	0.1172382182	0.9931038215	0	0	0	1
6.34	6.703874519	-0.1227347856	0	0.9948321808	-0.1015329107	0	0.1015329107	0.9948321808	0	0	0	1
6.35	6.712173143	-0.1216855795	0	0.9963014073	-0.08592732877	0	0.08592732877	0.9963014073	0	0	0	1
6.36	6.720263541	-0.1188383516	0	0.9975420329	-0.07007062641	0	0.07007062641	0.9975420329	0	0	0	1
6.37	6.72842577	-0.1147720312	0	0.9985601401	-0.05364370035	0	0.05364370035	0.9985601401	0	0	0	1
6.38	6.736843367	-0.1100363647	0	0.9993148996	-0.03700988424	0	0.03700988424	0.9993148996	0	0	0	1
6.39	6.745575511	-0.1050905306	0	0.9997835521	-0.02080502212	0	0.02080502212	0.9997835521	0	0	0	1
6.4	6.754557425	-0.1002562956	0	0.9999838771	-0.005678517943	0	0.005678517943	0.9999838771	0	0	0	1
6.41	6.763658148	-0.09559269151	0	0.9999717298	0.007519279653	0	-0.007519279653	0.9999717298	0	0	0	1
6.42	6.772773276	-0.09105878311	0	0.9998116165	0.01940957386	0	-0.01940957386	0.9998116165	0	0	0	1
6.43	6.781783408	-0.08663044441	0	0.9995189476	0.0310140843	0	-0.0310140843	0.9995189476	0	0	0	1
6.44	6.790581491	-0.08229615192	0	0.9990903611	0.0426432922	0	-0.0426432922	0.9990903611	0	0	0	1
6.45	6.799127175	-0.07805108899	0	0.9985346243	0.05411657793	0	-0.05411657793	0.9985346243	0	0	0	1
6.46	6.807451938	-0.07389735481	0	0.997871312	0.06521383774	0	-0.06521383774	0.997871312	0	0	0	1
6.47	6.815629798	-0.0698445784	0	0.9971217992	0.07581634109	0	-0.07581634109	0.9971217992	0	0	0	1
6.48	6.823747705	-0.06590563295	0	0.9963068366	0.0858643539	0	-0.0858643539	0.9963068366	0	0	0	1
6.49	6.831885948	-0.06208824449	0	0.9954466607	0.09532022723	0	-0.09532022723	0.9954466607	0	0	0	1
6.5	6.840105468	-0.05838733095	0	0.9945603317	0.1041621174	0	-0.1041621174	0.9945603317	0	0	0	1
6.51	6.848436505	-0.05478192214	0	0.9936655057	0.1123782135	0	-0.1123782135	0.9936655057	0	0	0	1
6.52	6.856875616	-0.05123859998	0	0.9927783823	0.1199628428	0	-0.1199628428	0.9927783823	0	0	0	1
6.53	6.865393823	-0.04771933723	0	0.9919116578	0.1269301508	0	-0.1269301508	0.9919116578	0	0	0	1
6.54	6.873952825	-0.04418994521	0	0.9910707045	0.1333373869	0	-0.1333373869	0.9910707045	0	0	0	1
6.55	6.882522033	-0.04062645329	0	0.990250752	0.1392962601	0	-0.1392962601	0.990250752	0	0	0	1
6.56	6.891089572	-0.03701850217	0	0.9894369617	0.1449637842	0	-0.1449637842	0.9894369617	0	0	0	1
6.57	6.899664608	-0.03337077803	0	0.9886064319	0.1505234959	0	-0.1505234959	0.9886064319	0	0	0	1
6.58	6.908272263	-0.0297034166	0	0.9877306728	0.1561669555	0	-0.1561669555	0.9877306728	0	0	0	1
6.59	6.916945021	-0.0260515842	0	0.9867770624	0.1620834019	0	-0.1620834019	0.9867770624	0	0	0	1
6.6	6.925714508	-0.02246430728	0	0.9857103978	0.1684488396	0	-0.1684488396	0.9857103978	0	0	0	1
6.61	6.93460557	-0.01900150362	0	0.9844965233	0.1754040921	0	-0.1754040921	0.9844965233	0	0	0	1
6.62	6.943634693	-0.01572975405	0	0.9831082788	0.183024895	0	-0.183024895	0.9831082788	0	0	0	1
6.63	6.95281324	-0.01271625779	0	0.9815332461	0.1912916276	0	-0.1912916276	0.9815332461	0	0	0	1
6.64	6.962155314	-0.01002128429	0	0.9797807735	0.2000740762	0	-0.2000740762	0.9797807735	0	0	0	1
6.65	6.971687416	-0.0076906856	0	0.9778857096	0.2091399987	0	-0.2091399987	0.9778857096	0	0	0	1
6.66	6.981454134	-0.005750693412	0	0.9759081951	0.2181815637	0	-0.2181815637	0.9759081951	0	0	0	1
6.67	6.991514394	-0.004206556034	0	0.9739307745	0.2268454243	0	-0.2268454243	0.9739307745	0	0	0	1
6.68	7.001930525	-0.003044578489	0	0.9720532015	0.2347606728	0	-0.2347606728	0.9720532015	0	0	0	1
6.69	7.012756979	-0.002237136812	0	0.9703817724	0.2415765217	0	-0.2415765217	0.9703817724	0	0	0	1
6.7	7.024032343	-0.001750758806	0	0.9690165907	0.2469956414	0	-0.2469956414	0.9690165907	0	0	0	1
6.71	7.035771561	-0.00155683611	0	0.9680402581	0.250794854	0	-0.250794854	0.9680402581	0	0	0	1
6.72	7.047960484	-0.001642954983	0	0.9675079195	0.252840712	0	-0.252840712	0.9675079195	0	0	0	1
6.73	7.060555066	-0.002023365781	0	0.9674374654	0.2531101548	0	-0.2531101548	0.9674374654	0	0	0	1
6.74	7.073483407	-0.002746204986	0	0.9678051006	0.2517007891	0	-0.2517007891	0.9678051006	0	0	0	1
6.75	7.086648382	-0.003895217603	0	0.9685493643	0.2488214798	0	-0.2488214798	0.9685493643	0	0	0	1
6.76	7.099932087	-0.005584652311	0	0.9695823779	0.2447652189	0	-0.2447652189	0.9695823779	0	0	0	1
6.77	7.113203125	-0.007947224043	0	0.9708065641	0.2398637428	0	-0.2398637428	0.9708065641	0	0	0	1
6.78	7.12632631	-0.01111099779	0	0.9721216666	0.2344770039	0	-0.2344770039	0.9721216666	0	0	0	1
6.79	7.139161375	-0.01513808584	0	0.973580032	0.2283460559	0	-0.2283460559	0.973580032	0	0	0	1
6.8	7.151637658	-0.02004729396	0	0.9753898097	0.220487458	0	-0.220487458	0.9753898097	0	0	0	1
6.81	7.163801118	-0.02586312808	0	0.9774902068	0.2109807944	0	-0.2109807944	0.9774902068	0	0	0	1
6.82	7.175739468	-0.03261363401	0	0.9797004176	0.2004671835	0	-0.2004671835	0.9797004176	0	0	0	1
6.83	7.187526718	-0.0403269042	0	0.9818866627	0.18946921	0	-0.18946921	0.9818866627	0	0	0	1
6.84	7.199196646	-0.04902689923	0	0.9839869173	0.1782406987	0	-0.1782406987	0.9839869173	0	0	0	1
6.85	7.210740443	-0.0587289036	0	0.9859793353	0.1668674634	0	-0.1668674634	0.9859793353	0	0	0	1
6.86	7.22210536	-0.06940292941	0	0.9878578391	0.1553605154	0	-0.1553605154	0.9878578391	0	0	0	1
6.87	7.233082399	-0.08012053351	0	0.9894609097	0.1448002357	0	-0.1448002357	0.9894609097	0	0	0	1
6.88	7.24394647	-0.09021026189	0	0.9907040968	0.1360345272	0	-0.1360345272	0.9907040968	0	0	0	1
6.89	7.254684111	-0.09958788288	0	0.9920759563	0.1256395513	0	-0.1256395513	0.9920759563	0	0	0	1
6.9	7.26522542	-0.1080510545	0	0.9936890202	0.1121700989	0	-0.1121700989	0.9936890202	0	0	0	1
6.91	7.275553171	-0.1152821095	0	0.9953923997	0.09588519465	0	-0.09588519465	0.9953923997	0	0	0	1
6.92	7.285404309	-0.1202490056	0	0.9970442778	0.07682908409	0	-0.07682908409	0.9970442778	0	0	0	1
6.93	7.294505951	-0.1225331322	0	0.9984417951	0.05580306349	0	-0.05580306349	0.9984417951	0	0	0	1
6.94	7.302977508	-0.1223514835	0	0.9994231784	0.03396042369	0	-0.03396042369	0.9994231784	0	0	0	1
6.95	7.311114226	-0.1201537043	0	0.9999311534	0.01173407496	0	-0.01173407496	0.9999311534	0	0	0	1
6.96	7.319220375	-0.1165048532	0	0.9999429954	-0.01067735333	0	0.01067735333	0.9999429954	0	0	0	1
6.97	7.327522569	-0.1119756458	0	0.9994631417	-0.0327632155	0	0.0327632155	0.9994631417	0	0	0	1
6.98	7.336131187	-0.1070663918	0	0.9985532873	-0.05377111173	0	0.05377111173	0.9985532873	0	0	0	1
6.99	7.345029041	-0.1021645402	0	0.9973239597	-0.07310895557	0	0.07310895557	0.9973239597	0	0	0	1
7	7.35409603	-0.09743881479	0	0.9958940919	-0.09052600621	0	0.09052600621	0.9958940919	0	0	0	1
7.01	7.363217981	-0.09285758495	0	0.9943486759	-0.1061636032	0	0.1061636032	0.9943486759	0	0	0	1
7.02	7.372284172	-0.08838951296	0	0.9926842138	-0.1207396025	0	0.1207396025	0.9926842138	0	0	0	1
7.03	7.381174919	-0.08401908674	0	0.9908474524	-0.1349863923	0	0.1349863923	0.9908474524	0	0	0	1
7.04	7.389819598	-0.07973909041	0	0.9888178964	-0.149128025	0	0.149128025	0.9888178964	0	0	0	1
7.05	7.398223699	-0.07554866541	0	0.9866364627	-0.1629370753	0	0.1629370753	0.9866364627	0	0	0	1
7.06	7.406448455	-0.07145463519	0	0.9843812995	-0.1760495871	0	0.1760495871	0.9843812995	0	0	0	1
7.07	7.414578575	-0.06746944203	0	0.9821370012	-0.1881672417	0	0.1881672417	0.9821370012	0	0	0	1
7.08	7.42269886	-0.06360392736	0	0.9799836864	-0.1990778097	0	0.1990778097	0.9799836864	0	0	0	1
7.09	7.43087948	-0.05985880796	0	0.9780013471	-0.2085985741	0	0.2085985741	0.9780013471	0	0	0	1
7.1	7.439163806	-0.05621935808	0	0.9762722484	-0.2165467549	0	0.2165467549	0.9762722484	0	0	0	1
7.11	7.447561428	-0.0526563413	0	0.9748725915	-0.2227631708	0	0.2227631708	0.9748725915	0	0	0	1
7.12	7.456051861	-0.04913247831	0	0.9738585207	-0.2271554128	0	0.2271554128	0.9738585207	0	0	0	1
7.13	7.464598288	-0.04561110642	0	0.973257583	-0.2297165147	0	0.2297165147	0.973257583	0	0	0	1
7.14	7.4731653	-0.04206365034	0	0.9730720455	-0.2305011807	0	0.2305011807	0.9730720455	0	0	0	1
7.15	7.481732757	-0.03847403158	0	0.9732901625	-0.2295784387	0	0.2295784387	0.9732901625	0	0	0	1
7.16	7.490301719	-0.03484084084	0	0.9738957319	-0.2269958222	0	0.2269958222	0.9738957319	0	0	0	1
7.17	7.498891952	-0.03117808277	0	0.974868711	-0.2227801525	0	0.2227801525	0.974868711	0	0	0	1
7.18	7.507534071	-0.02751497513	0	0.9761779511	-0.2169714446	0	0.2169714446	0.9761779511	0	0	0	1
7.19	7.516260974	-0.02389522913	0	0.9777724495	-0.2096688747	0	0.2096688747	0.9777724495	0	0	0	1
7.2	7.525100678	-0.020374838	0	0.9795768441	-0.2010701531	0	0.2010701531	0.9795768441	0	0	0	1
7.21	7.534072871	-0.01701832408	0	0.9814933469	-0.1914962402	0	0.1914962402	0.9814933469	0	0	0	1
7.22	7.543190199	-0.01389340238	0	0.9834101457	-0.1813959353	0	0.1813959353	0.9834101457	0	0	0	1
7.23	7.552464439	-0.0110640632	0	0.9852167183	-0.1713126325	0	0.1713126325	0.9852167183	0	0	0	1
7.24	7.561916002	-0.00858277468	0	0.9868249722	-0.1617914529	0	0.1617914529	0.9868249722	0	0	0	1
7.25	7.571582023	-0.00648401587	0	0.9881871924	-0.1532516648	0	0.1532516648	0.9881871924	0	0	0	1
7.26	7.581516772	-0.004781523331	0	0.9892971201	-0.1459150717	0	0.1459150717	0.9892971201	0	0	0	1
7.27	7.591782559	-0.003468528523	0	0.9901748293	-0.1398349291	0	0.1398349291	0.9901748293	0	0	0	1
7.28	7.602438017	-0.002522363996	0	0.9908493531	-0.1349724397	0	0.1349724397	0.9908493531	0	0	0	1
7.29	7.613528995	-0.001910728847	0	0.9913530868	-0.1312214053	0	0.1312214053	0.9913530868	0	0	0	1
7.3	7.625080959	-0.001601706956	0	0.9917190216	-0.1284265634	0	0.1284265634	0.9917190216	0	0	0	1
7.31	7.637091884	-0.001575050902	0	0.991974906	-0.1264349075	0	0.1264349075	0.991974906	0	0	0	1
7.32	7.649529608	-0.001833159803	0	0.9921407641	-0.1251267528	0	0.1251267528	0.9921407641	0	0	0	1
7.33	7.662333227	-0.002409926114	0	0.9922305249	-0.1244129634	0	0.1244129634	0.9922305249	0	0	0	1
7.34	7.675415389	-0.003374996153	0	0.992253478	-0.1242297688	0	0.1242297688	0.992253478	0	0	0	1
7.35	7.688665988	-0.004831302355	0	0.9922153619	-0.1245338329	0	0.1245338329	0.9922153619	0	0	0	1
7.36	7.701957845	-0.006906142784	0	0.9921204016	-0.1252881028	0	0.1252881028	0.9921204016	0	0	0	1
7.37	7.715156483	-0.009734095699	0	0.9919738942	-0.1264428458	0	0.1264428458	0.9919738942	0	0	0	1
7.38	7.728123122	-0.01341064489	0	0.9917835477	-0.1279273017	0	0.1279273017	0.9917835477	0	0	0	1
7.39	7.740743173	-0.01796162922	0	0.9915822219	-0.1294785586	0	0.1294785586	0.9915822219	0	0	0	1
7.4	7.75302242	-0.02340862228	0	0.9914135681	-0.1307636682	0	0.1307636682	0.9914135681	0	0	0	1
7.41	7.765040517	-0.02977881157	0	0.9912806429	-0.1317675494	0	0.1317675494	0.9912806429	0	0	0	1
7.42	7.776881572	-0.03710065742	0	0.9911775422	-0.132540861	0	0.132540861	0.9911775422	0	0	0	1
7.43	7.788597162	-0.04540040606	0	0.9911118586	-0.133031138	0	0.133031138	0.9911118586	0	0	0	1
7.44	7.800194595	-0.05469726602	0	0.9910940579	-0.1331636901	0	0.1331636901	0.9910940579	0	0	0	1
7.45	7.811645545	-0.06499981447	0	0.9911271051	-0.1329174991	0	0.1329174991	0.9911271051	0	0	0	1
7.46	7.822776147	-0.07587440638	0	0.9909143789	-0.1344942143	0	0.1344942143	0.9909143789	0	0	0	1
7.47	7.83366449	-0.08622126619	0	0.9902329459	-0.1394227844	0	0.1394227844	0.9902329459	0	0	0	1
7.48	7.844465515	-0.09590432568	0	0.9898320267	-0.1422411998	0	0.1422411998	0.9898320267	0	0	0	1
7.49	7.855089443	-0.1047658481	0	0.9899322268	-0.1415421718	0	0.1415421718	0.9899322268	0	0	0	1
7.5	7.865506886	-0.1125610295	0	0.9904325224	-0.1379978936	0	0.1379978936	0.9904325224	0	0	0	1
7.51	7.875606918	-0.1185715114	0	0.9916608153	-0.1288752393	0	0.1288752393	0.9916608153	0	0	0	1
7.52	7.885013175	-0.1219275517	0	0.9934615008	-0.114167624	0	0.114167624	0.9934615008	0	0	0	1
7.53	7.893708183	-0.1226962625	0	0.9951422997	-0.09844695688	0	0.09844695688	0.9951422997	0	0	0	1
7.54	7.901940567	-0.1212467182	0	0.9965625534	-0.08284369123	0	0.08284369123	0.9965625534	0	0	0	1
7.55	7.910025745	-0.1181120341	0	0.9977611328	-0.06687841038	0	0.06687841038	0.9977611328	0	0	0	1
7.56	7.918228049	-0.1138720436	0	0.9987307665	-0.05036721218	0	0.05036721218	0.9987307665	0	0	0	1
7.57	7.926707738	-0.1090622159	0	0.9994296283	-0.03377007788	0	0.03377007788	0.9994296283	0	0	0	1
7.58	7.935498439	-0.1041194102	0	0.9998429992	-0.01771939412	0	0.01771939412	0.9998429992	0	0	0	1
7.59	7.944513768	-0.09932252925	0	0.9999957004	-0.002932441101	0	0.002932441101	0.9999957004	0	0	0	1
7.6	7.953625379	-0.09468782133	0	0.999950848	0.009914711099	0	-0.009914711099	0.999950848	0	0	0	1
7.61	7.962729227	-0.0901766253	0	0.999764842	0.02168549616	0	-0.02168549616	0.999764842	0	0	0	1
7.62	7.971703511	-0.08576799655	0	0.9994455972	0.03329411836	0	-0.03329411836	0.9994455972	0	0	0	1
7.63	7.980451309	-0.0814519999	0	0.9989908739	0.04491362606	0	-0.04491362606	0.9989908739	0	0	0	1
7.64	7.988947848	-0.07722506104	0	0.9984123265	0.05632784733	0	-0.05632784733	0.9984123265	0	0	0	1
7.65	7.997235804	-0.07309084005	0	0.9977304259	0.06733496222	0	-0.06733496222	0.9977304259	0	0	0	1
7.66	8.005393843	-0.06906013102	0	0.9969664385	0.07783264453	0	-0.07783264453	0.9969664385	0	0	0	1
7.67	8.013508871	-0.06514549513	0	0.9961410331	0.08776697633	0	-0.08776697633	0.9961410331	0	0	0	1
7.68	8.021658405	-0.06135263107	0	0.9952742837	0.09710355365	0	-0.09710355365	0.9952742837	0	0	0	1
7.69	8.029897954	-0.05767332232	0	0.9943849586	0.1058232206	0	-0.1058232206	0.9943849586	0	0	0	1
7.7	8.038250963	-0.05408365607	0	0.9934904705	0.1139152533	0	-0.1139152533	0.9934904705	0	0	0	1
7.71	8.046707937	-0.05054861544	0	0.9926065749	0.1213762227	0	-0.1213762227	0.9926065749	0	0	0	1
7.72	8.055236537	-0.04703022747	0	0.9917448327	0.1282270911	0	-0.1282270911	0.9917448327	0	0	0	1
7.73	8.063798755	-0.04349595199	0	0.9909087543	0.1345356485	0	-0.1345356485	0.9909087543	0	0	0	1
7.74	8.072367115	-0.0399243282	0	0.9900915093	0.1404236562	0	-0.1404236562	0.9900915093	0	0	0	1
7.75	8.080934	-0.0363078795	0	0.9892764483	0.1460551566	0	-0.1460551566	0.9892764483	0	0	0	1
7.76	8.089512357	-0.03265435345	0	0.9884394432	0.1516161837	0	-0.1516161837	0.9884394432	0	0	0	1
7.77	8.098129499	-0.02898690049	0	0.9875511261	0.1572983579	0	-0.1572983579	0.9875511261	0	0	0	1
7.78	8.106818387	-0.0253435658	0	0.9865782033	0.1632894629	0	-0.1632894629	0.9865782033	0	0	0	1
7.79	8.115609662	-0.02177578595	0	0.9854853455	0.1697605187	0	-0.1697605187	0.9854853455	0	0	0	1
7.8	8.124526489	-0.01834517433	0	0.9842392437	0.1768420513	0	-0.1768420513	0.9842392437	0	0	0	1
7.81	8.133583899	-0.01511890494	0	0.982815009	0.1845932232	0	-0.1845932232	0.982815009	0	0	0	1
7.82	8.142793002	-0.01216338883	0	0.9812039669	0.1929735095	0	-0.1929735095	0.9812039669	0	0	0	1
7.83	8.152169529	-0.009536692651	0	0.9794203131	0.2018312421	0	-0.2018312421	0.9794203131	0	0	0	1
7.84	8.161743318	-0.0072811124	0	0.9775039344	0.2109171834	0	-0.2109171834	0.9775039344	0	0	0	1
7.85	8.171562424	-0.005418732906	0	0.9755195623	0.2199126724	0	-0.2199126724	0.9755195623	0	0	0	1
7.86	8.181687359	-0.003950838241	0	0.9735536351	0.2284585731	0	-0.2284585731	0.9735536351	0	0	0	1
7.87	8.192179434	-0.002860574045	0	0.9717080771	0.2361851243	0	-0.2361851243	0.9717080771	0	0	0	1
7.88	8.203090685	-0.002118410774	0	0.9700890736	0.2427492314	0	-0.2427492314	0.9700890736	0	0	0	1
7.89	8.214455772	-0.001690975172	0	0.9687939475	0.2478674791	0	-0.2478674791	0.9687939475	0	0	0	1
7.9	8.226284275	-0.001551932915	0	0.9679008308	0.2513324127	0	-0.2513324127	0.9679008308	0	0	0	1
7.91	8.238556121	-0.001693298814	0	0.9674583495	0.2530303183	0	-0.2530303183	0.9674583495	0	0	0	1
7.92	8.25122168	-0.002135501589	0	0.9674763395	0.2529615236	0	-0.2529615236	0.9674763395	0	0	0	1
7.93	8.264203968	-0.002933647284	0	0.9679231306	0.2512465189	0	-0.2512465189	0.9679231306	0	0	0	1
7.94	8.277401356	-0.00417808184	0	0.968731027	0.2481132753	0	-0.2481132753	0.968731027	0	0	0	1
7.95	8.290692621	-0.005987832933	0	0.969808831	0.2438664212	0	-0.2438664212	0.969808831	0	0	0	1
7.96	8.303944898	-0.008497175178	0	0.9710591647	0.2388390645	0	-0.2388390645	0.9710591647	0	0	0	1
7.97	8.317022442	-0.01182685911	0	0.9723855152	0.2333803973	0	-0.2333803973	0.9723855152	0	0	0	1
7.98	8.329788302	-0.01602401403	0	0.9739029286	0.2269649438	0	-0.2269649438	0.9739029286	0	0	0	1
7.99	8.3421972	-0.02110750198	0	0.9757814467	0.2187477273	0	-0.2187477273	0.9757814467	0	0	0	1
8	8.354309362	-0.02710293685	0	0.9779171567	0.2089929058	0	-0.2089929058	0.9779171567	0	0	0	1
8.01	8.36621305	-0.03403860023	0	0.9801306815	0.198352835	0	-0.198352835	0.9801306815	0	0	0	1
8.02	8.377975765	-0.04194218574	0	0.982303265	0.1872973453	0	-0.1872973453	0.982303265	0	0	0	1
8.03	8.389622481	-0.05083625503	0	0.9843835521	0.1760369914	0	-0.1760369914	0.9843835521	0	0	0	1
8.04	8.401137409	-0.06073407261	0	0.9863538237	0.1646394077	0	-0.1646394077	0.9863538237	0	0	0	1
8.05	8.412436747	-0.07153364751	0	0.9882079343	0.1531178584	0	-0.1531178584	0.9882079343	0	0	0	1
8.06	8.423368144	-0.0821341534	0	0.9897152813	0.1430512566	0	-0.1430512566	0.9897152813	0	0	0	1
8.07	8.434215844	-0.09209582628	0	0.9909502251	0.1342298456	0	-0.1342298456	0.9909502251	0	0	0	1
8.08	8.444917977	-0.1013142503	0	0.9923740936	0.1232625586	0	-0.1232625586	0.9923740936	0	0	0	1
8.09	8.455418395	-0.1095700393	0	0.9940182987	0.1092136527	0	-0.1092136527	0.9940182987	0	0	0	1
8.1	8.46568868	-0.1164580455	0	0.9957220193	0.0923994603	0	-0.0923994603	0.9957220193	0	0	0	1
8.11	8.475399962	-0.1209010467	0	0.9973426696	0.07285327259	0	-0.07285327259	0.9973426696	0	0	0	1
8.12	8.484360927	-0.1226795603	0	0.9986677983	0.05160066545	0	-0.05160066545	0.9986677983	0	0	0	1
8.13	8.492741697	-0.1220648995	0	0.9995598052	0.02966809292	0	-0.02966809292	0.9995598052	0	0	0	1
8.14	8.500849927	-0.1195388622	0	0.9999727297	0.00738511145	0	-0.00738511145	0.9999727297	0	0	0	1
8.15	8.50897936	-0.1156752419	0	0.9998872636	-0.01501533012	0	0.01501533012	0.9998872636	0	0	0	1
8.16	8.517336243	-0.1110359284	0	0.999317074	-0.03695112583	0	0.03695112583	0.999317074	0	0	0	1
8.17	8.526006049	-0.1061017628	0	0.9983357231	-0.05766961	0	0.05766961	0.9983357231	0	0	0	1
8.18	8.53494776	-0.1012312041	0	0.9970584373	-0.07664510876	0	0.07664510876	0.9970584373	0	0	0	1
8.19	8.54403297	-0.09653699731	0	0.995601841	-0.09368550668	0	0.09368550668	0.995601841	0	0	0	1
8.2	8.553153567	-0.09197971734	0	0.994036364	-0.1090491038	0	0.1090491038	0.994036364	0	0	0	1
8.21	8.562194307	-0.08753162836	0	0.9923425506	-0.1235162432	0	0.1235162432	0.9923425506	0	0	0	1
8.22	8.571040367	-0.08317931856	0	0.9904679213	-0.1377435912	0	0.1377435912	0.9904679213	0	0	0	1
8.23	8.579635651	-0.07891675294	0	0.9884039199	-0.151847592	0	0.151847592	0.9884039199	0	0	0	1
8.24	8.587998947	-0.07474448541	0	0.9862014168	-0.1655498881	0	0.1655498881	0.9862014168	0	0	0	1
8.25	8.59619842	-0.07067076875	0	0.9839417726	-0.1784897423	0	0.1784897423	0.9839417726	0	0	0	1
8.26	8.604320253	-0.0667084012	0	0.9817088743	-0.1903882512	0	0.1903882512	0.9817088743	0	0	0	1
8.27	8.612447317	-0.06286686755	0	0.979582275	-0.201043693	0	0.201043693	0.979582275	0	0	0	1
8.28	8.620645551	-0.05914413939	0	0.9776425661	-0.210273662	0	0.210273662	0.9776425661	0	0	0	1
8.29	8.628952005	-0.05552238249	0	0.975971806	-0.2178968423	0	0.2178968423	0.975971806	0	0	0	1
8.3	8.637369787	-0.0519701797	0	0.9746433891	-0.2237638577	0	0.2237638577	0.9746433891	0	0	0	1
8.31	8.645873919	-0.04844966299	0	0.973708259	-0.2277986531	0	0.2277986531	0.973708259	0	0	0	1
8.32	8.654426504	-0.04492525495	0	0.9731884247	-0.2300093261	0	0.2300093261	0.9731884247	0	0	0	1
8.33	8.662994241	-0.04137054774	0	0.9730824682	-0.2304571763	0	0.2304571763	0.9730824682	0	0	0	1
8.34	8.671560935	-0.03777220056	0	0.9733772518	-0.2292089128	0	0.2292089128	0.9733772518	0	0	0	1
8.35	8.680131692	-0.03413175492	0	0.9740560879	-0.2263067337	0	0.2263067337	0.9740560879	0	0	0	1
8.36	8.688729114	-0.03046623888	0	0.9750974743	-0.2217767246	0	0.2217767246	0.9750974743	0	0	0	1
8.37	8.697384858	-0.02680772184	0	0.9764670125	-0.2156668114	0	0.2156668114	0.9764670125	0	0	0	1
8.38	8.706131385	-0.02320255888	0	0.9781091067	-0.2080927089	0	0.2080927089	0.9781091067	0	0	0	1
8.39	8.714995222	-0.01970871779	0	0.9799437063	-0.1992745153	0	0.1992745153	0.9799437063	0	0	0	1
8.4	8.723994433	-0.01639182272	0	0.9818694125	-0.189558584	0	0.189558584	0.9818694125	0	0	0	1
8.41	8.733140864	-0.01331946992	0	0.983773187	-0.1794166006	0	0.1794166006	0.983773187	0	0	0	1
8.42	8.742447183	-0.01055403506	0	0.9855470919	-0.1694016813	0	0.1694016813	0.9855470919	0	0	0	1
8.43	8.751936604	-0.008144905146	0	0.9871098817	-0.1600439985	0	0.1600439985	0.9871098817	0	0	0	1
8.44	8.761649953	-0.006122718477	0	0.98842248	-0.1517267314	0	0.1517267314	0.98842248	0	0	0	1
8.45	8.771643854	-0.004496764348	0	0.9894854667	-0.1446323313	0	0.1446323313	0.9894854667	0	0	0	1
8.46	8.781980764	-0.003257121975	0	0.9903213024	-0.1387937967	0	0.1387937967	0.9903213024	0	0	0	1
8.47	8.792717463	-0.002378490208	0	0.9909599064	-0.1341583535	0	0.1341583535	0.9909599064	0	0	0	1
8.48	8.803896512	-0.001827848043	0	0.9914343551	-0.1306059704	0	0.1306059704	0.9914343551	0	0	0	1
8.49	8.815538474	-0.001574629163	0	0.9917770012	-0.1279780447	0	0.1279780447	0.9917770012	0	0	0	1
8.5	8.827635479	-0.001602140186	0	0.9920140024	-0.1261277883	0	0.1261277883	0.9920140024	0	0	0	1
8.51	8.840149658	-0.001918293129	0	0.9921640766	-0.1249417665	0	0.1249417665	0.9921640766	0	0	0	1
8.52	8.853014783	-0.002563781546	0	0.9922402184	-0.1243356305	0	0.1243356305	0.9922402184	0	0	0	1
8.53	8.866138746	-0.003615095217	0	0.992250912	-0.124250262	0	0.124250262	0.992250912	0	0	0	1
8.54	8.87940748	-0.005180899584	0	0.9922013959	-0.124645056	0	0.124645056	0.9922013959	0	0	0	1
8.55	8.892691709	-0.007391324754	0	0.9920958769	-0.1254821545	0	0.1254821545	0.9920958769	0	0	0	1
8.56	8.905856428	-0.0103792079	0	0.9919401296	-0.1267074557	0	0.1267074557	0.9919401296	0	0	0	1
8.57	8.918761402	-0.01422409089	0	0.9917435148	-0.1282372837	0	0.1282372837	0.9917435148	0	0	0	1
8.58	8.931311065	-0.01894692087	0	0.9915462131	-0.1297540262	0	0.1297540262	0.9915462131	0	0	0	1
8.59	8.943532352	-0.02457078809	0	0.9913851102	-0.1309792477	0	0.1309792477	0.9913851102	0	0	0	1
8.6	8.955509965	-0.03112335377	0	0.9912579627	-0.1319380586	0	0.1319380586	0.9912579627	0	0	0	1
8.61	8.967323801	-0.03863297884	0	0.9911611392	-0.1326634692	0	0.1326634692	0.9911611392	0	0	0	1
8.62	8.979017008	-0.04712490731	0	0.9911040553	-0.1330892617	0	0.1330892617	0.9911040553	0	0	0	1
8.63	8.990588899	-0.0566165268	0	0.9910961058	-0.1331484477	0	0.1331484477	0.9910961058	0	0	0	1
8.64	9.002004047	-0.06710892397	0	0.9911392578	-0.1328268483	0	0.1328268483	0.9911392578	0	0	0	1
8.65	9.013052826	-0.07792997324	0	0.9907874099	-0.1354263944	0	0.1354263944	0.9907874099	0	0	0	1
8.66	9.023929556	-0.08815401348	0	0.9901194077	-0.1402268112	0	0.1402268112	0.9901194077	0	0	0	1
8.67	9.034701488	-0.09769388753	0	0.9898122439	-0.1423787972	0	0.1423787972	0.9898122439	0	0	0	1
8.68	9.045285673	-0.1063689617	0	0.9900026029	-0.1410490913	0	0.1410490913	0.9900026029	0	0	0	1
8.69	9.055662446	-0.1139139521	0	0.9905817513	-0.1369225842	0	0.1369225842	0.9905817513	0	0	0	1
8.7	9.065651017	-0.1194336455	0	0.9919954211	-0.1262738472	0	0.1262738472	0.9919954211	0	0	0	1
8.71	9.074908916	-0.1222706522	0	0.9938062656	-0.111126534	0	0.111126534	0.9938062656	0	0	0	1
8.72	9.083490284	-0.1225736677	0	0.9954365116	-0.09542615687	0	0.09542615687	0.9954365116	0	0	0	1
8.73	9.091669914	-0.1207528152	0	0.9968109059	-0.07979986171	0	0.07979986171	0.9968109059	0	0	0	1
8.74	9.099759902	-0.1173590212	0	0.9979678264	-0.06371983588	0	0.06371983588	0.9979678264	0	0	0	1
8.75	9.108007264	-0.1129693672	0	0.9988880862	-0.04714436605	0	0.04714436605	0.9988880862	0	0	0	1
8.76	9.116548657	-0.1081033456	0	0.9995314927	-0.0306071082	0	0.0306071082	0.9995314927	0	0	0	1
8.77	9.1253931	-0.1031752402	0	0.9998915664	-0.01472601168	0	0.01472601168	0.9998915664	0	0	0	1
8.78	9.134435651	-0.09841370356	0	0.9999999516	-0.0003112826508	0	0.0003112826508	0.9999999516	0	0	0	1
8.79	9.143554224	-0.0938056077	0	0.9999251758	0.01223285543	0	-0.01223285543	0.9999251758	0	0	0	1
8.8	9.152642429	-0.08931571078	0	0.9997138014	0.02392311236	0	-0.02392311236	0.9997138014	0	0	0	1
8.81	9.161578181	-0.08492586042	0	0.9993682457	0.03554025035	0	-0.03554025035	0.9993682457	0	0	0	1
8.82	9.170276378	-0.08062748611	0	0.9988882846	0.04714016222	0	-0.04714016222	0.9988882846	0	0	0	1
8.83	9.178727135	-0.076418276	0	0.9982881072	0.05848807524	0	-0.05848807524	0.9982881072	0	0	0	1
8.84	9.186982754	-0.07230342238	0	0.9975887374	0.06940252867	0	-0.06940252867	0.9975887374	0	0	0	1
8.85	9.195125312	-0.06829463983	0	0.996811301	0.07979492602	0	-0.07979492602	0.996811301	0	0	0	1
8.86	9.203241043	-0.06440384456	0	0.9959763897	0.08961602079	0	-0.08961602079	0.9959763897	0	0	0	1
8.87	9.211404188	-0.06063446578	0	0.9951038761	0.098834588	0	-0.098834588	0.9951038761	0	0	0	1
8.88	9.219664589	-0.05697515209	0	0.9942122435	0.1074337693	0	-0.1074337693	0.9942122435	0	0	0	1
8.89	9.228038998	-0.05339932493	0	0.9933186616	0.1154037974	0	-0.1154037974	0.9933186616	0	0	0	1
8.9	9.236512392	-0.04987068793	0	0.9924383475	0.1227441505	0	-0.1227441505	0.9924383475	0	0	0	1
8.91	9.245049875	-0.04635170773	0	0.9915815863	0.1294834266	0	-0.1294834266	0.9915815863	0	0	0	1
8.92	9.253614449	-0.04281170077	0	0.9907500126	0.1356997144	0	-0.1356997144	0.9907500126	0	0	0	1
8.93	9.262181997	-0.03923171019	0	0.9899347657	0.1415244135	0	-0.1415244135	0.9899347657	0	0	0	1
8.94	9.270749096	-0.03560713807	0	0.9891175472	0.1471274206	0	-0.1471274206	0.9891175472	0	0	0	1
8.95	9.279332107	-0.03194872516	0	0.988273075	0.1526968542	0	-0.1526968542	0.988273075	0	0	0	1
8.96	9.287960149	-0.02828260611	0	0.9873711258	0.1584243037	0	-0.1584243037	0.9873711258	0	0	0	1
8.97	9.296666247	-0.02464953269	0	0.9863778761	0.164495245	0	-0.164495245	0.9863778761	0	0	0	1
8.98	9.305479892	-0.02110314329	0	0.985257986	0.1710751328	0	-0.1710751328	0.985257986	0	0	0	1
8.99	9.314422625	-0.01770658774	0	0.9839791628	0.1782835023	0	-0.1782835023	0.9839791628	0	0	0	1
9	9.323508207	-0.01452743695	0	0.9825190544	0.1861620471	0	-0.1861620471	0.9825190544	0	0	0	1
9.01	9.332747849	-0.01163112052	0	0.9808729889	0.1946488624	0	-0.1946488624	0.9808729889	0	0	0	1
9.02	9.342159346	-0.009073164249	0	0.9790600085	0.2035718541	0	-0.2035718541	0.9790600085	0	0	0	1
9.03	9.351775999	-0.006892181646	0	0.97712489	0.2126662864	0	-0.2126662864	0.97712489	0	0	0	1
9.04	9.361648939	-0.005106197417	0	0.975136857	0.2216034973	0	-0.2216034973	0.975136857	0	0	0	1
9.05	9.371839724	-0.003712736032	0	0.9731859465	0.2300198113	0	-0.2300198113	0.9731859465	0	0	0	1
9.06	9.382408635	-0.002691967999	0	0.9713759286	0.2375474803	0	-0.2375474803	0.9713759286	0	0	0	1
9.07	9.393404989	-0.00201285802	0	0.9698121642	0.2438531651	0	-0.2438531651	0.9698121642	0	0	0	1
9.08	9.404859159	-0.001642505656	0	0.9685890704	0.2486668711	0	-0.2486668711	0.9685890704	0	0	0	1
9.09	9.416775193	-0.001557228263	0	0.9677799566	0.2517974496	0	-0.2517974496	0.9677799566	0	0	0	1
9.1	9.429127215	-0.001753809295	0	0.96742655	0.2531518721	0	-0.2531518721	0.96742655	0	0	0	1
9.11	9.441860186	-0.002259009848	0	0.967530641	0.252753751	0	-0.252753751	0.967530641	0	0	0	1
9.12	9.454892097	-0.003134891942	0	0.9680529919	0.2507456975	0	-0.2507456975	0.9680529919	0	0	0	1
9.13	9.468117089	-0.004478033189	0	0.9689202362	0.2473733531	0	-0.2473733531	0.9689202362	0	0	0	1
9.14	9.48141103	-0.006411614036	0	0.9700385913	0.2429508828	0	-0.2429508828	0.9700385913	0	0	0	1
9.15	9.494640053	-0.009070647787	0	0.9713110024	0.2378128186	0	-0.2378128186	0.9713110024	0	0	0	1
9.16	9.507667224	-0.01256552259	0	0.9726530172	0.2322630152	0	-0.2322630152	0.9726530172	0	0	0	1
9.17	9.520363391	-0.01693124452	0	0.9742359623	0.2255311283	0	-0.2255311283	0.9742359623	0	0	0	1
9.18	9.532708496	-0.02218777163	0	0.9761775368	0.2169733085	0	-0.2169733085	0.9761775368	0	0	0	1
9.19	9.544773682	-0.02836159658	0	0.9783409859	0.2069997955	0	-0.2069997955	0.9783409859	0	0	0	1
9.2	9.556645922	-0.03548110719	0	0.9805534132	0.1962523986	0	-0.1962523986	0.9805534132	0	0	0	1
9.21	9.56838553	-0.04357342045	0	0.9827107528	0.1851474448	0	-0.1851474448	0.9827107528	0	0	0	1
9.22	9.580008922	-0.05265958365	0	0.9847707484	0.1738579109	0	-0.1738579109	0.9847707484	0	0	0	1
9.23	9.591493994	-0.06275078742	0	0.9867189371	0.1624368777	0	-0.1624368777	0.9867189371	0	0	0	1
9.24	9.602715674	-0.07361913724	0	0.9885390599	0.1509653171	0	-0.1509653171	0.9885390599	0	0	0	1
9.25	9.613620315	-0.08409852478	0	0.9899554054	0.1413799676	0	-0.1413799676	0.9899554054	0	0	0	1
9.26	9.624447803	-0.09392982915	0	0.9912020292	0.1323576117	0	-0.1323576117	0.9912020292	0	0	0	1
9.27	9.635113104	-0.1029826301	0	0.9926770525	0.1207984662	0	-0.1207984662	0.9926770525	0	0	0	1
9.28	9.645573375	-0.1110240149	0	0.9943453816	0.1061944542	0	-0.1061944542	0.9943453816	0	0	0	1
9.29	9.655772062	-0.1175213547	0	0.9960452602	0.08884728266	0	-0.08884728266	0.9960452602	0	0	0	1
9.3	9.665339092	-0.1214447479	0	0.9976259923	0.06886493606	0	-0.06886493606	0.9976259923	0	0	0	1
9.31	9.674168337	-0.1227345915	0	0.9988746746	0.04742767572	0	-0.04742767572	0.9988746746	0	0	0	1
9.32	9.682471601	-0.1217109214	0	0.9996769608	0.02541602052	0	-0.02541602052	0.9996769608	0	0	0	1
9.33	9.690562981	-0.1188825254	0	0.9999952439	0.003084190209	0	-0.003084190209	0.9999952439	0	0	0	1
9.34	9.698723384	-0.1148281406	0	0.9998140685	-0.01928285406	0	0.01928285406	0.9998140685	0	0	0	1
9.35	9.707137644	-0.1100982088	0	0.9991574641	-0.0410409779	0	0.0410409779	0.9991574641	0	0	0	1
9.36	9.715866439	-0.1051531543	0	0.9981099401	-0.06145362105	0	0.06145362105	0.9981099401	0	0	0	1
9.37	9.724846194	-0.1003172657	0	0.9967897099	-0.08006418812	0	0.08006418812	0.9967897099	0	0	0	1
9.38	9.733945811	-0.09565253238	0	0.9953095451	-0.09674145669	0	0.09674145669	0.9953095451	0	0	0	1
9.39	9.743060677	-0.09111794881	0	0.9937232914	-0.1118660811	0	0.1118660811	0.9937232914	0	0	0	1
9.4	9.75207172	-0.08668916846	0	0.9919983018	-0.1262512151	0	0.1262512151	0.9919983018	0	0	0	1
9.41	9.760871417	-0.08235456137	0	0.9900859829	-0.1404626158	0	0.1404626158	0.9900859829	0	0	0	1
9.42	9.769418579	-0.07810925219	0	0.9879900225	-0.1545176868	0	0.1545176868	0.9879900225	0	0	0	1
9.43	9.777744036	-0.07395525027	0	0.9857698809	-0.1681003925	0	0.1681003925	0.9857698809	0	0	0	1
9.44	9.785921569	-0.06990209754	0	0.9835089894	-0.1808592488	0	0.1808592488	0.9835089894	0	0	0	1
9.45	9.794038183	-0.06596265849	0	0.9812903812	-0.1925336018	0	0.1925336018	0.9812903812	0	0	0	1
9.46	9.802174352	-0.06214475113	0	0.979193293	-0.2029297783	0	0.2029297783	0.979193293	0	0	0	1
9.47	9.810391291	-0.05844345622	0	0.9772988954	-0.2118652145	0	0.2118652145	0.9772988954	0	0	0	1
9.48	9.81871963	-0.05483798867	0	0.975688615	-0.2191614169	0	0.2191614169	0.975688615	0	0	0	1
9.49	9.827156302	-0.05129501906	0	0.9744325554	-0.224680206	0	0.224680206	0.9744325554	0	0	0	1
9.5	9.835672489	-0.04777647254	0	0.9735762315	-0.2283622592	0	0.2283622592	0.9735762315	0	0	0	1
9.51	9.844229882	-0.04424807394	0	0.9731364087	-0.2302292988	0	0.2302292988	0.9731364087	0	0	0	1
9.52	9.852797716	-0.04068568972	0	0.9731084724	-0.2303473484	0	0.2303473484	0.9731084724	0	0	0	1
9.53	9.861363872	-0.03707876832	0	0.9734782468	-0.228779595	0	0.228779595	0.9734782468	0	0	0	1
9.54	9.869937299	-0.03343178847	0	0.9742285114	-0.2255633117	0	0.2255633117	0.9742285114	0	0	0	1
9.55	9.878543043	-0.02976471476	0	0.9753360163	-0.2207252936	0	0.2207252936	0.9753360163	0	0	0	1
9.56	9.887213537	-0.02611247568	0	0.9767628224	-0.2143230945	0	0.2143230945	0.9767628224	0	0	0	1
9.57	9.895980485	-0.02252385897	0	0.9784487183	-0.2064899649	0	0.2064899649	0.9784487183	0	0	0	1
9.58	9.904868868	-0.01905864843	0	0.9803091546	-0.1974688871	0	0.1974688871	0.9803091546	0	0	0	1
9.59	9.913895236	-0.01578334944	0	0.9822395399	-0.1876312505	0	0.1876312505	0.9822395399	0	0	0	1
9.6	9.923070904	-0.01276516491	0	0.984126268	-0.1774696838	0	0.1774696838	0.984126268	0	0	0	1
9.61	9.932409811	-0.01006459089	0	0.9858647775	-0.167542951	0	0.167542951	0.9858647775	0	0	0	1
9.62	9.941938234	-0.007727715332	0	0.987381312	-0.1583608055	0	0.1583608055	0.987381312	0	0	0	1
9.63	9.951700361	-0.005781075978	0	0.9886452712	-0.1502681858	0	0.1502681858	0.9886452712	0	0	0	1
9.64	9.961754792	-0.004230313059	0	0.9896626371	-0.1434150087	0	0.1434150087	0.9896626371	0	0	0	1
9.65	9.972163718	-0.003062067773	0	0.990457836	-0.1378160917	0	0.1378160917	0.990457836	0	0	0	1
9.66	9.982982118	-0.002248812471	0	0.9910620564	-0.1334016505	0	0.1334016505	0.9910620564	0	0	0	1
9.67	9.994249007	-0.001757168	0	0.9915089901	-0.1300381581	0	0.1300381581	0.9915089901	0	0	0	1
9.68	10.00597962	-0.001558332365	0	0.9918297978	-0.1275682255	0	0.1275682255	0.9918297978	0	0	0	1
9.69	10.01816019	-0.001639489673	0	0.9920489103	-0.1258529281	0	0.1258529281	0.9920489103	0	0	0	1
9.7	10.0307473	-0.002014353218	0	0.9921839344	-0.1247839745	0	0.1247839745	0.9921839344	0	0	0	1
9.71	10.04366962	-0.002730407577	0	0.9922470021	-0.124281482	0	0.124281482	0.9922470021	0	0	0	1
9.72	10.05683042	-0.003870812475	0	0.992245817	-0.1242909432	0	0.1242909432	0.992245817	0	0	0	1
9.73	10.07011214	-0.005549357821	0	0.9921852069	-0.1247738559	0	0.1247738559	0.9921852069	0	0	0	1
9.74	10.08338359	-0.007898558038	0	0.9920695009	-0.1256905145	0	0.1256905145	0.9920695009	0	0	0	1
9.75	10.09650967	-0.01104701018	0	0.9919048546	-0.1269833035	0	0.1269833035	0.9919048546	0	0	0	1
9.76	10.10935001	-0.01505829302	0	0.9917037741	-0.1285442506	0	0.1285442506	0.9917037741	0	0	0	1
9.77	10.12183169	-0.01995129998	0	0.9915119958	-0.1300152383	0	0.1300152383	0.9915119958	0	0	0	1
9.78	10.13399918	-0.025750434	0	0.991358189	-0.1311828534	0	0.1311828534	0.991358189	0	0	0	1
9.79	10.14594001	-0.03248371855	0	0.9912366872	-0.1320978048	0	0.1320978048	0.9912366872	0	0	0	1
9.8	10.15772872	-0.04017927881	0	0.9911465567	-0.1327723732	0	0.1327723732	0.9911465567	0	0	0	1
9.81	10.16939988	-0.0488612006	0	0.9910984232	-0.1331311966	0	0.1331311966	0.9910984232	0	0	0	1
9.82	10.18094535	-0.05854495754	0	0.9911002915	-0.1331172877	0	0.1331172877	0.9911002915	0	0	0	1
9.83	10.1923146	-0.06920486182	0	0.9911427921	-0.1328004734	0	0.1328004734	0.9911427921	0	0	0	1
9.84	10.20329594	-0.07993250154	0	0.9906534859	-0.1364026056	0	0.1364026056	0.9906534859	0	0	0	1
9.85	10.21416038	-0.09003385243	0	0.9900226586	-0.1409082518	0	0.1409082518	0.9900226586	0	0	0	1
9.86	10.22490037	-0.0994257772	0	0.9898122787	-0.1423785551	0	0.1423785551	0.9898122787	0	0	0	1
9.87	10.23544478	-0.1079076444	0	0.9900856889	-0.1404646886	0	0.1404646886	0.9900856889	0	0	0	1
9.88	10.24577664	-0.1151679608	0	0.9907735719	-0.1355275955	0	0.1355275955	0.9907735719	0	0	0	1
9.89	10.25563976	-0.1201831933	0	0.9923381583	-0.1235515262	0	0.1235515262	0.9923381583	0	0	0	1
9.9	10.26475426	-0.1225147649	0	0.9941382384	-0.108116432	0	0.108116432	0.9941382384	0	0	0	1
9.91	10.27323432	-0.1223742373	0	0.9957172084	-0.09245128879	0	0.09245128879	0.9957172084	0	0	0	1
9.92	10.28137374	-0.1202080862	0	0.9970482781	-0.0767771523	0	0.0767771523	0.9970482781	0	0	0	1
9.93	10.28947757	-0.1165802434	0	0.9981631976	-0.06058243171	0	0.06058243171	0.9981631976	0	0	0	1
9.94	10.29777434	-0.1120622374	0	0.999033096	-0.04396445156	0	0.04396445156	0.999033096	0	0	0	1
9.95	10.30637674	-0.1071560554	0	0.9996215506	-0.02750919099	0	0.02750919099	0.9996215506	0	0	0	1
9.96	10.31526983	-0.1022516687	0	0.9999301095	-0.01182269842	0	0.01182269842	0.9999301095	0	0	0	1
9.97	10.32433462	-0.09752305699	0	0.9999975716	0.002203833472	0	-0.002203833472	0.9999975716	0	0	0	1
9.98	10.33345625	-0.09293975406	0	0.9998949634	0.01449351929	0	-0.01449351929	0.9998949634	0	0	0	1
9.99	10.34252441	-0.08847007866	0	0.9996584458	0.02613411147	0	-0.02613411147	0.9996584458	0	0	0	1
10	10.35141906	-0.08409829549	0	0.999286841	0.03775989221	0	-0.03775989221	0.999286841	0	0	0	1
