0	0	0.05	0	0	0	0	0	0	-19.79238114
0.01	0.01856542806	0.04937822869	0	0	0	0	0	0	-61.09495015
0.02	0.03813637855	0.04776031448	0	0	0	0	0	0	-58.85202245
0.03	0.05946685374	0.04514710374	0	0	0	0	0	0	-30.87235593
0.04	0.08195547968	0.04150661075	0	0	0	0	0	0	4.004852222
0.05	0.1047323728	0.03678920288	0	0	0	0	0	0	35.02033474
0.06	0.1270712464	0.03096454268	0	0	0	0	0	0	54.37856315
0.07	0.1484830581	0.02403110664	0	0	0	0	0	0	57.29379768
0.08	0.1687616622	0.01601057301	0	0	0	0	0	0	43.70370275
0.09	0.1879737229	0.006941809743	0	0	0	0	0	0	17.61944278
0.1	0.2063754306	-0.00312577842	0	0	0	0	0	0	-14.97755799
0.11	0.2242930986	-0.0141394282	0	0	0	0	0	0	-48.13334401
0.12	0.2420147835	-0.02604869179	0	0	0	0	0	0	-77.22228234
0.13	0.2597219617	-0.03880936513	0	0	0	0	0	0	-99.49814361
0.14	0.2774718606	-0.05238692735	0	0	0	0	0	0	-113.9776057
0.15	0.2952242368	-0.06676028476	0	0	0	0	0	0	-120.8682769
0.16	0.3128005181	-0.08174345663	0	0	0	0	0	0	-140.4074054
0.17	0.3299334998	-0.09558908596	0	0	0	0	0	0	-149.2516264
0.18	0.3469271096	-0.107491634	0	0	0	0	0	0	-123.6549844
0.19	0.3630071886	-0.1156948223	0	0	0	0	0	0	-76.64649899
0.2	0.3778933396	-0.1195714916	0	0	0	0	0	0	-43.25409465
0.21	0.3918739651	-0.1194310383	0	0	0	0	0	0	-28.27047265
0.22	0.4051535895	-0.1161097021	0	0	0	0	0	0	-23.94177514
0.23	0.417998408	-0.1107133127	0	0	0	0	0	0	-19.6264418
0.24	0.4308116726	-0.1041576425	0	0	0	0	0	0	-7.406773237
0.25	0.4439999175	-0.09698287318	0	0	0	0	0	0	10.12108571
0.26	0.4577230465	-0.08916727422	0	0	0	0	0	0	26.16515934
0.27	0.4718962502	-0.08061195321	0	0	0	0	0	0	39.27326001
0.28	0.4862608952	-0.07136138306	0	0	0	0	0	0	48.53495718
0.29	0.5005277824	-0.06155072986	0	0	0	0	0	0	53.29158123
0.3	0.5144799179	-0.05135617734	0	0	0	0	0	0	53.1858056
0.31	0.5279981469	-0.04098864425	0	0	0	0	0	0	48.33616677
0.32	0.5410474659	-0.03069897104	0	0	0	0	0	0	39.65574854
0.33	0.5536626223	-0.02076143787	0	0	0	0	0	0	28.85255979
0.34	0.5659332804	-0.01144029378	0	0	0	0	0	0	17.90518843
0.35	0.5779794806	-0.002960349551	0	0	0	0	0	0	8.442370532
0.36	0.5899153744	0.004510037431	0	0	0	0	0	0	0.7233492235
0.37	0.6018424162	0.01091777753	0	0	0	0	0	0	-5.951060911
0.38	0.6138895035	0.01626058301	0	0	0	0	0	0	-9.432163221
0.39	0.6261777639	0.02053907046	0	0	0	0	0	0	-7.915824037
0.4	0.6387764166	0.0237677259	0	0	0	0	0	0	-0.9675381872
0.41	0.651700304	0.02601406554	0	0	0	0	0	0	11.12137672
0.42	0.664879942	0.02737072041	0	0	0	0	0	0	23.96062818
0.43	0.6782585373	0.02794193536	0	0	0	0	0	0	35.81593643
0.44	0.6918241213	0.0278297537	0	0	0	0	0	0	46.24379401
0.45	0.7055879665	0.02711994402	0	0	0	0	0	0	54.98924056
0.46	0.719561977	0.0258720769	0	0	0	0	0	0	61.58723818
0.47	0.7337453738	0.02411313909	0	0	0	0	0	0	65.45199341
0.48	0.7481187406	0.02183404108	0	0	0	0	0	0	66.1021141
0.49	0.7626420648	0.01898928714	0	0	0	0	0	0	63.31918818
0.5	0.7772549373	0.0155004649	0	0	0	0	0	0	57.20081782
0.51	0.7918793409	0.01126403471	0	0	0	0	0	0	48.15154868
0.52	0.8064257266	0.006163012902	0	0	0	0	0	0	36.85002375
0.53	0.8208009021	8.427642306e-005	0	0	0	0	0	0	24.1661787
0.54	0.8349063405	-0.007048449766	0	0	0	0	0	0	8.350753984
0.55	0.848711944	-0.01526922177	0	0	0	0	0	0	-8.509057947
0.56	0.8622904057	-0.02459137862	0	0	0	0	0	0	-20.62677197
0.57	0.8757036443	-0.03501396996	0	0	0	0	0	0	-24.59485104
0.58	0.8889462626	-0.0465247579	0	0	0	0	0	0	-19.60900809
0.59	0.9019543436	-0.05909928832	0	0	0	0	0	0	-6.423070519
0.6	0.9146229769	-0.07267471451	0	0	0	0	0	0	12.28344026
0.61	0.92656468	-0.08612574016	0	0	0	0	0	0	34.56610274
0.62	0.9382951106	-0.09847218738	0	0	0	0	0	0	66.76901256
0.63	0.9500071756	-0.1094420443	0	0	0	0	0	0	95.35268015
0.64	0.9612039287	-0.1179543663	0	0	0	0	0	0	107.3204018
0.65	0.9711319137	-0.1228713203	0	0	0	0	0	0	96.92522083
0.66	0.9798130668	-0.1242466704	0	0	0	0	0	0	73.78761155
0.67	0.9877760809	-0.1224822856	0	0	0	0	0	0	47.65058782
0.68	0.9956300478	-0.1182790297	0	0	0	0	0	0	24.55945078
0.69	1.003856947	-0.112492922	0	0	0	0	0	0	8.201381268
0.7	1.012764284	-0.1059435748	0	0	0	0	0	0	0.8723884432
0.71	1.022462919	-0.09925786107	0	0	0	0	0	0	2.526087307
0.72	1.032857959	-0.09260639288	0	0	0	0	0	0	10.94235722
0.73	1.043769254	-0.0859024552	0	0	0	0	0	0	21.59919175
0.74	1.054966707	-0.0790843355	0	0	0	0	0	0	29.10426168
0.75	1.06623058	-0.072126544	0	0	0	0	0	0	30.42382996
0.76	1.07742937	-0.06503086303	0	0	0	0	0	0	25.72057437
0.77	1.088537358	-0.05782289044	0	0	0	0	0	0	17.12372124
0.78	1.099603156	-0.05055136343	0	0	0	0	0	0	7.228606539
0.79	1.110705433	-0.04328335813	0	0	0	0	0	0	-1.728366782
0.8	1.121916625	-0.03609673533	0	0	0	0	0	0	-8.158764809
0.81	1.133276683	-0.02907362422	0	0	0	0	0	0	-11.31753929
0.82	1.144779866	-0.02229967104	0	0	0	0	0	0	-11.46932247
0.83	1.156376146	-0.01586444134	0	0	0	0	0	0	-9.832903939
0.84	1.167986063	-0.009860728882	0	0	0	0	0	0	-8.221875314
0.85	1.1795235	-0.004378873181	0	0	0	0	0	0	-8.515239152
0.86	1.190918027	0.0005014325106	0	0	0	0	0	0	-12.20598568
0.87	1.202130917	0.004719667106	0	0	0	0	0	0	-20.12170352
0.88	1.213163093	0.008241681636	0	0	0	0	0	0	-32.29883149
0.89	1.224054036	0.01106374881	0	0	0	0	0	0	-48.00313375
0.9	1.234872435	0.01321203141	0	0	0	0	0	0	-65.87945829
0.91	1.245701441	0.01473736592	0	0	0	0	0	0	-84.18910612
0.92	1.256622941	0.01570639409	0	0	0	0	0	0	-101.0740143
0.93	1.267703597	0.01618981476	0	0	0	0	0	0	-114.8083223
0.94	1.278985063	0.0162493653	0	0	0	0	0	0	-124.0098888
0.95	1.290479518	0.0159257775	0	0	0	0	0	0	-127.7736006
0.96	1.302169796	0.01522903547	0	0	0	0	0	0	-125.7336211
0.97	1.314013266	0.01413306231	0	0	0	0	0	0	-118.0539034
0.98	1.32594769	0.01257527296	0	0	0	0	0	0	-105.3670439
0.99	1.33789859	0.01046166085	0	0	0	0	0	0	-88.66602106
1	1.349786979	0.00767606457	0	0	0	0	0	0	-69.17718979
1.01	1.361537511	0.004092876594	0	0	0	0	0	0	-48.21810794
1.02	1.373082477	-0.000403656249	0	0	0	0	0	0	-27.18080808
1.03	1.384362119	-0.0058971128	0	0	0	0	0	0	-7.055831581
1.04	1.39538463	-0.0124535395	0	0	0	0	0	0	12.28234414
1.05	1.406246475	-0.02011843204	0	0	0	0	0	0	31.12083732
1.06	1.417064525	-0.02891680667	0	0	0	0	0	0	48.49165155
1.07	1.427869247	-0.0388556143	0	0	0	0	0	0	62.09102362
1.08	1.438583554	-0.04992284815	0	0	0	0	0	0	69.18743664
1.09	1.449065287	-0.06208653748	0	0	0	0	0	0	67.38863481
1.1	1.459093975	-0.07516166276	0	0	0	0	0	0	40.65391341
1.11	1.468308381	-0.08779721574	0	0	0	0	0	0	-20.16883218
1.12	1.477568027	-0.09947883811	0	0	0	0	0	0	-55.43252735
1.13	1.486962715	-0.109764139	0	0	0	0	0	0	-66.69265254
1.14	1.495670267	-0.1171279544	0	0	0	0	0	0	-71.18425343
1.15	1.503118391	-0.1210923407	0	0	0	0	0	0	-90.47988778
1.16	1.509557375	-0.121780836	0	0	0	0	0	0	-116.6100909
1.17	1.515560289	-0.1196485494	0	0	0	0	0	0	-141.0642084
1.18	1.521672322	-0.1154176632	0	0	0	0	0	0	-159.699714
1.19	1.528310834	-0.1099128751	0	0	0	0	0	0	-170.9570186
1.2	1.535748645	-0.1038809471	0	0	0	0	0	0	-173.8717358
1.21	1.544075698	-0.09783036846	0	0	0	0	0	0	-169.9666608
1.22	1.55320099	-0.09181470006	0	0	0	0	0	0	-161.5014334
1.23	1.562948923	-0.08573941646	0	0	0	0	0	0	-148.1229064
1.24	1.573086112	-0.07953105167	0	0	0	0	0	0	-131.5727236
1.25	1.583401028	-0.07314613	0	0	0	0	0	0	-113.8862797
1.26	1.59377211	-0.06657052848	0	0	0	0	0	0	-96.24479979
1.27	1.604174711	-0.05981833294	0	0	0	0	0	0	-78.99269245
1.28	1.614647948	-0.0529282096	0	0	0	0	0	0	-62.01849711
1.29	1.625253684	-0.04595577437	0	0	0	0	0	0	-45.09000788
1.3	1.636043054	-0.03896635368	0	0	0	0	0	0	-28.08005965
1.31	1.647032224	-0.03203187418	0	0	0	0	0	0	-11.08077768
1.32	1.658190959	-0.02523270387	0	0	0	0	0	0	5.640331805
1.33	1.669446385	-0.0186608502	0	0	0	0	0	0	21.78230823
1.34	1.68069963	-0.01241919307	0	0	0	0	0	0	37.13840165
1.35	1.691848626	-0.006615239413	0	0	0	0	0	0	51.64153379
1.36	1.702809942	-0.00135062981	0	0	0	0	0	0	65.34137332
1.37	1.713534639	0.003290517319	0	0	0	0	0	0	78.36006689
1.38	1.724016306	0.007252027866	0	0	0	0	0	0	90.85081754
1.39	1.734289992	0.01051185872	0	0	0	0	0	0	102.948211
1.4	1.744422653	0.01308264538	0	0	0	0	0	0	114.6919307
1.41	1.754497054	0.01500597148	0	0	0	0	0	0	125.9360988
1.42	1.764594835	0.01634226616	0	0	0	0	0	0	136.2977752
1.43	1.774782039	0.01715787883	0	0	0	0	0	0	145.1779209
1.44	1.785099118	0.01751082977	0	0	0	0	0	0	151.8256753
1.45	1.795556883	0.01743819715	0	0	0	0	0	0	155.4306676
1.46	1.80613739	0.01694672188	0	0	0	0	0	0	155.2220271
1.47	1.81679855	0.01600834002	0	0	0	0	0	0	150.5619946
1.48	1.827480838	0.014561005	0	0	0	0	0	0	141.0270869
1.49	1.838115225	0.01251473735	0	0	0	0	0	0	126.4714299
1.5	1.848631548	0.009762090156	0	0	0	0	0	0	121.8372063
1.51	1.859436944	0.006479083697	0	0	0	0	0	0	139.1388604
1.52	1.869059863	0.002552327237	0	0	0	0	0	0	110.5261346
1.53	1.877451749	-0.002046236412	0	0	0	0	0	0	67.45485894
1.54	1.885353818	-0.007365108307	0	0	0	0	0	0	23.51096187
1.55	1.893347308	-0.01348295473	0	0	0	0	0	0	-14.24265754
1.56	1.90177788	-0.02049258922	0	0	0	0	0	0	-43.574665
1.57	1.910771746	-0.02850191037	0	0	0	0	0	0	-64.12785809
1.58	1.920285385	-0.03765825638	0	0	0	0	0	0	-71.46035652
1.59	1.930104473	-0.04801349512	0	0	0	0	0	0	-65.72740861
1.6	1.939883201	-0.05954102259	0	0	0	0	0	0	-50.55564222
1.61	1.949257461	-0.07213162074	0	0	0	0	0	0	-31.99816051
1.62	1.957750007	-0.084562781	0	0	0	0	0	0	-13.806601
1.63	1.965856513	-0.09611310869	0	0	0	0	0	0	30.69670226
1.64	1.973971566	-0.10673029	0	0	0	0	0	0	75.43269184
1.65	1.981868926	-0.1153244315	0	0	0	0	0	0	105.3195098
1.66	1.988967887	-0.1206552597	0	0	0	0	0	0	119.2192517
1.67	1.995220491	-0.1225578197	0	0	0	0	0	0	128.3053075
1.68	2.000885847	-0.1212758888	0	0	0	0	0	0	129.8856618
1.69	2.006346347	-0.1174185999	0	0	0	0	0	0	118.2951312
1.7	2.012047774	-0.1118664968	0	0	0	0	0	0	92.22017842
1.71	2.018477044	-0.1055963784	0	0	0	0	0	0	57.83293096
1.72	2.026095036	-0.09942105585	0	0	0	0	0	0	26.28391619
1.73	2.035219135	-0.09365175336	0	0	0	0	0	0	8.413138061
1.74	2.045925515	-0.08835412815	0	0	0	0	0	0	4.399960681
1.75	2.057959228	-0.08345569088	0	0	0	0	0	0	9.269300417
1.76	2.070828722	-0.0787922977	0	0	0	0	0	0	17.82428316
1.77	2.083964152	-0.07419054554	0	0	0	0	0	0	24.82778124
1.78	2.096846918	-0.06953569039	0	0	0	0	0	0	25.37988346
1.79	2.10910333	-0.064799091	0	0	0	0	0	0	16.55911264
1.8	2.12055224	-0.06002517235	0	0	0	0	0	0	-1.431337584
1.81	2.131199206	-0.05529637716	0	0	0	0	0	0	-25.55941007
1.82	2.141186149	-0.05069633581	0	0	0	0	0	0	-51.25581321
1.83	2.150719244	-0.04628353863	0	0	0	0	0	0	-73.87830971
1.84	2.160000774	-0.04207946845	0	0	0	0	0	0	-89.79859138
1.85	2.169182164	-0.0380693816	0	0	0	0	0	0	-96.93562585
1.86	2.178343381	-0.0342119349	0	0	0	0	0	0	-94.78813272
1.87	2.187497221	-0.03045402904	0	0	0	0	0	0	-84.08716816
1.88	2.196611209	-0.02674729049	0	0	0	0	0	0	-66.28397755
1.89	2.205635765	-0.0230633606	0	0	0	0	0	0	-43.16502078
1.9	2.21452756	-0.01940684816	0	0	0	0	0	0	-16.87393887
1.91	2.223260226	-0.01582550607	0	0	0	0	0	0	9.478233355
1.92	2.231821623	-0.01241510935	0	0	0	0	0	0	30.85021999
1.93	2.240207734	-0.009307365067	0	0	0	0	0	0	40.38986528
1.94	2.248449633	-0.006627238263	0	0	0	0	0	0	33.08083675
1.95	2.256701411	-0.004444072251	0	0	0	0	0	0	11.57957263
1.96	2.265288012	-0.002774585952	0	0	0	0	0	0	-14.41925421
1.97	2.274566174	-0.001614433135	0	0	0	0	0	0	-36.51253066
1.98	2.284758998	-0.0009392020459	0	0	0	0	0	0	-51.24282981
1.99	2.295957762	-0.00071070794	0	0	0	0	0	0	-57.01494857
2	2.308153997	-0.000903923558	0	0	0	0	0	0	-53.17049288
2.01	2.321218749	-0.001521906063	0	0	0	0	0	0	-41.27697486
2.02	2.334922374	-0.002604050098	0	0	0	0	0	0	-24.52294366
2.03	2.348990389	-0.004232030215	0	0	0	0	0	0	-6.378225341
2.04	2.36314752	-0.006522842317	0	0	0	0	0	0	10.00996497
2.05	2.377148006	-0.009609851806	0	0	0	0	0	0	22.14461877
2.06	2.390799318	-0.01361446136	0	0	0	0	0	0	28.43351636
2.07	2.403968847	-0.01859043601	0	0	0	0	0	0	28.59957971
2.08	2.416637576	-0.02454453094	0	0	0	0	0	0	24.58681778
2.09	2.428927745	-0.03148883023	0	0	0	0	0	0	18.10125144
2.1	2.441003145	-0.03943936598	0	0	0	0	0	0	10.64702882
2.11	2.452996082	-0.04840778012	0	0	0	0	0	0	3.565948217
2.12	2.464970838	-0.05839684192	0	0	0	0	0	0	-2.635467747
2.13	2.476903638	-0.06934172123	0	0	0	0	0	0	-15.65498642
2.14	2.488727882	-0.08031111092	0	0	0	0	0	0	-22.17606356
2.15	2.500348895	-0.09065297172	0	0	0	0	0	0	-21.18206652
2.16	2.511582854	-0.1002028114	0	0	0	0	0	0	-21.93101526
2.17	2.52237442	-0.1087411401	0	0	0	0	0	0	-28.75400437
2.18	2.532770209	-0.1159438321	0	0	0	0	0	0	-31.25269926
2.19	2.542562117	-0.1207716112	0	0	0	0	0	0	-22.4660028
2.2	2.551597474	-0.1229179567	0	0	0	0	0	0	-21.52046651
2.21	2.560085909	-0.1226258954	0	0	0	0	0	0	-25.93341375
2.22	2.568355529	-0.120352595	0	0	0	0	0	0	-29.47248386
2.23	2.576694317	-0.1166549657	0	0	0	0	0	0	-28.90101852
2.24	2.585280797	-0.1120872682	0	0	0	0	0	0	-24.4075987
2.25	2.594162533	-0.1071324273	0	0	0	0	0	0	-17.53146753
2.26	2.603263884	-0.1021581934	0	0	0	0	0	0	-10.73416594
2.27	2.612438067	-0.09728089304	0	0	0	0	0	0	-8.319714588
2.28	2.621581566	-0.09246368262	0	0	0	0	0	0	-7.914333662
2.29	2.630595505	-0.08768783008	0	0	0	0	0	0	-7.379016645
2.3	2.639387228	-0.0829527047	0	0	0	0	0	0	-7.116240482
2.31	2.64792714	-0.07826647842	0	0	0	0	0	0	-7.936156468
2.32	2.656261754	-0.07364390716	0	0	0	0	0	0	-9.67878597
2.33	2.664482741	-0.06910645906	0	0	0	0	0	0	-11.52221059
2.34	2.672691112	-0.0646782158	0	0	0	0	0	0	-12.67907961
2.35	2.680974724	-0.06037733467	0	0	0	0	0	0	-12.72136339
2.36	2.68939594	-0.05620784379	0	0	0	0	0	0	-11.63965704
2.37	2.697982491	-0.05215621603	0	0	0	0	0	0	-9.84074118
2.38	2.706725535	-0.04819521122	0	0	0	0	0	0	-8.043625211
2.39	2.715588406	-0.04429269435	0	0	0	0	0	0	-7.054670441
2.4	2.724523942	-0.04042130411	0	0	0	0	0	0	-7.521716782
2.41	2.733492662	-0.03656512846	0	0	0	0	0	0	-9.794779656
2.42	2.742474512	-0.03272284209	0	0	0	0	0	0	-13.91474927
2.43	2.751470911	-0.02890850027	0	0	0	0	0	0	-19.66123185
2.44	2.760499147	-0.02515143945	0	0	0	0	0	0	-26.59124133
2.45	2.769583824	-0.02149558107	0	0	0	0	0	0	-34.05292522
2.46	2.778749498	-0.01799704765	0	0	0	0	0	0	-41.21973275
2.47	2.788017162	-0.0147194501	0	0	0	0	0	0	-47.17038396
2.48	2.797405381	-0.01172728036	0	0	0	0	0	0	-51.01037509
2.49	2.806935481	-0.009077894735	0	0	0	0	0	0	-52.00348125
2.5	2.816639295	-0.006813781524	0	0	0	0	0	0	-49.66688034
2.51	2.826564911	-0.004956214266	0	0	0	0	0	0	-43.81534954
2.52	2.836775813	-0.003504773369	0	0	0	0	0	0	-34.57345949
2.53	2.847340624	-0.002439486191	0	0	0	0	0	0	-22.3889693
2.54	2.858320643	-0.001727010609	0	0	0	0	0	0	-7.993686128
2.55	2.86975976	-0.001330023156	0	0	0	0	0	0	7.684204086
2.56	2.881676324	-0.001219149323	0	0	0	0	0	0	23.59802394
2.57	2.894056652	-0.001385366272	0	0	0	0	0	0	38.69004243
2.58	2.906852851	-0.001850682738	0	0	0	0	0	0	52.03830447
2.59	2.919984459	-0.002674615615	0	0	0	0	0	0	62.96364042
2.6	2.933341933	-0.003954479118	0	0	0	0	0	0	71.06622718
2.61	2.946793003	-0.00581788367	0	0	0	0	0	0	76.19992882
2.62	2.960192397	-0.008406106639	0	0	0	0	0	0	78.48365174
2.63	2.973389415	-0.01183517498	0	0	0	0	0	0	77.24457483
2.64	2.986241614	-0.0161413548	0	0	0	0	0	0	67.87554155
2.65	2.998725738	-0.02134549139	0	0	0	0	0	0	52.40805143
2.66	3.010916553	-0.02747479273	0	0	0	0	0	0	35.28408699
2.67	3.02290706	-0.03455826673	0	0	0	0	0	0	19.82945043
2.68	3.034763322	-0.04262360251	0	0	0	0	0	0	7.874961369
2.69	3.046505585	-0.05169213518	0	0	0	0	0	0	0.2696968939
2.7	3.058113419	-0.06177481308	0	0	0	0	0	0	-2.529475981
2.71	3.069484633	-0.07271462051	0	0	0	0	0	0	-5.365465539
2.72	3.080524219	-0.08336357728	0	0	0	0	0	0	7.76501276
2.73	3.091483514	-0.09337023525	0	0	0	0	0	0	23.92419805
2.74	3.102273688	-0.1026092368	0	0	0	0	0	0	35.09654633
2.75	3.112834383	-0.1108429895	0	0	0	0	0	0	45.99645631
2.76	3.123076129	-0.1174544219	0	0	0	0	0	0	51.34335144
2.77	3.132604911	-0.1214061635	0	0	0	0	0	0	41.10944027
2.78	3.141343342	-0.1226696177	0	0	0	0	0	0	25.21091149
2.79	3.149527024	-0.1215731483	0	0	0	0	0	0	8.120965315
2.8	3.157490747	-0.1186365961	0	0	0	0	0	0	-7.898363568
2.81	3.165535786	-0.1144533303	0	0	0	0	0	0	-20.35265124
2.82	3.173864991	-0.1095903895	0	0	0	0	0	0	-26.83824377
2.83	3.182551502	-0.1045230426	0	0	0	0	0	0	-27.09712691
2.84	3.191536929	-0.09957259321	0	0	0	0	0	0	-23.39096556
2.85	3.200697989	-0.09477948983	0	0	0	0	0	0	-14.90362974
2.86	3.209925156	-0.09010556104	0	0	0	0	0	0	-4.281478051
2.87	3.219080281	-0.08552881689	0	0	0	0	0	0	3.141039499
2.88	3.228039726	-0.08103824264	0	0	0	0	0	0	5.292559564
2.89	3.236752129	-0.07662977017	0	0	0	0	0	0	3.157510528
2.9	3.245241485	-0.07230787024	0	0	0	0	0	0	-1.613962388
2.91	3.253577312	-0.06808617549	0	0	0	0	0	0	-7.71374092
2.92	3.261845773	-0.06398229402	0	0	0	0	0	0	-13.94978847
2.93	3.270129931	-0.06000839521	0	0	0	0	0	0	-19.04729092
2.94	3.278494586	-0.05616286406	0	0	0	0	0	0	-21.89791188
2.95	3.286972916	-0.05242719133	0	0	0	0	0	0	-21.96187023
2.96	3.295562239	-0.04876986339	0	0	0	0	0	0	-19.41413536
2.97	3.304232184	-0.04515460906	0	0	0	0	0	0	-14.94513498
2.98	3.312941835	-0.04154925622	0	0	0	0	0	0	-9.371025843
2.99	3.321657373	-0.03793193071	0	0	0	0	0	0	-3.2864473
3	3.330363567	-0.03429454188	0	0	0	0	0	0	3.084585863
3.01	3.339066315	-0.03064441283	0	0	0	0	0	0	9.803475727
3.02	3.34778782	-0.02700486711	0	0	0	0	0	0	16.97617548
3.03	3.356558451	-0.02341477312	0	0	0	0	0	0	24.49162259
3.04	3.36540907	-0.01992679761	0	0	0	0	0	0	31.83565041
3.05	3.374365908	-0.01660362249	0	0	0	0	0	0	38.03448588
3.06	3.383449762	-0.01351212351	0	0	0	0	0	0	41.77099659
3.07	3.392680258	-0.01071593262	0	0	0	0	0	0	41.70773629
3.08	3.402084225	-0.008267153454	0	0	0	0	0	0	36.97374288
3.09	3.411703728	-0.006199284089	0	0	0	0	0	0	27.55756594
3.1	3.421597588	-0.004524482797	0	0	0	0	0	0	14.296372
3.11	3.431832123	-0.00323392085	0	0	0	0	0	0	-1.477951534
3.12	3.442469152	-0.002303057234	0	0	0	0	0	0	-18.25342417
3.13	3.453556109	-0.001698232689	0	0	0	0	0	0	-34.45842694
3.14	3.465118559	-0.001387129563	0	0	0	0	0	0	-48.62940085
3.15	3.47715332	-0.001350291471	0	0	0	0	0	0	-59.62279053
3.16	3.489626069	-0.001592417208	0	0	0	0	0	0	-66.71130914
3.17	3.502471724	-0.002150147273	0	0	0	0	0	0	-69.61795167
3.18	3.515599036	-0.00309701581	0	0	0	0	0	0	-68.52837199
3.19	3.528894039	-0.004539740152	0	0	0	0	0	0	-64.06420466
3.2	3.542226538	-0.006608573753	0	0	0	0	0	0	-57.20962461
3.21	3.555460003	-0.009439907521	0	0	0	0	0	0	-49.16713952
3.22	3.568454989	-0.01312964853	0	0	0	0	0	0	-41.22718605
3.23	3.581098149	-0.01770323615	0	0	0	0	0	0	-33.18470297
3.24	3.593398165	-0.0231812025	0	0	0	0	0	0	-24.71327167
3.25	3.605437802	-0.02958928772	0	0	0	0	0	0	-16.06719499
3.26	3.617303579	-0.0369543338	0	0	0	0	0	0	-7.344680062
3.27	3.629048348	-0.04530088313	0	0	0	0	0	0	1.151305256
3.28	3.64067961	-0.05464647321	0	0	0	0	0	0	8.526032539
3.29	3.652168454	-0.06499819334	0	0	0	0	0	0	13.45263228
3.3	3.663346376	-0.07592764977	0	0	0	0	0	0	-1.661710803
3.31	3.674284157	-0.08632735836	0	0	0	0	0	0	-18.23666252
3.32	3.685115365	-0.0960510777	0	0	0	0	0	0	-27.88473443
3.33	3.695745497	-0.1049372079	0	0	0	0	0	0	-34.46928134
3.34	3.706148916	-0.112739272	0	0	0	0	0	0	-42.13222367
3.35	3.716216756	-0.1187208771	0	0	0	0	0	0	-32.29457445
3.36	3.725586004	-0.1220330452	0	0	0	0	0	0	-26.19608694
3.37	3.734255739	-0.1227573984	0	0	0	0	0	0	-28.70901377
3.38	3.742483429	-0.121272199	0	0	0	0	0	0	-33.91782963
3.39	3.750587405	-0.1181163171	0	0	0	0	0	0	-36.28539534
3.4	3.758828796	-0.1138706827	0	0	0	0	0	0	-34.24334972
3.41	3.767359076	-0.1090676821	0	0	0	0	0	0	-28.65997147
3.42	3.776199339	-0.1041388147	0	0	0	0	0	0	-21.00368152
3.43	3.785250031	-0.0993588988	0	0	0	0	0	0	-14.65066515
3.44	3.79437162	-0.09474260833	0	0	0	0	0	0	-11.58860768
3.45	3.803455443	-0.09024946722	0	0	0	0	0	0	-9.160385216
3.46	3.812382022	-0.08585845894	0	0	0	0	0	0	-6.651649271
3.47	3.821061229	-0.08156101134	0	0	0	0	0	0	-4.990167721
3.48	3.829477575	-0.07735553437	0	0	0	0	0	0	-4.719049528
3.49	3.837683619	-0.07324748924	0	0	0	0	0	0	-5.420401882
3.5	3.845766387	-0.06924870842	0	0	0	0	0	0	-6.277449331
3.51	3.853817964	-0.0653717539	0	0	0	0	0	0	-6.623179075
3.52	3.861917206	-0.06162128236	0	0	0	0	0	0	-6.137294836
3.53	3.870117277	-0.05798730147	0	0	0	0	0	0	-4.884611476
3.54	3.878437314	-0.05444390646	0	0	0	0	0	0	-3.297829783
3.55	3.886863087	-0.05095427905	0	0	0	0	0	0	-2.052495385
3.56	3.895358447	-0.047479078	0	0	0	0	0	0	-1.851520782
3.57	3.903883343	-0.04398490289	0	0	0	0	0	0	-3.222923269
3.58	3.912410064	-0.04044972345	0	0	0	0	0	0	-6.425652111
3.59	3.920932377	-0.03686568839	0	0	0	0	0	0	-11.45632548
3.6	3.929465525	-0.03323997971	0	0	0	0	0	0	-18.09661153
3.61	3.938039416	-0.02959485754	0	0	0	0	0	0	-25.95459057
3.62	3.946689062	-0.02596671743	0	0	0	0	0	0	-34.48614133
3.63	3.955446609	-0.02240497322	0	0	0	0	0	0	-43.00808661
3.64	3.964335603	-0.01896890494	0	0	0	0	0	0	-50.7470899
3.65	3.973370092	-0.01572364822	0	0	0	0	0	0	-56.89805543
3.66	3.982558552	-0.01273465947	0	0	0	0	0	0	-60.70503932
3.67	3.991912246	-0.0100605908	0	0	0	0	0	0	-61.54960224
3.68	4.00145508	-0.007746132058	0	0	0	0	0	0	-59.02091284
3.69	4.011229124	-0.0058170528	0	0	0	0	0	0	-52.95825338
3.7	4.021290972	-0.00427882973	0	0	0	0	0	0	-43.48562076
3.71	4.031701419	-0.003118380511	0	0	0	0	0	0	-31.02223225
3.72	4.042514559	-0.002308890615	0	0	0	0	0	0	-16.23820594
3.73	4.053769445	-0.001817690116	0	0	0	0	0	0	-0.00604840393
3.74	4.065482082	-0.001616637528	0	0	0	0	0	0	16.65686477
3.75	4.077640041	-0.001693386205	0	0	0	0	0	0	32.70333478
3.76	4.090201529	-0.002061800528	0	0	0	0	0	0	47.20105845
3.77	4.103096823	-0.002769253585	0	0	0	0	0	0	59.43284579
3.78	4.116230787	-0.003898534253	0	0	0	0	0	0	68.9405896
3.79	4.129487105	-0.005563098414	0	0	0	0	0	0	75.51560998
3.8	4.142735429	-0.007895300126	0	0	0	0	0	0	79.13951522
3.81	4.155841362	-0.01102388141	0	0	0	0	0	0	80.11069084
3.82	4.168664696	-0.01501373339	0	0	0	0	0	0	74.85774869
3.83	4.181130783	-0.01988410733	0	0	0	0	0	0	62.31556973
3.84	4.19328254	-0.02565962701	0	0	0	0	0	0	46.34472383
3.85	4.20520676	-0.03236859704	0	0	0	0	0	0	30.65726956
3.86	4.216977955	-0.04003947441	0	0	0	0	0	0	17.5392374
3.87	4.228631053	-0.04869671822	0	0	0	0	0	0	8.126133753
3.88	4.240158402	-0.05835618947	0	0	0	0	0	0	2.992533762
3.89	4.251511608	-0.06899626785	0	0	0	0	0	0	0.259370921
3.9	4.262475363	-0.07972854721	0	0	0	0	0	0	4.219101283
3.91	4.273320451	-0.08983789584	0	0	0	0	0	0	20.58912112
3.92	4.284048744	-0.09924303659	0	0	0	0	0	0	31.61763029
3.93	4.294587914	-0.1077452044	0	0	0	0	0	0	40.33868495
3.94	4.304919333	-0.1150378099	0	0	0	0	0	0	49.94708168
3.95	4.314790542	-0.1201046775	0	0	0	0	0	0	44.978368
3.96	4.323912632	-0.1224868403	0	0	0	0	0	0	30.75432191
3.97	4.332393342	-0.1223891686	0	0	0	0	0	0	14.11122672
3.98	4.340524384	-0.1202540708	0	0	0	0	0	0	-2.079949627
3.99	4.34861195	-0.1166443225	0	0	0	0	0	0	-15.82958711
4	4.356887766	-0.1121327158	0	0	0	0	0	0	-24.64192154
4.01	4.365469174	-0.1072243081	0	0	0	0	0	0	-27.17545852
4.02	4.37434628	-0.1023128154	0	0	0	0	0	0	-24.81190614
4.03	4.383403811	-0.09757711606	0	0	0	0	0	0	-19.20129045
4.04	4.392528205	-0.09298817995	0	0	0	0	0	0	-9.724209816
4.05	4.401609319	-0.08851432534	0	0	0	0	0	0	-0.968151824
4.06	4.410525322	-0.08413945439	0	0	0	0	0	0	3.228981587
4.07	4.419200815	-0.07985565034	0	0	0	0	0	0	2.682945113
4.08	4.427636167	-0.07566126115	0	0	0	0	0	0	-0.9872356649
4.09	4.435888635	-0.07156240498	0	0	0	0	0	0	-6.262555197
4.1	4.444040464	-0.06757117213	0	0	0	0	0	0	-12.00568146
4.11	4.452175649	-0.0636985998	0	0	0	0	0	0	-17.11385709
4.12	4.460364996	-0.05994605111	0	0	0	0	0	0	-20.50582733
4.13	4.468653627	-0.0562996665	0	0	0	0	0	0	-21.45869697
4.14	4.477053447	-0.0527309442	0	0	0	0	0	0	-19.88127583
4.15	4.485545977	-0.04920293787	0	0	0	0	0	0	-16.270084
4.16	4.494095512	-0.04567887398	0	0	0	0	0	0	-11.40079153
4.17	4.502666808	-0.04212975741	0	0	0	0	0	0	-5.953588931
4.18	4.511239121	-0.03853888853	0	0	0	0	0	0	-0.2714964294
4.19	4.51981256	-0.03490419091	0	0	0	0	0	0	5.667022848
4.2	4.528406002	-0.03123907842	0	0	0	0	0	0	12.07925761
4.21	4.537049502	-0.02757239083	0	0	0	0	0	0	19.11724338
4.22	4.545775686	-0.02394754221	0	0	0	0	0	0	26.63539351
4.23	4.554612764	-0.02042061422	0	0	0	0	0	0	34.04012757
4.24	4.563580801	-0.01705653368	0	0	0	0	0	0	40.26999484
4.25	4.572692895	-0.01392357563	0	0	0	0	0	0	43.94751795
4.26	4.581961345	-0.01108639917	0	0	0	0	0	0	43.73016405
4.27	4.591407236	-0.008598072094	0	0	0	0	0	0	38.79747685
4.28	4.601068492	-0.006493435636	0	0	0	0	0	0	29.19134007
4.29	4.611000199	-0.004786281844	0	0	0	0	0	0	15.74831353
4.3	4.621265231	-0.003470161967	0	0	0	0	0	0	-0.2495396561
4.31	4.631922577	-0.00252220281	0	0	0	0	0	0	-17.33125161
4.32	4.643018225	-0.00190998299	0	0	0	0	0	0	-33.94920053
4.33	4.654577248	-0.00160150651	0	0	0	0	0	0	-48.65861096
4.34	4.666596944	-0.001576430412	0	0	0	0	0	0	-60.31480977
4.35	4.679044359	-0.001837213792	0	0	0	0	0	0	-68.15732476
4.36	4.691857904	-0.002417820747	0	0	0	0	0	0	-71.83847132
4.37	4.704949512	-0.003388022623	0	0	0	0	0	0	-71.4629256
4.38	4.718208445	-0.004850942265	0	0	0	0	0	0	-67.58243908
4.39	4.731507265	-0.006933825061	0	0	0	0	0	0	-61.11999396
4.4	4.744711389	-0.009771095604	0	0	0	0	0	0	-53.23717047
4.41	4.757682057	-0.01345750022	0	0	0	0	0	0	-45.21247794
4.42	4.770305426	-0.01801849979	0	0	0	0	0	0	-36.85881049
4.43	4.782588304	-0.02347561284	0	0	0	0	0	0	-27.883921
4.44	4.794610721	-0.02985594987	0	0	0	0	0	0	-18.58225065
4.45	4.806456726	-0.03718788573	0	0	0	0	0	0	-9.107155121
4.46	4.818177591	-0.04549753791	0	0	0	0	0	0	0.1816082005
4.47	4.829780321	-0.05480399989	0	0	0	0	0	0	8.34080679
4.48	4.841236256	-0.0651156479	0	0	0	0	0	0	14.00389699
4.49	4.852369297	-0.07598669009	0	0	0	0	0	0	-1.158319583
4.5	4.863263679	-0.08632458861	0	0	0	0	0	0	-18.23517557
4.51	4.874068387	-0.09599727713	0	0	0	0	0	0	-28.21301954
4.52	4.884693815	-0.1048458448	0	0	0	0	0	0	-34.76382435
4.53	4.895111863	-0.1126253101	0	0	0	0	0	0	-42.27312039
4.54	4.905210711	-0.1186124387	0	0	0	0	0	0	-32.4130287
4.55	4.914615612	-0.121945079	0	0	0	0	0	0	-26.17521736
4.56	4.923312037	-0.1226941139	0	0	0	0	0	0	-28.77215882
4.57	4.931549529	-0.1212304013	0	0	0	0	0	0	-34.29160239
4.58	4.93964293	-0.1180876295	0	0	0	0	0	0	-37.12673296
4.59	4.94785508	-0.1138450186	0	0	0	0	0	0	-35.62101786
4.6	4.956344318	-0.1090366512	0	0	0	0	0	0	-30.54731947
4.61	4.965142319	-0.1040978344	0	0	0	0	0	0	-23.28080963
4.62	4.974161154	-0.09930549377	0	0	0	0	0	0	-17.19835731
4.63	4.983272091	-0.0946747321	0	0	0	0	0	0	-14.12313813
4.64	4.992371223	-0.09016686858	0	0	0	0	0	0	-11.38586926
4.65	5.001337504	-0.08576107954	0	0	0	0	0	0	-8.375687479
4.66	5.010075361	-0.08144760391	0	0	0	0	0	0	-6.126597322
4.67	5.018561486	-0.07722305411	0	0	0	0	0	0	-5.26085986
4.68	5.026839819	-0.07309124895	0	0	0	0	0	0	-5.423330589
4.69	5.03498984	-0.06906305201	0	0	0	0	0	0	-5.844635325
4.7	5.043098841	-0.06515098005	0	0	0	0	0	0	-5.878783633
4.71	5.051244259	-0.06136057938	0	0	0	0	0	0	-5.196599007
4.72	5.059481223	-0.05768339196	0	0	0	0	0	0	-3.834085303
4.73	5.067832539	-0.05409534466	0	0	0	0	0	0	-2.192077882
4.74	5.076288262	-0.05056136308	0	0	0	0	0	0	-0.9221007537
4.75	5.084815732	-0.04704344627	0	0	0	0	0	0	-0.7177622253
4.76	5.093376874	-0.0435091752	0	0	0	0	0	0	-2.110139321
4.77	5.101944297	-0.03993723168	0	0	0	0	0	0	-5.369713164
4.78	5.110510573	-0.0363203027	0	0	0	0	0	0	-10.50484791
4.79	5.119088857	-0.0326663009	0	0	0	0	0	0	-17.30337228
4.8	5.1277066	-0.02899849219	0	0	0	0	0	0	-25.36593154
4.81	5.136396829	-0.02535501833	0	0	0	0	0	0	-34.11950718
4.82	5.145190082	-0.02178719964	0	0	0	0	0	0	-42.84160231
4.83	5.154109435	-0.01835658928	0	0	0	0	0	0	-50.70773401
4.84	5.163169733	-0.01513026589	0	0	0	0	0	0	-56.86731389
4.85	5.172381869	-0.01217454467	0	0	0	0	0	0	-60.53860599
4.86	5.181761326	-0.009547333772	0	0	0	0	0	0	-61.10449789
4.87	5.191337586	-0.007290930195	0	0	0	0	0	0	-58.18039356
4.88	5.201158245	-0.00542749948	0	0	0	0	0	0	-51.65093034
4.89	5.211283682	-0.003958495837	0	0	0	0	0	0	-41.69992543
4.9	5.221775131	-0.002866996704	0	0	0	0	0	0	-28.81261114
4.91	5.232684553	-0.002123655772	0	0	0	0	0	0	-13.72114567
4.92	5.244046721	-0.001695084181	0	0	0	0	0	0	2.657413177
4.93	5.255871612	-0.001554883047	0	0	0	0	0	0	19.27661735
4.94	5.268139596	-0.001694937288	0	0	0	0	0	0	35.08727258
4.95	5.280801446	-0.002135458545	0	0	0	0	0	0	49.18707169
4.96	5.293780512	-0.002931317261	0	0	0	0	0	0	60.90867617
4.97	5.306975477	-0.004172638116	0	0	0	0	0	0	69.84905873
4.98	5.320265312	-0.005978315138	0	0	0	0	0	0	75.8479527
4.99	5.333517297	-0.008482542091	0	0	0	0	0	0	78.93058892
5	5.346595517	-0.01180648414	0	0	0	0	0	0	79.1395083
5.01	5.359362802	-0.01599764335	0	0	0	0	0	0	72.18271352
5.02	5.371773051	-0.02107491232	0	0	0	0	0	0	58.61213776
5.03	5.383886043	-0.02706393437	0	0	0	0	0	0	42.54104342
5.04	5.395790001	-0.03399304767	0	0	0	0	0	0	27.39364817
5.05	5.407552586	-0.04188999948	0	0	0	0	0	0	15.15405216
5.06	5.419199058	-0.05077746336	0	0	0	0	0	0	6.77918563
5.07	5.430713777	-0.06066878794	0	0	0	0	0	0	2.780961354
5.08	5.442014211	-0.07146507266	0	0	0	0	0	0	-1.033496837
5.09	5.452945393	-0.0820694681	0	0	0	0	0	0	8.471971669
5.1	5.463792917	-0.09203565869	0	0	0	0	0	0	23.98787344
5.11	5.474496304	-0.1012601042	0	0	0	0	0	0	33.92714528
5.12	5.484998786	-0.1095238104	0	0	0	0	0	0	42.62969042
5.13	5.495271859	-0.1164238123	0	0	0	0	0	0	50.24922912
5.14	5.504987239	-0.1208821432	0	0	0	0	0	0	41.99982555
5.15	5.513951165	-0.1226746569	0	0	0	0	0	0	26.63856867
5.16	5.522332546	-0.1220711303	0	0	0	0	0	0	9.770918619
5.17	5.53043894	-0.1195525973	0	0	0	0	0	0	-6.139197641
5.18	5.538564606	-0.1156926363	0	0	0	0	0	0	-18.98659818
5.19	5.546916843	-0.1110537161	0	0	0	0	0	0	-26.33417428
5.2	5.555582396	-0.1061176824	0	0	0	0	0	0	-27.40041847
5.21	5.564521498	-0.1012440008	0	0	0	0	0	0	-24.22085229
5.22	5.573606423	-0.09654661672	0	0	0	0	0	0	-17.47035473
5.23	5.58272926	-0.09198625642	0	0	0	0	0	0	-7.600427597
5.24	5.591774634	-0.087535175	0	0	0	0	0	0	0.3739623586
5.25	5.600627089	-0.08317988572	0	0	0	0	0	0	3.420002553
5.26	5.609229629	-0.07891425044	0	0	0	0	0	0	1.996954588
5.27	5.617600208	-0.07473872703	0	0	0	0	0	0	-2.169859553
5.28	5.62580631	-0.07066150808	0	0	0	0	0	0	-7.643793035
5.29	5.633933806	-0.06669542531	0	0	0	0	0	0	-13.30778429
5.3	5.642065536	-0.062850063	0	0	0	0	0	0	-18.04997423
5.31	5.650267495	-0.05912356092	0	0	0	0	0	0	-20.84769727
5.32	5.658577156	-0.05549827342	0	0	0	0	0	0	-21.12110717
5.33	5.666998015	-0.05194292086	0	0	0	0	0	0	-18.94452021
5.34	5.675505376	-0.04841970738	0	0	0	0	0	0	-14.92424867
5.35	5.684061425	-0.04489305712	0	0	0	0	0	0	-9.853472752
5.36	5.692632883	-0.04133658869	0	0	0	0	0	0	-4.350736498
5.37	5.701203399	-0.037736905	0	0	0	0	0	0	1.333243414
5.38	5.709777855	-0.03409548535	0	0	0	0	0	0	7.291133112
5.39	5.718378631	-0.0304293276	0	0	0	0	0	0	13.75676331
5.4	5.727037229	-0.02677051989	0	0	0	0	0	0	20.84300176
5.41	5.735786043	-0.02316546987	0	0	0	0	0	0	28.32331327
5.42	5.744651632	-0.01967228232	0	0	0	0	0	0	35.5086905
5.43	5.753652152	-0.01635667224	0	0	0	0	0	0	41.26335831
5.44	5.762799633	-0.0132863321	0	0	0	0	0	0	44.19201537
5.45	5.772107026	-0.01052364028	0	0	0	0	0	0	43.02790721
5.46	5.781597905	-0.008117876374	0	0	0	0	0	0	37.10891505
5.47	5.791313367	-0.006099381588	0	0	0	0	0	0	26.6458763
5.48	5.801310458	-0.004477474481	0	0	0	0	0	0	12.58263356
5.49	5.81165182	-0.003241870409	0	0	0	0	0	0	-3.752096274
5.5	5.822394262	-0.002367101876	0	0	0	0	0	0	-20.86730372
5.51	5.833580105	-0.00182004081	0	0	0	0	0	0	-37.22469033
5.52	5.845229453	-0.001570202846	0	0	0	0	0	0	-51.4244995
5.53	5.85733399	-0.001601102784	0	0	0	0	0	0	-62.38779117
5.54	5.869855349	-0.001921062996	0	0	0	0	0	0	-69.4270833
5.55	5.882726837	-0.002571235719	0	0	0	0	0	0	-72.27850121
5.56	5.895855877	-0.003628603815	0	0	0	0	0	0	-71.13542148
5.57	5.909128084	-0.005202199087	0	0	0	0	0	0	-66.63142121
5.58	5.922413849	-0.007422471314	0	0	0	0	0	0	-59.74955165
5.59	5.935578314	-0.01042185925	0	0	0	0	0	0	-51.7041527
5.6	5.948481073	-0.01427886655	0	0	0	0	0	0	-43.62916568
5.61	5.961028023	-0.0190141889	0	0	0	0	0	0	-35.08635813
5.62	5.973247431	-0.02465097384	0	0	0	0	0	0	-25.97394785
5.63	5.985224365	-0.03121688192	0	0	0	0	0	0	-16.58430826
5.64	5.997038449	-0.03874024376	0	0	0	0	0	0	-7.066718401
5.65	6.008732231	-0.04724619048	0	0	0	0	0	0	2.11400121
5.66	6.020304493	-0.05675195361	0	0	0	0	0	0	9.902121107
5.67	6.031719156	-0.06725760567	0	0	0	0	0	0	14.83798731
5.68	6.042764971	-0.07807357486	0	0	0	0	0	0	-4.991730997
5.69	6.053643165	-0.08828937166	0	0	0	0	0	0	-20.62241699
5.7	6.064414655	-0.09781916043	0	0	0	0	0	0	-29.55644494
5.71	6.074997211	-0.1064807945	0	0	0	0	0	0	-36.10742606
5.72	6.085371822	-0.11400677	0	0	0	0	0	0	-41.60527058
5.73	6.095352694	-0.1194910273	0	0	0	0	0	0	-30.4005929
5.74	6.10460121	-0.122291855	0	0	0	0	0	0	-26.19071884
5.75	6.11317619	-0.1225629023	0	0	0	0	0	0	-30.01512684
5.76	6.121354014	-0.1207170275	0	0	0	0	0	0	-35.3924591
5.77	6.129446378	-0.1173062609	0	0	0	0	0	0	-37.43863133
5.78	6.137698908	-0.1129073579	0	0	0	0	0	0	-35.16840028
5.79	6.146246352	-0.1080384813	0	0	0	0	0	0	-29.57307077
5.8	6.155095786	-0.103112143	0	0	0	0	0	0	-22.09686304
5.81	6.164140911	-0.098353256	0	0	0	0	0	0	-16.78127542
5.82	6.173259999	-0.09374711513	0	0	0	0	0	0	-13.91679057
5.83	6.18234645	-0.08925870502	0	0	0	0	0	0	-11.02414608
5.84	6.191278372	-0.08487007095	0	0	0	0	0	0	-7.998557328
5.85	6.19997175	-0.08057277511	0	0	0	0	0	0	-5.936649831
5.86	6.208417945	-0.07636464641	0	0	0	0	0	0	-5.258654893
5.87	6.216670062	-0.07225101963	0	0	0	0	0	0	-5.473476362
5.88	6.224810562	-0.06824369073	0	0	0	0	0	0	-5.807816749
5.89	6.232925709	-0.06435452375	0	0	0	0	0	0	-5.672575484
5.9	6.241089496	-0.06058676375	0	0	0	0	0	0	-4.807721661
5.91	6.249351291	-0.05692884001	0	0	0	0	0	0	-3.323201236
5.92	6.257727325	-0.05335396199	0	0	0	0	0	0	-1.682192208
5.93	6.266202109	-0.04982574677	0	0	0	0	0	0	-0.5632552384
5.94	6.274740531	-0.0463067016	0	0	0	0	0	0	-0.6407762985
5.95	6.283305606	-0.04276625885	0	0	0	0	0	0	-2.397858607
5.96	6.291873526	-0.03918571696	0	0	0	0	0	0	-6.050816926
5.97	6.300441134	-0.03556067293	0	0	0	0	0	0	-11.56138545
5.98	6.309025059	-0.03190208489	0	0	0	0	0	0	-18.67660884
5.99	6.317654542	-0.02823632344	0	0	0	0	0	0	-26.96070035
6	6.326362503	-0.02460416064	0	0	0	0	0	0	-35.80790211
6.01	6.335178455	-0.02105948675	0	0	0	0	0	0	-44.46388734
6.02	6.344123783	-0.01766550072	0	0	0	0	0	0	-52.08905739
6.03	6.35321213	-0.01448977341	0	0	0	0	0	0	-57.83540002
6.04	6.362454715	-0.01159764176	0	0	0	0	0	0	-60.9444198
6.05	6.371869458	-0.009044402618	0	0	0	0	0	0	-60.84072873
6.06	6.381489801	-0.006868422158	0	0	0	0	0	0	-57.19200977
6.07	6.39136701	-0.005087478485	0	0	0	0	0	0	-49.94343994
6.08	6.401562699	-0.003698841156	0	0	0	0	0	0	-39.34435988
6.09	6.41213702	-0.002682520774	0	0	0	0	0	0	-25.93840001
6.1	6.423139088	-0.002007404662	0	0	0	0	0	0	-10.50017199
6.11	6.434599017	-0.001640639871	0	0	0	0	0	0	6.017521437
6.12	6.446520578	-0.00155873374	0	0	0	0	0	0	22.55244423
6.13	6.45887759	-0.00175878185	0	0	0	0	0	0	38.07535236
6.14	6.471614725	-0.002267947585	0	0	0	0	0	0	51.72823385
6.15	6.484649694	-0.00314873115	0	0	0	0	0	0	62.89768124
6.16	6.497876423	-0.004498076325	0	0	0	0	0	0	71.23554041
6.17	6.511170546	-0.006439475453	0	0	0	0	0	0	76.62494342
6.18	6.524398178	-0.009107924585	0	0	0	0	0	0	79.17570938
6.19	6.537422261	-0.0126130533	0	0	0	0	0	0	78.29334516
6.2	6.550114283	-0.01698922102	0	0	0	0	0	0	69.6968678
6.21	6.562455739	-0.02225648469	0	0	0	0	0	0	55.27636552
6.22	6.574518332	-0.02844138859	0	0	0	0	0	0	39.19174172
6.23	6.586388927	-0.03557233844	0	0	0	0	0	0	24.55987197
6.24	6.598127346	-0.04367642243	0	0	0	0	0	0	13.09991101
6.25	6.609749454	-0.05277458273	0	0	0	0	0	0	5.629404371
6.26	6.621232801	-0.06287788448	0	0	0	0	0	0	2.624787747
6.27	6.632449536	-0.07374856895	0	0	0	0	0	0	-1.232552234
6.28	6.643353165	-0.08422045022	0	0	0	0	0	0	12.20493535
6.29	6.654179557	-0.09404361181	0	0	0	0	0	0	26.5163182
6.3	6.66484294	-0.1030860333	0	0	0	0	0	0	35.74893158
6.31	6.675301236	-0.111114021	0	0	0	0	0	0	44.70633651
6.32	6.6854953	-0.117585099	0	0	0	0	0	0	49.56280655
6.33	6.695053306	-0.1214756152	0	0	0	0	0	0	39.05118876
6.34	6.703874519	-0.1227347856	0	0	0	0	0	0	23.03290334
6.35	6.712173143	-0.1216855795	0	0	0	0	0	0	6.191538826
6.36	6.720263541	-0.1188383516	0	0	0	0	0	0	-9.283626237
6.37	6.72842577	-0.1147720312	0	0	0	0	0	0	-21.15016535
6.38	6.736843367	-0.1100363647	0	0	0	0	0	0	-27.13611586
6.39	6.745575511	-0.1050905306	0	0	0	0	0	0	-27.01746203
6.4	6.754557425	-0.1002562956	0	0	0	0	0	0	-23.23144918
6.41	6.763658148	-0.09559269151	0	0	0	0	0	0	-15.53664102
6.42	6.772773276	-0.09105878311	0	0	0	0	0	0	-5.633407361
6.43	6.781783408	-0.08663044441	0	0	0	0	0	0	1.424332662
6.44	6.790581491	-0.08229615192	0	0	0	0	0	0	3.412835247
6.45	6.799127175	-0.07805108899	0	0	0	0	0	0	1.26552024
6.46	6.807451938	-0.07389735481	0	0	0	0	0	0	-3.280478333
6.47	6.815629798	-0.0698445784	0	0	0	0	0	0	-8.879735297
6.48	6.823747705	-0.06590563295	0	0	0	0	0	0	-14.43090854
6.49	6.831885948	-0.06208824449	0	0	0	0	0	0	-18.82357652
6.5	6.840105468	-0.05838733095	0	0	0	0	0	0	-21.09914795
6.51	6.848436505	-0.05478192214	0	0	0	0	0	0	-20.81344991
6.52	6.856875616	-0.05123859998	0	0	0	0	0	0	-18.17649681
6.53	6.865393823	-0.04771933723	0	0	0	0	0	0	-13.86703203
6.54	6.873952825	-0.04418994521	0	0	0	0	0	0	-8.667672352
6.55	6.882522033	-0.04062645329	0	0	0	0	0	0	-3.130311826
6.56	6.891089572	-0.03701850217	0	0	0	0	0	0	2.577172269
6.57	6.899664608	-0.03337077803	0	0	0	0	0	0	8.600498018
6.58	6.908272263	-0.0297034166	0	0	0	0	0	0	15.17346395
6.59	6.916945021	-0.0260515842	0	0	0	0	0	0	22.35739767
6.6	6.925714508	-0.02246430728	0	0	0	0	0	0	29.83867792
6.61	6.93460557	-0.01900150362	0	0	0	0	0	0	36.8342891
6.62	6.943634693	-0.01572975405	0	0	0	0	0	0	42.13639947
6.63	6.95281324	-0.01271625779	0	0	0	0	0	0	44.33942939
6.64	6.962155314	-0.01002128429	0	0	0	0	0	0	42.26110609
6.65	6.971687416	-0.0076906856	0	0	0	0	0	0	35.40084461
6.66	6.981454134	-0.005750693412	0	0	0	0	0	0	24.13647904
6.67	6.991514394	-0.004206556034	0	0	0	0	0	0	9.51290837
6.68	7.001930525	-0.003044578489	0	0	0	0	0	0	-7.098295964
6.69	7.012756979	-0.002237136812	0	0	0	0	0	0	-24.19043152
6.7	7.024032343	-0.001750758806	0	0	0	0	0	0	-40.23490503
6.71	7.035771561	-0.00155683611	0	0	0	0	0	0	-53.88269256
6.72	7.047960484	-0.001642954983	0	0	0	0	0	0	-64.12826653
6.73	7.060555066	-0.002023365781	0	0	0	0	0	0	-70.36401116
6.74	7.073483407	-0.002746204986	0	0	0	0	0	0	-72.41205269
6.75	7.086648382	-0.003895217603	0	0	0	0	0	0	-70.55430664
6.76	7.099932087	-0.005584652311	0	0	0	0	0	0	-65.50130692
6.77	7.113203125	-0.007947224043	0	0	0	0	0	0	-58.28678479
6.78	7.12632631	-0.01111099779	0	0	0	0	0	0	-50.17783786
6.79	7.139161375	-0.01513808584	0	0	0	0	0	0	-42.0609544
6.8	7.151637658	-0.02004729396	0	0	0	0	0	0	-33.3727941
6.81	7.163801118	-0.02586312808	0	0	0	0	0	0	-24.17590444
6.82	7.175739468	-0.03261363401	0	0	0	0	0	0	-14.73395849
6.83	7.187526718	-0.0403269042	0	0	0	0	0	0	-5.213866764
6.84	7.199196646	-0.04902689923	0	0	0	0	0	0	3.806039462
6.85	7.210740443	-0.0587289036	0	0	0	0	0	0	11.17066494
6.86	7.22210536	-0.06940292941	0	0	0	0	0	0	12.54455004
6.87	7.233082399	-0.08012053351	0	0	0	0	0	0	-8.629784978
6.88	7.24394647	-0.09021026189	0	0	0	0	0	0	-22.80981012
6.89	7.254684111	-0.09958788288	0	0	0	0	0	0	-30.85157829
6.9	7.26522542	-0.1080510545	0	0	0	0	0	0	-37.55856719
6.91	7.275553171	-0.1152821095	0	0	0	0	0	0	-39.66653511
6.92	7.285404309	-0.1202490056	0	0	0	0	0	0	-28.78846697
6.93	7.294505951	-0.1225331322	0	0	0	0	0	0	-26.49483391
6.94	7.302977508	-0.1223514835	0	0	0	0	0	0	-31.18433147
6.95	7.311114226	-0.1201537043	0	0	0	0	0	0	-36.17284775
6.96	7.319220375	-0.1165048532	0	0	0	0	0	0	-37.36911723
6.97	7.327522569	-0.1119756458	0	0	0	0	0	0	-34.3553524
6.98	7.336131187	-0.1070663918	0	0	0	0	0	0	-28.27920886
6.99	7.345029041	-0.1021645402	0	0	0	0	0	0	-20.81526239
7	7.35409603	-0.09743881479	0	0	0	0	0	0	-16.20092096
7.01	7.363217981	-0.09285758495	0	0	0	0	0	0	-13.45795409
7.02	7.372284172	-0.08838951296	0	0	0	0	0	0	-10.46100352
7.03	7.381174919	-0.08401908674	0	0	0	0	0	0	-7.524847429
7.04	7.389819598	-0.07973909041	0	0	0	0	0	0	-5.718325208
7.05	7.398223699	-0.07554866541	0	0	0	0	0	0	-5.25617919
7.06	7.406448455	-0.07145463519	0	0	0	0	0	0	-5.539312
7.07	7.414578575	-0.06746944203	0	0	0	0	0	0	-5.807203874
7.08	7.42269886	-0.06360392736	0	0	0	0	0	0	-5.530276428
7.09	7.43087948	-0.05985880796	0	0	0	0	0	0	-4.51783572
7.1	7.439163806	-0.05621935808	0	0	0	0	0	0	-2.953152149
7.11	7.447561428	-0.0526563413	0	0	0	0	0	0	-1.35590142
7.12	7.456051861	-0.04913247831	0	0	0	0	0	0	-0.4214168668
7.13	7.464598288	-0.04561110642	0	0	0	0	0	0	-0.7977851752
7.14	7.4731653	-0.04206365034	0	0	0	0	0	0	-2.919274469
7.15	7.481732757	-0.03847403158	0	0	0	0	0	0	-6.949408785
7.16	7.490301719	-0.03484084084	0	0	0	0	0	0	-12.80494227
7.17	7.498891952	-0.03117808277	0	0	0	0	0	0	-20.19538377
7.18	7.507534071	-0.02751497513	0	0	0	0	0	0	-28.65059924
7.19	7.516260974	-0.02389522913	0	0	0	0	0	0	-37.53003758
7.2	7.525100678	-0.020374838	0	0	0	0	0	0	-46.05892756
7.21	7.534072871	-0.01701832408	0	0	0	0	0	0	-53.38772434
7.22	7.543190199	-0.01389340238	0	0	0	0	0	0	-58.67694009
7.23	7.552464439	-0.0110640632	0	0	0	0	0	0	-61.19714754
7.24	7.561916002	-0.00858277468	0	0	0	0	0	0	-60.41724774
7.25	7.571582023	-0.00648401587	0	0	0	0	0	0	-56.05692062
7.26	7.581516772	-0.004781523331	0	0	0	0	0	0	-48.11915156
7.27	7.591782559	-0.003468528523	0	0	0	0	0	0	-36.91450749
7.28	7.602438017	-0.002522363996	0	0	0	0	0	0	-23.04003562
7.29	7.613528995	-0.001910728847	0	0	0	0	0	0	-7.309054695
7.3	7.625080959	-0.001601706956	0	0	0	0	0	0	9.29788163
7.31	7.637091884	-0.001575050902	0	0	0	0	0	0	25.71157622
7.32	7.649529608	-0.001833159803	0	0	0	0	0	0	40.92611963
7.33	7.662333227	-0.002409926114	0	0	0	0	0	0	54.12852197
7.34	7.675415389	-0.003374996153	0	0	0	0	0	0	64.75821332
7.35	7.688665988	-0.004831302355	0	0	0	0	0	0	72.51754564
7.36	7.701957845	-0.006906142784	0	0	0	0	0	0	77.326778
7.37	7.715156483	-0.009734095699	0	0	0	0	0	0	79.42413111
7.38	7.728123122	-0.01341064489	0	0	0	0	0	0	77.21732425
7.39	7.740743173	-0.01796162922	0	0	0	0	0	0	67.16314965
7.4	7.75302242	-0.02340862228	0	0	0	0	0	0	52.09954732
7.41	7.765040517	-0.02977881157	0	0	0	0	0	0	36.10687396
7.42	7.776881572	-0.03710065742	0	0	0	0	0	0	22.00923435
7.43	7.788597162	-0.04540040606	0	0	0	0	0	0	11.29653441
7.44	7.800194595	-0.05469726602	0	0	0	0	0	0	4.679490209
7.45	7.811645545	-0.06499981447	0	0	0	0	0	0	2.554434058
7.46	7.822776147	-0.07587440638	0	0	0	0	0	0	0.02850173572
7.47	7.83366449	-0.08622126619	0	0	0	0	0	0	15.57590453
7.48	7.844465515	-0.09590432568	0	0	0	0	0	0	28.6136587
7.49	7.855089443	-0.1047658481	0	0	0	0	0	0	37.41686086
7.5	7.865506886	-0.1125610295	0	0	0	0	0	0	46.88617367
7.51	7.875606918	-0.1185715114	0	0	0	0	0	0	48.30106075
7.52	7.885013175	-0.1219275517	0	0	0	0	0	0	36.09508859
7.53	7.893708183	-0.1226962625	0	0	0	0	0	0	19.65825833
7.54	7.901940567	-0.1212467182	0	0	0	0	0	0	2.938548785
7.55	7.910025745	-0.1181120341	0	0	0	0	0	0	-12.02746902
7.56	7.918228049	-0.1138720436	0	0	0	0	0	0	-22.87008336
7.57	7.926707738	-0.1090622159	0	0	0	0	0	0	-27.57182283
7.58	7.935498439	-0.1041194102	0	0	0	0	0	0	-26.45139486
7.59	7.944513768	-0.09932252925	0	0	0	0	0	0	-22.08322667
7.6	7.953625379	-0.09468782133	0	0	0	0	0	0	-13.59039112
7.61	7.962729227	-0.0901766253	0	0	0	0	0	0	-3.884696871
7.62	7.971703511	-0.08576799655	0	0	0	0	0	0	2.216597178
7.63	7.980451309	-0.0814519999	0	0	0	0	0	0	3.253230882
7.64	7.988947848	-0.07722506104	0	0	0	0	0	0	0.4989399405
7.65	7.997235804	-0.07309084005	0	0	0	0	0	0	-4.348851347
7.66	8.005393843	-0.06906013102	0	0	0	0	0	0	-10.02446592
7.67	8.013508871	-0.06514549513	0	0	0	0	0	0	-15.43251188
7.68	8.021658405	-0.06135263107	0	0	0	0	0	0	-19.46626889
7.69	8.029897954	-0.05767332232	0	0	0	0	0	0	-21.24464292
7.7	8.038250963	-0.05408365607	0	0	0	0	0	0	-20.45342974
7.71	8.046707937	-0.05054861544	0	0	0	0	0	0	-17.41900626
7.72	8.055236537	-0.04703022747	0	0	0	0	0	0	-12.87346275
7.73	8.063798755	-0.04349595199	0	0	0	0	0	0	-7.57610101
7.74	8.072367115	-0.0399243282	0	0	0	0	0	0	-2.006933016
7.75	8.080934	-0.0363078795	0	0	0	0	0	0	3.740542584
7.76	8.089512357	-0.03265435345	0	0	0	0	0	0	9.851031334
7.77	8.098129499	-0.02898690049	0	0	0	0	0	0	16.54463974
7.78	8.106818387	-0.0253435658	0	0	0	0	0	0	23.82295407
7.79	8.115609662	-0.02177578595	0	0	0	0	0	0	31.28375879
7.8	8.124526489	-0.01834517433	0	0	0	0	0	0	38.05237113
7.81	8.133583899	-0.01511890494	0	0	0	0	0	0	42.8586093
7.82	8.142793002	-0.01216338883	0	0	0	0	0	0	44.30271667
7.83	8.152169529	-0.009536692651	0	0	0	0	0	0	41.30053841
7.84	8.161743318	-0.0072811124	0	0	0	0	0	0	33.52392761
7.85	8.171562424	-0.005418732906	0	0	0	0	0	0	21.51069819
7.86	8.181687359	-0.003950838241	0	0	0	0	0	0	6.390361652
7.87	8.192179434	-0.002860574045	0	0	0	0	0	0	-10.43776915
7.88	8.203090685	-0.002118410774	0	0	0	0	0	0	-27.44693437
7.89	8.214455772	-0.001690975172	0	0	0	0	0	0	-43.12276153
7.9	8.226284275	-0.001551932915	0	0	0	0	0	0	-56.17557393
7.91	8.238556121	-0.001693298814	0	0	0	0	0	0	-65.67686691
7.92	8.25122168	-0.002135501589	0	0	0	0	0	0	-71.09873503
7.93	8.264203968	-0.002933647284	0	0	0	0	0	0	-72.35056887
7.94	8.277401356	-0.00417808184	0	0	0	0	0	0	-69.80312671
7.95	8.290692621	-0.005987832933	0	0	0	0	0	0	-64.2407206
7.96	8.303944898	-0.008497175178	0	0	0	0	0	0	-56.74242857
7.97	8.317022442	-0.01182685911	0	0	0	0	0	0	-48.61945687
7.98	8.329788302	-0.01602401403	0	0	0	0	0	0	-40.43254926
7.99	8.3421972	-0.02110750198	0	0	0	0	0	0	-31.61576042
8	8.354309362	-0.02710293685	0	0	0	0	0	0	-22.35607126
8.01	8.36621305	-0.03403860023	0	0	0	0	0	0	-12.87776142
8.02	8.377975765	-0.04194218574	0	0	0	0	0	0	-3.38827864
8.03	8.389622481	-0.05083625503	0	0	0	0	0	0	5.416312422
8.04	8.401137409	-0.06073407261	0	0	0	0	0	0	12.29475803
8.05	8.412436747	-0.07153364751	0	0	0	0	0	0	8.488855291
8.06	8.423368144	-0.0821341534	0	0	0	0	0	0	-11.97859027
8.07	8.434215844	-0.09209582628	0	0	0	0	0	0	-24.7451815
8.08	8.444917977	-0.1013142503	0	0	0	0	0	0	-32.09464284
8.09	8.455418395	-0.1095700393	0	0	0	0	0	0	-39.11316677
8.1	8.46568868	-0.1164580455	0	0	0	0	0	0	-37.33042801
8.11	8.475399962	-0.1209010467	0	0	0	0	0	0	-27.56470098
8.12	8.484360927	-0.1226795603	0	0	0	0	0	0	-27.06829263
8.13	8.492741697	-0.1220648995	0	0	0	0	0	0	-32.33069188
8.14	8.500849927	-0.1195388622	0	0	0	0	0	0	-36.76595248
8.15	8.50897936	-0.1156752419	0	0	0	0	0	0	-37.0978747
8.16	8.517336243	-0.1110359284	0	0	0	0	0	0	-33.38145975
8.17	8.526006049	-0.1061017628	0	0	0	0	0	0	-26.87171627
8.18	8.53494776	-0.1012312041	0	0	0	0	0	0	-19.63926571
8.19	8.54403297	-0.09653699731	0	0	0	0	0	0	-15.6287223
8.2	8.553153567	-0.09197971734	0	0	0	0	0	0	-12.92262925
8.21	8.562194307	-0.08753162836	0	0	0	0	0	0	-9.851727382
8.22	8.571040367	-0.08317931856	0	0	0	0	0	0	-7.063933485
8.23	8.579635651	-0.07891675294	0	0	0	0	0	0	-5.533068754
8.24	8.587998947	-0.07474448541	0	0	0	0	0	0	-5.273987738
8.25	8.59619842	-0.07067076875	0	0	0	0	0	0	-5.607237289
8.26	8.604320253	-0.0667084012	0	0	0	0	0	0	-5.799003155
8.27	8.612447317	-0.06286686755	0	0	0	0	0	0	-5.381783915
8.28	8.620645551	-0.05914413939	0	0	0	0	0	0	-4.235319537
8.29	8.628952005	-0.05552238249	0	0	0	0	0	0	-2.6150298
8.3	8.637369787	-0.0519701797	0	0	0	0	0	0	-1.090493958
8.31	8.645873919	-0.04844966299	0	0	0	0	0	0	-0.3654862425
8.32	8.654426504	-0.04492525495	0	0	0	0	0	0	-1.055936349
8.33	8.662994241	-0.04137054774	0	0	0	0	0	0	-3.544662845
8.34	8.671560935	-0.03777220056	0	0	0	0	0	0	-7.94407088
8.35	8.680131692	-0.03413175492	0	0	0	0	0	0	-14.12776397
8.36	8.688729114	-0.03046623888	0	0	0	0	0	0	-21.76840623
8.37	8.697384858	-0.02680772184	0	0	0	0	0	0	-30.36286757
8.38	8.706131385	-0.02320255888	0	0	0	0	0	0	-39.23982359
8.39	8.714995222	-0.01970871779	0	0	0	0	0	0	-47.60479554
8.4	8.723994433	-0.01639182272	0	0	0	0	0	0	-54.60274347
8.41	8.733140864	-0.01331946992	0	0	0	0	0	0	-59.40750377
8.42	8.742447183	-0.01055403506	0	0	0	0	0	0	-61.32217736
8.43	8.751936604	-0.008144905146	0	0	0	0	0	0	-59.8611967
8.44	8.761649953	-0.006122718477	0	0	0	0	0	0	-54.79641639
8.45	8.771643854	-0.004496764348	0	0	0	0	0	0	-46.19078553
8.46	8.781980764	-0.003257121975	0	0	0	0	0	0	-34.41437046
8.47	8.792717463	-0.002378490208	0	0	0	0	0	0	-20.11011478
8.48	8.803896512	-0.001827848043	0	0	0	0	0	0	-4.12686924
8.49	8.815538474	-0.001574629163	0	0	0	0	0	0	12.52664676
8.5	8.827635479	-0.001602140186	0	0	0	0	0	0	28.78164628
8.51	8.840149658	-0.001918293129	0	0	0	0	0	0	43.6625513
8.52	8.853014783	-0.002563781546	0	0	0	0	0	0	56.40195381
8.53	8.866138746	-0.003615095217	0	0	0	0	0	0	66.49085367
8.54	8.87940748	-0.005180899584	0	0	0	0	0	0	73.6788314
8.55	8.892691709	-0.007391324754	0	0	0	0	0	0	77.92093399
8.56	8.905856428	-0.0103792079	0	0	0	0	0	0	79.54035347
8.57	8.918761402	-0.01422409089	0	0	0	0	0	0	75.85072609
8.58	8.931311065	-0.01894692087	0	0	0	0	0	0	64.49600673
8.59	8.943532352	-0.02457078809	0	0	0	0	0	0	48.96256416
8.6	8.955509965	-0.03112335377	0	0	0	0	0	0	33.16467892
8.61	8.967323801	-0.03863297884	0	0	0	0	0	0	19.6408067
8.62	8.979017008	-0.04712490731	0	0	0	0	0	0	9.681660009
8.63	8.990588899	-0.0566165268	0	0	0	0	0	0	3.914004046
8.64	9.002004047	-0.06710892397	0	0	0	0	0	0	2.19709239
8.65	9.013052826	-0.07792997324	0	0	0	0	0	0	2.296946405
8.66	9.023929556	-0.08815401348	0	0	0	0	0	0	18.66385094
8.67	9.034701488	-0.09769388753	0	0	0	0	0	0	30.49175539
8.68	9.045285673	-0.1063689617	0	0	0	0	0	0	39.07106313
8.69	9.055662446	-0.1139139521	0	0	0	0	0	0	48.86455228
8.7	9.065651017	-0.1194336455	0	0	0	0	0	0	46.59314105
8.71	9.074908916	-0.1222706522	0	0	0	0	0	0	33.06496668
8.72	9.083490284	-0.1225736677	0	0	0	0	0	0	16.36278974
8.73	9.091669914	-0.1207528152	0	0	0	0	0	0	-0.1664280286
8.74	9.099759902	-0.1173590212	0	0	0	0	0	0	-14.53923945
8.75	9.108007264	-0.1129693672	0	0	0	0	0	0	-24.2962929
8.76	9.116548657	-0.1081033456	0	0	0	0	0	0	-27.75540771
8.77	9.1253931	-0.1031752402	0	0	0	0	0	0	-25.79783342
8.78	9.134435651	-0.09841370356	0	0	0	0	0	0	-20.76536979
8.79	9.143554224	-0.0938056077	0	0	0	0	0	0	-11.63084898
8.8	9.152642429	-0.08931571078	0	0	0	0	0	0	-2.319842494
8.81	9.161578181	-0.08492586042	0	0	0	0	0	0	2.793786347
8.82	9.170276378	-0.08062748611	0	0	0	0	0	0	2.955558941
8.83	9.178727135	-0.076418276	0	0	0	0	0	0	-0.3257277756
8.84	9.186982754	-0.07230342238	0	0	0	0	0	0	-5.421912044
8.85	9.195125312	-0.06829463983	0	0	0	0	0	0	-11.13183636
8.86	9.203241043	-0.06440384456	0	0	0	0	0	0	-16.35752281
8.87	9.211404188	-0.06063446578	0	0	0	0	0	0	-20.00762129
8.88	9.219664589	-0.05697515209	0	0	0	0	0	0	-21.28990627
8.89	9.228038998	-0.05339932493	0	0	0	0	0	0	-20.02013629
8.9	9.236512392	-0.04987068793	0	0	0	0	0	0	-16.62911595
8.91	9.245049875	-0.04635170773	0	0	0	0	0	0	-11.88476453
8.92	9.253614449	-0.04281170077	0	0	0	0	0	0	-6.510044287
8.93	9.262181997	-0.03923171019	0	0	0	0	0	0	-0.9109868552
8.94	9.270749096	-0.03560713807	0	0	0	0	0	0	4.886857637
8.95	9.279332107	-0.03194872516	0	0	0	0	0	0	11.09570601
8.96	9.287960149	-0.02828260611	0	0	0	0	0	0	17.91143969
8.97	9.296666247	-0.02464953269	0	0	0	0	0	0	25.26916247
8.98	9.305479892	-0.02110314329	0	0	0	0	0	0	32.67872638
8.99	9.314422625	-0.01770658774	0	0	0	0	0	0	39.17762019
9	9.323508207	-0.01452743695	0	0	0	0	0	0	43.44274157
9.01	9.332747849	-0.01163112052	0	0	0	0	0	0	44.09587231
9.02	9.342159346	-0.009073164249	0	0	0	0	0	0	40.17270038
9.03	9.351775999	-0.006892181646	0	0	0	0	0	0	31.51690217
9.04	9.361648939	-0.005106197417	0	0	0	0	0	0	18.80667974
9.05	9.371839724	-0.003712736032	0	0	0	0	0	0	3.242392274
9.06	9.382408635	-0.002691967999	0	0	0	0	0	0	-13.74189193
9.07	9.393404989	-0.00201285802	0	0	0	0	0	0	-30.60740965
9.08	9.404859159	-0.001642505656	0	0	0	0	0	0	-45.86851575
9.09	9.416775193	-0.001557228263	0	0	0	0	0	0	-58.29936989
9.1	9.429127215	-0.001753809295	0	0	0	0	0	0	-67.04539084
9.11	9.441860186	-0.002259009848	0	0	0	0	0	0	-71.65918382
9.12	9.454892097	-0.003134891942	0	0	0	0	0	0	-72.13930515
9.13	9.468117089	-0.004478033189	0	0	0	0	0	0	-68.94203176
9.14	9.48141103	-0.006411614036	0	0	0	0	0	0	-62.9184576
9.15	9.494640053	-0.009070647787	0	0	0	0	0	0	-55.18687479
9.16	9.507667224	-0.01256552259	0	0	0	0	0	0	-47.07927458
9.17	9.520363391	-0.01693124452	0	0	0	0	0	0	-38.79483888
9.18	9.532708496	-0.02218777163	0	0	0	0	0	0	-29.86442053
9.19	9.544773682	-0.02836159658	0	0	0	0	0	0	-20.55216201
9.2	9.556645922	-0.03548110719	0	0	0	0	0	0	-11.04530308
9.21	9.56838553	-0.04357342045	0	0	0	0	0	0	-1.612716318
9.22	9.580008922	-0.05265958365	0	0	0	0	0	0	6.931171346
9.23	9.591493994	-0.06275078742	0	0	0	0	0	0	13.27460988
9.24	9.602715674	-0.07361913724	0	0	0	0	0	0	3.94063677
9.25	9.613620315	-0.08409852478	0	0	0	0	0	0	-15.00334148
9.26	9.624447803	-0.09392982915	0	0	0	0	0	0	-26.44209941
9.27	9.635113104	-0.1029826301	0	0	0	0	0	0	-33.31830944
9.28	9.645573375	-0.1110240149	0	0	0	0	0	0	-40.7778756
9.29	9.655772062	-0.1175213547	0	0	0	0	0	0	-34.95381823
9.3	9.665339092	-0.1214447479	0	0	0	0	0	0	-26.74141442
9.31	9.674168337	-0.1227345915	0	0	0	0	0	0	-27.85293256
9.32	9.682471601	-0.1217109214	0	0	0	0	0	0	-33.41286937
9.33	9.690562981	-0.1188825254	0	0	0	0	0	0	-37.18165989
9.34	9.698723384	-0.1148281406	0	0	0	0	0	0	-36.66839808
9.35	9.707137644	-0.1100982088	0	0	0	0	0	0	-32.30664592
9.36	9.715866439	-0.1051531543	0	0	0	0	0	0	-25.41991573
9.37	9.724846194	-0.1003172657	0	0	0	0	0	0	-18.62146697
9.38	9.733945811	-0.09565253238	0	0	0	0	0	0	-15.0962581
9.39	9.743060677	-0.09111794881	0	0	0	0	0	0	-12.36276872
9.4	9.75207172	-0.08668916846	0	0	0	0	0	0	-9.253303483
9.41	9.760871417	-0.08235456137	0	0	0	0	0	0	-6.654291032
9.42	9.769418579	-0.07810925219	0	0	0	0	0	0	-5.396754064
9.43	9.777744036	-0.07395525027	0	0	0	0	0	0	-5.313105975
9.44	9.785921569	-0.06990209754	0	0	0	0	0	0	-5.670347325
9.45	9.794038183	-0.06596265849	0	0	0	0	0	0	-5.771153099
9.46	9.802174352	-0.06214475113	0	0	0	0	0	0	-5.211996968
9.47	9.810391291	-0.05844345622	0	0	0	0	0	0	-3.943974378
9.48	9.81871963	-0.05483798867	0	0	0	0	0	0	-2.290995935
9.49	9.827156302	-0.05129501906	0	0	0	0	0	0	-0.8655152893
9.5	9.835672489	-0.04777647254	0	0	0	0	0	0	-0.3705345045
9.51	9.844229882	-0.04424807394	0	0	0	0	0	0	-1.385264777
9.52	9.852797716	-0.04068568972	0	0	0	0	0	0	-4.240167466
9.53	9.861363872	-0.03707876832	0	0	0	0	0	0	-8.998695279
9.54	9.869937299	-0.03343178847	0	0	0	0	0	0	-15.49313378
9.55	9.878543043	-0.02976471476	0	0	0	0	0	0	-23.36138285
9.56	9.887213537	-0.02611247568	0	0	0	0	0	0	-32.0666083
9.57	9.895980485	-0.02252385897	0	0	0	0	0	0	-40.91047436
9.58	9.904868868	-0.01905864843	0	0	0	0	0	0	-49.08073827
9.59	9.913895236	-0.01578334944	0	0	0	0	0	0	-55.72036377
9.6	9.923070904	-0.01276516491	0	0	0	0	0	0	-60.02040333
9.61	9.932409811	-0.01006459089	0	0	0	0	0	0	-61.31909297
9.62	9.941938234	-0.007727715332	0	0	0	0	0	0	-59.17722918
9.63	9.951700361	-0.005781075978	0	0	0	0	0	0	-53.42080901
9.64	9.961754792	-0.004230313059	0	0	0	0	0	0	-44.17089217
9.65	9.972163718	-0.003062067773	0	0	0	0	0	0	-31.85510167
9.66	9.982982118	-0.002248812471	0	0	0	0	0	0	-17.155964
9.67	9.994249007	-0.001757168	0	0	0	0	0	0	-0.9594350127
9.68	10.00597962	-0.001558332365	0	0	0	0	0	0	15.70053001
9.69	10.01816019	-0.001639489673	0	0	0	0	0	0	31.76297936
9.7	10.0307473	-0.002014353218	0	0	0	0	0	0	46.28683063
9.71	10.04366962	-0.002730407577	0	0	0	0	0	0	58.55074476
9.72	10.05683042	-0.003870812475	0	0	0	0	0	0	68.09648199
9.73	10.07011214	-0.005549357821	0	0	0	0	0	0	74.71901868
9.74	10.08338359	-0.007898558038	0	0	0	0	0	0	78.40481791
9.75	10.09650967	-0.01104701018	0	0	0	0	0	0	79.44579121
9.76	10.10935001	-0.01505829302	0	0	0	0	0	0	74.20694985
9.77	10.12183169	-0.01995129998	0	0	0	0	0	0	61.71786963
9.78	10.13399918	-0.025750434	0	0	0	0	0	0	45.86705096
9.79	10.14594001	-0.03248371855	0	0	0	0	0	0	30.35334869
9.8	10.15772872	-0.04017927881	0	0	0	0	0	0	17.43998842
9.81	10.16939988	-0.0488612006	0	0	0	0	0	0	8.243927784
9.82	10.18094535	-0.05854495754	0	0	0	0	0	0	3.327782402
9.83	10.1923146	-0.06920486182	0	0	0	0	0	0	0.5990522441
9.84	10.20329594	-0.07993250154	0	0	0	0	0	0	5.151738152
9.85	10.21416038	-0.09003385243	0	0	0	0	0	0	21.41880858
9.86	10.22490037	-0.0994257772	0	0	0	0	0	0	32.2189805
9.87	10.23544478	-0.1079076444	0	0	0	0	0	0	40.74982909
9.88	10.24577664	-0.1151679608	0	0	0	0	0	0	50.02395641
9.89	10.25563976	-0.1201831933	0	0	0	0	0	0	44.52727431
9.9	10.26475426	-0.1225147649	0	0	0	0	0	0	29.97527187
9.91	10.27323432	-0.1223742373	0	0	0	0	0	0	13.12819373
9.92	10.28137374	-0.1202080862	0	0	0	0	0	0	-3.145905033
9.93	10.28947757	-0.1165802434	0	0	0	0	0	0	-16.83788616
9.94	10.29777434	-0.1120622374	0	0	0	0	0	0	-25.45683765
9.95	10.30637674	-0.1071560554	0	0	0	0	0	0	-27.72426359
9.96	10.31526983	-0.1022516687	0	0	0	0	0	0	-25.11274422
9.97	10.32433462	-0.09752305699	0	0	0	0	0	0	-19.28664311
9.98	10.33345625	-0.09293975406	0	0	0	0	0	0	-9.692788845
9.99	10.34252441	-0.08847007866	0	0	0	0	0	0	-0.943974737
10	10.35141906	-0.08409829549	0	0	0	0	0	0	3.174944962
