0	0	0.05	0	0.9766029791	-0.215050276	0	0.215050276	0.9766029791	0	0	0	1
0.01	0.01856542806	0.04937822869	0	0.9751942694	-0.2213507103	0	0.2213507103	0.9751942694	0	0	0	1
0.02	0.03813637855	0.04776031448	0	0.9733715203	-0.2292332512	0	0.2292332512	0.9733715203	0	0	0	1
0.03	0.05946685374	0.04514710374	0	0.9721638305	-0.2343021268	0	0.2343021268	0.9721638305	0	0	0	1
0.04	0.08195547968	0.04150661075	0	0.9712137748	-0.2382095794	0	0.2382095794	0.9712137748	0	0	0	1
0.05	0.1047323728	0.03678920288	0	0.9701887451	-0.2423505701	0	0.2423505701	0.9701887451	0	0	0	1
0.06	0.1270712464	0.03096454268	0	0.9689443112	-0.2472790365	0	0.2472790365	0.9689443112	0	0	0	1
0.07	0.1484830581	0.02403110664	0	0.9673852077	-0.2533098102	0	0.2533098102	0.9673852077	0	0	0	1
0.08	0.1687616622	0.01601057301	0	0.9655101695	-0.2603653445	0	0.2603653445	0.9655101695	0	0	0	1
0.09	0.1879737229	0.006941809743	0	0.9634774338	-0.2677895341	0	0.2677895341	0.9634774338	0	0	0	1
0.1	0.2063754306	-0.00312577842	0	0.9615842338	-0.2745100387	0	0.2745100387	0.9615842338	0	0	0	1
0.11	0.2242930986	-0.0141394282	0	0.9601920064	-0.2793408506	0	0.2793408506	0.9601920064	0	0	0	1
0.12	0.2420147835	-0.02604869179	0	0.9596411659	-0.2812273683	0	0.2812273683	0.9596411659	0	0	0	1
0.13	0.2597219617	-0.03880936513	0	0.9601770284	-0.2793923302	0	0.2793923302	0.9601770284	0	0	0	1
0.14	0.2774718606	-0.05238692735	0	0.9619017501	-0.2733953605	0	0.2733953605	0.9619017501	0	0	0	1
0.15	0.2952242368	-0.06676028476	0	0.9647624439	-0.263122456	0	0.263122456	0.9647624439	0	0	0	1
0.16	0.3128005181	-0.08174345663	0	0.9680755698	-0.250658515	0	0.250658515	0.9680755698	0	0	0	1
0.17	0.3299334998	-0.09558908596	0	0.9709248254	-0.2393845932	0	0.2393845932	0.9709248254	0	0	0	1
0.18	0.3469271096	-0.107491634	0	0.9753262026	-0.2207686539	0	0.2207686539	0.9753262026	0	0	0	1
0.19	0.3630071886	-0.1156948223	0	0.9818343369	-0.1897401772	0	0.1897401772	0.9818343369	0	0	0	1
0.2	0.3778933396	-0.1195714916	0	0.9878063595	-0.1556874949	0	0.1556874949	0.9878063595	0	0	0	1
0.21	0.3918739651	-0.1194310383	0	0.9920602474	-0.1257635301	0	0.1257635301	0.9920602474	0	0	0	1
0.22	0.4051535895	-0.1161097021	0	0.9948354346	-0.1015010248	0	0.1015010248	0.9948354346	0	0	0	1
0.23	0.417998408	-0.1107133127	0	0.9967002618	-0.0811701183	0	0.0811701183	0.9967002618	0	0	0	1
0.24	0.4308116726	-0.1041576425	0	0.9980348556	-0.0626612087	0	0.0626612087	0.9980348556	0	0	0	1
0.25	0.4439999175	-0.09698287318	0	0.9989605195	-0.04558377437	0	0.04558377437	0.9989605195	0	0	0	1
0.26	0.4577230465	-0.08916727422	0	0.9994986662	-0.03166095867	0	0.03166095867	0.9994986662	0	0	0	1
0.27	0.4718962502	-0.08061195321	0	0.9997708744	-0.02140557579	0	0.02140557579	0.9997708744	0	0	0	1
0.28	0.4862608952	-0.07136138306	0	0.9999013357	-0.01404702192	0	0.01404702192	0.9999013357	0	0	0	1
0.29	0.5005277824	-0.06155072986	0	0.9999643205	-0.008447350026	0	0.008447350026	0.9999643205	0	0	0	1
0.3	0.5144799179	-0.05135617734	0	0.9999935431	-0.003593559851	0	0.003593559851	0.9999935431	0	0	0	1
0.31	0.5279981469	-0.04098864425	0	0.9999992032	0.001262408448	0	-0.001262408448	0.9999992032	0	0	0	1
0.32	0.5410474659	-0.03069897104	0	0.9999776766	0.00668178756	0	-0.00668178756	0.9999776766	0	0	0	1
0.33	0.5536626223	-0.02076143787	0	0.9999137651	0.01313249584	0	-0.01313249584	0.9999137651	0	0	0	1
0.34	0.5659332804	-0.01144029378	0	0.9997801885	0.02096603419	0	-0.02096603419	0.9997801885	0	0	0	1
0.35	0.5779794806	-0.002960349551	0	0.9995403334	0.0303170233	0	-0.0303170233	0.9995403334	0	0	0	1
0.36	0.5899153744	0.004510037431	0	0.9991591701	0.04099942545	0	-0.04099942545	0.9991591701	0	0	0	1
0.37	0.6018424162	0.01091777753	0	0.998635489	0.05222221825	0	-0.05222221825	0.998635489	0	0	0	1
0.38	0.6138895035	0.01626058301	0	0.9979793633	0.06353888833	0	-0.06353888833	0.9979793633	0	0	0	1
0.39	0.6261777639	0.02053907046	0	0.9971861619	0.07496504814	0	-0.07496504814	0.9971861619	0	0	0	1
0.4	0.6387764166	0.0237677259	0	0.9962544872	0.08646962848	0	-0.08646962848	0.9962544872	0	0	0	1
0.41	0.651700304	0.02601406554	0	0.9951733018	0.09813307029	0	-0.09813307029	0.9951733018	0	0	0	1
0.42	0.664879942	0.02737072041	0	0.9940159719	0.1092348274	0	-0.1092348274	0.9940159719	0	0	0	1
0.43	0.6782585373	0.02794193536	0	0.9928987187	0.1189627436	0	-0.1189627436	0.9928987187	0	0	0	1
0.44	0.6918241213	0.0278297537	0	0.9919061874	0.1269728922	0	-0.1269728922	0.9919061874	0	0	0	1
0.45	0.7055879665	0.02711994402	0	0.9910897901	0.1331954504	0	-0.1331954504	0.9910897901	0	0	0	1
0.46	0.719561977	0.0258720769	0	0.9904841348	0.1376269546	0	-0.1376269546	0.9904841348	0	0	0	1
0.47	0.7337453738	0.02411313909	0	0.9901148797	0.1402587783	0	-0.1402587783	0.9901148797	0	0	0	1
0.48	0.7481187406	0.02183404108	0	0.9899954072	0.1410995883	0	-0.1410995883	0.9899954072	0	0	0	1
0.49	0.7626420648	0.01898928714	0	0.9901211109	0.1402147843	0	-0.1402147843	0.9901211109	0	0	0	1
0.5	0.7772549373	0.0155004649	0	0.9904683397	0.1377405827	0	-0.1377405827	0.9904683397	0	0	0	1
0.51	0.7918793409	0.01126403471	0	0.9909991586	0.1338680977	0	-0.1338680977	0.9909991586	0	0	0	1
0.52	0.8064257266	0.006163012902	0	0.9916693554	0.1288095086	0	-0.1288095086	0.9916693554	0	0	0	1
0.53	0.8208009021	8.427642306e-005	0	0.9924350648	0.1227706893	0	-0.1227706893	0.9924350648	0	0	0	1
0.54	0.8349063405	-0.007048449766	0	0.9933095316	0.1154823556	0	-0.1154823556	0.9933095316	0	0	0	1
0.55	0.848711944	-0.01526922177	0	0.9943273872	0.106362809	0	-0.106362809	0.9943273872	0	0	0	1
0.56	0.8622904057	-0.02459137862	0	0.9953750053	0.09606559657	0	-0.09606559657	0.9953750053	0	0	0	1
0.57	0.8757036443	-0.03501396996	0	0.9963331522	0.08555845811	0	-0.08555845811	0.9963331522	0	0	0	1
0.58	0.8889462626	-0.0465247579	0	0.9971534604	0.07539878208	0	-0.07539878208	0.9971534604	0	0	0	1
0.59	0.9019543436	-0.05909928832	0	0.9978381786	0.06571886629	0	-0.06571886629	0.9978381786	0	0	0	1
0.6	0.9146229769	-0.07267471451	0	0.998410307	0.05636363161	0	-0.05636363161	0.998410307	0	0	0	1
0.61	0.92656468	-0.08612574016	0	0.9989072138	0.04673733292	0	-0.04673733292	0.9989072138	0	0	0	1
0.62	0.9382951106	-0.09847218738	0	0.9993059639	0.03725037614	0	-0.03725037614	0.9993059639	0	0	0	1
0.63	0.9500071756	-0.1094420443	0	0.9996603821	0.02605993972	0	-0.02605993972	0.9996603821	0	0	0	1
0.64	0.9612039287	-0.1179543663	0	0.9999392175	0.0110254873	0	-0.0110254873	0.9999392175	0	0	0	1
0.65	0.9711319137	-0.1228713203	0	0.9999559463	-0.009386449026	0	0.009386449026	0.9999559463	0	0	0	1
0.66	0.9798130668	-0.1242466704	0	0.999412774	-0.03426524653	0	0.03426524653	0.999412774	0	0	0	1
0.67	0.9877760809	-0.1224822856	0	0.9981091282	-0.06146680642	0	0.06146680642	0.9981091282	0	0	0	1
0.68	0.9956300478	-0.1182790297	0	0.996007487	-0.08926973646	0	0.08926973646	0.996007487	0	0	0	1
0.69	1.003856947	-0.112492922	0	0.9931838485	-0.1165583251	0	0.1165583251	0.9931838485	0	0	0	1
0.7	1.012764284	-0.1059435748	0	0.9898040811	-0.1424355329	0	0.1424355329	0.9898040811	0	0	0	1
0.71	1.022462919	-0.09925786107	0	0.9860996996	-0.1661546943	0	0.1661546943	0.9860996996	0	0	0	1
0.72	1.032857959	-0.09260639288	0	0.9823169335	-0.1872256452	0	0.1872256452	0.9823169335	0	0	0	1
0.73	1.043769254	-0.0859024552	0	0.9786082132	-0.2057327517	0	0.2057327517	0.9786082132	0	0	0	1
0.74	1.054966707	-0.0790843355	0	0.9749474368	-0.2224353737	0	0.2224353737	0.9749474368	0	0	0	1
0.75	1.06623058	-0.072126544	0	0.9712338393	-0.2381277585	0	0.2381277585	0.9712338393	0	0	0	1
0.76	1.07742937	-0.06503086303	0	0.9674351151	-0.253119138	0	0.253119138	0.9674351151	0	0	0	1
0.77	1.088537358	-0.05782289044	0	0.963632698	-0.2672302815	0	0.2672302815	0.963632698	0	0	0	1
0.78	1.099603156	-0.05055136343	0	0.9599774934	-0.2800771539	0	0.2800771539	0.9599774934	0	0	0	1
0.79	1.110705433	-0.04328335813	0	0.9566304952	-0.2913041291	0	0.2913041291	0.9566304952	0	0	0	1
0.8	1.121916625	-0.03609673533	0	0.9537334406	-0.3006534954	0	0.3006534954	0.9537334406	0	0	0	1
0.81	1.133276683	-0.02907362422	0	0.9513980875	-0.3079637626	0	0.3079637626	0.9513980875	0	0	0	1
0.82	1.144779866	-0.02229967104	0	0.9496929087	-0.3131826612	0	0.3131826612	0.9496929087	0	0	0	1
0.83	1.156376146	-0.01586444134	0	0.9486267356	-0.3163974028	0	0.3163974028	0.9486267356	0	0	0	1
0.84	1.167986063	-0.009860728882	0	0.9481476442	-0.3178302137	0	0.3178302137	0.9481476442	0	0	0	1
0.85	1.1795235	-0.004378873181	0	0.9481638753	-0.3177817891	0	0.3177817891	0.9481638753	0	0	0	1
0.86	1.190918027	0.0005014325106	0	0.9485734809	-0.3165570269	0	0.3165570269	0.9485734809	0	0	0	1
0.87	1.202130917	0.004719667106	0	0.9492874674	-0.3144094532	0	0.3144094532	0.9492874674	0	0	0	1
0.88	1.213163093	0.008241681636	0	0.950242779	-0.3115102904	0	0.3115102904	0.950242779	0	0	0	1
0.89	1.224054036	0.01106374881	0	0.9514067039	-0.3079371426	0	0.3079371426	0.9514067039	0	0	0	1
0.9	1.234872435	0.01321203141	0	0.9527737533	-0.3036810416	0	0.3036810416	0.9527737533	0	0	0	1
0.91	1.245701441	0.01473736592	0	0.954356917	-0.2986685035	0	0.2986685035	0.954356917	0	0	0	1
0.92	1.256622941	0.01570639409	0	0.956175434	-0.2927943637	0	0.2927943637	0.956175434	0	0	0	1
0.93	1.267703597	0.01618981476	0	0.9582421548	-0.2859579914	0	0.2859579914	0.9582421548	0	0	0	1
0.94	1.278985063	0.0162493653	0	0.9605524914	-0.2780987436	0	0.2780987436	0.9605524914	0	0	0	1
0.95	1.290479518	0.0159257775	0	0.9630778826	-0.269222941	0	0.269222941	0.9630778826	0	0	0	1
0.96	1.302169796	0.01522903547	0	0.9657651034	-0.2594181279	0	0.2594181279	0.9657651034	0	0	0	1
0.97	1.314013266	0.01413306231	0	0.9685413148	-0.2488528108	0	0.2488528108	0.9685413148	0	0	0	1
0.98	1.32594769	0.01257527296	0	0.9713232054	-0.2377629716	0	0.2377629716	0.9713232054	0	0	0	1
0.99	1.33789859	0.01046166085	0	0.9740282321	-0.2264265954	0	0.2264265954	0.9740282321	0	0	0	1
1	1.349786979	0.00767606457	0	0.976584732	-0.2151331245	0	0.2151331245	0.976584732	0	0	0	1
1.01	1.361537511	0.004092876594	0	0.9789394973	-0.2041505833	0	0.2041505833	0.9789394973	0	0	0	1
1.02	1.373082477	-0.000403656249	0	0.981060323	-0.193702459	0	0.193702459	0.981060323	0	0	0	1
1.03	1.384362119	-0.0058971128	0	0.9829369922	-0.1839425708	0	0.1839425708	0.9829369922	0	0	0	1
1.04	1.39538463	-0.0124535395	0	0.9845948455	-0.1748513375	0	0.1748513375	0.9845948455	0	0	0	1
1.05	1.406246475	-0.02011843204	0	0.9860725355	-0.1663158285	0	0.1663158285	0.9860725355	0	0	0	1
1.06	1.417064525	-0.02891680667	0	0.9873938416	-0.1582826635	0	0.1582826635	0.9873938416	0	0	0	1
1.07	1.427869247	-0.0388556143	0	0.9885633037	-0.1508064806	0	0.1508064806	0.9885633037	0	0	0	1
1.08	1.438583554	-0.04992284815	0	0.989587901	-0.1439297958	0	0.1439297958	0.989587901	0	0	0	1
1.09	1.449065287	-0.06208653748	0	0.9904875516	-0.1376023627	0	0.1376023627	0.9904875516	0	0	0	1
1.1	1.459093975	-0.07516166276	0	0.9911747722	-0.132561574	0	0.132561574	0.9911747722	0	0	0	1
1.11	1.468308381	-0.08779721574	0	0.9906081897	-0.1367311762	0	0.1367311762	0.9906081897	0	0	0	1
1.12	1.477568027	-0.09947883811	0	0.9902399263	-0.139373198	0	0.139373198	0.9902399263	0	0	0	1
1.13	1.486962715	-0.109764139	0	0.9910252418	-0.1336748669	0	0.1336748669	0.9910252418	0	0	0	1
1.14	1.495670267	-0.1171279544	0	0.9931501651	-0.1168449812	0	0.1168449812	0.9931501651	0	0	0	1
1.15	1.503118391	-0.1210923407	0	0.9953867408	-0.09594392209	0	0.09594392209	0.9953867408	0	0	0	1
1.16	1.509557375	-0.121780836	0	0.9972377633	-0.07427545685	0	0.07427545685	0.9972377633	0	0	0	1
1.17	1.515560289	-0.1196485494	0	0.9986371277	-0.05219087186	0	0.05219087186	0.9986371277	0	0	0	1
1.18	1.521672322	-0.1154176632	0	0.9995501557	-0.02999143561	0	0.02999143561	0.9995501557	0	0	0	1
1.19	1.528310834	-0.1099128751	0	0.9999631765	-0.008581704398	0	0.008581704398	0.9999631765	0	0	0	1
1.2	1.535748645	-0.1038809471	0	0.9999382722	0.01111088811	0	-0.01111088811	0.9999382722	0	0	0	1
1.21	1.544075698	-0.09783036846	0	0.9995952147	0.02845007433	0	-0.02845007433	0.9995952147	0	0	0	1
1.22	1.55320099	-0.09181470006	0	0.999085013	0.04276840965	0	-0.04276840965	0.999085013	0	0	0	1
1.23	1.562948923	-0.08573941646	0	0.9985135664	0.05450374106	0	-0.05450374106	0.9985135664	0	0	0	1
1.24	1.573086112	-0.07953105167	0	0.9979318749	0.06428042471	0	-0.06428042471	0.9979318749	0	0	0	1
1.25	1.583401028	-0.07314613	0	0.9973748258	0.07241171838	0	-0.07241171838	0.9973748258	0	0	0	1
1.26	1.59377211	-0.06657052848	0	0.9968699781	0.07905850216	0	-0.07905850216	0.9968699781	0	0	0	1
1.27	1.604174711	-0.05981833294	0	0.9964331708	0.08438563948	0	-0.08438563948	0.9964331708	0	0	0	1
1.28	1.614647948	-0.0529282096	0	0.9960669439	0.08860385598	0	-0.08860385598	0.9960669439	0	0	0	1
1.29	1.625253684	-0.04595577437	0	0.9957624817	0.09196238331	0	-0.09196238331	0.9957624817	0	0	0	1
1.3	1.636043054	-0.03896635368	0	0.9955025724	0.09473451531	0	-0.09473451531	0.9955025724	0	0	0	1
1.31	1.647032224	-0.03203187418	0	0.995264522	0.0972035554	0	-0.0972035554	0.995264522	0	0	0	1
1.32	1.658190959	-0.02523270387	0	0.9950217486	0.09965801394	0	-0.09965801394	0.9950217486	0	0	0	1
1.33	1.669446385	-0.0186608502	0	0.9947440888	0.1023923716	0	-0.1023923716	0.9947440888	0	0	0	1
1.34	1.68069963	-0.01241919307	0	0.9943987003	0.1056940153	0	-0.1056940153	0.9943987003	0	0	0	1
1.35	1.691848626	-0.006615239413	0	0.9939529504	0.1098067962	0	-0.1098067962	0.9939529504	0	0	0	1
1.36	1.702809942	-0.00135062981	0	0.9933793417	0.1148803007	0	-0.1148803007	0.9933793417	0	0	0	1
1.37	1.713534639	0.003290517319	0	0.9926612977	0.1209278632	0	-0.1209278632	0.9926612977	0	0	0	1
1.38	1.724016306	0.007252027866	0	0.9917985216	0.1278111599	0	-0.1278111599	0.9917985216	0	0	0	1
1.39	1.734289992	0.01051185872	0	0.9908106682	0.1352561264	0	-0.1352561264	0.9908106682	0	0	0	1
1.4	1.744422653	0.01308264538	0	0.9897384574	0.142890818	0	-0.142890818	0.9897384574	0	0	0	1
1.41	1.754497054	0.01500597148	0	0.9886414554	0.1502932889	0	-0.1502932889	0.9886414554	0	0	0	1
1.42	1.764594835	0.01634226616	0	0.9875927902	0.1570365583	0	-0.1570365583	0.9875927902	0	0	0	1
1.43	1.774782039	0.01715787883	0	0.9866696733	0.1627358465	0	-0.1627358465	0.9866696733	0	0	0	1
1.44	1.785099118	0.01751082977	0	0.9859415236	0.1670907301	0	-0.1670907301	0.9859415236	0	0	0	1
1.45	1.795556883	0.01743819715	0	0.9854595508	0.1699101933	0	-0.1699101933	0.9854595508	0	0	0	1
1.46	1.80613739	0.01694672188	0	0.9852503623	0.1711190332	0	-0.1711190332	0.9852503623	0	0	0	1
1.47	1.81679855	0.01600834002	0	0.9853152366	0.1707450864	0	-0.1707450864	0.9853152366	0	0	0	1
1.48	1.827480838	0.014561005	0	0.9856344593	0.1688926068	0	-0.1688926068	0.9856344593	0	0	0	1
1.49	1.838115225	0.01251473735	0	0.9861751193	0.1657064698	0	-0.1657064698	0.9861751193	0	0	0	1
1.5	1.848631548	0.009762090156	0	0.9868991927	0.161338103	0	-0.161338103	0.9868991927	0	0	0	1
1.51	1.859436944	0.006479083697	0	0.9861582854	0.1658066228	0	-0.1658066228	0.9861582854	0	0	0	1
1.52	1.869059863	0.002552327237	0	0.9856152486	0.1690046796	0	-0.1690046796	0.9856152486	0	0	0	1
1.53	1.877451749	-0.002046236412	0	0.9857812311	0.1680338193	0	-0.1680338193	0.9857812311	0	0	0	1
1.54	1.885353818	-0.007365108307	0	0.9863193421	0.1648458535	0	-0.1648458535	0.9863193421	0	0	0	1
1.55	1.893347308	-0.01348295473	0	0.9869907263	0.1607771941	0	-0.1607771941	0.9869907263	0	0	0	1
1.56	1.90177788	-0.02049258922	0	0.987722997	0.156215496	0	-0.156215496	0.987722997	0	0	0	1
1.57	1.910771746	-0.02850191037	0	0.9885346061	0.1509944787	0	-0.1509944787	0.9885346061	0	0	0	1
1.58	1.920285385	-0.03765825638	0	0.9893094481	0.1458314642	0	-0.1458314642	0.9893094481	0	0	0	1
1.59	1.930104473	-0.04801349512	0	0.9898902326	0.1418355645	0	-0.1418355645	0.9898902326	0	0	0	1
1.6	1.939883201	-0.05954102259	0	0.9902829939	0.1390668619	0	-0.1390668619	0.9902829939	0	0	0	1
1.61	1.949257461	-0.07213162074	0	0.990565345	0.1370412248	0	-0.1370412248	0.990565345	0	0	0	1
1.62	1.957750007	-0.084562781	0	0.9906538814	0.1363997333	0	-0.1363997333	0.9906538814	0	0	0	1
1.63	1.965856513	-0.09611310869	0	0.9903731021	0.1384236927	0	-0.1384236927	0.9903731021	0	0	0	1
1.64	1.973971566	-0.10673029	0	0.9904730527	0.1377066876	0	-0.1377066876	0.9904730527	0	0	0	1
1.65	1.981868926	-0.1153244315	0	0.9914264003	0.1306663414	0	-0.1306663414	0.9914264003	0	0	0	1
1.66	1.988967887	-0.1206552597	0	0.9931090612	0.1171938249	0	-0.1171938249	0.9931090612	0	0	0	1
1.67	1.995220491	-0.1225578197	0	0.9950543116	0.09933235596	0	-0.09933235596	0.9950543116	0	0	0	1
1.68	2.000885847	-0.1212758888	0	0.9969460506	0.07809335531	0	-0.07809335531	0.9969460506	0	0	0	1
1.69	2.006346347	-0.1174185999	0	0.9985379161	0.05405580549	0	-0.05405580549	0.9985379161	0	0	0	1
1.7	2.012047774	-0.1118664968	0	0.999596976	0.02838812367	0	-0.02838812367	0.999596976	0	0	0	1
1.71	2.018477044	-0.1055963784	0	0.999996235	0.002744070221	0	-0.002744070221	0.999996235	0	0	0	1
1.72	2.026095036	-0.09942105585	0	0.9997670727	-0.021582409	0	0.021582409	0.9997670727	0	0	0	1
1.73	2.035219135	-0.09365175336	0	0.9990229907	-0.04419348409	0	0.04419348409	0.9990229907	0	0	0	1
1.74	2.045925515	-0.08835412815	0	0.9978454005	-0.06560911995	0	0.06560911995	0.9978454005	0	0	0	1
1.75	2.057959228	-0.08345569088	0	0.9962404453	-0.08663125988	0	0.08663125988	0.9962404453	0	0	0	1
1.76	2.070828722	-0.0787922977	0	0.9941782198	-0.1077481656	0	0.1077481656	0.9941782198	0	0	0	1
1.77	2.083964152	-0.07419054554	0	0.9916194396	-0.1291932159	0	0.1291932159	0.9916194396	0	0	0	1
1.78	2.096846918	-0.06953569039	0	0.9885085872	-0.1511647217	0	0.1511647217	0.9885085872	0	0	0	1
1.79	2.10910333	-0.064799091	0	0.9847854557	-0.1737745844	0	0.1737745844	0.9847854557	0	0	0	1
1.8	2.12055224	-0.06002517235	0	0.9804386069	-0.1968251462	0	0.1968251462	0.9804386069	0	0	0	1
1.81	2.131199206	-0.05529637716	0	0.9755723462	-0.219678395	0	0.219678395	0.9755723462	0	0	0	1
1.82	2.141186149	-0.05069633581	0	0.9704443947	-0.2413248368	0	0.2413248368	0.9704443947	0	0	0	1
1.83	2.150719244	-0.04628353863	0	0.9654498088	-0.2605890765	0	0.2605890765	0.9654498088	0	0	0	1
1.84	2.160000774	-0.04207946845	0	0.9610571143	-0.2763498201	0	0.2763498201	0.9610571143	0	0	0	1
1.85	2.169182164	-0.0380693816	0	0.957723372	-0.2876907068	0	0.2876907068	0.957723372	0	0	0	1
1.86	2.178343381	-0.0342119349	0	0.9558155219	-0.2939671546	0	0.2939671546	0.9558155219	0	0	0	1
1.87	2.187497221	-0.03045402904	0	0.9555571532	-0.294805914	0	0.294805914	0.9555571532	0	0	0	1
1.88	2.196611209	-0.02674729049	0	0.957007454	-0.2900633258	0	0.2900633258	0.957007454	0	0	0	1
1.89	2.205635765	-0.0230633606	0	0.9600661822	-0.2797729896	0	0.2797729896	0.9600661822	0	0	0	1
1.9	2.21452756	-0.01940684816	0	0.9644873648	-0.2641289896	0	0.2641289896	0.9644873648	0	0	0	1
1.91	2.223260226	-0.01582550607	0	0.9698797704	-0.2435841354	0	0.2435841354	0.9698797704	0	0	0	1
1.92	2.231821623	-0.01241510935	0	0.9756838734	-0.219182525	0	0.219182525	0.9756838734	0	0	0	1
1.93	2.240207734	-0.009307365067	0	0.9811912266	-0.1930382782	0	0.1930382782	0.9811912266	0	0	0	1
1.94	2.248449633	-0.006627238263	0	0.9857382831	-0.1682855822	0	0.1682855822	0.9857382831	0	0	0	1
1.95	2.256701411	-0.004444072251	0	0.9890696864	-0.1474488228	0	0.1474488228	0.9890696864	0	0	0	1
1.96	2.265288012	-0.002774585952	0	0.9914315915	-0.1306269477	0	0.1306269477	0.9914315915	0	0	0	1
1.97	2.274566174	-0.001614433135	0	0.9931889474	-0.1165148695	0	0.1165148695	0.9931889474	0	0	0	1
1.98	2.284758998	-0.0009392020459	0	0.9945272593	-0.1044774163	0	0.1044774163	0.9945272593	0	0	0	1
1.99	2.295957762	-0.00071070794	0	0.9955386062	-0.09435509344	0	0.09435509344	0.9955386062	0	0	0	1
2	2.308153997	-0.000903923558	0	0.9963126012	-0.08579743982	0	0.08579743982	0.9963126012	0	0	0	1
2.01	2.321218749	-0.001521906063	0	0.9969027289	-0.07864444781	0	0.07864444781	0.9969027289	0	0	0	1
2.02	2.334922374	-0.002604050098	0	0.9973235729	-0.0731142327	0	0.0731142327	0.9973235729	0	0	0	1
2.03	2.348990389	-0.004232030215	0	0.9975790237	-0.06954201256	0	0.06954201256	0.9975790237	0	0	0	1
2.04	2.36314752	-0.006522842317	0	0.9976719763	-0.06819551072	0	0.06819551072	0.9976719763	0	0	0	1
2.05	2.377148006	-0.009609851806	0	0.9976024433	-0.06920523857	0	0.06920523857	0.9976024433	0	0	0	1
2.06	2.390799318	-0.01361446136	0	0.9973670865	-0.0725182378	0	0.0725182378	0.9973670865	0	0	0	1
2.07	2.403968847	-0.01859043601	0	0.9969639356	-0.07786469801	0	0.07786469801	0.9969639356	0	0	0	1
2.08	2.416637576	-0.02454453094	0	0.9964127949	-0.08462589476	0	0.08462589476	0.9964127949	0	0	0	1
2.09	2.428927745	-0.03148883023	0	0.9957361721	-0.09224681858	0	0.09224681858	0.9957361721	0	0	0	1
2.1	2.441003145	-0.03943936598	0	0.9949494466	-0.1003772822	0	0.1003772822	0.9949494466	0	0	0	1
2.11	2.452996082	-0.04840778012	0	0.9940844224	-0.1086101339	0	0.1086101339	0.9940844224	0	0	0	1
2.12	2.464970838	-0.05839684192	0	0.9931915062	-0.1164930556	0	0.1164930556	0.9931915062	0	0	0	1
2.13	2.476903638	-0.06934172123	0	0.992250524	-0.1242533608	0	0.1242533608	0.992250524	0	0	0	1
2.14	2.488727882	-0.08031111092	0	0.9912227212	-0.1322025603	0	0.1322025603	0.9912227212	0	0	0	1
2.15	2.500348895	-0.09065297172	0	0.9907743666	-0.1355217857	0	0.1355217857	0.9907743666	0	0	0	1
2.16	2.511582854	-0.1002028114	0	0.9908403715	-0.1350383582	0	0.1350383582	0.9908403715	0	0	0	1
2.17	2.52237442	-0.1087411401	0	0.9911844446	-0.1324892329	0	0.1324892329	0.9911844446	0	0	0	1
2.18	2.532770209	-0.1159438321	0	0.991828264	-0.1275801506	0	0.1275801506	0.991828264	0	0	0	1
2.19	2.542562117	-0.1207716112	0	0.9933053082	-0.1155186767	0	0.1155186767	0.9933053082	0	0	0	1
2.2	2.551597474	-0.1229179567	0	0.9949684166	-0.1001890708	0	0.1001890708	0.9949684166	0	0	0	1
2.21	2.560085909	-0.1226258954	0	0.9964297296	-0.08442626384	0	0.08442626384	0.9964297296	0	0	0	1
2.22	2.568355529	-0.120352595	0	0.9976582665	-0.06839578378	0	0.06839578378	0.9976582665	0	0	0	1
2.23	2.576694317	-0.1166549657	0	0.9986607717	-0.05173647786	0	0.05173647786	0.9986607717	0	0	0	1
2.24	2.585280797	-0.1120872682	0	0.9993990948	-0.03466192998	0	0.03466192998	0.9993990948	0	0	0	1
2.25	2.594162533	-0.1071324273	0	0.9998418426	-0.01778453537	0	0.01778453537	0.9998418426	0	0	0	1
2.26	2.603263884	-0.1021581934	0	0.9999984257	-0.00177443956	0	0.00177443956	0.9999984257	0	0	0	1
2.27	2.612438067	-0.09728089304	0	0.9999240808	0.01232204211	0	-0.01232204211	0.9999240808	0	0	0	1
2.28	2.621581566	-0.09246368262	0	0.9996923712	0.02480248076	0	-0.02480248076	0.9996923712	0	0	0	1
2.29	2.630595505	-0.08768783008	0	0.9993223008	0.03680949791	0	-0.03680949791	0.9993223008	0	0	0	1
2.3	2.639387228	-0.0829527047	0	0.9988085254	0.04880091852	0	-0.04880091852	0.9988085254	0	0	0	1
2.31	2.64792714	-0.07826647842	0	0.9981623572	0.06059627552	0	-0.06059627552	0.9981623572	0	0	0	1
2.32	2.656261754	-0.07364390716	0	0.9974110815	0.07191060007	0	-0.07191060007	0.9974110815	0	0	0	1
2.33	2.664482741	-0.06910645906	0	0.9965840852	0.08258426704	0	-0.08258426704	0.9965840852	0	0	0	1
2.34	2.672691112	-0.0646782158	0	0.995707715	0.09255347764	0	-0.09255347764	0.995707715	0	0	0	1
2.35	2.680974724	-0.06037733467	0	0.9948054031	0.1017949406	0	-0.1017949406	0.9948054031	0	0	0	1
2.36	2.68939594	-0.05620784379	0	0.9938973166	0.1103092205	0	-0.1103092205	0.9938973166	0	0	0	1
2.37	2.697982491	-0.05215621603	0	0.9930002696	0.1181120851	0	-0.1181120851	0.9930002696	0	0	0	1
2.38	2.706725535	-0.04819521122	0	0.9921278036	0.125229475	0	-0.125229475	0.9921278036	0	0	0	1
2.39	2.715588406	-0.04429269435	0	0.9912880223	0.1317120221	0	-0.1317120221	0.9912880223	0	0	0	1
2.4	2.724523942	-0.04042130411	0	0.9904794396	0.1376607411	0	-0.1376607411	0.9904794396	0	0	0	1
2.41	2.733492662	-0.03656512846	0	0.9896881314	0.1432389705	0	-0.1432389705	0.9896881314	0	0	0	1
2.42	2.742474512	-0.03272284209	0	0.9888886212	0.148658316	0	-0.148658316	0.9888886212	0	0	0	1
2.43	2.751470911	-0.02890850027	0	0.9880474169	0.154150258	0	-0.154150258	0.9880474169	0	0	0	1
2.44	2.760499147	-0.02515143945	0	0.9871267815	0.1599397299	0	-0.1599397299	0.9871267815	0	0	0	1
2.45	2.769583824	-0.02149558107	0	0.9860875137	0.1662269991	0	-0.1662269991	0.9860875137	0	0	0	1
2.46	2.778749498	-0.01799704765	0	0.9848922342	0.1731683776	0	-0.1731683776	0.9848922342	0	0	0	1
2.47	2.788017162	-0.0147194501	0	0.9835107355	0.1808497531	0	-0.1808497531	0.9835107355	0	0	0	1
2.48	2.797405381	-0.01172728036	0	0.9819278095	0.1892558504	0	-0.1892558504	0.9819278095	0	0	0	1
2.49	2.806935481	-0.009077894735	0	0.9801517191	0.1982488526	0	-0.1982488526	0.9801517191	0	0	0	1
2.5	2.816639295	-0.006813781524	0	0.9782196969	0.2075722153	0	-0.2075722153	0.9782196969	0	0	0	1
2.51	2.826564911	-0.004956214266	0	0.9761981481	0.2168805561	0	-0.2168805561	0.9761981481	0	0	0	1
2.52	2.836775813	-0.003504773369	0	0.9741784416	0.2257794587	0	-0.2257794587	0.9741784416	0	0	0	1
2.53	2.847340624	-0.002439486191	0	0.9722701143	0.2338606956	0	-0.2338606956	0.9722701143	0	0	0	1
2.54	2.858320643	-0.001727010609	0	0.9705900371	0.2407384057	0	-0.2407384057	0.9705900371	0	0	0	1
2.55	2.86975976	-0.001330023156	0	0.9692470061	0.2460899045	0	-0.2460899045	0.9692470061	0	0	0	1
2.56	2.881676324	-0.001219149323	0	0.9683275263	0.2496834031	0	-0.2496834031	0.9683275263	0	0	0	1
2.57	2.894056652	-0.001385366272	0	0.9678845434	0.2513951284	0	-0.2513951284	0.9678845434	0	0	0	1
2.58	2.906852851	-0.001850682738	0	0.9679283307	0.2512264846	0	-0.2512264846	0.9679283307	0	0	0	1
2.59	2.919984459	-0.002674615615	0	0.9684234358	0.2493111491	0	-0.2493111491	0.9684234358	0	0	0	1
2.6	2.933341933	-0.003954479118	0	0.9692945387	0.2459026173	0	-0.2459026173	0.9692945387	0	0	0	1
2.61	2.946793003	-0.00581788367	0	0.9704410747	0.2413381869	0	-0.2413381869	0.9704410747	0	0	0	1
2.62	2.960192397	-0.008406106639	0	0.9717556021	0.2359895121	0	-0.2359895121	0.9717556021	0	0	0	1
2.63	2.973389415	-0.01183517498	0	0.9731442211	0.230196275	0	-0.230196275	0.9731442211	0	0	0	1
2.64	2.986241614	-0.0161413548	0	0.9747894006	0.2231269247	0	-0.2231269247	0.9747894006	0	0	0	1
2.65	2.998725738	-0.02134549139	0	0.9768055103	0.2141284545	0	-0.2141284545	0.9768055103	0	0	0	1
2.66	3.010916553	-0.02747479273	0	0.979040422	0.2036660305	0	-0.2036660305	0.979040422	0	0	0	1
2.67	3.02290706	-0.03455826673	0	0.9813092258	0.1924375313	0	-0.1924375313	0.9813092258	0	0	0	1
2.68	3.034763322	-0.04262360251	0	0.9835025697	0.1808941551	0	-0.1808941551	0.9835025697	0	0	0	1
2.69	3.046505585	-0.05169213518	0	0.9855774864	0.1692247567	0	-0.1692247567	0.9855774864	0	0	0	1
2.7	3.058113419	-0.06177481308	0	0.9875211208	0.1574866217	0	-0.1574866217	0.9875211208	0	0	0	1
2.71	3.069484633	-0.07271462051	0	0.9893262565	0.1457173917	0	-0.1457173917	0.9893262565	0	0	0	1
2.72	3.080524219	-0.08336357728	0	0.9907569496	0.1356490575	0	-0.1356490575	0.9907569496	0	0	0	1
2.73	3.091483514	-0.09337023525	0	0.9919871204	0.1263390401	0	-0.1263390401	0.9919871204	0	0	0	1
2.74	3.102273688	-0.1026092368	0	0.9934182855	0.1145430489	0	-0.1145430489	0.9934182855	0	0	0	1
2.75	3.112834383	-0.1108429895	0	0.9950236815	0.09963871324	0	-0.09963871324	0.9950236815	0	0	0	1
2.76	3.123076129	-0.1174544219	0	0.9966413682	0.0818900678	0	-0.0818900678	0.9966413682	0	0	0	1
2.77	3.132604911	-0.1214061635	0	0.9981069074	0.06150285681	0	-0.06150285681	0.9981069074	0	0	0	1
2.78	3.141343342	-0.1226696177	0	0.999211482	0.03970408244	0	-0.03970408244	0.999211482	0	0	0	1
2.79	3.149527024	-0.1215731483	0	0.9998500956	0.01731433769	0	-0.01731433769	0.9998500956	0	0	0	1
2.8	3.157490747	-0.1186365961	0	0.9999853291	-0.005416795566	0	0.005416795566	0.9999853291	0	0	0	1
2.81	3.165535786	-0.1144533303	0	0.9996039719	-0.02814070558	0	0.02814070558	0.9996039719	0	0	0	1
2.82	3.173864991	-0.1095903895	0	0.9987422544	-0.05013890025	0	0.05013890025	0.9987422544	0	0	0	1
2.83	3.182551502	-0.1045230426	0	0.9975025944	-0.07062983939	0	0.07062983939	0.9975025944	0	0	0	1
2.84	3.191536929	-0.09957259321	0	0.9960185664	-0.08914603417	0	0.08914603417	0.9960185664	0	0	0	1
2.85	3.200697989	-0.09477948983	0	0.9944104213	-0.1055836824	0	0.1055836824	0.9944104213	0	0	0	1
2.86	3.209925156	-0.09010556104	0	0.9927205484	-0.1204404951	0	0.1204404951	0.9927205484	0	0	0	1
2.87	3.219080281	-0.08552881689	0	0.9908998503	-0.1346012138	0	0.1346012138	0.9908998503	0	0	0	1
2.88	3.228039726	-0.08103824264	0	0.9888935128	-0.1486257725	0	0.1486257725	0.9888935128	0	0	0	1
2.89	3.236752129	-0.07662977017	0	0.9867068854	-0.1625100686	0	0.1625100686	0.9867068854	0	0	0	1
2.9	3.245241485	-0.07230787024	0	0.9844017111	-0.1759354179	0	0.1759354179	0.9844017111	0	0	0	1
2.91	3.253577312	-0.06808617549	0	0.9820619128	-0.1885587429	0	0.1885587429	0.9820619128	0	0	0	1
2.92	3.261845773	-0.06398229402	0	0.9797716086	-0.2001189519	0	0.2001189519	0.9797716086	0	0	0	1
2.93	3.270129931	-0.06000839521	0	0.9776146817	-0.2104032653	0	0.2104032653	0.9776146817	0	0	0	1
2.94	3.278494586	-0.05616286406	0	0.9756808156	-0.2191961359	0	0.2191961359	0.9756808156	0	0	0	1
2.95	3.286972916	-0.05242719133	0	0.9740615467	-0.2262832366	0	0.2262832366	0.9740615467	0	0	0	1
2.96	3.295562239	-0.04876986339	0	0.9728349093	-0.2314999769	0	0.2314999769	0.9728349093	0	0	0	1
2.97	3.304232184	-0.04515460906	0	0.9720497953	-0.234774776	0	0.234774776	0.9720497953	0	0	0	1
2.98	3.312941835	-0.04154925622	0	0.9717218676	-0.2361283804	0	0.2361283804	0.9717218676	0	0	0	1
2.99	3.321657373	-0.03793193071	0	0.9718427996	-0.2356301611	0	0.2356301611	0.9718427996	0	0	0	1
3	3.330363567	-0.03429454188	0	0.9723934109	-0.2333474972	0	0.2333474972	0.9723934109	0	0	0	1
3.01	3.339066315	-0.03064441283	0	0.973349832	-0.2293253246	0	0.2293253246	0.973349832	0	0	0	1
3.02	3.34778782	-0.02700486711	0	0.9746791593	-0.2236079972	0	0.2236079972	0.9746791593	0	0	0	1
3.03	3.356558451	-0.02341477312	0	0.976330063	-0.2162859405	0	0.2162859405	0.976330063	0	0	0	1
3.04	3.36540907	-0.01992679761	0	0.9782259179	-0.2075428957	0	0.2075428957	0.9782259179	0	0	0	1
3.05	3.374365908	-0.01660362249	0	0.9802648095	-0.1976889053	0	0.1976889053	0.9802648095	0	0	0	1
3.06	3.383449762	-0.01351212351	0	0.9823273799	-0.1871708274	0	0.1871708274	0.9823273799	0	0	0	1
3.07	3.392680258	-0.01071593262	0	0.9842924232	-0.1765458176	0	0.1765458176	0.9842924232	0	0	0	1
3.08	3.402084225	-0.008267153454	0	0.9860593446	-0.1663940171	0	0.1663940171	0.9860593446	0	0	0	1
3.09	3.411703728	-0.006199284089	0	0.9875696996	-0.1571817052	0	0.1571817052	0.9875696996	0	0	0	1
3.1	3.421597588	-0.004524482797	0	0.9888111955	-0.1491724494	0	0.1491724494	0.9888111955	0	0	0	1
3.11	3.431832123	-0.00323392085	0	0.9898028222	-0.1424442812	0	0.1424442812	0.9898028222	0	0	0	1
3.12	3.442469152	-0.002303057234	0	0.9905747548	-0.1369731917	0	0.1369731917	0.9905747548	0	0	0	1
3.13	3.453556109	-0.001698232689	0	0.9911610205	-0.132664356	0	0.132664356	0.9911610205	0	0	0	1
3.14	3.465118559	-0.001387129563	0	0.9915962488	-0.1293710914	0	0.1293710914	0.9915962488	0	0	0	1
3.15	3.47715332	-0.001350291471	0	0.991909823	-0.1269444879	0	0.1269444879	0.991909823	0	0	0	1
3.16	3.489626069	-0.001592417208	0	0.9921228744	-0.1252685196	0	0.1252685196	0.9921228744	0	0	0	1
3.17	3.502471724	-0.002150147273	0	0.9922499559	-0.1242578976	0	0.1242578976	0.9922499559	0	0	0	1
3.18	3.515599036	-0.00309701581	0	0.992299814	-0.1238591104	0	0.1238591104	0.992299814	0	0	0	1
3.19	3.528894039	-0.004539740152	0	0.992278016	-0.1240336202	0	0.1240336202	0.992278016	0	0	0	1
3.2	3.542226538	-0.006608573753	0	0.9921887397	-0.1247457605	0	0.1247457605	0.9921887397	0	0	0	1
3.21	3.555460003	-0.009439907521	0	0.9920373441	-0.1259440666	0	0.1259440666	0.9920373441	0	0	0	1
3.22	3.568454989	-0.01312964853	0	0.9918319437	-0.1275515401	0	0.1275515401	0.9918319437	0	0	0	1
3.23	3.581098149	-0.01770323615	0	0.9916064691	-0.1292927316	0	0.1292927316	0.9916064691	0	0	0	1
3.24	3.593398165	-0.0231812025	0	0.9914053717	-0.1308257962	0	0.1308257962	0.9914053717	0	0	0	1
3.25	3.605437802	-0.02958928772	0	0.9912324993	-0.1321292259	0	0.1321292259	0.9912324993	0	0	0	1
3.26	3.617303579	-0.0369543338	0	0.991083522	-0.1332420823	0	0.1332420823	0.991083522	0	0	0	1
3.27	3.629048348	-0.04530088313	0	0.9909682617	-0.1340966228	0	0.1340966228	0.9909682617	0	0	0	1
3.28	3.64067961	-0.05464647321	0	0.9908996559	-0.1346026449	0	0.1346026449	0.9908996559	0	0	0	1
3.29	3.652168454	-0.06499819334	0	0.9908830776	-0.1347246322	0	0.1347246322	0.9908830776	0	0	0	1
3.3	3.663346376	-0.07592764977	0	0.9906224228	-0.1366280184	0	0.1366280184	0.9906224228	0	0	0	1
3.31	3.674284157	-0.08632735836	0	0.989933804	-0.1415311407	0	0.1415311407	0.989933804	0	0	0	1
3.32	3.685115365	-0.0960510777	0	0.9895557032	-0.1441509981	0	0.1441509981	0.9895557032	0	0	0	1
3.33	3.695745497	-0.1049372079	0	0.9896859405	-0.1432541069	0	0.1432541069	0.9896859405	0	0	0	1
3.34	3.706148916	-0.112739272	0	0.9902134727	-0.1395610208	0	0.1395610208	0.9902134727	0	0	0	1
3.35	3.716216756	-0.1187208771	0	0.9914843489	-0.1302259031	0	0.1302259031	0.9914843489	0	0	0	1
3.36	3.725586004	-0.1220330452	0	0.9933148315	-0.1154367602	0	0.1154367602	0.9933148315	0	0	0	1
3.37	3.734255739	-0.1227573984	0	0.9950162142	-0.09971325618	0	0.09971325618	0.9950162142	0	0	0	1
3.38	3.742483429	-0.121272199	0	0.9964529892	-0.08415129408	0	0.08415129408	0.9964529892	0	0	0	1
3.39	3.750587405	-0.1181163171	0	0.9976670656	-0.06826731405	0	0.06826731405	0.9976670656	0	0	0	1
3.4	3.758828796	-0.1138706827	0	0.9986537506	-0.05187182632	0	0.05187182632	0.9986537506	0	0	0	1
3.41	3.767359076	-0.1090676821	0	0.9993730758	-0.03540417225	0	0.03540417225	0.9993730758	0	0	0	1
3.42	3.776199339	-0.1041388147	0	0.999810495	-0.0194672558	0	0.0194672558	0.999810495	0	0	0	1
3.43	3.785250031	-0.0993588988	0	0.9999887439	-0.004744683969	0	0.004744683969	0.9999887439	0	0	0	1
3.44	3.79437162	-0.09474260833	0	0.9999673109	0.008085618565	0	-0.008085618565	0.9999673109	0	0	0	1
3.45	3.803455443	-0.09024946722	0	0.9998026283	0.01986717242	0	-0.01986717242	0.9998026283	0	0	0	1
3.46	3.812382022	-0.08585845894	0	0.9995033796	0.03151180919	0	-0.03151180919	0.9995033796	0	0	0	1
3.47	3.821061229	-0.08156101134	0	0.9990667581	0.04319273982	0	-0.04319273982	0.9990667581	0	0	0	1
3.48	3.829477575	-0.07735553437	0	0.9985036023	0.05468597747	0	-0.05468597747	0.9985036023	0	0	0	1
3.49	3.837683619	-0.07324748924	0	0.997834235	0.06577871576	0	-0.06577871576	0.997834235	0	0	0	1
3.5	3.845766387	-0.06924870842	0	0.9970802615	0.07636067139	0	-0.07636067139	0.9970802615	0	0	0	1
3.51	3.853817964	-0.0653717539	0	0.9962627666	0.08637418486	0	-0.08637418486	0.9962627666	0	0	0	1
3.52	3.861917206	-0.06162128236	0	0.9954021924	0.09578348169	0	-0.09578348169	0.9954021924	0	0	0	1
3.53	3.870117277	-0.05798730147	0	0.9945175981	0.1045693414	0	-0.1045693414	0.9945175981	0	0	0	1
3.54	3.878437314	-0.05444390646	0	0.9936265598	0.112722046	0	-0.112722046	0.9936265598	0	0	0	1
3.55	3.886863087	-0.05095427905	0	0.9927448422	0.1202400859	0	-0.1202400859	0.9927448422	0	0	0	1
3.56	3.895358447	-0.047479078	0	0.9918839871	0.1271461996	0	-0.1271461996	0.9918839871	0	0	0	1
3.57	3.903883343	-0.04398490289	0	0.991047717	0.1335081371	0	-0.1335081371	0.991047717	0	0	0	1
3.58	3.912410064	-0.04044972345	0	0.9902297829	0.1394452473	0	-0.1394452473	0.9902297829	0	0	0	1
3.59	3.920932377	-0.03686568839	0	0.9894147423	0.14511536	0	-0.14511536	0.9894147423	0	0	0	1
3.6	3.929465525	-0.03323997971	0	0.9885801343	0.1506961114	0	-0.1506961114	0.9885801343	0	0	0	1
3.61	3.938039416	-0.02959485754	0	0.9876986084	0.1563696228	0	-0.1563696228	0.9876986084	0	0	0	1
3.62	3.946689062	-0.02596671743	0	0.9867391168	0.1623142491	0	-0.1623142491	0.9867391168	0	0	0	1
3.63	3.955446609	-0.02240497322	0	0.985667973	0.1686969089	0	-0.1686969089	0.985667973	0	0	0	1
3.64	3.964335603	-0.01896890494	0	0.9844525129	0.1756509317	0	-0.1756509317	0.9844525129	0	0	0	1
3.65	3.973370092	-0.01572364822	0	0.9830667645	0.1832477462	0	-0.1832477462	0.9830667645	0	0	0	1
3.66	3.982558552	-0.01273465947	0	0.9814988085	0.1914682452	0	-0.1914682452	0.9814988085	0	0	0	1
3.67	3.991912246	-0.0100605908	0	0.9797575166	0.2001879336	0	-0.2001879336	0.9797575166	0	0	0	1
3.68	4.00145508	-0.007746132058	0	0.9778762266	0.2091843338	0	-0.2091843338	0.9778762266	0	0	0	1
3.69	4.011229124	-0.0058170528	0	0.9759128642	0.2181606782	0	-0.2181606782	0.9759128642	0	0	0	1
3.7	4.021290972	-0.00427882973	0	0.9739477085	0.2267727081	0	-0.2267727081	0.9739477085	0	0	0	1
3.71	4.031701419	-0.003118380511	0	0.9720785548	0.2346556695	0	-0.2346556695	0.9720785548	0	0	0	1
3.72	4.042514559	-0.002308890615	0	0.9704099071	0.2414634801	0	-0.2414634801	0.9704099071	0	0	0	1
3.73	4.053769445	-0.001817690116	0	0.9690411338	0.2468993339	0	-0.2468993339	0.9690411338	0	0	0	1
3.74	4.065482082	-0.001616637528	0	0.968055349	0.2507365974	0	-0.2507365974	0.968055349	0	0	0	1
3.75	4.077640041	-0.001693386205	0	0.9675088276	0.2528372371	0	-0.2528372371	0.9675088276	0	0	0	1
3.76	4.090201529	-0.002061800528	0	0.9674211102	0.2531726594	0	-0.2531726594	0.9674211102	0	0	0	1
3.77	4.103096823	-0.002769253585	0	0.9677705907	0.2518334446	0	-0.2518334446	0.9677705907	0	0	0	1
3.78	4.116230787	-0.003898534253	0	0.9684979372	0.2490215767	0	-0.2490215767	0.9684979372	0	0	0	1
3.79	4.129487105	-0.005563098414	0	0.969516881	0.2450245243	0	-0.2450245243	0.969516881	0	0	0	1
3.8	4.142735429	-0.007895300126	0	0.9707307396	0.2401704213	0	-0.2401704213	0.9707307396	0	0	0	1
3.81	4.155841362	-0.01102388141	0	0.9720397678	0.2348162895	0	-0.2348162895	0.9720397678	0	0	0	1
3.82	4.168664696	-0.01501373339	0	0.973486439	0.2287447335	0	-0.2287447335	0.973486439	0	0	0	1
3.83	4.181130783	-0.01988410733	0	0.9752827811	0.2209603968	0	-0.2209603968	0.9752827811	0	0	0	1
3.84	4.19328254	-0.02565962701	0	0.9773756674	0.2115107675	0	-0.2115107675	0.9773756674	0	0	0	1
3.85	4.20520676	-0.03236859704	0	0.9795846508	0.2010321164	0	-0.2010321164	0.9795846508	0	0	0	1
3.86	4.216977955	-0.04003947441	0	0.9817732167	0.1900561783	0	-0.1900561783	0.9817732167	0	0	0	1
3.87	4.228631053	-0.04869671822	0	0.9838770713	0.1788460471	0	-0.1788460471	0.9838770713	0	0	0	1
3.88	4.240158402	-0.05835618947	0	0.98587324	0.1674931483	0	-0.1674931483	0.98587324	0	0	0	1
3.89	4.251511608	-0.06899626785	0	0.987754881	0.1560137658	0	-0.1560137658	0.987754881	0	0	0	1
3.9	4.262475363	-0.07972854721	0	0.9893730571	0.1453992913	0	-0.1453992913	0.9893730571	0	0	0	1
3.91	4.273320451	-0.08983789584	0	0.9906132933	0.1366941954	0	-0.1366941954	0.9906132933	0	0	0	1
3.92	4.284048744	-0.09924303659	0	0.9919683222	0.1264865516	0	-0.1264865516	0.9919683222	0	0	0	1
3.93	4.294587914	-0.1077452044	0	0.9935708285	0.1132122285	0	-0.1132122285	0.9935708285	0	0	0	1
3.94	4.304919333	-0.1150378099	0	0.9952741121	0.09710531259	0	-0.09710531259	0.9952741121	0	0	0	1
3.95	4.314790542	-0.1201046775	0	0.996936579	0.07821417673	0	-0.07821417673	0.996936579	0	0	0	1
3.96	4.323912632	-0.1224868403	0	0.9983577012	0.05728787356	0	-0.05728787356	0.9983577012	0	0	0	1
3.97	4.332393342	-0.1223891686	0	0.9993698531	0.0354950238	0	-0.0354950238	0.9993698531	0	0	0	1
3.98	4.340524384	-0.1202540708	0	0.9999117156	0.01328762528	0	-0.01328762528	0.9999117156	0	0	0	1
3.99	4.34861195	-0.1166443225	0	0.9999582507	-0.009137663666	0	0.009137663666	0.9999582507	0	0	0	1
4	4.356887766	-0.1121327158	0	0.9995107162	-0.03127823874	0	0.03127823874	0.9995107162	0	0	0	1
4.01	4.365469174	-0.1072243081	0	0.9986273917	-0.05237683147	0	0.05237683147	0.9986273917	0	0	0	1
4.02	4.37434628	-0.1023128154	0	0.9974173732	-0.07182328029	0	0.07182328029	0.9974173732	0	0	0	1
4.03	4.383403811	-0.09757711606	0	0.9960002221	-0.08935075572	0	0.08935075572	0.9960002221	0	0	0	1
4.04	4.392528205	-0.09298817995	0	0.9944636224	-0.1050814143	0	0.1050814143	0.9944636224	0	0	0	1
4.05	4.401609319	-0.08851432534	0	0.9928073851	-0.11972258	0	0.11972258	0.9928073851	0	0	0	1
4.06	4.410525322	-0.08413945439	0	0.9909787185	-0.1340193251	0	0.1340193251	0.9909787185	0	0	0	1
4.07	4.419200815	-0.07985565034	0	0.9889550336	-0.1482158613	0	0.1482158613	0.9889550336	0	0	0	1
4.08	4.427636167	-0.07566126115	0	0.9867748904	-0.1620966246	0	0.1620966246	0.9867748904	0	0	0	1
4.09	4.435888635	-0.07156240498	0	0.9845150992	-0.1752997987	0	0.1752997987	0.9845150992	0	0	0	1
4.1	4.444040464	-0.06757117213	0	0.9822599065	-0.1875246012	0	0.1875246012	0.9822599065	0	0	0	1
4.11	4.452175649	-0.0636985998	0	0.9800897081	-0.1985551914	0	0.1985551914	0.9800897081	0	0	0	1
4.12	4.460364996	-0.05994605111	0	0.9780851986	-0.2082050533	0	0.2082050533	0.9780851986	0	0	0	1
4.13	4.468653627	-0.0562996665	0	0.9763299559	-0.2162864238	0	0.2162864238	0.9763299559	0	0	0	1
4.14	4.477053447	-0.0527309442	0	0.9749023663	-0.2226328283	0	0.2226328283	0.9749023663	0	0	0	1
4.15	4.485545977	-0.04920293787	0	0.9738613513	-0.2271432774	0	0.2271432774	0.9738613513	0	0	0	1
4.16	4.494095512	-0.04567887398	0	0.9732370771	-0.2298033763	0	0.2298033763	0.9732370771	0	0	0	1
4.17	4.502666808	-0.04212975741	0	0.9730336472	-0.2306632209	0	0.2306632209	0.9730336472	0	0	0	1
4.18	4.511239121	-0.03853888853	0	0.9732401261	-0.2297904633	0	0.2297904633	0.9732401261	0	0	0	1
4.19	4.51981256	-0.03490419091	0	0.9738402873	-0.2272335689	0	0.2272335689	0.9738402873	0	0	0	1
4.2	4.528406002	-0.03123907842	0	0.9748136424	-0.2230209914	0	0.2230209914	0.9748136424	0	0	0	1
4.21	4.537049502	-0.02757239083	0	0.9761283979	-0.2171942699	0	0.2171942699	0.9761283979	0	0	0	1
4.22	4.545775686	-0.02394754221	0	0.9777328521	-0.2098534487	0	0.2098534487	0.9777328521	0	0	0	1
4.23	4.554612764	-0.02042061422	0	0.9795506705	-0.2011976241	0	0.2011976241	0.9795506705	0	0	0	1
4.24	4.563580801	-0.01705653368	0	0.9814825879	-0.1915513759	0	0.1915513759	0.9814825879	0	0	0	1
4.25	4.572692895	-0.01392357563	0	0.9834150191	-0.181369513	0	0.181369513	0.9834150191	0	0	0	1
4.26	4.581961345	-0.01108639917	0	0.985235657	-0.1712036805	0	0.1712036805	0.985235657	0	0	0	1
4.27	4.591407236	-0.008598072094	0	0.9868551889	-0.1616070423	0	0.1616070423	0.9868551889	0	0	0	1
4.28	4.601068492	-0.006493435636	0	0.9882257163	-0.1530030513	0	0.1530030513	0.9882257163	0	0	0	1
4.29	4.611000199	-0.004786281844	0	0.9893414758	-0.1456140251	0	0.1456140251	0.9893414758	0	0	0	1
4.3	4.621265231	-0.003470161967	0	0.9902227511	-0.1394951727	0	0.1394951727	0.9902227511	0	0	0	1
4.31	4.631922577	-0.00252220281	0	0.9908991395	-0.1346064464	0	0.1346064464	0.9908991395	0	0	0	1
4.32	4.643018225	-0.00190998299	0	0.9914037676	-0.130837952	0	0.130837952	0.9914037676	0	0	0	1
4.33	4.654577248	-0.00160150651	0	0.9917698497	-0.1280334535	0	0.1280334535	0.9917698497	0	0	0	1
4.34	4.666596944	-0.001576430412	0	0.9920250597	-0.126040791	0	0.126040791	0.9920250597	0	0	0	1
4.35	4.679044359	-0.001837213792	0	0.9921894548	-0.1247400729	0	0.1247400729	0.9921894548	0	0	0	1
4.36	4.691857904	-0.002417820747	0	0.9922769871	-0.1240418511	0	0.1240418511	0.9922769871	0	0	0	1
4.37	4.704949512	-0.003388022623	0	0.9922969106	-0.1238823681	0	0.1238823681	0.9922969106	0	0	0	1
4.38	4.718208445	-0.004850942265	0	0.9922549612	-0.1242179213	0	0.1242179213	0.9922549612	0	0	0	1
4.39	4.731507265	-0.006933825061	0	0.9921554212	-0.1250104803	0	0.1250104803	0.9921554212	0	0	0	1
4.4	4.744711389	-0.009771095604	0	0.9920037193	-0.1262086402	0	0.1262086402	0.9920037193	0	0	0	1
4.41	4.757682057	-0.01345750022	0	0.9918077436	-0.1277395779	0	0.1277395779	0.9918077436	0	0	0	1
4.42	4.770305426	-0.01801849979	0	0.991600766	-0.1293364639	0	0.1293364639	0.991600766	0	0	0	1
4.43	4.782588304	-0.02347561284	0	0.9914263854	-0.1306664543	0	0.1306664543	0.9914263854	0	0	0	1
4.44	4.794610721	-0.02985594987	0	0.9912876717	-0.1317146607	0	0.1317146607	0.9912876717	0	0	0	1
4.45	4.806456726	-0.03718788573	0	0.9911790436	-0.1325296325	0	0.1325296325	0.9911790436	0	0	0	1
4.46	4.818177591	-0.04549753791	0	0.991108366	-0.1330571562	0	0.1330571562	0.991108366	0	0	0	1
4.47	4.829780321	-0.05480399989	0	0.9910862549	-0.1332217528	0	0.1332217528	0.9910862549	0	0	0	1
4.48	4.841236256	-0.0651156479	0	0.9911157413	-0.1330022078	0	0.1330022078	0.9911157413	0	0	0	1
4.49	4.852369297	-0.07598669009	0	0.9908925384	-0.1346550309	0	0.1346550309	0.9908925384	0	0	0	1
4.5	4.863263679	-0.08632458861	0	0.9902107782	-0.1395801373	0	0.1395801373	0.9902107782	0	0	0	1
4.51	4.874068387	-0.09599727713	0	0.989815566	-0.1423556996	0	0.1423556996	0.989815566	0	0	0	1
4.52	4.884693815	-0.1048458448	0	0.9899212712	-0.1416187727	0	0.1416187727	0.9899212712	0	0	0	1
4.53	4.895111863	-0.1126253101	0	0.990425099	-0.1380511618	0	0.1380511618	0.990425099	0	0	0	1
4.54	4.905210711	-0.1186124387	0	0.9916603494	-0.1288788243	0	0.1288788243	0.9916603494	0	0	0	1
4.55	4.914615612	-0.121945079	0	0.9934624143	-0.1141596745	0	0.1141596745	0.9934624143	0	0	0	1
4.56	4.923312037	-0.1226941139	0	0.9951422135	-0.09844782843	0	0.09844782843	0.9951422135	0	0	0	1
4.57	4.931549529	-0.1212304013	0	0.9965614752	-0.08285666007	0	0.08285666007	0.9965614752	0	0	0	1
4.58	4.93964293	-0.1180876295	0	0.9977594823	-0.06690303063	0	0.06690303063	0.9977594823	0	0	0	1
4.59	4.94785508	-0.1138450186	0	0.9987288573	-0.05040505474	0	0.05040505474	0.9987288573	0	0	0	1
4.6	4.956344318	-0.1090366512	0	0.9994278667	-0.03382217094	0	0.03382217094	0.9994278667	0	0	0	1
4.61	4.965142319	-0.1040978344	0	0.9998418578	-0.01778368072	0	0.01778368072	0.9998418578	0	0	0	1
4.62	4.974161154	-0.09930549377	0	0.9999954799	-0.003006691377	0	0.003006691377	0.9999954799	0	0	0	1
4.63	4.983272091	-0.0946747321	0	0.9999516066	0.009837910452	0	-0.009837910452	0.9999516066	0	0	0	1
4.64	4.992371223	-0.09016686858	0	0.9997663466	0.02161601666	0	-0.02161601666	0.9997663466	0	0	0	1
4.65	5.001337504	-0.08576107954	0	0.9994474933	0.03323714926	0	-0.03323714926	0.9994474933	0	0	0	1
4.66	5.010075361	-0.08144760391	0	0.9989928154	0.04487042258	0	-0.04487042258	0.9989928154	0	0	0	1
4.67	5.018561486	-0.07722305411	0	0.9984140323	0.05629760365	0	-0.05629760365	0.9984140323	0	0	0	1
4.68	5.026839819	-0.07309124895	0	0.9977317075	0.06731597013	0	-0.06731597013	0.9977317075	0	0	0	1
4.69	5.03498984	-0.06906305201	0	0.996967213	0.07782272337	0	-0.07782272337	0.996967213	0	0	0	1
4.7	5.043098841	-0.06515098005	0	0.9961413191	0.08776372997	0	-0.08776372997	0.9961413191	0	0	0	1
4.71	5.051244259	-0.06136057938	0	0.9952741733	0.09710468562	0	-0.09710468562	0.9952741733	0	0	0	1
4.72	5.059481223	-0.05768339196	0	0.9943845911	0.105826674	0	-0.105826674	0.9943845911	0	0	0	1
4.73	5.067832539	-0.05409534466	0	0.9934900009	0.1139193494	0	-0.1139193494	0.9934900009	0	0	0	1
4.74	5.076288262	-0.05056136308	0	0.9926061346	0.1213798233	0	-0.1213798233	0.9926061346	0	0	0	1
4.75	5.084815732	-0.04704344627	0	0.9917444895	0.128229745	0	-0.128229745	0.9917444895	0	0	0	1
4.76	5.093376874	-0.0435091752	0	0.9909085158	0.134537405	0	-0.134537405	0.9909085158	0	0	0	1
4.77	5.101944297	-0.03993723168	0	0.9900913419	0.1404248365	0	-0.1404248365	0.9900913419	0	0	0	1
4.78	5.110510573	-0.0363203027	0	0.9892762915	0.1460562192	0	-0.1460562192	0.9892762915	0	0	0	1
4.79	5.119088857	-0.0326663009	0	0.9884392895	0.1516171857	0	-0.1516171857	0.9884392895	0	0	0	1
4.8	5.1277066	-0.02899849219	0	0.9875510659	0.1572987356	0	-0.1572987356	0.9875510659	0	0	0	1
4.81	5.136396829	-0.02535501833	0	0.986578434	0.1632880692	0	-0.1632880692	0.986578434	0	0	0	1
4.82	5.145190082	-0.02178719964	0	0.9854862311	0.1697553776	0	-0.1697553776	0.9854862311	0	0	0	1
4.83	5.154109435	-0.01835658928	0	0.9842411988	0.1768311699	0	-0.1768311699	0.9842411988	0	0	0	1
4.84	5.163169733	-0.01513026589	0	0.9828184627	0.1845748343	0	-0.1845748343	0.9828184627	0	0	0	1
4.85	5.172381869	-0.01217454467	0	0.981209286	0.1929464617	0	-0.1929464617	0.981209286	0	0	0	1
4.86	5.181761326	-0.009547333772	0	0.9794276056	0.2017958509	0	-0.2017958509	0.9794276056	0	0	0	1
4.87	5.191337586	-0.007290930195	0	0.9775129996	0.210875166	0	-0.210875166	0.9775129996	0	0	0	1
4.88	5.201158245	-0.00542749948	0	0.9755298536	0.2198670161	0	-0.2198670161	0.9755298536	0	0	0	1
4.89	5.211283682	-0.003958495837	0	0.9735644144	0.2284126332	0	-0.2284126332	0.9735644144	0	0	0	1
4.9	5.221775131	-0.002866996704	0	0.9717182319	0.2361433417	0	-0.2361433417	0.9717182319	0	0	0	1
4.91	5.232684553	-0.002123655772	0	0.9700974267	0.2427158478	0	-0.2427158478	0.9700974267	0	0	0	1
4.92	5.244046721	-0.001695084181	0	0.9687995539	0.2478455654	0	-0.2478455654	0.9687995539	0	0	0	1
4.93	5.255871612	-0.001554883047	0	0.9679028887	0.2513244874	0	-0.2513244874	0.9679028887	0	0	0	1
4.94	5.268139596	-0.001694937288	0	0.9674563899	0.2530378107	0	-0.2530378107	0.9674563899	0	0	0	1
4.95	5.280801446	-0.002135458545	0	0.9674703674	0.2529843635	0	-0.2529843635	0.9674703674	0	0	0	1
4.96	5.293780512	-0.002931317261	0	0.9679135787	0.2512833145	0	-0.2512833145	0.9679135787	0	0	0	1
4.97	5.306975477	-0.004172638116	0	0.9687186376	0.2481616434	0	-0.2481616434	0.9687186376	0	0	0	1
4.98	5.320265312	-0.005978315138	0	0.969794519	0.2439233298	0	-0.2439233298	0.969794519	0	0	0	1
4.99	5.333517297	-0.008482542091	0	0.971043903	0.2389011058	0	-0.2389011058	0.971043903	0	0	0	1
5	5.346595517	-0.01180648414	0	0.9723699453	0.23344526	0	-0.23344526	0.9723699453	0	0	0	1
5.01	5.359362802	-0.01599764335	0	0.9738860671	0.2270372839	0	-0.2270372839	0.9738860671	0	0	0	1
5.02	5.371773051	-0.02107491232	0	0.9757635861	0.2188273841	0	-0.2188273841	0.9757635861	0	0	0	1
5.03	5.383886043	-0.02706393437	0	0.9778995661	0.2090751984	0	-0.2090751984	0.9778995661	0	0	0	1
5.04	5.395790001	-0.03399304767	0	0.9801143164	0.1984336834	0	-0.1984336834	0.9801143164	0	0	0	1
5.05	5.407552586	-0.04188999948	0	0.9822885155	0.1873746843	0	-0.1873746843	0.9822885155	0	0	0	1
5.06	5.419199058	-0.05077746336	0	0.9843703738	0.1761106677	0	-0.1761106677	0.9843703738	0	0	0	1
5.07	5.430713777	-0.06066878794	0	0.9863420189	0.1647101142	0	-0.1647101142	0.9863420189	0	0	0	1
5.08	5.442014211	-0.07146507266	0	0.988197416	0.1531857274	0	-0.1531857274	0.988197416	0	0	0	1
5.09	5.452945393	-0.0820694681	0	0.9897077756	0.1431031755	0	-0.1431031755	0.9897077756	0	0	0	1
5.1	5.463792917	-0.09203565869	0	0.9909420633	0.1342900856	0	-0.1342900856	0.9909420633	0	0	0	1
5.11	5.474496304	-0.1012601042	0	0.9923636701	0.1233464484	0	-0.1233464484	0.9923636701	0	0	0	1
5.12	5.484998786	-0.1095238104	0	0.9940066016	0.1093200622	0	-0.1093200622	0.9940066016	0	0	0	1
5.13	5.495271859	-0.1164238123	0	0.9957103025	0.09252563708	0	-0.09252563708	0.9957103025	0	0	0	1
5.14	5.504987239	-0.1208821432	0	0.9973323175	0.0729948519	0	-0.0729948519	0.9973323175	0	0	0	1
5.15	5.513951165	-0.1226746569	0	0.998660165	0.0517481869	0	-0.0517481869	0.998660165	0	0	0	1
5.16	5.522332546	-0.1220711303	0	0.9995554407	0.02981477736	0	-0.02981477736	0.9995554407	0	0	0	1
5.17	5.53043894	-0.1195525973	0	0.999971678	0.007526169992	0	-0.007526169992	0.999971678	0	0	0	1
5.18	5.538564606	-0.1156926363	0	0.9998892143	-0.01488486024	0	0.01488486024	0.9998892143	0	0	0	1
5.19	5.546916843	-0.1110537161	0	0.9993213084	-0.03683643088	0	0.03683643088	0.9993213084	0	0	0	1
5.2	5.555582396	-0.1061176824	0	0.9983412512	-0.05757383253	0	0.05757383253	0.9983412512	0	0	0	1
5.21	5.564521498	-0.1012440008	0	0.997064349	-0.076568165	0	0.076568165	0.997064349	0	0	0	1
5.22	5.573606423	-0.09654661672	0	0.9956075624	-0.09362468547	0	0.09362468547	0.9956075624	0	0	0	1
5.23	5.58272926	-0.09198625642	0	0.9940417475	-0.109000019	0	0.109000019	0.9940417475	0	0	0	1
5.24	5.591774634	-0.087535175	0	0.9923477065	-0.1234748132	0	0.1234748132	0.9923477065	0	0	0	1
5.25	5.600627089	-0.08317988572	0	0.9904728286	-0.1377083	0	0.1377083	0.9904728286	0	0	0	1
5.26	5.609229629	-0.07891425044	0	0.9884082389	-0.1518194759	0	0.1518194759	0.9884082389	0	0	0	1
5.27	5.617600208	-0.07473872703	0	0.9862045455	-0.1655312489	0	0.1655312489	0.9862045455	0	0	0	1
5.28	5.62580631	-0.07066150808	0	0.9839429305	-0.1784833594	0	0.1784833594	0.9839429305	0	0	0	1
5.29	5.633933806	-0.06669542531	0	0.9817072863	-0.1903964391	0	0.1903964391	0.9817072863	0	0	0	1
5.3	5.642065536	-0.062850063	0	0.979577278	-0.2010680395	0	0.2010680395	0.979577278	0	0	0	1
5.31	5.650267495	-0.05912356092	0	0.9776336373	-0.2103151713	0	0.2103151713	0.9776336373	0	0	0	1
5.32	5.658577156	-0.05549827342	0	0.9759588059	-0.2179550624	0	0.2179550624	0.9759588059	0	0	0	1
5.33	5.666998015	-0.05194292086	0	0.9746266632	-0.2238366979	0	0.2238366979	0.9746266632	0	0	0	1
5.34	5.675505376	-0.04841970738	0	0.9736886536	-0.2278824385	0	0.2278824385	0.9736886536	0	0	0	1
5.35	5.684061425	-0.04489305712	0	0.9731671298	-0.2300994078	0	0.2300994078	0.9731671298	0	0	0	1
5.36	5.692632883	-0.04133658869	0	0.973060874	-0.2305483367	0	0.2305483367	0.973060874	0	0	0	1
5.37	5.701203399	-0.037736905	0	0.9733568051	-0.2292957258	0	0.2292957258	0.9733568051	0	0	0	1
5.38	5.709777855	-0.03409548535	0	0.9740381303	-0.2263840118	0	0.2263840118	0.9740381303	0	0	0	1
5.39	5.718378631	-0.0304293276	0	0.9750831273	-0.2218397953	0	0.2218397953	0.9750831273	0	0	0	1
5.4	5.727037229	-0.02677051989	0	0.976457079	-0.2157117819	0	0.2157117819	0.976457079	0	0	0	1
5.41	5.735786043	-0.02316546987	0	0.9781040263	-0.2081165871	0	0.2081165871	0.9781040263	0	0	0	1
5.42	5.744651632	-0.01967228232	0	0.9799434438	-0.1992758064	0	0.1992758064	0.9799434438	0	0	0	1
5.43	5.753652152	-0.01635667224	0	0.9818734786	-0.1895375215	0	0.1895375215	0.9818734786	0	0	0	1
5.44	5.762799633	-0.0132863321	0	0.9837806449	-0.1793757025	0	0.1793757025	0.9837806449	0	0	0	1
5.45	5.772107026	-0.01052364028	0	0.9855567835	-0.1693452877	0	0.1693452877	0.9855567835	0	0	0	1
5.46	5.781597905	-0.008117876374	0	0.9871207436	-0.1599769909	0	0.1599769909	0.9871207436	0	0	0	1
5.47	5.791313367	-0.006099381588	0	0.988433773	-0.151653145	0	0.151653145	0.988433773	0	0	0	1
5.48	5.801310458	-0.004477474481	0	0.9894965435	-0.1445565303	0	0.1445565303	0.9894965435	0	0	0	1
5.49	5.81165182	-0.003241870409	0	0.9903318599	-0.1387184462	0	0.1387184462	0.9903318599	0	0	0	1
5.5	5.822394262	-0.002367101876	0	0.9909700327	-0.1340835345	0	0.1340835345	0.9909700327	0	0	0	1
5.51	5.833580105	-0.00182004081	0	0.9914441592	-0.1305315257	0	0.1305315257	0.9914441592	0	0	0	1
5.52	5.845229453	-0.001570202846	0	0.991786448	-0.1279048146	0	0.1279048146	0.991786448	0	0	0	1
5.53	5.85733399	-0.001601102784	0	0.9920230128	-0.1260569001	0	0.1260569001	0.9920230128	0	0	0	1
5.54	5.869855349	-0.001921062996	0	0.9921725781	-0.1248742376	0	0.1248742376	0.9921725781	0	0	0	1
5.55	5.882726837	-0.002571235719	0	0.9922480745	-0.1242729198	0	0.1242729198	0.9922480745	0	0	0	1
5.56	5.895855877	-0.003628603815	0	0.9922579133	-0.1241943375	0	0.1241943375	0.9922579133	0	0	0	1
5.57	5.909128084	-0.005202199087	0	0.9922073185	-0.1245979021	0	0.1245979021	0.9922073185	0	0	0	1
5.58	5.922413849	-0.007422471314	0	0.9921005221	-0.1254454224	0	0.1254454224	0.9921005221	0	0	0	1
5.59	5.935578314	-0.01042185925	0	0.991943335	-0.1266823594	0	0.1266823594	0.991943335	0	0	0	1
5.6	5.948481073	-0.01427886655	0	0.9917453343	-0.1282232113	0	0.1282232113	0.9917453343	0	0	0	1
5.61	5.961028023	-0.0190141889	0	0.9915471841	-0.1297466056	0	0.1297466056	0.9915471841	0	0	0	1
5.62	5.973247431	-0.02465097384	0	0.991385275	-0.1309779999	0	0.1309779999	0.991385275	0	0	0	1
5.63	5.985224365	-0.03121688192	0	0.9912571144	-0.131944432	0	0.131944432	0.9912571144	0	0	0	1
5.64	5.997038449	-0.03874024376	0	0.9911592877	-0.1326773015	0	0.1326773015	0.9911592877	0	0	0	1
5.65	6.008732231	-0.04724619048	0	0.9911013834	-0.1331091574	0	0.1331091574	0.9911013834	0	0	0	1
5.66	6.020304493	-0.05675195361	0	0.9910927623	-0.133173333	0	0.133173333	0.9910927623	0	0	0	1
5.67	6.031719156	-0.06725760567	0	0.991135386	-0.1328557359	0	0.1328557359	0.991135386	0	0	0	1
5.68	6.042764971	-0.07807357486	0	0.9907722697	-0.1355371152	0	0.1355371152	0.9907722697	0	0	0	1
5.69	6.053643165	-0.08828937166	0	0.9901062309	-0.1403198186	0	0.1403198186	0.9901062309	0	0	0	1
5.7	6.064414655	-0.09781916043	0	0.9898063558	-0.1424197251	0	0.1424197251	0.9898063558	0	0	0	1
5.71	6.074997211	-0.1064807945	0	0.9900033452	-0.1410438817	0	0.1410438817	0.9900033452	0	0	0	1
5.72	6.085371822	-0.11400677	0	0.9905894734	-0.1368667057	0	0.1368667057	0.9905894734	0	0	0	1
5.73	6.095352694	-0.1194910273	0	0.9920154238	-0.1261166086	0	0.1261166086	0.9920154238	0	0	0	1
5.74	6.10460121	-0.122291855	0	0.9938266578	-0.1109440142	0	0.1109440142	0.9938266578	0	0	0	1
5.75	6.11317619	-0.1225629023	0	0.995453802	-0.09524561977	0	0.09524561977	0.995453802	0	0	0	1
5.76	6.121354014	-0.1207170275	0	0.9968254783	-0.07961762242	0	0.07961762242	0.9968254783	0	0	0	1
5.77	6.129446378	-0.1173062609	0	0.9979798588	-0.06353110668	0	0.06353110668	0.9979798588	0	0	0	1
5.78	6.137698908	-0.1129073579	0	0.9988970639	-0.04695376227	0	0.04695376227	0.9988970639	0	0	0	1
5.79	6.146246352	-0.1080384813	0	0.9995371166	-0.03042289349	0	0.03042289349	0.9995371166	0	0	0	1
5.8	6.155095786	-0.103112143	0	0.9998940741	-0.01455474365	0	0.01455474365	0.9998940741	0	0	0	1
5.81	6.164140911	-0.098353256	0	0.9999999863	-0.0001656819574	0	0.0001656819574	0.9999999863	0	0	0	1
5.82	6.173259999	-0.09374711513	0	0.9999235989	0.01236108574	0	-0.01236108574	0.9999235989	0	0	0	1
5.83	6.18234645	-0.08925870502	0	0.9997107743	0.02404927568	0	-0.02404927568	0.9997107743	0	0	0	1
5.84	6.191278372	-0.08487007095	0	0.9993636318	0.03566975429	0	-0.03566975429	0.9993636318	0	0	0	1
5.85	6.19997175	-0.08057277511	0	0.9988821059	0.04727090465	0	-0.04727090465	0.9988821059	0	0	0	1
5.86	6.208417945	-0.07636464641	0	0.9982805488	0.05861694219	0	-0.05861694219	0.9982805488	0	0	0	1
5.87	6.216670062	-0.07225101963	0	0.9975800287	0.06952759364	0	-0.06952759364	0.9975800287	0	0	0	1
5.88	6.224810562	-0.06824369073	0	0.9968016886	0.07991491429	0	-0.07991491429	0.9968016886	0	0	0	1
5.89	6.232925709	-0.06435452375	0	0.995966135	0.08972991678	0	-0.08972991678	0.995966135	0	0	0	1
5.9	6.241089496	-0.06058676375	0	0.9950932398	0.09894161934	0	-0.09894161934	0.9950932398	0	0	0	1
5.91	6.249351291	-0.05692884001	0	0.9942014754	0.107533373	0	-0.107533373	0.9942014754	0	0	0	1
5.92	6.257727325	-0.05335396199	0	0.9933079959	0.1154955636	0	-0.1154955636	0.9933079959	0	0	0	1
5.93	6.266202109	-0.04982574677	0	0.9924279735	0.1228279996	0	-0.1228279996	0.9924279735	0	0	0	1
5.94	6.274740531	-0.0463067016	0	0.9915715923	0.1295599371	0	-0.1295599371	0.9915715923	0	0	0	1
5.95	6.283305606	-0.04276625885	0	0.9907403152	0.1357704973	0	-0.1357704973	0.9907403152	0	0	0	1
5.96	6.291873526	-0.03918571696	0	0.9899251701	0.141591517	0	-0.141591517	0.9899251701	0	0	0	1
5.97	6.300441134	-0.03556067293	0	0.9891077808	0.1471930632	0	-0.1471930632	0.9891077808	0	0	0	1
5.98	6.309025059	-0.03190208489	0	0.9882627407	0.1527637241	0	-0.1527637241	0.9882627407	0	0	0	1
5.99	6.317654542	-0.02823632344	0	0.9873598053	0.1584948416	0	-0.1584948416	0.9873598053	0	0	0	1
6	6.326362503	-0.02460416064	0	0.986365218	0.1645711299	0	-0.1645711299	0.986365218	0	0	0	1
6.01	6.335178455	-0.02105948675	0	0.9852435582	0.1711582048	0	-0.1711582048	0.9852435582	0	0	0	1
6.02	6.344123783	-0.01766550072	0	0.9839626576	0.1783745733	0	-0.1783745733	0.9839626576	0	0	0	1
6.03	6.35321213	-0.01448977341	0	0.9825003606	0.1862606814	0	-0.1862606814	0.9825003606	0	0	0	1
6.04	6.362454715	-0.01159764176	0	0.9808522496	0.1947533427	0	-0.1947533427	0.9808522496	0	0	0	1
6.05	6.371869458	-0.009044402618	0	0.9790376309	0.2036794473	0	-0.2036794473	0.9790376309	0	0	0	1
6.06	6.381489801	-0.006868422158	0	0.9771015459	0.212773516	0	-0.212773516	0.9771015459	0	0	0	1
6.07	6.39136701	-0.005087478485	0	0.9751135146	0.2217061877	0	-0.2217061877	0.9751135146	0	0	0	1
6.08	6.401562699	-0.003698841156	0	0.9731637352	0.2301137643	0	-0.2301137643	0.9731637352	0	0	0	1
6.09	6.41213702	-0.002682520774	0	0.9713559874	0.2376290087	0	-0.2376290087	0.9713559874	0	0	0	1
6.1	6.423139088	-0.002007404662	0	0.9697956321	0.2439189045	0	-0.2439189045	0.9697956321	0	0	0	1
6.11	6.434599017	-0.001640639871	0	0.9685769056	0.2487142495	0	-0.2487142495	0.9685769056	0	0	0	1
6.12	6.446520578	-0.00155873374	0	0.9677727998	0.251824955	0	-0.251824955	0.9677727998	0	0	0	1
6.13	6.45887759	-0.00175878185	0	0.9674246519	0.2531591258	0	-0.2531591258	0.9674246519	0	0	0	1
6.14	6.471614725	-0.002267947585	0	0.9675337877	0.2527417055	0	-0.2527417055	0.9675337877	0	0	0	1
6.15	6.484649694	-0.00314873115	0	0.9680605314	0.250716588	0	-0.250716588	0.9680605314	0	0	0	1
6.16	6.497876423	-0.004498076325	0	0.9689312045	0.2473303881	0	-0.2473303881	0.9689312045	0	0	0	1
6.17	6.511170546	-0.006439475453	0	0.9700518545	0.24289792	0	-0.24289792	0.9700518545	0	0	0	1
6.18	6.524398178	-0.009107924585	0	0.9713254427	0.2377538316	0	-0.2377538316	0.9713254427	0	0	0	1
6.19	6.537422261	-0.0126130533	0	0.9726686964	0.2321973452	0	-0.2321973452	0.9726686964	0	0	0	1
6.2	6.550114283	-0.01698922102	0	0.9742560722	0.2254442411	0	-0.2254442411	0.9742560722	0	0	0	1
6.21	6.562455739	-0.02225648469	0	0.9762016326	0.2168648717	0	-0.2168648717	0.9762016326	0	0	0	1
6.22	6.574518332	-0.02844138859	0	0.9783668501	0.2068775159	0	-0.2068775159	0.9783668501	0	0	0	1
6.23	6.586388927	-0.03557233844	0	0.9805792937	0.1961230452	0	-0.1961230452	0.9805792937	0	0	0	1
6.24	6.598127346	-0.04367642243	0	0.9827358031	0.1850144352	0	-0.1850144352	0.9827358031	0	0	0	1
6.25	6.609749454	-0.05277458273	0	0.9847946497	0.1737224736	0	-0.1737224736	0.9847946497	0	0	0	1
6.26	6.621232801	-0.06287788448	0	0.9867415346	0.1622995497	0	-0.1622995497	0.9867415346	0	0	0	1
6.27	6.632449536	-0.07374856895	0	0.9885590984	0.1508340444	0	-0.1508340444	0.9885590984	0	0	0	1
6.28	6.643353165	-0.08422045022	0	0.9899700923	0.1412770908	0	-0.1412770908	0.9899700923	0	0	0	1
6.29	6.654179557	-0.09404361181	0	0.9912179634	0.1322382285	0	-0.1322382285	0.9912179634	0	0	0	1
6.3	6.66484294	-0.1030860333	0	0.9926961134	0.1206417277	0	-0.1206417277	0.9926961134	0	0	0	1
6.31	6.675301236	-0.111114021	0	0.994365736	0.1060036936	0	-0.1060036936	0.994365736	0	0	0	1
6.32	6.6854953	-0.117585099	0	0.9960652595	0.08862278907	0	-0.08862278907	0.9960652595	0	0	0	1
6.33	6.695053306	-0.1214756152	0	0.997643253	0.06861442844	0	-0.06861442844	0.997643253	0	0	0	1
6.34	6.703874519	-0.1227347856	0	0.9988870615	0.04716607161	0	-0.04716607161	0.9988870615	0	0	0	1
6.35	6.712173143	-0.1216855795	0	0.9996837293	0.02514838583	0	-0.02514838583	0.9996837293	0	0	0	1
6.36	6.720263541	-0.1188383516	0	0.999996047	0.002811750978	0	-0.002811750978	0.999996047	0	0	0	1
6.37	6.72842577	-0.1147720312	0	0.9998087862	-0.01955482054	0	0.01955482054	0.9998087862	0	0	0	1
6.38	6.736843367	-0.1100363647	0	0.9991466591	-0.0413031916	0	0.0413031916	0.9991466591	0	0	0	1
6.39	6.745575511	-0.1050905306	0	0.9980948598	-0.06169806115	0	0.06169806115	0.9980948598	0	0	0	1
6.4	6.754557425	-0.1002562956	0	0.9967717839	-0.08028705288	0	0.08028705288	0.9967717839	0	0	0	1
6.41	6.763658148	-0.09559269151	0	0.9952899658	-0.09694268371	0	0.09694268371	0.9952899658	0	0	0	1
6.42	6.772773276	-0.09105878311	0	0.9937021418	-0.1120537969	0	0.1120537969	0.9937021418	0	0	0	1
6.43	6.781783408	-0.08663044441	0	0.9919748392	-0.1264354319	0	0.1264354319	0.9919748392	0	0	0	1
6.44	6.790581491	-0.08229615192	0	0.9900598213	-0.1406468991	0	0.1406468991	0.9900598213	0	0	0	1
6.45	6.799127175	-0.07805108899	0	0.9879615631	-0.1546995468	0	0.1546995468	0.9879615631	0	0	0	1
6.46	6.807451938	-0.07389735481	0	0.9857400542	-0.1682752078	0	0.1682752078	0.9857400542	0	0	0	1
6.47	6.815629798	-0.0698445784	0	0.983478794	-0.1810233735	0	0.1810233735	0.983478794	0	0	0	1
6.48	6.823747705	-0.06590563295	0	0.98126073	-0.192684664	0	0.192684664	0.98126073	0	0	0	1
6.49	6.831885948	-0.06208824449	0	0.9791651059	-0.2030657417	0	0.2030657417	0.9791651059	0	0	0	1
6.5	6.840105468	-0.05838733095	0	0.9772732013	-0.2119837023	0	0.2119837023	0.9772732013	0	0	0	1
6.51	6.848436505	-0.05478192214	0	0.9756664897	-0.2192598935	0	0.2192598935	0.9756664897	0	0	0	1
6.52	6.856875616	-0.05123859998	0	0.9744148969	-0.2247567769	0	0.2247567769	0.9744148969	0	0	0	1
6.53	6.865393823	-0.04771933723	0	0.9735636425	-0.2284159232	0	0.2284159232	0.9735636425	0	0	0	1
6.54	6.873952825	-0.04418994521	0	0.9731292337	-0.2302596243	0	0.2302596243	0.9731292337	0	0	0	1
6.55	6.882522033	-0.04062645329	0	0.9731068907	-0.2303540304	0	0.2303540304	0.9731068907	0	0	0	1
6.56	6.891089572	-0.03701850217	0	0.97348237	-0.2287620496	0	0.2287620496	0.97348237	0	0	0	1
6.57	6.899664608	-0.03337077803	0	0.9742383708	-0.2255207236	0	0.2255207236	0.9742383708	0	0	0	1
6.58	6.908272263	-0.0297034166	0	0.9753514714	-0.2206569898	0	0.2206569898	0.9753514714	0	0	0	1
6.59	6.916945021	-0.0260515842	0	0.9767834093	-0.2142292495	0	0.2142292495	0.9767834093	0	0	0	1
6.6	6.925714508	-0.02246430728	0	0.9784734794	-0.2063726002	0	0.2063726002	0.9784734794	0	0	0	1
6.61	6.93460557	-0.01900150362	0	0.9803366907	-0.1973321384	0	0.1973321384	0.9803366907	0	0	0	1
6.62	6.943634693	-0.01572975405	0	0.9822681544	-0.1874813932	0	0.1874813932	0.9822681544	0	0	0	1
6.63	6.95281324	-0.01271625779	0	0.9841541602	-0.1773149427	0	0.1773149427	0.9841541602	0	0	0	1
6.64	6.962155314	-0.01002128429	0	0.9858905242	-0.1673913804	0	0.1673913804	0.9858905242	0	0	0	1
6.65	6.971687416	-0.0076906856	0	0.9874038672	-0.1582201094	0	0.1582201094	0.9874038672	0	0	0	1
6.66	6.981454134	-0.005750693412	0	0.9886641077	-0.1501442047	0	0.1501442047	0.9886641077	0	0	0	1
6.67	6.991514394	-0.004206556034	0	0.9896779239	-0.1433094799	0	0.1433094799	0.9896779239	0	0	0	1
6.68	7.001930525	-0.003044578489	0	0.9904703543	-0.1377260947	0	0.1377260947	0.9904703543	0	0	0	1
6.69	7.012756979	-0.002237136812	0	0.9910723376	-0.1333252476	0	0.1333252476	0.9910723376	0	0	0	1
6.7	7.024032343	-0.001750758806	0	0.9915171187	-0.1299761646	0	0.1299761646	0.9915171187	0	0	0	1
6.71	7.035771561	-0.00155683611	0	0.9918360637	-0.1275194992	0	0.1275194992	0.9918360637	0	0	0	1
6.72	7.047960484	-0.001642954983	0	0.992053758	-0.1258147098	0	0.1258147098	0.992053758	0	0	0	1
6.73	7.060555066	-0.002023365781	0	0.9921876091	-0.1247547528	0	0.1247547528	0.9921876091	0	0	0	1
6.74	7.073483407	-0.002746204986	0	0.9922495736	-0.1242609503	0	0.1242609503	0.9922495736	0	0	0	1
6.75	7.086648382	-0.003895217603	0	0.992247311	-0.124279016	0	0.124279016	0.992247311	0	0	0	1
6.76	7.099932087	-0.005584652311	0	0.9921856421	-0.1247703955	0	0.1247703955	0.9921856421	0	0	0	1
6.77	7.113203125	-0.007947224043	0	0.9920689016	-0.1256952445	0	0.1256952445	0.9920689016	0	0	0	1
6.78	7.12632631	-0.01111099779	0	0.9919032856	-0.1269955591	0	0.1269955591	0.9919032856	0	0	0	1
6.79	7.139161375	-0.01513808584	0	0.9917016824	-0.1285603868	0	0.1285603868	0.9917016824	0	0	0	1
6.8	7.151637658	-0.02004729396	0	0.9915102205	-0.1300287765	0	0.1300287765	0.9915102205	0	0	0	1
6.81	7.163801118	-0.02586312808	0	0.9913567699	-0.1311935774	0	0.1311935774	0.9913567699	0	0	0	1
6.82	7.175739468	-0.03261363401	0	0.9912354524	-0.1321070696	0	0.1321070696	0.9912354524	0	0	0	1
6.83	7.187526718	-0.0403269042	0	0.9911456114	-0.1327794295	0	0.1327794295	0.9911456114	0	0	0	1
6.84	7.199196646	-0.04902689923	0	0.9910979734	-0.1331345451	0	0.1331345451	0.9910979734	0	0	0	1
6.85	7.210740443	-0.0587289036	0	0.9911004198	-0.1331163317	0	0.1331163317	0.9911004198	0	0	0	1
6.86	7.22210536	-0.06940292941	0	0.9911407536	-0.132815686	0	0.132815686	0.9911407536	0	0	0	1
6.87	7.233082399	-0.08012053351	0	0.9906397279	-0.1365024888	0	0.1365024888	0.9906397279	0	0	0	1
6.88	7.24394647	-0.09021026189	0	0.9900135446	-0.1409722721	0	0.1409722721	0.9900135446	0	0	0	1
6.89	7.254684111	-0.09958788288	0	0.9898125985	-0.1423763319	0	0.1423763319	0.9898125985	0	0	0	1
6.9	7.26522542	-0.1080510545	0	0.9900936887	-0.1404082892	0	0.1404082892	0.9900936887	0	0	0	1
6.91	7.275553171	-0.1152821095	0	0.9907937268	-0.1353801716	0	0.1353801716	0.9907937268	0	0	0	1
6.92	7.285404309	-0.1202490056	0	0.9923707426	-0.1232895343	0	0.1232895343	0.9923707426	0	0	0	1
6.93	7.294505951	-0.1225331322	0	0.9941690383	-0.1078328492	0	0.1078328492	0.9941690383	0	0	0	1
6.94	7.302977508	-0.1223514835	0	0.9957432337	-0.09217056257	0	0.09217056257	0.9957432337	0	0	0	1
6.95	7.311114226	-0.1201537043	0	0.99707035	-0.07648998017	0	0.07648998017	0.99707035	0	0	0	1
6.96	7.319220375	-0.1165048532	0	0.998181278	-0.06028379801	0	0.06028379801	0.998181278	0	0	0	1
6.97	7.327522569	-0.1119756458	0	0.9990463535	-0.04366215152	0	0.04366215152	0.9990463535	0	0	0	1
6.98	7.336131187	-0.1070663918	0	0.9996296038	-0.02721498239	0	0.02721498239	0.9996296038	0	0	0	1
6.99	7.345029041	-0.1021645402	0	0.999933322	-0.0115477966	0	0.0115477966	0.999933322	0	0	0	1
7	7.35409603	-0.09743881479	0	0.9999970173	0.002442399703	0	-0.002442399703	0.9999970173	0	0	0	1
7.01	7.363217981	-0.09285758495	0	0.9998917867	0.01471104805	0	-0.01471104805	0.9998917867	0	0	0	1
7.02	7.372284172	-0.08838951296	0	0.9996528025	0.02634908986	0	-0.02634908986	0.9996528025	0	0	0	1
7.03	7.381174919	-0.08401908674	0	0.9992786358	0.03797641429	0	-0.03797641429	0.9992786358	0	0	0	1
7.04	7.389819598	-0.07973909041	0	0.9987719119	0.04954460621	0	-0.04954460621	0.9987719119	0	0	0	1
7.05	7.398223699	-0.07554866541	0	0.998149141	0.06081358668	0	-0.06081358668	0.998149141	0	0	0	1
7.06	7.406448455	-0.07145463519	0	0.9974316617	0.07162457893	0	-0.07162457893	0.9974316617	0	0	0	1
7.07	7.414578575	-0.06746944203	0	0.9966404588	0.08190113469	0	-0.08190113469	0.9966404588	0	0	0	1
7.08	7.42269886	-0.06360392736	0	0.9957960339	0.09159835641	0	-0.09159835641	0.9957960339	0	0	0	1
7.09	7.43087948	-0.05985880796	0	0.9949180095	0.1006884026	0	-0.1006884026	0.9949180095	0	0	0	1
7.1	7.439163806	-0.05621935808	0	0.9940245728	0.1091565331	0	-0.1091565331	0.9940245728	0	0	0	1
7.11	7.447561428	-0.0526563413	0	0.9931326083	0.1169941127	0	-0.1169941127	0.9931326083	0	0	0	1
7.12	7.456051861	-0.04913247831	0	0.9922566191	0.1242046772	0	-0.1242046772	0.9922566191	0	0	0	1
7.13	7.464598288	-0.04561110642	0	0.9914053532	0.1308259361	0	-0.1308259361	0.9914053532	0	0	0	1
7.14	7.4731653	-0.04206365034	0	0.9905782854	0.1369476562	0	-0.1369476562	0.9905782854	0	0	0	1
7.15	7.481732757	-0.03847403158	0	0.9897643933	0.1427110568	0	-0.1427110568	0.9897643933	0	0	0	1
7.16	7.490301719	-0.03484084084	0	0.988943732	0.1482912506	0	-0.1482912506	0.988943732	0	0	0	1
7.17	7.498891952	-0.03117808277	0	0.9880898245	0.1538781942	0	-0.1538781942	0.9880898245	0	0	0	1
7.18	7.507534071	-0.02751497513	0	0.987171629	0.1596626911	0	-0.1596626911	0.987171629	0	0	0	1
7.19	7.516260974	-0.02389522913	0	0.9861546903	0.1658280037	0	-0.1658280037	0.9861546903	0	0	0	1
7.2	7.525100678	-0.020374838	0	0.9850038694	0.1725322502	0	-0.1725322502	0.9850038694	0	0	0	1
7.21	7.534072871	-0.01701832408	0	0.9836883593	0.1798811046	0	-0.1798811046	0.9836883593	0	0	0	1
7.22	7.543190199	-0.01389340238	0	0.9821888729	0.1878962957	0	-0.1878962957	0.9821888729	0	0	0	1
7.23	7.552464439	-0.0110640632	0	0.9805053038	0.196492619	0	-0.196492619	0.9805053038	0	0	0	1
7.24	7.561916002	-0.00858277468	0	0.9786620674	0.2054764168	0	-0.2054764168	0.9786620674	0	0	0	1
7.25	7.571582023	-0.00648401587	0	0.9767092727	0.2145669979	0	-0.2145669979	0.9767092727	0	0	0	1
7.26	7.581516772	-0.004781523331	0	0.9747209255	0.2234258656	0	-0.2234258656	0.9747209255	0	0	0	1
7.27	7.591782559	-0.003468528523	0	0.972790647	0.2316859017	0	-0.2316859017	0.972790647	0	0	0	1
7.28	7.602438017	-0.002522363996	0	0.9710236585	0.2389833774	0	-0.2389833774	0.9710236585	0	0	0	1
7.29	7.613528995	-0.001910728847	0	0.9695241161	0.2449958943	0	-0.2449958943	0.9695241161	0	0	0	1
7.3	7.625080959	-0.001601706956	0	0.9683827357	0.2494691909	0	-0.2494691909	0.9683827357	0	0	0	1
7.31	7.637091884	-0.001575050902	0	0.9676669833	0.2522312617	0	-0.2522312617	0.9676669833	0	0	0	1
7.32	7.649529608	-0.001833159803	0	0.9674108072	0.2532120261	0	-0.2532120261	0.9674108072	0	0	0	1
7.33	7.662333227	-0.002409926114	0	0.9676072394	0.2524603539	0	-0.2524603539	0.9676072394	0	0	0	1
7.34	7.675415389	-0.003374996153	0	0.9682090034	0.2501426108	0	-0.2501426108	0.9682090034	0	0	0	1
7.35	7.688665988	-0.004831302355	0	0.9691371791	0.246522064	0	-0.246522064	0.9691371791	0	0	0	1
7.36	7.701957845	-0.006906142784	0	0.9702958112	0.241921555	0	-0.241921555	0.9702958112	0	0	0	1
7.37	7.715156483	-0.009734095699	0	0.9715870706	0.236682412	0	-0.236682412	0.9715870706	0	0	0	1
7.38	7.728123122	-0.01341064489	0	0.9729562597	0.2309894297	0	-0.2309894297	0.9729562597	0	0	0	1
7.39	7.740743173	-0.01796162922	0	0.9746161148	0.2238826228	0	-0.2238826228	0.9746161148	0	0	0	1
7.4	7.75302242	-0.02340862228	0	0.9766200922	0.214972546	0	-0.214972546	0.9766200922	0	0	0	1
7.41	7.765040517	-0.02977881157	0	0.9788066076	0.2047867791	0	-0.2047867791	0.9788066076	0	0	0	1
7.42	7.776881572	-0.03710065742	0	0.981013572	0.1939390922	0	-0.1939390922	0.981013572	0	0	0	1
7.43	7.788597162	-0.04540040606	0	0.9831526326	0.18278649	0	-0.18278649	0.9831526326	0	0	0	1
7.44	7.800194595	-0.05469726602	0	0.9851899362	0.1714665845	0	-0.1714665845	0.9851899362	0	0	0	1
7.45	7.811645545	-0.06499981447	0	0.9871137925	0.160019876	0	-0.160019876	0.9871137925	0	0	0	1
7.46	7.822776147	-0.07587440638	0	0.9888790478	0.148721985	0	-0.148721985	0.9888790478	0	0	0	1
7.47	7.83366449	-0.08622126619	0	0.9902118073	0.1395728363	0	-0.1395728363	0.9902118073	0	0	0	1
7.48	7.844465515	-0.09590432568	0	0.9914896104	0.1301858384	0	-0.1301858384	0.9914896104	0	0	0	1
7.49	7.855089443	-0.1047658481	0	0.9930176273	0.1179660621	0	-0.1179660621	0.9930176273	0	0	0	1
7.5	7.865506886	-0.1125610295	0	0.9947048279	0.1027730767	0	-0.1027730767	0.9947048279	0	0	0	1
7.51	7.875606918	-0.1185715114	0	0.9963951973	0.08483284007	0	-0.08483284007	0.9963951973	0	0	0	1
7.52	7.885013175	-0.1219275517	0	0.9979220691	0.06443247651	0	-0.06443247651	0.9979220691	0	0	0	1
7.53	7.893708183	-0.1226962625	0	0.999082414	0.04282907837	0	-0.04282907837	0.999082414	0	0	0	1
7.54	7.901940567	-0.1212467182	0	0.9997849534	0.02073757241	0	-0.02073757241	0.9997849534	0	0	0	1
7.55	7.910025745	-0.1181120341	0	0.9999986585	-0.001637975075	0	0.001637975075	0.9999986585	0	0	0	1
7.56	7.918228049	-0.1138720436	0	0.9997133726	-0.0239410247	0	0.0239410247	0.9997133726	0	0	0	1
7.57	7.926707738	-0.1090622159	0	0.9989655688	-0.04547298426	0	0.04547298426	0.9989655688	0	0	0	1
7.58	7.935498439	-0.1041194102	0	0.9978504449	-0.0655323561	0	0.0655323561	0.9978504449	0	0	0	1
7.59	7.944513768	-0.09932252925	0	0.9964878527	-0.08373744309	0	0.08373744309	0.9964878527	0	0	0	1
7.6	7.953625379	-0.09468782133	0	0.9949840511	-0.1000336846	0	0.1000336846	0.9949840511	0	0	0	1
7.61	7.962729227	-0.0901766253	0	0.9933731958	-0.1149334322	0	0.1149334322	0.9933731958	0	0	0	1
7.62	7.971703511	-0.08576799655	0	0.9916115869	-0.1292534745	0	0.1292534745	0.9916115869	0	0	0	1
7.63	7.980451309	-0.0814519999	0	0.9896580039	-0.1434469775	0	0.1434469775	0.9896580039	0	0	0	1
7.64	7.988947848	-0.07722506104	0	0.9875295403	-0.1574338182	0	0.1574338182	0.9875295403	0	0	0	1
7.65	7.997235804	-0.07309084005	0	0.985293603	-0.1708698801	0	0.1708698801	0.985293603	0	0	0	1
7.66	8.005393843	-0.06906013102	0	0.9830348062	-0.1834191095	0	0.1834191095	0.9830348062	0	0	0	1
7.67	8.013508871	-0.06514549513	0	0.9808350614	-0.194839889	0	0.194839889	0.9808350614	0	0	0	1
7.68	8.021658405	-0.06135263107	0	0.9787736451	-0.2049442645	0	0.2049442645	0.9787736451	0	0	0	1
7.69	8.029897954	-0.05767332232	0	0.9769323172	-0.2135491692	0	0.2135491692	0.9769323172	0	0	0	1
7.7	8.038250963	-0.05408365607	0	0.9753913663	-0.2204805719	0	0.2204805719	0.9753913663	0	0	0	1
7.71	8.046707937	-0.05054861544	0	0.9742166369	-0.2256145924	0	0.2256145924	0.9742166369	0	0	0	1
7.72	8.055236537	-0.04703022747	0	0.9734475437	-0.2289102001	0	0.2289102001	0.9734475437	0	0	0	1
7.73	8.063798755	-0.04349595199	0	0.9730954319	-0.2304024316	0	0.2304024316	0.9730954319	0	0	0	1
7.74	8.072367115	-0.0399243282	0	0.9731527511	-0.2301602114	0	0.2301602114	0.9731527511	0	0	0	1
7.75	8.080934	-0.0363078795	0	0.9736044457	-0.2282419402	0	0.2282419402	0.9736044457	0	0	0	1
7.76	8.089512357	-0.03265435345	0	0.9744325696	-0.2246801446	0	0.2246801446	0.9744325696	0	0	0	1
7.77	8.098129499	-0.02898690049	0	0.9756115507	-0.219504219	0	0.219504219	0.9756115507	0	0	0	1
7.78	8.106818387	-0.0253435658	0	0.9770992146	-0.2127842211	0	0.2127842211	0.9770992146	0	0	0	1
7.79	8.115609662	-0.02177578595	0	0.978830079	-0.2046745624	0	0.2046745624	0.978830079	0	0	0	1
7.8	8.124526489	-0.01834517433	0	0.9807147399	-0.1954446187	0	0.1954446187	0.9807147399	0	0	0	1
7.81	8.133583899	-0.01511890494	0	0.9826456051	-0.1854928966	0	0.1854928966	0.9826456051	0	0	0	1
7.82	8.142793002	-0.01216338883	0	0.9845093057	-0.1753323329	0	0.1753323329	0.9845093057	0	0	0	1
7.83	8.152169529	-0.009536692651	0	0.9862059199	-0.1655230602	0	0.1655230602	0.9862059199	0	0	0	1
7.84	8.161743318	-0.0072811124	0	0.9876701611	-0.1565492026	0	0.1565492026	0.9876701611	0	0	0	1
7.85	8.171562424	-0.005418732906	0	0.9888804804	-0.1487124588	0	0.1487124588	0.9888804804	0	0	0	1
7.86	8.181687359	-0.003950838241	0	0.9898486348	-0.1421255786	0	0.1421255786	0.9898486348	0	0	0	1
7.87	8.192179434	-0.002860574045	0	0.9906011278	-0.1367823294	0	0.1367823294	0.9906011278	0	0	0	1
7.88	8.203090685	-0.002118410774	0	0.9911694624	-0.13260127	0	0.13260127	0.9911694624	0	0	0	1
7.89	8.214455772	-0.001690975172	0	0.991587156	-0.1294407667	0	0.1294407667	0.991587156	0	0	0	1
7.9	8.226284275	-0.001551932915	0	0.9918845545	-0.1271417731	0	0.1271417731	0.9918845545	0	0	0	1
7.91	8.238556121	-0.001693298814	0	0.9920846404	-0.1255709608	0	0.1255709608	0.9920846404	0	0	0	1
7.92	8.25122168	-0.002135501589	0	0.9922036221	-0.1246273334	0	0.1246273334	0.9922036221	0	0	0	1
7.93	8.264203968	-0.002933647284	0	0.9922525691	-0.1242370276	0	0.1242370276	0.9922525691	0	0	0	1
7.94	8.277401356	-0.00417808184	0	0.9922384457	-0.1243497765	0	0.1243497765	0.9922384457	0	0	0	1
7.95	8.290692621	-0.005987832933	0	0.9921657627	-0.1249283769	0	0.1249283769	0.9921657627	0	0	0	1
7.96	8.303944898	-0.008497175178	0	0.9920390576	-0.1259305688	0	0.1259305688	0.9920390576	0	0	0	1
7.97	8.317022442	-0.01182685911	0	0.9918648386	-0.1272954907	0	0.1272954907	0.9918648386	0	0	0	1
7.98	8.329788302	-0.01602401403	0	0.9916611201	-0.1288728946	0	0.1288728946	0.9916611201	0	0	0	1
7.99	8.3421972	-0.02110750198	0	0.9914766556	-0.1302844633	0	0.1302844633	0.9914766556	0	0	0	1
8	8.354309362	-0.02710293685	0	0.9913304115	-0.1313926	0	0.1313926	0.9913304115	0	0	0	1
8.01	8.36621305	-0.03403860023	0	0.991214988	-0.1322605292	0	0.1322605292	0.991214988	0	0	0	1
8.02	8.377975765	-0.04194218574	0	0.9911326459	-0.132876176	0	0.132876176	0.9911326459	0	0	0	1
8.03	8.389622481	-0.05083625503	0	0.9910946251	-0.1331594689	0	0.1331594689	0.9910946251	0	0	0	1
8.04	8.401137409	-0.06073407261	0	0.9911072044	-0.1330658086	0	0.1330658086	0.9911072044	0	0	0	1
8.05	8.412436747	-0.07153364751	0	0.9911048569	-0.1330832918	0	0.1330832918	0.9911048569	0	0	0	1
8.06	8.423368144	-0.0821341534	0	0.9905017586	-0.1375000589	0	0.1375000589	0.9905017586	0	0	0	1
8.07	8.434215844	-0.09209582628	0	0.9899346453	-0.1415252558	0	0.1415252558	0.9899346453	0	0	0	1
8.08	8.444917977	-0.1013142503	0	0.9898338142	-0.1422287605	0	0.1422287605	0.9898338142	0	0	0	1
8.09	8.455418395	-0.1095700393	0	0.9901923967	-0.1397104773	0	0.1397104773	0.9901923967	0	0	0	1
8.1	8.46568868	-0.1164580455	0	0.9910396714	-0.1335678466	0	0.1335678466	0.9910396714	0	0	0	1
8.11	8.475399962	-0.1209010467	0	0.9927270575	-0.1203868318	0	0.1203868318	0.9927270575	0	0	0	1
8.12	8.484360927	-0.1226795603	0	0.9944970783	-0.104764313	0	0.104764313	0.9944970783	0	0	0	1
8.13	8.492741697	-0.1220648995	0	0.9960193334	-0.0891374641	0	0.0891374641	0.9960193334	0	0	0	1
8.14	8.500849927	-0.1195388622	0	0.9973038738	-0.07338244515	0	0.07338244515	0.9973038738	0	0	0	1
8.15	8.50897936	-0.1156752419	0	0.9983704966	-0.05706445027	0	0.05706445027	0.9983704966	0	0	0	1
8.16	8.517336243	-0.1110359284	0	0.9991825696	-0.04042514789	0	0.04042514789	0.9991825696	0	0	0	1
8.17	8.526006049	-0.1061017628	0	0.9997098871	-0.0240861301	0	0.0240861301	0.9997098871	0	0	0	1
8.18	8.53494776	-0.1012312041	0	0.9999625024	-0.008659895578	0	0.008659895578	0.9999625024	0	0	0	1
8.19	8.54403297	-0.09653699731	0	0.9999878263	0.004934292527	0	-0.004934292527	0.9999878263	0	0	0	1
8.2	8.553153567	-0.09197971734	0	0.9998555848	0.01699439677	0	-0.01699439677	0.9998555848	0	0	0	1
8.21	8.562194307	-0.08753162836	0	0.9995907284	0.02860726734	0	-0.02860726734	0.9995907284	0	0	0	1
8.22	8.571040367	-0.08317931856	0	0.9991900774	0.04023915098	0	-0.04023915098	0.9991900774	0	0	0	1
8.23	8.579635651	-0.07891675294	0	0.9986592216	0.05176638945	0	-0.05176638945	0.9986592216	0	0	0	1
8.24	8.587998947	-0.07474448541	0	0.9980163767	0.06295484011	0	-0.06295484011	0.9980163767	0	0	0	1
8.25	8.59619842	-0.07067076875	0	0.9972829673	0.07366602468	0	-0.07366602468	0.9972829673	0	0	0	1
8.26	8.604320253	-0.0667084012	0	0.9964798537	0.08383257765	0	-0.08383257765	0.9964798537	0	0	0	1
8.27	8.612447317	-0.06286686755	0	0.9956274243	0.09341323218	0	-0.09341323218	0.9956274243	0	0	0	1
8.28	8.620645551	-0.05914413939	0	0.9947450397	0.1023831333	0	-0.1023831333	0.9947450397	0	0	0	1
8.29	8.628952005	-0.05552238249	0	0.9938506227	0.1107291277	0	-0.1107291277	0.9938506227	0	0	0	1
8.3	8.637369787	-0.0519701797	0	0.9929607553	0.1184438197	0	-0.1184438197	0.9929607553	0	0	0	1
8.31	8.645873919	-0.04844966299	0	0.9920891372	0.1255354284	0	-0.1255354284	0.9920891372	0	0	0	1
8.32	8.654426504	-0.04492525495	0	0.9912429428	0.132050855	0	-0.132050855	0.9912429428	0	0	0	1
8.33	8.662994241	-0.04137054774	0	0.9904196112	0.1380905274	0	-0.1380905274	0.9904196112	0	0	0	1
8.34	8.671560935	-0.03777220056	0	0.9896062109	0.14380385	0	-0.14380385	0.9896062109	0	0	0	1
8.35	8.680131692	-0.03413175492	0	0.9887813421	0.1493702026	0	-0.1493702026	0.9887813421	0	0	0	1
8.36	8.688729114	-0.03046623888	0	0.9879174986	0.1549806955	0	-0.1549806955	0.9879174986	0	0	0	1
8.37	8.697384858	-0.02680772184	0	0.9869829206	0.1608251049	0	-0.1608251049	0.9869829206	0	0	0	1
8.38	8.706131385	-0.02320255888	0	0.9859427028	0.167083772	0	-0.167083772	0.9859427028	0	0	0	1
8.39	8.714995222	-0.01970871779	0	0.9847620826	0.1739069885	0	-0.1739069885	0.9847620826	0	0	0	1
8.4	8.723994433	-0.01639182272	0	0.9834118759	0.1813865548	0	-0.1813865548	0.9834118759	0	0	0	1
8.41	8.733140864	-0.01331946992	0	0.9818759549	0.1895246927	0	-0.1895246927	0.9818759549	0	0	0	1
8.42	8.742447183	-0.01055403506	0	0.9801586856	0.1982144068	0	-0.1982144068	0.9801586856	0	0	0	1
8.43	8.751936604	-0.008144905146	0	0.9782895067	0.2072429517	0	-0.2072429517	0.9782895067	0	0	0	1
8.44	8.761649953	-0.006122718477	0	0.9763233624	0.2163161854	0	-0.2163161854	0.9763233624	0	0	0	1
8.45	8.771643854	-0.004496764348	0	0.974338513	0.2250876764	0	-0.2250876764	0.974338513	0	0	0	1
8.46	8.781980764	-0.003257121975	0	0.9724316137	0.2331882432	0	-0.2331882432	0.9724316137	0	0	0	1
8.47	8.792717463	-0.002378490208	0	0.9707087838	0.2402591457	0	-0.2402591457	0.9707087838	0	0	0	1
8.48	8.803896512	-0.001827848043	0	0.969272243	0.2459904853	0	-0.2459904853	0.969272243	0	0	0	1
8.49	8.815538474	-0.001574629163	0	0.9682091104	0.2501421968	0	-0.2501421968	0.9682091104	0	0	0	1
8.5	8.827635479	-0.001602140186	0	0.9675811677	0.2525602578	0	-0.2525602578	0.9675811677	0	0	0	1
8.51	8.840149658	-0.001918293129	0	0.967414748	0.2531969694	0	-0.2531969694	0.967414748	0	0	0	1
8.52	8.853014783	-0.002563781546	0	0.9676947238	0.2521248136	0	-0.2521248136	0.9676947238	0	0	0	1
8.53	8.866138746	-0.003615095217	0	0.9683668105	0.2495310009	0	-0.2495310009	0.9683668105	0	0	0	1
8.54	8.87940748	-0.005180899584	0	0.9693474191	0.2456940802	0	-0.2456940802	0.9693474191	0	0	0	1
8.55	8.892691709	-0.007391324754	0	0.9705395238	0.2409419696	0	-0.2409419696	0.9705395238	0	0	0	1
8.56	8.905856428	-0.0103792079	0	0.971843443	0.2356275074	0	-0.2356275074	0.971843443	0	0	0	1
8.57	8.918761402	-0.01422409089	0	0.9732493685	0.2297513149	0	-0.2297513149	0.9732493685	0	0	0	1
8.58	8.931311065	-0.01894692087	0	0.9749818462	0.2222845015	0	-0.2222845015	0.9749818462	0	0	0	1
8.59	8.943532352	-0.02457078809	0	0.9770360013	0.2130742881	0	-0.2130742881	0.9770360013	0	0	0	1
8.6	8.955509965	-0.03112335377	0	0.9792369358	0.2027190754	0	-0.2027190754	0.9792369358	0	0	0	1
8.61	8.967323801	-0.03863297884	0	0.9814353537	0.1917932391	0	-0.1917932391	0.9814353537	0	0	0	1
8.62	8.979017008	-0.04712490731	0	0.9835562164	0.18060224	0	-0.18060224	0.9835562164	0	0	0	1
8.63	8.990588899	-0.0566165268	0	0.9855720637	0.1692563358	0	-0.1692563358	0.9855720637	0	0	0	1
8.64	9.002004047	-0.06710892397	0	0.9874736017	0.1577843019	0	-0.1577843019	0.9874736017	0	0	0	1
8.65	9.013052826	-0.07792997324	0	0.9891696389	0.1467767882	0	-0.1467767882	0.9891696389	0	0	0	1
8.66	9.023929556	-0.08815401348	0	0.9904467203	0.1378959543	0	-0.1378959543	0.9904467203	0	0	0	1
8.67	9.034701488	-0.09769388753	0	0.9917657285	0.1280653734	0	-0.1280653734	0.9917657285	0	0	0	1
8.68	9.045285673	-0.1063689617	0	0.9933377103	0.1152397211	0	-0.1152397211	0.9933377103	0	0	0	1
8.69	9.055662446	-0.1139139521	0	0.9950355691	0.09951992868	0	-0.09951992868	0.9950355691	0	0	0	1
8.7	9.065651017	-0.1194336455	0	0.9967113172	0.08103425253	0	-0.08103425253	0.9967113172	0	0	0	1
8.71	9.074908916	-0.1222706522	0	0.9981799411	0.06030593054	0	-0.06030593054	0.9981799411	0	0	0	1
8.72	9.083490284	-0.1225736677	0	0.9992556126	0.03857746379	0	-0.03857746379	0.9992556126	0	0	0	1
8.73	9.091669914	-0.1207528152	0	0.9998651993	0.01641899145	0	-0.01641899145	0.9998651993	0	0	0	1
8.74	9.099759902	-0.1173590212	0	0.999982107	-0.005982119432	0	0.005982119432	0.999982107	0	0	0	1
8.75	9.108007264	-0.1129693672	0	0.9996024138	-0.02819599847	0	0.02819599847	0.9996024138	0	0	0	1
8.76	9.116548657	-0.1081033456	0	0.9987746461	-0.04948945645	0	0.04948945645	0.9987746461	0	0	0	1
8.77	9.1253931	-0.1031752402	0	0.9976022888	-0.06920746613	0	0.06920746613	0.9976022888	0	0	0	1
8.78	9.134435651	-0.09841370356	0	0.9962053426	-0.08703398975	0	0.08703398975	0.9962053426	0	0	0	1
8.79	9.143554224	-0.0938056077	0	0.9946813662	-0.1029999015	0	0.1029999015	0.9946813662	0	0	0	1
8.8	9.152642429	-0.08931571078	0	0.9930459934	-0.1177270357	0	0.1177270357	0.9930459934	0	0	0	1
8.81	9.161578181	-0.08492586042	0	0.9912490195	-0.1320052321	0	0.1320052321	0.9912490195	0	0	0	1
8.82	9.170276378	-0.08062748611	0	0.9892583073	-0.1461779788	0	0.1461779788	0.9892583073	0	0	0	1
8.83	9.178727135	-0.076418276	0	0.9871028341	-0.1600874604	0	0.1600874604	0.9871028341	0	0	0	1
8.84	9.186982754	-0.07230342238	0	0.98485589	-0.1733749578	0	0.1733749578	0.98485589	0	0	0	1
8.85	9.195125312	-0.06829463983	0	0.9826023852	-0.1857217075	0	0.1857217075	0.9826023852	0	0	0	1
8.86	9.203241043	-0.06440384456	0	0.9804233033	-0.1969013621	0	0.1969013621	0.9804233033	0	0	0	1
8.87	9.211404188	-0.06063446578	0	0.9783981689	-0.2067293472	0	0.2067293472	0.9783981689	0	0	0	1
8.88	9.219664589	-0.05697515209	0	0.9766091138	-0.2150224149	0	0.2150224149	0.9766091138	0	0	0	1
8.89	9.228038998	-0.05339932493	0	0.9751347355	-0.2216128327	0	0.2216128327	0.9751347355	0	0	0	1
8.9	9.236512392	-0.04987068793	0	0.9740364616	-0.2263911915	0	0.2263911915	0.9740364616	0	0	0	1
8.91	9.245049875	-0.04635170773	0	0.9733479555	-0.2293332892	0	0.2293332892	0.9733479555	0	0	0	1
8.92	9.253614449	-0.04281170077	0	0.9730759786	-0.2304845762	0	0.2304845762	0.9730759786	0	0	0	1
8.93	9.262181997	-0.03923171019	0	0.9732107631	-0.2299147899	0	0.2299147899	0.9732107631	0	0	0	1
8.94	9.270749096	-0.03560713807	0	0.973736671	-0.227677174	0	0.227677174	0.973736671	0	0	0	1
8.95	9.279332107	-0.03194872516	0	0.9746348789	-0.2238009222	0	0.2238009222	0.9746348789	0	0	0	1
8.96	9.287960149	-0.02828260611	0	0.9758772676	-0.218319854	0	0.218319854	0.9758772676	0	0	0	1
8.97	9.296666247	-0.02464953269	0	0.9774175253	-0.2113172526	0	0.2113172526	0.9774175253	0	0	0	1
8.98	9.305479892	-0.02110314329	0	0.9791855081	-0.202967339	0	0.202967339	0.9791855081	0	0	0	1
8.99	9.314422625	-0.01770658774	0	0.9810876776	-0.1935638626	0	0.1935638626	0.9810876776	0	0	0	1
9	9.323508207	-0.01452743695	0	0.9830141271	-0.1835299046	0	0.1835299046	0.9830141271	0	0	0	1
9.01	9.332747849	-0.01163112052	0	0.9848523472	-0.1733950812	0	0.1733950812	0.9848523472	0	0	0	1
9.02	9.342159346	-0.009073164249	0	0.9865076878	-0.1637149409	0	0.1637149409	0.9865076878	0	0	0	1
9.03	9.351775999	-0.006892181646	0	0.9879232745	-0.1549438727	0	0.1549438727	0.9879232745	0	0	0	1
9.04	9.361648939	-0.005106197417	0	0.9890852283	-0.1473445324	0	0.1473445324	0.9890852283	0	0	0	1
9.05	9.371839724	-0.003712736032	0	0.9900093914	-0.1410014358	0	0.1410014358	0.9900093914	0	0	0	1
9.06	9.382408635	-0.002691967999	0	0.9907236873	-0.1358917785	0	0.1358917785	0.9907236873	0	0	0	1
9.07	9.393404989	-0.00201285802	0	0.99126033	-0.1319202724	0	0.1319202724	0.99126033	0	0	0	1
9.08	9.404859159	-0.001642505656	0	0.991652655	-0.1289380158	0	0.1289380158	0.991652655	0	0	0	1
9.09	9.416775193	-0.001557228263	0	0.9919296975	-0.1267890973	0	0.1267890973	0.9919296975	0	0	0	1
9.1	9.429127215	-0.001753809295	0	0.9921130284	-0.125346475	0	0.125346475	0.9921130284	0	0	0	1
9.11	9.441860186	-0.002259009848	0	0.9922177811	-0.1245145566	0	0.1245145566	0.9922177811	0	0	0	1
9.12	9.454892097	-0.003134891942	0	0.992254139	-0.1242244892	0	0.1242244892	0.992254139	0	0	0	1
9.13	9.468117089	-0.004478033189	0	0.9922284178	-0.1244297666	0	0.1244297666	0.9922284178	0	0	0	1
9.14	9.48141103	-0.006411614036	0	0.9921449383	-0.1250936502	0	0.1250936502	0.9921449383	0	0	0	1
9.15	9.494640053	-0.009070647787	0	0.9920085709	-0.1261705007	0	0.1261705007	0.9920085709	0	0	0	1
9.16	9.507667224	-0.01256552259	0	0.991826207	-0.1275961409	0	0.1275961409	0.991826207	0	0	0	1
9.17	9.520363391	-0.01693124452	0	0.991622461	-0.1291700232	0	0.1291700232	0.991622461	0	0	0	1
9.18	9.532708496	-0.02218777163	0	0.9914453856	-0.1305222105	0	0.1305222105	0.9914453856	0	0	0	1
9.19	9.544773682	-0.02836159658	0	0.9913056912	-0.1315789751	0	0.1315789751	0.9913056912	0	0	0	1
9.2	9.556645922	-0.03548110719	0	0.9911960419	-0.1324024417	0	0.1324024417	0.9911960419	0	0	0	1
9.21	9.56838553	-0.04357342045	0	0.9911214324	-0.1329597921	0	0.1329597921	0.9911214324	0	0	0	1
9.22	9.580008922	-0.05265958365	0	0.9910930221	-0.1331713991	0	0.1331713991	0.9910930221	0	0	0	1
9.23	9.591493994	-0.06275078742	0	0.9911154411	-0.1330044452	0	0.1330044452	0.9911154411	0	0	0	1
9.24	9.602715674	-0.07361913724	0	0.9910300586	-0.1336391521	0	0.1336391521	0.9910300586	0	0	0	1
9.25	9.613620315	-0.08409852478	0	0.9903687063	-0.1384551394	0	0.1384551394	0.9903687063	0	0	0	1
9.26	9.624447803	-0.09392982915	0	0.9898748421	-0.1419429354	0	0.1419429354	0.9898748421	0	0	0	1
9.27	9.635113104	-0.1029826301	0	0.9898717012	-0.1419648378	0	0.1419648378	0.9898717012	0	0	0	1
9.28	9.645573375	-0.1110240149	0	0.9903003966	-0.1389428822	0	0.1389428822	0.9903003966	0	0	0	1
9.29	9.655772062	-0.1175213547	0	0.9913199159	-0.1314717628	0	0.1314717628	0.9913199159	0	0	0	1
9.3	9.665339092	-0.1214447479	0	0.9930790292	-0.1174480389	0	0.1174480389	0.9930790292	0	0	0	1
9.31	9.674168337	-0.1227345915	0	0.9948102864	-0.1017472062	0	0.1017472062	0.9948102864	0	0	0	1
9.32	9.682471601	-0.1217109214	0	0.9962827667	-0.08614318817	0	0.08614318817	0.9962827667	0	0	0	1
9.33	9.690562981	-0.1188825254	0	0.9975261738	-0.07029603603	0	0.07029603603	0.9975261738	0	0	0	1
9.34	9.698723384	-0.1148281406	0	0.9985474996	-0.05387848393	0	0.05387848393	0.9985474996	0	0	0	1
9.35	9.707137644	-0.1100982088	0	0.9993061041	-0.03724661511	0	0.03724661511	0.9993061041	0	0	0	1
9.36	9.715866439	-0.1051531543	0	0.9997787301	-0.02103546825	0	0.02103546825	0.9997787301	0	0	0	1
9.37	9.724846194	-0.1003172657	0	0.9999826494	-0.005890738562	0	0.005890738562	0.9999826494	0	0	0	1
9.38	9.733945811	-0.09565253238	0	0.9999731341	0.007330142644	0	-0.007330142644	0.9999731341	0	0	0	1
9.39	9.743060677	-0.09111794881	0	0.9998150927	0.01922967478	0	-0.01922967478	0.9998150927	0	0	0	1
9.4	9.75207172	-0.08668916846	0	0.9995245017	0.03083456667	0	-0.03083456667	0.9995245017	0	0	0	1
9.41	9.760871417	-0.08235456137	0	0.9990979576	0.04246493932	0	-0.04246493932	0.9990979576	0	0	0	1
9.42	9.769418579	-0.07810925219	0	0.9985440166	0.0539429965	0	-0.0539429965	0.9985440166	0	0	0	1
9.43	9.777744036	-0.07395525027	0	0.9978821724	0.06504744418	0	-0.06504744418	0.9978821724	0	0	0	1
9.44	9.785921569	-0.06990209754	0	0.997133813	0.07565817205	0	-0.07565817205	0.997133813	0	0	0	1
9.45	9.794038183	-0.06596265849	0	0.9963197004	0.08571496163	0	-0.08571496163	0.9963197004	0	0	0	1
9.46	9.802174352	-0.06214475113	0	0.9954600859	0.0951799214	0	-0.0951799214	0.9954600859	0	0	0	1
9.47	9.810391291	-0.05844345622	0	0.994574054	0.1040310103	0	-0.1040310103	0.994574054	0	0	0	1
9.48	9.81871963	-0.05483798867	0	0.9936792808	0.1122563445	0	-0.1122563445	0.9936792808	0	0	0	1
9.49	9.827156302	-0.05129501906	0	0.9927919957	0.1198501286	0	-0.1198501286	0.9927919957	0	0	0	1
9.5	9.835672489	-0.04777647254	0	0.9919249648	0.1268261182	0	-0.1268261182	0.9919249648	0	0	0	1
9.51	9.844229882	-0.04424807394	0	0.9910836865	0.1332408585	0	-0.1332408585	0.9910836865	0	0	0	1
9.52	9.852797716	-0.04068568972	0	0.9902635446	0.1392052882	0	-0.1392052882	0.9902635446	0	0	0	1
9.53	9.861363872	-0.03707876832	0	0.989449834	0.1448758987	0	-0.1448758987	0.989449834	0	0	0	1
9.54	9.869937299	-0.03343178847	0	0.9886197895	0.15043574	0	-0.15043574	0.9886197895	0	0	0	1
9.55	9.878543043	-0.02976471476	0	0.9877449897	0.1560763767	0	-0.1560763767	0.9877449897	0	0	0	1
9.56	9.887213537	-0.02611247568	0	0.9867929414	0.1619866993	0	-0.1619866993	0.9867929414	0	0	0	1
9.57	9.895980485	-0.02252385897	0	0.9857284837	0.1683429727	0	-0.1683429727	0.9857284837	0	0	0	1
9.58	9.904868868	-0.01905864843	0	0.9845174034	0.1752868574	0	-0.1752868574	0.9845174034	0	0	0	1
9.59	9.913895236	-0.01578334944	0	0.9831323928	0.1828953202	0	-0.1828953202	0.9831323928	0	0	0	1
9.6	9.923070904	-0.01276516491	0	0.9815607291	0.1911505563	0	-0.1911505563	0.9815607291	0	0	0	1
9.61	9.932409811	-0.01006459089	0	0.9798113792	0.1999241384	0	-0.1999241384	0.9798113792	0	0	0	1
9.62	9.941938234	-0.007727715332	0	0.9779187125	0.2089856255	0	-0.2089856255	0.9779187125	0	0	0	1
9.63	9.951700361	-0.005781075978	0	0.9759423116	0.2180289072	0	-0.2180289072	0.9759423116	0	0	0	1
9.64	9.961754792	-0.004230313059	0	0.9739643631	0.2267011676	0	-0.2267011676	0.9739643631	0	0	0	1
9.65	9.972163718	-0.003062067773	0	0.9720844782	0.23463113	0	-0.23463113	0.9720844782	0	0	0	1
9.66	9.982982118	-0.002248812471	0	0.9704089372	0.2414673778	0	-0.2414673778	0.9704089372	0	0	0	1
9.67	9.994249007	-0.001757168	0	0.9690377155	0.2469127495	0	-0.2469127495	0.9690377155	0	0	0	1
9.68	10.00597962	-0.001558332365	0	0.9680540527	0.2507416023	0	-0.2507416023	0.9680540527	0	0	0	1
9.69	10.01816019	-0.001639489673	0	0.9675137073	0.2528185637	0	-0.2528185637	0.9675137073	0	0	0	1
9.7	10.0307473	-0.002014353218	0	0.9674351556	0.2531189832	0	-0.2531189832	0.9674351556	0	0	0	1
9.71	10.04366962	-0.002730407577	0	0.967795363	0.2517382278	0	-0.2517382278	0.967795363	0	0	0	1
9.72	10.05683042	-0.003870812475	0	0.9685335222	0.2488831381	0	-0.2488831381	0.9685335222	0	0	0	1
9.73	10.07011214	-0.005549357821	0	0.969562121	0.2448454483	0	-0.2448454483	0.969562121	0	0	0	1
9.74	10.08338359	-0.007898558038	0	0.9707836391	0.2399565087	0	-0.2399565087	0.9707836391	0	0	0	1
9.75	10.09650967	-0.01104701018	0	0.9720977445	0.2345761604	0	-0.2345761604	0.9720977445	0	0	0	1
9.76	10.10935001	-0.01505829302	0	0.9735510505	0.2284695867	0	-0.2284695867	0.9735510505	0	0	0	1
9.77	10.12183169	-0.01995129998	0	0.9753542319	0.2206447875	0	-0.2206447875	0.9753542319	0	0	0	1
9.78	10.13399918	-0.025750434	0	0.9774509249	0.2111627085	0	-0.2111627085	0.9774509249	0	0	0	1
9.79	10.14594001	-0.03248371855	0	0.9796605374	0.2006619832	0	-0.2006619832	0.9796605374	0	0	0	1
9.8	10.15772872	-0.04017927881	0	0.981847914	0.1896699074	0	-0.1896699074	0.981847914	0	0	0	1
9.81	10.16939988	-0.0488612006	0	0.9839499621	0.1784445911	0	-0.1784445911	0.9839499621	0	0	0	1
9.82	10.18094535	-0.05854495754	0	0.9859443921	0.1670738033	0	-0.1670738033	0.9859443921	0	0	0	1
9.83	10.1923146	-0.06920486182	0	0.9878248538	0.1555701072	0	-0.1555701072	0.9878248538	0	0	0	1
9.84	10.20329594	-0.07993250154	0	0.9894364684	0.1449671512	0	-0.1449671512	0.9894364684	0	0	0	1
9.85	10.21416038	-0.09003385243	0	0.9906813132	0.1362003512	0	-0.1362003512	0.9906813132	0	0	0	1
9.86	10.22490037	-0.0994257772	0	0.9920481643	0.1258588084	0	-0.1258588084	0.9920481643	0	0	0	1
9.87	10.23544478	-0.1079076444	0	0.9936577961	0.1124463619	0	-0.1124463619	0.9936577961	0	0	0	1
9.88	10.24577664	-0.1151679608	0	0.9953608329	0.09621232962	0	-0.09621232962	0.9953608329	0	0	0	1
9.89	10.25563976	-0.1201831933	0	0.9970151711	0.07720588499	0	-0.07720588499	0.9970151711	0	0	0	1
9.9	10.26475426	-0.1225147649	0	0.9984192558	0.05620488977	0	-0.05620488977	0.9984192558	0	0	0	1
9.91	10.27323432	-0.1223742373	0	0.9994090887	0.03437256849	0	-0.03437256849	0.9994090887	0	0	0	1
9.92	10.28137374	-0.1202080862	0	0.9999261528	0.01215273062	0	-0.01215273062	0.9999261528	0	0	0	1
9.93	10.28947757	-0.1165802434	0	0.9999473839	-0.01025813557	0	0.01025813557	0.9999473839	0	0	0	1
9.94	10.29777434	-0.1120622374	0	0.9994764026	-0.03235615371	0	0.03235615371	0.9994764026	0	0	0	1
9.95	10.30637674	-0.1071560554	0	0.9985737459	-0.05338983137	0	0.05338983137	0.9985737459	0	0	0	1
9.96	10.31526983	-0.1022516687	0	0.9973493966	-0.07276112309	0	0.07276112309	0.9973493966	0	0	0	1
9.97	10.32433462	-0.09752305699	0	0.9959224166	-0.09021385796	0	0.09021385796	0.9959224166	0	0	0	1
9.98	10.33345625	-0.09293975406	0	0.9943790063	-0.1058791379	0	0.1058791379	0.9943790063	0	0	0	1
9.99	10.34252441	-0.08847007866	0	0.992717276	-0.1204674642	0	0.1204674642	0.992717276	0	0	0	1
10	10.35141906	-0.08409829549	0	0.9908840839	-0.1347172308	0	0.1347172308	0.9908840839	0	0	0	1
