0	0.09468442194	-0.3799882347	0	0.9644613221	-0.2642240682	0	0.2642240682	0.9644613221	0	0	0	1
0.01	0.1160238663	-0.3799897657	0	0.9679740571	-0.2510502435	0	0.2510502435	0.9679740571	0	0	0	1
0.02	0.1390654184	-0.3808051422	0	0.974612951	-0.2238963949	0	0.2238963949	0.974612951	0	0	0	1
0.03	0.1626276673	-0.3828866196	0	0.9821282578	-0.1882128721	0	0.1882128721	0.9821282578	0	0	0	1
0.04	0.1868367044	-0.3861088128	0	0.9892759235	-0.1460587113	0	0.1460587113	0.9892759235	0	0	0	1
0.05	0.2114368331	-0.3903749107	0	0.9947573437	-0.1022635182	0	0.1022635182	0.9947573437	0	0	0	1
0.06	0.2359456597	-0.3956516594	0	0.9980467711	-0.06247113561	0	0.06247113561	0.9980467711	0	0	0	1
0.07	0.260012759	-0.4018986383	0	0.9995346661	-0.0305033008	0	0.0305033008	0.9995346661	0	0	0	1
0.08	0.2833978421	-0.4090936119	0	0.9999685213	-0.00793450962	0	0.00793450962	0.9999685213	0	0	0	1
0.09	0.3058786971	-0.4172673826	0	0.9999850264	0.005472381439	0	-0.005472381439	0.9999850264	0	0	0	1
0.1	0.3272393738	-0.4265014143	0	0.9999364409	0.01127448736	0	-0.01127448736	0.9999364409	0	0	0	1
0.11	0.3472839985	-0.4369020807	0	0.9999307133	0.01177151958	0	-0.01177151958	0.9999307133	0	0	0	1
0.12	0.3658362978	-0.4485688148	0	0.999955945	0.009386593431	0	-0.009386593431	0.999955945	0	0	0	1
0.13	0.3827355275	-0.4615654229	0	0.9999808378	0.006190634156	0	-0.006190634156	0.9999808378	0	0	0	1
0.14	0.3978450224	-0.4759023623	0	0.9999932051	0.003686430562	0	-0.003686430562	0.9999932051	0	0	0	1
0.15	0.4110743445	-0.4915352538	0	0.999995972	0.002838314482	0	-0.002838314482	0.999995972	0	0	0	1
0.16	0.4231628809	-0.5079771609	0	0.9999401222	0.01094313054	0	-0.01094313054	0.9999401222	0	0	0	1
0.17	0.435332071	-0.5230772881	0	0.9995118627	0.03124157847	0	-0.03124157847	0.9995118627	0	0	0	1
0.18	0.4441292745	-0.5369177172	0	0.9988150973	0.04866622372	0	-0.04866622372	0.9988150973	0	0	0	1
0.19	0.4465478347	-0.5479863701	0	0.9984843889	0.05503567205	0	-0.05503567205	0.9984843889	0	0	0	1
0.2	0.4464409404	-0.5544924594	0	0.9986013687	0.05287065785	0	-0.05287065785	0.9986013687	0	0	0	1
0.21	0.4472463523	-0.5562249491	0	0.9986941158	0.05108877571	0	-0.05108877571	0.9986941158	0	0	0	1
0.22	0.4498434455	-0.5541254993	0	0.9986288143	0.05234970179	0	-0.05234970179	0.9986288143	0	0	0	1
0.23	0.4537367752	-0.549550174	0	0.9984345411	0.05593270115	0	-0.05593270115	0.9984345411	0	0	0	1
0.24	0.4584007575	-0.5435821117	0	0.9981514207	0.06077615723	0	-0.06077615723	0.9981514207	0	0	0	1
0.25	0.464069984	-0.5368149027	0	0.9977339454	0.067282792	0	-0.067282792	0.9977339454	0	0	0	1
0.26	0.4716630405	-0.5292362442	0	0.9970129065	0.07723512272	0	-0.07723512272	0.9970129065	0	0	0	1
0.27	0.4813209048	-0.5208007737	0	0.9958939585	0.09052747281	0	-0.09052747281	0.9958939585	0	0	0	1
0.28	0.4924456543	-0.5116076443	0	0.9944185298	0.1055072866	0	-0.1055072866	0.9944185298	0	0	0	1
0.29	0.5042470636	-0.5018247226	0	0.9927314599	0.1203505235	0	-0.1203505235	0.9927314599	0	0	0	1
0.3	0.5160621253	-0.4916430366	0	0.9910112615	0.1337784718	0	-0.1337784718	0.9910112615	0	0	0	1
0.31	0.5274423214	-0.4812779955	0	0.9894041037	0.145187877	0	-0.145187877	0.9894041037	0	0	0	1
0.32	0.5381055437	-0.4709788444	0	0.9879980452	0.1544663803	0	-0.1544663803	0.9879980452	0	0	0	1
0.33	0.5478805196	-0.4610131716	0	0.986826299	0.1617833601	0	-0.1617833601	0.986826299	0	0	0	1
0.34	0.5567021515	-0.4516332152	0	0.9858774156	0.1674685684	0	-0.1674685684	0.9858774156	0	0	0	1
0.35	0.5646312074	-0.4430476652	0	0.9851226626	0.1718526681	0	-0.1718526681	0.9851226626	0	0	0	1
0.36	0.5718637496	-0.4354094559	0	0.9846689314	0.1744336424	0	-0.1744336424	0.9846689314	0	0	0	1
0.37	0.5788495113	-0.4287711444	0	0.9843207034	0.1763880746	0	-0.1763880746	0.9843207034	0	0	0	1
0.38	0.5859139852	-0.4231394536	0	0.9837779782	0.1793903275	0	-0.1793903275	0.9837779782	0	0	0	1
0.39	0.5931714251	-0.4185117277	0	0.9829047198	0.1841149416	0	-0.1841149416	0.9829047198	0	0	0	1
0.4	0.6007047296	-0.4148728655	0	0.9815760691	0.1910717679	0	-0.1910717679	0.9815760691	0	0	0	1
0.41	0.6084933237	-0.412150491	0	0.9798346849	0.1998098855	0	-0.1998098855	0.9798346849	0	0	0	1
0.42	0.6167849723	-0.4102842758	0	0.9776866201	0.2100687339	0	-0.2100687339	0.9776866201	0	0	0	1
0.43	0.6258804664	-0.4092211457	0	0.9749592128	0.2223837525	0	-0.2223837525	0.9749592128	0	0	0	1
0.44	0.6359192644	-0.4088963261	0	0.9714882062	0.2370878849	0	-0.2370878849	0.9714882062	0	0	0	1
0.45	0.6469433813	-0.4092466844	0	0.9670900759	0.2544342449	0	-0.2544342449	0.9670900759	0	0	0	1
0.46	0.6589662462	-0.4102278878	0	0.9615357977	0.2746796493	0	-0.2746796493	0.9615357977	0	0	0	1
0.47	0.6719908781	-0.4118242464	0	0.9545454536	0.2980653904	0	-0.2980653904	0.9545454536	0	0	0	1
0.48	0.6859940449	-0.4140507418	0	0.9457995913	0.3247508786	0	-0.3247508786	0.9457995913	0	0	0	1
0.49	0.7009069392	-0.4169508418	0	0.9349594924	0.3547544892	0	-0.3547544892	0.9349594924	0	0	0	1
0.5	0.7166091772	-0.4205925453	0	0.9216905571	0.3879259168	0	-0.3879259168	0.9216905571	0	0	0	1
0.51	0.732938596	-0.4250626896	0	0.9056887781	0.4239432004	0	-0.4239432004	0.9056887781	0	0	0	1
0.52	0.7497122264	-0.4304587922	0	0.8867214857	0.4623040198	0	-0.4623040198	0.8867214857	0	0	0	1
0.53	0.7667462319	-0.4368746626	0	0.8648786518	0.5019809933	0	-0.5019809933	0.8648786518	0	0	0	1
0.54	0.7840606486	-0.4443924075	0	0.8406169262	0.5416301168	0	-0.5416301168	0.8406169262	0	0	0	1
0.55	0.8018814945	-0.4530613309	0	0.8130140071	0.5822441277	0	-0.5822441277	0.8130140071	0	0	0	1
0.56	0.8199937128	-0.4628447432	0	0.7815244923	0.6238745611	0	-0.6238745611	0.7815244923	0	0	0	1
0.57	0.8380331362	-0.4736891967	0	0.7461728034	0.6657523169	0	-0.6657523169	0.7461728034	0	0	0	1
0.58	0.8557489553	-0.4855611579	0	0.7072401881	0.7069733491	0	-0.7069733491	0.7072401881	0	0	0	1
0.59	0.8730190035	-0.4984371627	0	0.6653732966	0.7465108012	0	-0.7465108012	0.6653732966	0	0	0	1
0.6	0.8898066503	-0.5122644911	0	0.6218262345	0.7831552427	0	-0.7831552427	0.6218262345	0	0	0	1
0.61	0.9059867136	-0.5259342997	0	0.5802596013	0.8144315779	0	-0.8144315779	0.5802596013	0	0	0	1
0.62	0.9218941536	-0.5384563125	0	0.5430498934	0.8397004307	0	-0.8397004307	0.5430498934	0	0	0	1
0.63	0.9385332525	-0.5495822161	0	0.5102260131	0.8600403569	0	-0.8600403569	0.5102260131	0	0	0	1
0.64	0.9563495202	-0.5582173065	0	0.4850424598	0.8744906015	0	-0.8744906015	0.4850424598	0	0	0	1
0.65	0.9752646705	-0.5631416261	0	0.4715830003	0.8818216792	0	-0.8818216792	0.4715830003	0	0	0	1
0.66	0.994899702	-0.564277823	0	0.4711298486	0.8820638672	0	-0.8820638672	0.4711298486	0	0	0	1
0.67	1.014839283	-0.5619394563	0	0.4823902282	0.8759564303	0	-0.8759564303	0.4823902282	0	0	0	1
0.68	1.034934593	-0.5568108694	0	0.5015519595	0.8651275235	0	-0.8651275235	0.5015519595	0	0	0	1
0.69	1.055176377	-0.5497815428	0	0.5243601539	0.8514965819	0	-0.8514965819	0.5243601539	0	0	0	1
0.7	1.075477183	-0.5417441188	0	0.5480955925	0.836415699	0	-0.836415699	0.5480955925	0	0	0	1
0.71	1.09561912	-0.5334274041	0	0.5721422179	0.820154426	0	-0.820154426	0.5721422179	0	0	0	1
0.72	1.115291482	-0.5251104229	0	0.5976565125	0.8017522641	0	-0.8017522641	0.5976565125	0	0	0	1
0.73	1.134351266	-0.5167735738	0	0.6257210166	0.7800469277	0	-0.7800469277	0.6257210166	0	0	0	1
0.74	1.152902711	-0.508343652	0	0.6564389418	0.7543791591	0	-0.7543791591	0.6564389418	0	0	0	1
0.75	1.17107578	-0.4997508018	0	0.6894265033	0.7243556423	0	-0.7243556423	0.6894265033	0	0	0	1
0.76	1.18887512	-0.4909825817	0	0.7241693807	0.6896221487	0	-0.6896221487	0.7241693807	0	0	0	1
0.77	1.206196099	-0.482100444	0	0.7599874922	0.6499376984	0	-0.6499376984	0.7599874922	0	0	0	1
0.78	1.222918243	-0.473219568	0	0.7959326185	0.6053852218	0	-0.6053852218	0.7959326185	0	0	0	1
0.79	1.238963641	-0.4644779139	0	0.8309035048	0.5564165397	0	-0.5564165397	0.8309035048	0	0	0	1
0.8	1.254291263	-0.4560157478	0	0.8639065909	0.5036520646	0	-0.5036520646	0.8639065909	0	0	0	1
0.81	1.268869956	-0.4479644047	0	0.8942363226	0.4475951288	0	-0.4475951288	0.8942363226	0	0	0	1
0.82	1.282670966	-0.4404396789	0	0.9214486689	0.3885001294	0	-0.3885001294	0.9214486689	0	0	0	1
0.83	1.295682664	-0.4335350242	0	0.9452166908	0.3264435746	0	-0.3264435746	0.9452166908	0	0	0	1
0.84	1.307923433	-0.4273203727	0	0.9652031222	0.2615013059	0	-0.2615013059	0.9652031222	0	0	0	1
0.85	1.319439549	-0.4218456634	0	0.9810170175	0.1939216631	0	-0.1939216631	0.9810170175	0	0	0	1
0.86	1.330294826	-0.4171457028	0	0.9922493992	0.1242623423	0	-0.1242623423	0.9922493992	0	0	0	1
0.87	1.340562161	-0.4132418291	0	0.9985685701	0.05348654859	0	-0.05348654859	0.9985685701	0	0	0	1
0.88	1.350317866	-0.4101404284	0	0.9998554047	-0.01700499083	0	0.01700499083	0.9998554047	0	0	0	1
0.89	1.359635589	-0.4078308254	0	0.9963435091	-0.08543776614	0	0.08543776614	0.9963435091	0	0	0	1
0.9	1.36858007	-0.4062844406	0	0.9887150794	-0.1498081834	0	0.1498081834	0.9887150794	0	0	0	1
0.91	1.377202107	-0.4054561568	0	0.9781123548	-0.2080774408	0	0.2080774408	0.9781123548	0	0	0	1
0.92	1.385537284	-0.4052878029	0	0.9660504175	-0.258353616	0	0.258353616	0.9660504175	0	0	0	1
0.93	1.393607955	-0.4057143381	0	0.9542387351	-0.2990458768	0	0.2990458768	0.9542387351	0	0	0	1
0.94	1.401429076	-0.406672005	0	0.9443435904	-0.3289607625	0	0.3289607625	0.9443435904	0	0	0	1
0.95	1.409015607	-0.4081074965	0	0.9377399528	-0.3473381363	0	0.3473381363	0.9377399528	0	0	0	1
0.96	1.416388927	-0.4099873942	0	0.9352992481	-0.353857763	0	0.353857763	0.9352992481	0	0	0	1
0.97	1.423580596	-0.4123057047	0	0.9372617338	-0.3486265085	0	0.3486265085	0.9372617338	0	0	0	1
0.98	1.430632278	-0.4150883318	0	0.9432189604	-0.3321716315	0	0.3321716315	0.9432189604	0	0	0	1
0.99	1.437591889	-0.4183929393	0	0.9522129659	-0.3054348827	0	0.3054348827	0.9522129659	0	0	0	1
1	1.444507879	-0.4223041361	0	0.9629282791	-0.2697575379	0	0.2697575379	0.9629282791	0	0	0	1
1.01	1.45142291	-0.426924103	0	0.9739338524	-0.2268322094	0	0.2268322094	0.9739338524	0	0	0	1
1.02	1.458367675	-0.4323544136	0	0.9839161915	-0.1786307033	0	0.1786307033	0.9839161915	0	0	0	1
1.03	1.465350138	-0.4386741483	0	0.9918632754	-0.1273076704	0	0.1273076704	0.9918632754	0	0	0	1
1.04	1.472369874	-0.4459605107	0	0.9971818454	-0.07502244531	0	0.07502244531	0.9971818454	0	0	0	1
1.05	1.479473621	-0.4542760149	0	0.9997208189	-0.02362803973	0	0.02362803973	0.9997208189	0	0	0	1
1.06	1.486754751	-0.463656147	0	0.9996789964	0.02533582816	0	-0.02533582816	0.9996789964	0	0	0	1
1.07	1.494267787	-0.4741098568	0	0.9975256235	0.07030384322	0	-0.07030384322	0.9975256235	0	0	0	1
1.08	1.501954361	-0.4856282103	0	0.9939798414	0.1095631094	0	-0.1095631094	0.9939798414	0	0	0	1
1.09	1.50965019	-0.4981880065	0	0.9899256846	0.1415879196	0	-0.1415879196	0.9899256846	0	0	0	1
1.1	1.517459471	-0.511565708	0	0.9866253393	0.1630044167	0	-0.1630044167	0.9866253393	0	0	0	1
1.11	1.528509709	-0.5239518005	0	0.9831862638	0.1826055054	0	-0.1826055054	0.9831862638	0	0	0	1
1.12	1.538932611	-0.5354712803	0	0.9798297105	0.1998342773	0	-0.1998342773	0.9798297105	0	0	0	1
1.13	1.545818382	-0.5461023475	0	0.9769960618	0.2132573452	0	-0.2132573452	0.9769960618	0	0	0	1
1.14	1.547115909	-0.5544017447	0	0.9763365232	0.2162567767	0	-0.2162567767	0.9763365232	0	0	0	1
1.15	1.545361512	-0.5593508723	0	0.9777040263	0.2099877069	0	-0.2099877069	0.9777040263	0	0	0	1
1.16	1.542260094	-0.5608543537	0	0.9799921473	0.1990361558	0	-0.1990361558	0.9799921473	0	0	0	1
1.17	1.538539393	-0.5593381929	0	0.9826287237	0.1855823035	0	-0.1855823035	0.9826287237	0	0	0	1
1.18	1.534877242	-0.5555093035	0	0.9851568686	0.1716564715	0	-0.1716564715	0.9851568686	0	0	0	1
1.19	1.53208927	-0.5501863642	0	0.9871898128	0.1595502228	0	-0.1595502228	0.9871898128	0	0	0	1
1.2	1.530856636	-0.5441434711	0	0.9885199187	0.1510906034	0	-0.1510906034	0.9885199187	0	0	0	1
1.21	1.531549423	-0.5379418478	0	0.989127371	0.147061361	0	-0.147061361	0.989127371	0	0	0	1
1.22	1.5343705	-0.5317015428	0	0.9890518563	0.1475683761	0	-0.1475683761	0.9890518563	0	0	0	1
1.23	1.538951488	-0.5253746571	0	0.9884627489	0.1514641672	0	-0.1514641672	0.9884627489	0	0	0	1
1.24	1.544784103	-0.5189101796	0	0.9875349846	0.1573996637	0	-0.1573996637	0.9875349846	0	0	0	1
1.25	1.551518895	-0.5122799949	0	0.9863789046	0.1644890776	0	-0.1644890776	0.9863789046	0	0	0	1
1.26	1.558963466	-0.5054821142	0	0.9850505828	0.1722653456	0	-0.1722653456	0.9850505828	0	0	0	1
1.27	1.567020583	-0.4985375969	0	0.9835724658	0.1805137239	0	-0.1805137239	0.9835724658	0	0	0	1
1.28	1.575636583	-0.4914862276	0	0.981949654	0.1891424781	0	-0.1891424781	0.981949654	0	0	0	1
1.29	1.584763594	-0.4843797408	0	0.980183346	0.1980924233	0	-0.1980924233	0.980183346	0	0	0	1
1.3	1.594332423	-0.4772758847	0	0.9782821757	0.2072775547	0	-0.2072775547	0.9782821757	0	0	0	1
1.31	1.604234499	-0.4702365941	0	0.9762709108	0.216552785	0	-0.216552785	0.9762709108	0	0	0	1
1.32	1.614312561	-0.4633305332	0	0.9741955246	0.2257057372	0	-0.2257057372	0.9741955246	0	0	0	1
1.33	1.624364078	-0.4566364287	0	0.9721222688	0.2344745073	0	-0.2344745073	0.9721222688	0	0	0	1
1.34	1.634163643	-0.4502427006	0	0.9701279933	0.2425936448	0	-0.2425936448	0.9701279933	0	0	0	1
1.35	1.643501825	-0.4442424878	0	0.9682828366	0.2498566556	0	-0.2498566556	0.9682828366	0	0	0	1
1.36	1.652229329	-0.4387253242	0	0.9666305089	0.2561746655	0	-0.2561746655	0.9666305089	0	0	0	1
1.37	1.660291346	-0.4337680297	0	0.9651726398	0.2616137905	0	-0.2616137905	0.9651726398	0	0	0	1
1.38	1.667742368	-0.4294266477	0	0.9638613315	0.2664044548	0	-0.2664044548	0.9638613315	0	0	0	1
1.39	1.674738113	-0.4257318752	0	0.9626013231	0.2709219311	0	-0.2709219311	0.9626013231	0	0	0	1
1.4	1.681509298	-0.4226890052	0	0.9612604529	0.2756416908	0	-0.2756416908	0.9612604529	0	0	0	1
1.41	1.688324466	-0.4202826804	0	0.9596833041	0.281083539	0	-0.281083539	0.9596833041	0	0	0	1
1.42	1.695453256	-0.4184846693	0	0.957699955	0.2877686505	0	-0.2877686505	0.957699955	0	0	0	1
1.43	1.703131122	-0.4172626177	0	0.9551308917	0.2961840302	0	-0.2961840302	0.9551308917	0	0	0	1
1.44	1.71153079	-0.4165890699	0	0.9517893439	0.3067524163	0	-0.3067524163	0.9517893439	0	0	0	1
1.45	1.720747174	-0.4164494949	0	0.9474808565	0.3198124867	0	-0.3198124867	0.9474808565	0	0	0	1
1.46	1.730795441	-0.4168488666	0	0.9420020037	0.3356072482	0	-0.3356072482	0.9420020037	0	0	0	1
1.47	1.741621247	-0.417815812	0	0.9351393021	0.3542802361	0	-0.3542802361	0.9351393021	0	0	0	1
1.48	1.753119162	-0.4194036975	0	0.9266705298	0.3758746189	0	-0.3758746189	0.9266705298	0	0	0	1
1.49	1.765156373	-0.4216880121	0	0.9163713843	0.400329222	0	-0.400329222	0.9163713843	0	0	0	1
1.5	1.777596042	-0.4247594614	0	0.9040524578	0.4274215173	0	-0.4274215173	0.9040524578	0	0	0	1
1.51	1.786433996	-0.427716254	0	0.8970215596	0.441986789	0	-0.441986789	0.8970215596	0	0	0	1
1.52	1.794648843	-0.431403917	0	0.8868556646	0.462046567	0	-0.462046567	0.8868556646	0	0	0	1
1.53	1.803468188	-0.436075561	0	0.8739334621	0.486045578	0	-0.486045578	0.8739334621	0	0	0	1
1.54	1.812773887	-0.4416313576	0	0.858309366	0.5131325679	0	-0.5131325679	0.858309366	0	0	0	1
1.55	1.822558765	-0.4480448076	0	0.839868421	0.5427900473	0	-0.5427900473	0.839868421	0	0	0	1
1.56	1.832997806	-0.4553768533	0	0.8183439298	0.5747288166	0	-0.5747288166	0.8183439298	0	0	0	1
1.57	1.844290432	-0.4637435176	0	0.79248065	0.6098970564	0	-0.6098970564	0.79248065	0	0	0	1
1.58	1.856077293	-0.4732410186	0	0.7600805285	0.6498288931	0	-0.6498288931	0.7600805285	0	0	0	1
1.59	1.867655735	-0.4838519708	0	0.7208017494	0.6931412829	0	-0.6931412829	0.7208017494	0	0	0	1
1.6	1.878653494	-0.495552427	0	0.6752595932	0.7375801528	0	-0.7375801528	0.6752595932	0	0	0	1
1.61	1.888919621	-0.5082673414	0	0.6245361127	0.7809959308	0	-0.7809959308	0.6245361127	0	0	0	1
1.62	1.897694609	-0.5207374833	0	0.5748097519	0.8182870823	0	-0.8182870823	0.5748097519	0	0	0	1
1.63	1.904909987	-0.5321641868	0	0.529464836	0.8483318852	0	-0.8483318852	0.529464836	0	0	0	1
1.64	1.913340729	-0.5428253754	0	0.4815800897	0.8764020865	0	-0.8764020865	0.4815800897	0	0	0	1
1.65	1.924337881	-0.5518392659	0	0.4316796157	0.9020270004	0	-0.9020270004	0.4316796157	0	0	0	1
1.66	1.937368653	-0.5579109524	0	0.3883641128	0.9215060043	0	-0.9215060043	0.3883641128	0	0	0	1
1.67	1.951485477	-0.5606699861	0	0.3597207216	0.9330600208	0	-0.9330600208	0.3597207216	0	0	0	1
1.68	1.966502147	-0.5602209684	0	0.348791137	0.9372004816	0	-0.9372004816	0.348791137	0	0	0	1
1.69	1.982546133	-0.5570645615	0	0.3546066625	0.9350155693	0	-0.9350155693	0.3546066625	0	0	0	1
1.7	1.999548776	-0.5519787516	0	0.3742320462	0.9273350935	0	-0.9273350935	0.3742320462	0	0	0	1
1.71	2.017268858	-0.5458844229	0	0.4033376305	0.9150512312	0	-0.9150512312	0.4033376305	0	0	0	1
1.72	2.035597548	-0.5396082025	0	0.4364034032	0.8997511154	0	-0.8997511154	0.4364034032	0	0	0	1
1.73	2.054677071	-0.5335112883	0	0.4682083939	0.8836180735	0	-0.8836180735	0.4682083939	0	0	0	1
1.74	2.074812535	-0.5276951823	0	0.4951012693	0.8688352739	0	-0.8688352739	0.4951012693	0	0	0	1
1.75	2.09610208	-0.5220900998	0	0.5165120818	0.8562799013	0	-0.8562799013	0.5165120818	0	0	0	1
1.76	2.11826913	-0.51651873	0	0.5346985416	0.8450428804	0	-0.8450428804	0.5346985416	0	0	0	1
1.77	2.140846595	-0.5107903732	0	0.5529772473	0.8331963538	0	-0.8331963538	0.5529772473	0	0	0	1
1.78	2.163403189	-0.5047658418	0	0.5740238865	0.8188385541	0	-0.8188385541	0.5740238865	0	0	0	1
1.79	2.18561449	-0.4983899859	0	0.5990358019	0.8007222415	0	-0.8007222415	0.5990358019	0	0	0	1
1.8	2.207212325	-0.4917021945	0	0.6277504378	0.7784146632	0	-0.7784146632	0.6277504378	0	0	0	1
1.81	2.227921341	-0.4848308349	0	0.6589376522	0.7521975608	0	-0.7521975608	0.6589376522	0	0	0	1
1.82	2.247438989	-0.4779730092	0	0.6910068348	0.7228482235	0	-0.7228482235	0.6910068348	0	0	0	1
1.83	2.26545393	-0.4713611473	0	0.7225208611	0.6913491197	0	-0.6913491197	0.7225208611	0	0	0	1
1.84	2.281674754	-0.465223019	0	0.7525261191	0.6585624041	0	-0.6585624041	0.7525261191	0	0	0	1
1.85	2.29584942	-0.4597451197	0	0.7806844501	0.624925427	0	-0.624925427	0.7806844501	0	0	0	1
1.86	2.307774092	-0.4550476663	0	0.8072330486	0.5902328398	0	-0.5902328398	0.8072330486	0	0	0	1
1.87	2.317297229	-0.4511760034	0	0.8328106507	0.5535579645	0	-0.5535579645	0.8328106507	0	0	0	1
1.88	2.324323104	-0.4481078173	0	0.8581993526	0.513316541	0	-0.513316541	0.8581993526	0	0	0	1
1.89	2.328816931	-0.445770614	0	0.8840250388	0.4674395477	0	-0.4674395477	0.8840250388	0	0	0	1
1.9	2.330820834	-0.4440607027	0	0.9104263394	0.4136712228	0	-0.4136712228	0.9104263394	0	0	0	1
1.91	2.330507812	-0.4428535812	0	0.9367039877	0.3501223208	0	-0.3501223208	0.9367039877	0	0	0	1
1.92	2.328325432	-0.4419986713	0	0.9610524473	0.2763660499	0	-0.2763660499	0.9610524473	0	0	0	1
1.93	2.3252005	-0.4413157579	0	0.9808020994	0.1950057481	0	-0.1950057481	0.9808020994	0	0	0	1
1.94	2.322544042	-0.4406376533	0	0.9936750696	0.1122936154	0	-0.1122936154	0.9936750696	0	0	0	1
1.95	2.321621609	-0.4399212699	0	0.9993743986	0.03536681107	0	-0.03536681107	0.9993743986	0	0	0	1
1.96	2.322801712	-0.439291706	0	0.9994959819	-0.03174558493	0	0.03174558493	0.9994959819	0	0	0	1
1.97	2.325866471	-0.4389052989	0	0.9961638261	-0.08750789378	0	0.08750789378	0.9961638261	0	0	0	1
1.98	2.330759329	-0.4388193128	0	0.9915059416	-0.1300613999	0	0.1300613999	0.9915059416	0	0	0	1
1.99	2.337501338	-0.4390361043	0	0.9874468519	-0.1579516215	0	0.1579516215	0.9874468519	0	0	0	1
2	2.345929726	-0.4395701019	0	0.9851881639	-0.1714767671	0	0.1714767671	0.9851881639	0	0	0	1
2.01	2.355845089	-0.4404479116	0	0.985091235	-0.1720327256	0	0.1720327256	0.985091235	0	0	0	1
2.02	2.367113818	-0.4417153489	0	0.9868731517	-0.1614973138	0	0.1614973138	0.9868731517	0	0	0	1
2.03	2.379609021	-0.4434558014	0	0.9898344863	-0.1422240828	0	0.1422240828	0.9898344863	0	0	0	1
2.04	2.393173302	-0.4457875396	0	0.9931453185	-0.1168861682	0	0.1168861682	0.9931453185	0	0	0	1
2.05	2.40761836	-0.4488439344	0	0.9961063232	-0.08816004082	0	0.08816004082	0.9961063232	0	0	0	1
2.06	2.422728351	-0.4527449188	0	0.998291087	-0.0584371934	0	0.0584371934	0.998291087	0	0	0	1
2.07	2.438251871	-0.4575433902	0	0.9995599762	-0.02966233317	0	0.02966233317	0.9995599762	0	0	0	1
2.08	2.453897486	-0.4632548236	0	0.9999945014	-0.00331619333	0	0.00331619333	0.9999945014	0	0	0	1
2.09	2.469543069	-0.4699012128	0	0.9997914262	0.02042312563	0	-0.02042312563	0.9997914262	0	0	0	1
2.1	2.485198228	-0.4775053614	0	0.9991062651	0.0422690312	0	-0.0422690312	0.9991062651	0	0	0	1
2.11	2.500816005	-0.4860929143	0	0.9980297065	0.06274316679	0	-0.06274316679	0.9980297065	0	0	0	1
2.12	2.516261531	-0.4956888343	0	0.9966420094	0.08188226387	0	-0.08188226387	0.9966420094	0	0	0	1
2.13	2.531611114	-0.5062194088	0	0.9947307631	0.1025217488	0	-0.1025217488	0.9947307631	0	0	0	1
2.14	2.546935308	-0.5167362676	0	0.9909976556	0.1338792242	0	-0.1338792242	0.9909976556	0	0	0	1
2.15	2.560017742	-0.5268807225	0	0.9871860264	0.1595736481	0	-0.1595736481	0.9871860264	0	0	0	1
2.16	2.571038852	-0.5364596234	0	0.9836259534	0.1802220403	0	-0.1802220403	0.9836259534	0	0	0	1
2.17	2.580708065	-0.545149444	0	0.9803159685	0.1974350576	0	-0.1974350576	0.9803159685	0	0	0	1
2.18	2.588942435	-0.552635603	0	0.9768187412	0.2140680893	0	-0.2140680893	0.9768187412	0	0	0	1
2.19	2.593423801	-0.5581137095	0	0.9745183102	0.224307965	0	-0.224307965	0.9745183102	0	0	0	1
2.2	2.59570969	-0.5609923045	0	0.9737505399	0.2276178507	0	-0.2276178507	0.9737505399	0	0	0	1
2.21	2.597257924	-0.5613436442	0	0.973678157	0.2279272835	0	-0.2279272835	0.973678157	0	0	0	1
2.22	2.598469488	-0.559611256	0	0.9739680422	0.2266853607	0	-0.2266853607	0.9739680422	0	0	0	1
2.23	2.599473356	-0.5563550194	0	0.9744574356	0.2245722739	0	-0.2245722739	0.9744574356	0	0	0	1
2.24	2.600542088	-0.5521123979	0	0.9749434982	0.222452636	0	-0.222452636	0.9749434982	0	0	0	1
2.25	2.601992881	-0.5473524944	0	0.9752318701	0.2211849894	0	-0.2211849894	0.9752318701	0	0	0	1
2.26	2.604045151	-0.5424472024	0	0.975211985	0.2212726471	0	-0.2212726471	0.975211985	0	0	0	1
2.27	2.607012799	-0.5375371687	0	0.9747379709	0.2233514902	0	-0.2233514902	0.9747379709	0	0	0	1
2.28	2.610661289	-0.5326179389	0	0.9739681179	0.2266850354	0	-0.2266850354	0.9739681179	0	0	0	1
2.29	2.614388662	-0.5276791482	0	0.973235181	0.2298114061	0	-0.2298114061	0.973235181	0	0	0	1
2.3	2.617900687	-0.5227178128	0	0.9726888884	0.2321127451	0	-0.2321127451	0.9726888884	0	0	0	1
2.31	2.621247224	-0.5177470853	0	0.972291155	0.233773202	0	-0.233773202	0.972291155	0	0	0	1
2.32	2.624600257	-0.5127937351	0	0.9719441903	0.2352115877	0	-0.2352115877	0.9719441903	0	0	0	1
2.33	2.628121739	-0.507892169	0	0.9715597697	0.236794455	0	-0.236794455	0.9715597697	0	0	0	1
2.34	2.631940769	-0.503078069	0	0.9710680743	0.2388028371	0	-0.2388028371	0.9710680743	0	0	0	1
2.35	2.63615546	-0.4983799093	0	0.97041757	0.2414326817	0	-0.2414326817	0.97041757	0	0	0	1
2.36	2.640827926	-0.4938105972	0	0.9695801385	0.2447740899	0	-0.2447740899	0.9695801385	0	0	0	1
2.37	2.645978956	-0.4893640089	0	0.9685540379	0.248803287	0	-0.248803287	0.9685540379	0	0	0	1
2.38	2.651588287	-0.4850188663	0	0.9673610692	0.2534019768	0	-0.2534019768	0.9673610692	0	0	0	1
2.39	2.657596959	-0.4807466024	0	0.9660420106	0.2583850494	0	-0.2583850494	0.9660420106	0	0	0	1
2.4	2.663913336	-0.4765192015	0	0.9646512284	0.2635298989	0	-0.2635298989	0.9646512284	0	0	0	1
2.41	2.670426018	-0.472314621	0	0.9632490832	0.2686097609	0	-0.2686097609	0.9632490832	0	0	0	1
2.42	2.677021786	-0.4681203185	0	0.9618923202	0.2734285362	0	-0.2734285362	0.9618923202	0	0	0	1
2.43	2.68360014	-0.4639356031	0	0.9606262217	0.2778439528	0	-0.2778439528	0.9606262217	0	0	0	1
2.44	2.690079331	-0.459773196	0	0.959481174	0.2817727396	0	-0.2817727396	0.959481174	0	0	0	1
2.45	2.696395788	-0.4556597587	0	0.9584728867	0.2851836697	0	-0.2851836697	0.9584728867	0	0	0	1
2.46	2.702505244	-0.4516349561	0	0.9576022975	0.2880934568	0	-0.2880934568	0.9576022975	0	0	0	1
2.47	2.708390878	-0.4477490988	0	0.9568522042	0.2905750493	0	-0.2905750493	0.9568522042	0	0	0	1
2.48	2.714077979	-0.4440599831	0	0.9561805241	0.2927777406	0	-0.2927777406	0.9561805241	0	0	0	1
2.49	2.719648553	-0.4406286031	0	0.9555137863	0.294946443	0	-0.294946443	0.9555137863	0	0	0	1
2.5	2.725247386	-0.4375138405	0	0.9547451761	0.2974250305	0	-0.2974250305	0.9547451761	0	0	0	1
2.51	2.731074636	-0.4347662061	0	0.9537387245	0.3006367334	0	-0.3006367334	0.9537387245	0	0	0	1
2.52	2.737367443	-0.4324255092	0	0.9523346287	0.3050553309	0	-0.3050553309	0.9523346287	0	0	0	1
2.53	2.744374168	-0.4305200052	0	0.9503536257	0.3111719558	0	-0.3111719558	0.9503536257	0	0	0	1
2.54	2.752326002	-0.4290678089	0	0.9475998074	0.3194598644	0	-0.3194598644	0.9475998074	0	0	0	1
2.55	2.76140891	-0.4280794987	0	0.9438637122	0.3303351219	0	-0.3303351219	0.9438637122	0	0	0	1
2.56	2.771743293	-0.4275637874	0	0.9389226625	0.3441282229	0	-0.3441282229	0.9389226625	0	0	0	1
2.57	2.783369966	-0.4275349636	0	0.9325422591	0.3610608466	0	-0.3610608466	0.9325422591	0	0	0	1
2.58	2.796240417	-0.4280195591	0	0.9244840594	0.3812207022	0	-0.3812207022	0.9244840594	0	0	0	1
2.59	2.810215327	-0.4290614817	0	0.9145182197	0.4045447143	0	-0.4045447143	0.9145182197	0	0	0	1
2.6	2.825073543	-0.4307248828	0	0.9024418709	0.4308116405	0	-0.4308116405	0.9024418709	0	0	0	1
2.61	2.840534285	-0.4330930954	0	0.8881053168	0.4596400181	0	-0.4596400181	0.8881053168	0	0	0	1
2.62	2.856288645	-0.4362600912	0	0.8714902096	0.4904129022	0	-0.4904129022	0.8714902096	0	0	0	1
2.63	2.872036366	-0.4403005542	0	0.853567125	0.5209828818	0	-0.5209828818	0.853567125	0	0	0	1
2.64	2.888001127	-0.4453310896	0	0.8349771399	0.5502846316	0	-0.5502846316	0.8349771399	0	0	0	1
2.65	2.904447185	-0.4514228985	0	0.8149686215	0.5795050871	0	-0.5795050871	0.8149686215	0	0	0	1
2.66	2.921244497	-0.4585362085	0	0.7931465391	0.6090308428	0	-0.6090308428	0.7931465391	0	0	0	1
2.67	2.938178796	-0.4666186134	0	0.7692984004	0.6388896392	0	-0.6388896392	0.7692984004	0	0	0	1
2.68	2.955117488	-0.4756496559	0	0.7431797262	0.6690918432	0	-0.6690918432	0.7431797262	0	0	0	1
2.69	2.971997668	-0.4856317531	0	0.7145809222	0.6995527897	0	-0.6995527897	0.7145809222	0	0	0	1
2.7	2.988773681	-0.4965701932	0	0.6833984554	0.7300455816	0	-0.7300455816	0.6833984554	0	0	0	1
2.71	3.005326766	-0.5083047833	0	0.6501026827	0.7598463673	0	-0.7598463673	0.6501026827	0	0	0	1
2.72	3.020799336	-0.5195836595	0	0.6182743815	0.7859623332	0	-0.7859623332	0.6182743815	0	0	0	1
2.73	3.035857736	-0.530131949	0	0.5877985534	0.8090073304	0	-0.8090073304	0.5877985534	0	0	0	1
2.74	3.051841564	-0.5400010778	0	0.5567278434	0.8306949551	0	-0.8306949551	0.5567278434	0	0	0	1
2.75	3.068964483	-0.5489416699	0	0.5257554269	0.8506357805	0	-0.8506357805	0.5257554269	0	0	0	1
2.76	3.087020775	-0.556265353	0	0.4978950094	0.8672373145	0	-0.8672373145	0.4978950094	0	0	0	1
2.77	3.105525836	-0.5608623564	0	0.4779771774	0.8783722547	0	-0.8783722547	0.4779771774	0	0	0	1
2.78	3.123862043	-0.5626121435	0	0.4685371156	0.8834438133	0	-0.8834438133	0.4685371156	0	0	0	1
2.79	3.141903699	-0.561796849	0	0.4682481954	0.8835969825	0	-0.8835969825	0.4682481954	0	0	0	1
2.8	3.159875706	-0.5589198387	0	0.4733812478	0.880857647	0	-0.880857647	0.4733812478	0	0	0	1
2.81	3.177925849	-0.5545686653	0	0.4804659187	0.8770133984	0	-0.8770133984	0.4804659187	0	0	0	1
2.82	3.195940633	-0.5493263192	0	0.4877145547	0.8730031576	0	-0.8730031576	0.4877145547	0	0	0	1
2.83	3.213649093	-0.5437131627	0	0.4949197614	0.8689386801	0	-0.8689386801	0.4949197614	0	0	0	1
2.84	3.23078701	-0.5381093111	0	0.5027820161	0.864413237	0	-0.864413237	0.5027820161	0	0	0	1
2.85	3.247185397	-0.532608158	0	0.5123233791	0.8587926148	0	-0.8587926148	0.5123233791	0	0	0	1
2.86	3.262953866	-0.5271901955	0	0.5237597032	0.8518660536	0	-0.8518660536	0.5237597032	0	0	0	1
2.87	3.278343809	-0.5218118168	0	0.5368888641	0.8436529782	0	-0.8436529782	0.5368888641	0	0	0	1
2.88	3.293478123	-0.5164378728	0	0.551797558	0.8339780902	0	-0.8339780902	0.551797558	0	0	0	1
2.89	3.308303639	-0.5110666508	0	0.5687786448	0.8224906402	0	-0.8224906402	0.5687786448	0	0	0	1
2.9	3.322704037	-0.5057298063	0	0.5878857475	0.8089439708	0	-0.8089439708	0.5878857475	0	0	0	1
2.91	3.336597785	-0.5004779225	0	0.6087086847	0.7933938096	0	-0.7933938096	0.6087086847	0	0	0	1
2.92	3.349956087	-0.4953656437	0	0.6305071486	0.776183442	0	-0.776183442	0.6305071486	0	0	0	1
2.93	3.362768322	-0.4904420722	0	0.6525347735	0.7577587805	0	-0.7577587805	0.6525347735	0	0	0	1
2.94	3.375004388	-0.4857450797	0	0.6743180213	0.7384410648	0	-0.7384410648	0.6743180213	0	0	0	1
2.95	3.386603095	-0.4812964596	0	0.6957701218	0.7182645318	0	-0.7182645318	0.6957701218	0	0	0	1
2.96	3.397489294	-0.4770990558	0	0.7171132003	0.6969567116	0	-0.6969567116	0.7171132003	0	0	0	1
2.97	3.4076011	-0.4731381239	0	0.7387038716	0.6740301107	0	-0.6740301107	0.7387038716	0	0	0	1
2.98	3.416906729	-0.4693883878	0	0.7608725626	0.6489013357	0	-0.6489013357	0.7608725626	0	0	0	1
2.99	3.425402906	-0.4658243074	0	0.7838397932	0.6209631057	0	-0.6209631057	0.7838397932	0	0	0	1
3	3.433104067	-0.4624293471	0	0.8076907164	0.5896063997	0	-0.5896063997	0.8076907164	0	0	0	1
3.01	3.440035893	-0.4592003204	0	0.8323643552	0.5542288157	0	-0.5542288157	0.8323643552	0	0	0	1
3.02	3.446240119	-0.4561460638	0	0.8576291262	0.5142686866	0	-0.5142686866	0.8576291262	0	0	0	1
3.03	3.451786924	-0.4532828457	0	0.8830535832	0.4692721695	0	-0.4692721695	0.8830535832	0	0	0	1
3.04	3.45678807	-0.4506295956	0	0.9079921984	0.4189870734	0	-0.4189870734	0.9079921984	0	0	0	1
3.05	3.461406297	-0.4482041234	0	0.9316019769	0.3634800636	0	-0.3634800636	0.9316019769	0	0	0	1
3.06	3.46585915	-0.446020753	0	0.9529062543	0.303265017	0	-0.303265017	0.9529062543	0	0	0	1
3.07	3.470411564	-0.4440897504	0	0.9709218563	0.2393966353	0	-0.2393966353	0.9709218563	0	0	0	1
3.08	3.475345797	-0.4424189285	0	0.9848444	0.1734402138	0	-0.1734402138	0.9848444	0	0	0	1
3.09	3.480909214	-0.4410160529	0	0.9942298004	0.1072711707	0	-0.1072711707	0.9942298004	0	0	0	1
3.1	3.487276681	-0.4398878695	0	0.9990810838	0.04286009809	0	-0.04286009809	0.9990810838	0	0	0	1
3.11	3.494548873	-0.4390339106	0	0.9998407461	-0.01784607753	0	0.01784607753	0.9998407461	0	0	0	1
3.12	3.502777038	-0.4384429209	0	0.9973350938	-0.07295690906	0	0.07295690906	0.9973350938	0	0	0	1
3.13	3.511966858	-0.4380962232	0	0.9926804998	-0.1207701343	0	0.1207701343	0.9926804998	0	0	0	1
3.14	3.522079318	-0.4379767466	0	0.9871305141	-0.1599166915	0	0.1599166915	0.9871305141	0	0	0	1
3.15	3.533045671	-0.438077972	0	0.9818975026	-0.1894130261	0	0.1894130261	0.9818975026	0	0	0	1
3.16	3.544780508	-0.438413902	0	0.9779826713	-0.2086861149	0	0.2086861149	0.9779826713	0	0	0	1
3.17	3.557181196	-0.4390275847	0	0.9760277068	-0.2176463084	0	0.2176463084	0.9760277068	0	0	0	1
3.18	3.570132926	-0.4399964053	0	0.976248884	-0.2166520634	0	0.2166520634	0.976248884	0	0	0	1
3.19	3.583504765	-0.4414295322	0	0.9784403653	-0.2065295416	0	0.2065295416	0.9784403653	0	0	0	1
3.2	3.597150811	-0.4434590584	0	0.9820711686	-0.1885105299	0	0.1885105299	0.9820711686	0	0	0	1
3.21	3.610911879	-0.4462237342	0	0.9864383812	-0.1641320203	0	0.1641320203	0.9864383812	0	0	0	1
3.22	3.624614619	-0.4498230396	0	0.9908311528	-0.1351059827	0	0.1351059827	0.9908311528	0	0	0	1
3.23	3.638024407	-0.454297353	0	0.9946390445	-0.103407791	0	0.103407791	0.9946390445	0	0	0	1
3.24	3.650999416	-0.4596867783	0	0.9975075513	-0.07055979752	0	0.07055979752	0.9975075513	0	0	0	1
3.25	3.66361294	-0.4660187495	0	0.9993124366	-0.03707632638	0	0.03707632638	0.9993124366	0	0	0	1
3.26	3.675968696	-0.4733182024	0	0.9999943829	-0.003351751837	0	0.003351751837	0.9999943829	0	0	0	1
3.27	3.688089711	-0.4816140039	0	0.9995557935	0.02980294716	0	-0.02980294716	0.9995557935	0	0	0	1
3.28	3.699943769	-0.4909293875	0	0.9981177021	0.06132742262	0	-0.06132742262	0.9981177021	0	0	0	1
3.29	3.711486322	-0.5012738084	0	0.9959229785	0.09020765478	0	-0.09020765478	0.9959229785	0	0	0	1
3.3	3.723502286	-0.5120885012	0	0.9933441741	0.1151839912	0	-0.1151839912	0.9933441741	0	0	0	1
3.31	3.736598861	-0.522185018	0	0.9899843496	0.1411771493	0	-0.1411771493	0.9899843496	0	0	0	1
3.32	3.748583565	-0.5317422635	0	0.9864765737	0.1639023168	0	-0.1639023168	0.9864765737	0	0	0	1
3.33	3.758818805	-0.5406857358	0	0.9832266775	0.1823877757	0	-0.1823877757	0.9832266775	0	0	0	1
3.34	3.767596197	-0.5487200669	0	0.9802677351	0.197674398	0	-0.197674398	0.9802677351	0	0	0	1
3.35	3.77355388	-0.5552612257	0	0.9773309984	0.2117170744	0	-0.2117170744	0.9773309984	0	0	0	1
3.36	3.776411621	-0.5593793364	0	0.9761228986	0.2172189837	0	-0.2172189837	0.9761228986	0	0	0	1
3.37	3.778158458	-0.560852791	0	0.9758104544	0.2186182909	0	-0.2186182909	0.9758104544	0	0	0	1
3.38	3.779534377	-0.5600001888	0	0.9759125262	0.2181621901	0	-0.2181621901	0.9759125262	0	0	0	1
3.39	3.7806448	-0.5573788522	0	0.976265955	0.2165751257	0	-0.2165751257	0.976265955	0	0	0	1
3.4	3.781667427	-0.5535676451	0	0.9767056455	0.2145835084	0	-0.2145835084	0.9767056455	0	0	0	1
3.41	3.782947169	-0.5490813559	0	0.9770139962	0.2131751655	0	-0.2131751655	0.9770139962	0	0	0	1
3.42	3.784770572	-0.5443450797	0	0.9770352395	0.2130777809	0	-0.2130777809	0.9770352395	0	0	0	1
3.43	3.787339066	-0.539643645	0	0.9766798533	0.2147008715	0	-0.2147008715	0.9766798533	0	0	0	1
3.44	3.790811605	-0.5350179177	0	0.9758898171	0.2182637508	0	-0.2182637508	0.9758898171	0	0	0	1
3.45	3.794708132	-0.5304522686	0	0.9749338252	0.2224950257	0	-0.2224950257	0.9749338252	0	0	0	1
3.46	3.798507697	-0.5259295042	0	0.9740849725	0.2261823739	0	-0.2261823739	0.9740849725	0	0	0	1
3.47	3.80204391	-0.5214398167	0	0.9734234435	0.2290126627	0	-0.2290126627	0.9734234435	0	0	0	1
3.48	3.805399902	-0.516986388	0	0.9728997141	0.2312274774	0	-0.2312274774	0.9728997141	0	0	0	1
3.49	3.808721928	-0.5125836273	0	0.9724348797	0.2331746227	0	-0.2331746227	0.9724348797	0	0	0	1
3.5	3.81214557	-0.5082528797	0	0.9719568009	0.2351594717	0	-0.2351594717	0.9719568009	0	0	0	1
3.51	3.8157883	-0.5040159906	0	0.9714033442	0.2374353444	0	-0.2374353444	0.9714033442	0	0	0	1
3.52	3.819744726	-0.4998866171	0	0.9707274615	0.2401836705	0	-0.2401836705	0.9707274615	0	0	0	1
3.53	3.824076473	-0.4958631585	0	0.9699044897	0.243485689	0	-0.243485689	0.9699044897	0	0	0	1
3.54	3.828806958	-0.4919274485	0	0.9689339553	0.2473196115	0	-0.2473196115	0.9689339553	0	0	0	1
3.55	3.833922616	-0.4880496099	0	0.9678359065	0.2515823086	0	-0.2515823086	0.9678359065	0	0	0	1
3.56	3.839377285	-0.4841953832	0	0.9666457214	0.256117257	0	-0.256117257	0.9666457214	0	0	0	1
3.57	3.845101086	-0.480333007	0	0.9654077049	0.2607450158	0	-0.2607450158	0.9654077049	0	0	0	1
3.58	3.851013757	-0.4764376996	0	0.9641674825	0.2652943001	0	-0.2652943001	0.9641674825	0	0	0	1
3.59	3.857039578	-0.4724948105	0	0.9629639311	0.2696302418	0	-0.2696302418	0.9629639311	0	0	0	1
3.6	3.863115579	-0.4685016326	0	0.961824711	0.2736662662	0	-0.2736662662	0.961824711	0	0	0	1
3.61	3.869191482	-0.4644683836	0	0.9607662822	0.2773592455	0	-0.2773592455	0.9607662822	0	0	0	1
3.62	3.87522377	-0.4604177892	0	0.9597973789	0.280693768	0	-0.280693768	0.9597973789	0	0	0	1
3.63	3.881171097	-0.4563844314	0	0.9589216346	0.28367111	0	-0.28367111	0.9589216346	0	0	0	1
3.64	3.886998306	-0.4524132086	0	0.958136003	0.2863134642	0	-0.2863134642	0.958136003	0	0	0	1
3.65	3.892687997	-0.4485578211	0	0.9574248511	0.2886826188	0	-0.2886826188	0.9574248511	0	0	0	1
3.66	3.898257055	-0.4448784775	0	0.956751662	0.2909059251	0	-0.2909059251	0.956751662	0	0	0	1
3.67	3.903771561	-0.4414377359	0	0.9560525397	0.293195398	0	-0.293195398	0.9560525397	0	0	0	1
3.68	3.909353372	-0.4382949645	0	0.9552347288	0.2958489697	0	-0.2958489697	0.9552347288	0	0	0	1
3.69	3.915175224	-0.435501437	0	0.954179617	0.2992344541	0	-0.2992344541	0.954179617	0	0	0	1
3.7	3.921445284	-0.4330979762	0	0.9527466944	0.3037659234	0	-0.3037659234	0.9527466944	0	0	0	1
3.71	3.928384944	-0.4311145578	0	0.9507766169	0.3098771124	0	-0.3098771124	0.9507766169	0	0	0	1
3.72	3.936200675	-0.4295703795	0	0.9480959456	0.3179843989	0	-0.3179843989	0.9480959456	0	0	0	1
3.73	3.945062211	-0.4284765222	0	0.9445176151	0.3284607659	0	-0.3284607659	0.9445176151	0	0	0	1
3.74	3.95508534	-0.4278414388	0	0.9398399509	0.3416150856	0	-0.3416150856	0.9398399509	0	0	0	1
3.75	3.966318409	-0.4276775597	0	0.9338476827	0.3576709459	0	-0.3576709459	0.9338476827	0	0	0	1
3.76	3.978732214	-0.428007353	0	0.9263179992	0.3767425703	0	-0.3767425703	0.9263179992	0	0	0	1
3.77	3.992217151	-0.4288686787	0	0.9170301783	0.3988178181	0	-0.3988178181	0.9170301783	0	0	0	1
3.78	4.006589152	-0.4303182025	0	0.9057802216	0.4237477907	0	-0.4237477907	0.9057802216	0	0	0	1
3.79	4.021605331	-0.4324313971	0	0.8924017417	0.451241766	0	-0.451241766	0.8924017417	0	0	0	1
3.8	4.036990866	-0.4352980483	0	0.8768021665	0.4808512876	0	-0.4808512876	0.8768021665	0	0	0	1
3.81	4.052454168	-0.4390029812	0	0.8593182839	0.5114411863	0	-0.5114411863	0.8593182839	0	0	0	1
3.82	4.067950746	-0.4436297876	0	0.8411265957	0.5408382846	0	-0.5408382846	0.8411265957	0	0	0	1
3.83	4.083844195	-0.4492910725	0	0.8217912932	0.5697886191	0	-0.5697886191	0.8217912932	0	0	0	1
3.84	4.100156527	-0.4559880685	0	0.8007419027	0.5990095202	0	-0.5990095202	0.8007419027	0	0	0	1
3.85	4.11669439	-0.4636696311	0	0.7777414066	0.6285843655	0	-0.6285843655	0.7777414066	0	0	0	1
3.86	4.133298177	-0.4723041115	0	0.7525719067	0.6585100798	0	-0.6585100798	0.7525719067	0	0	0	1
3.87	4.14988698	-0.4818876608	0	0.725010232	0.688738095	0	-0.688738095	0.725010232	0	0	0	1
3.88	4.166412893	-0.4924260246	0	0.6949128888	0.7190939278	0	-0.7190939278	0.6949128888	0	0	0	1
3.89	4.182820353	-0.5038945701	0	0.6623071946	0.7492323939	0	-0.7492323939	0.6623071946	0	0	0	1
3.9	4.198457552	-0.5153393158	0	0.6300497988	0.7765547315	0	-0.7765547315	0.6300497988	0	0	0	1
3.91	4.213135404	-0.5259947277	0	0.5997725687	0.800170523	0	-0.800170523	0.5997725687	0	0	0	1
3.92	4.228358018	-0.5359964737	0	0.5696789517	0.8218673202	0	-0.8218673202	0.5696789517	0	0	0	1
3.93	4.244741736	-0.5452042085	0	0.539171494	0.8421959986	0	-0.8421959986	0.539171494	0	0	0	1
3.94	4.262164864	-0.5532467522	0	0.5101368287	0.8600932601	0	-0.8600932601	0.5101368287	0	0	0	1
3.95	4.280353646	-0.5590455869	0	0.4865071547	0.8736765926	0	-0.8736765926	0.4865071547	0	0	0	1
3.96	4.298689371	-0.5620534551	0	0.4720825548	0.881554344	0	-0.881554344	0.4720825548	0	0	0	1
3.97	4.316765248	-0.5624014235	0	0.4673941293	0.8840490529	0	-0.8840490529	0.4673941293	0	0	0	1
3.98	4.334673979	-0.5605049022	0	0.4696453432	0.8828551703	0	-0.8828551703	0.4696453432	0	0	0	1
3.99	4.352635169	-0.5569156428	0	0.4751081656	0.879927401	0	-0.879927401	0.4751081656	0	0	0	1
4	4.370659252	-0.5522069913	0	0.4812583755	0.8765787905	0	-0.8765787905	0.4812583755	0	0	0	1
4.01	4.388530154	-0.5469096649	0	0.4873046414	0.8732320347	0	-0.8732320347	0.4873046414	0	0	0	1
4.02	4.40596933	-0.5414654135	0	0.4936417408	0.8696653562	0	-0.8696653562	0.4936417408	0	0	0	1
4.03	4.422744029	-0.5361057571	0	0.5012932093	0.8652774805	0	-0.8652774805	0.5012932093	0	0	0	1
4.04	4.43879447	-0.530840272	0	0.5110136204	0.8595726146	0	-0.8595726146	0.5110136204	0	0	0	1
4.05	4.454321938	-0.5256371932	0	0.5226932606	0.852520824	0	-0.852520824	0.5226932606	0	0	0	1
4.06	4.46953265	-0.5204571791	0	0.5361599389	0.8441164137	0	-0.8441164137	0.5361599389	0	0	0	1
4.07	4.484458733	-0.5152823675	0	0.5515613728	0.834134313	0	-0.834134313	0.5515613728	0	0	0	1
4.08	4.499005641	-0.5101280837	0	0.5690617605	0.8222947845	0	-0.8222947845	0.5690617605	0	0	0	1
4.09	4.513071331	-0.5050342647	0	0.5884746459	0.8085156716	0	-0.8085156716	0.5884746459	0	0	0	1
4.1	4.526605614	-0.5000500938	0	0.6092173253	0.7930033105	0	-0.7930033105	0.6092173253	0	0	0	1
4.11	4.539597455	-0.4952220054	0	0.6305498352	0.776148765	0	-0.776148765	0.6305498352	0	0	0	1
4.12	4.552035537	-0.4905868918	0	0.6518772463	0.7583245056	0	-0.7583245056	0.6518772463	0	0	0	1
4.13	4.563882312	-0.486167692	0	0.6729425049	0.7396947919	0	-0.7396947919	0.6729425049	0	0	0	1
4.14	4.575076389	-0.4819704166	0	0.6938373162	0.7201317786	0	-0.7201317786	0.6938373162	0	0	0	1
4.15	4.585554823	-0.4779840621	0	0.7148692928	0.6992581027	0	-0.6992581027	0.7148692928	0	0	0	1
4.16	4.595275572	-0.4741851367	0	0.7363899561	0.6765573387	0	-0.6765573387	0.7363899561	0	0	0	1
4.17	4.604225449	-0.4705464521	0	0.7586709621	0.6514739989	0	-0.6514739989	0.7586709621	0	0	0	1
4.18	4.612413496	-0.4670464937	0	0.7818590123	0.623455279	0	-0.623455279	0.7818590123	0	0	0	1
4.19	4.61986116	-0.4636760409	0	0.805969897	0.591956523	0	-0.591956523	0.805969897	0	0	0	1
4.2	4.626599848	-0.4604394866	0	0.8308862207	0.5564423494	0	-0.5564423494	0.8308862207	0	0	0	1
4.21	4.632677902	-0.4573516723	0	0.8563378074	0.5164160722	0	-0.5164160722	0.8563378074	0	0	0	1
4.22	4.638171999	-0.4544332484	0	0.8818798239	0.4714742583	0	-0.4714742583	0.8818798239	0	0	0	1
4.23	4.643198006	-0.4517066871	0	0.9068793055	0.4213904664	0	-0.4213904664	0.9068793055	0	0	0	1
4.24	4.647918899	-0.4491932099	0	0.9305241679	0.3662304917	0	-0.3662304917	0.9305241679	0	0	0	1
4.25	4.652548024	-0.4469110814	0	0.9518757835	0.3064840826	0	-0.3064840826	0.9518757835	0	0	0	1
4.26	4.657340562	-0.4448755131	0	0.9699865792	0.243158459	0	-0.243158459	0.9699865792	0	0	0	1
4.27	4.662561152	-0.4431002492	0	0.9840775157	0.1777398183	0	-0.1777398183	0.9840775157	0	0	0	1
4.28	4.668434159	-0.4415990419	0	0.9937077453	0.112004093	0	-0.112004093	0.9937077453	0	0	0	1
4.29	4.675112554	-0.4403831455	0	0.9988554051	0.0478317847	0	-0.0478317847	0.9988554051	0	0	0	1
4.3	4.682683519	-0.4394550421	0	0.9999170593	-0.01287922695	0	0.01287922695	0.9999170593	0	0	0	1
4.31	4.691188409	-0.4388048897	0	0.997667728	-0.068257633	0	0.068257633	0.997667728	0	0	0	1
4.32	4.700624828	-0.4384148525	0	0.9931788229	-0.1166011396	0	0.1166011396	0.9931788229	0	0	0	1
4.33	4.710949059	-0.4382675582	0	0.9876757178	-0.1565141416	0	0.1565141416	0.9876757178	0	0	0	1
4.34	4.722091407	-0.4383548484	0	0.9823679459	-0.1869577999	0	0.1869577999	0.9823679459	0	0	0	1
4.35	4.733966128	-0.4386880133	0	0.9782783113	-0.2072957925	0	0.2072957925	0.9782783113	0	0	0	1
4.36	4.746472254	-0.4393071598	0	0.9760943872	-0.2173470664	0	0.2173470664	0.9760943872	0	0	0	1
4.37	4.759493643	-0.4402861338	0	0.9760817813	-0.2174036711	0	0.2174036711	0.9760817813	0	0	0	1
4.38	4.772900317	-0.4417305835	0	0.9780828132	-0.2082162589	0	0.2082162589	0.9780828132	0	0	0	1
4.39	4.786548093	-0.4437696399	0	0.9815999705	-0.1909489405	0	0.1909489405	0.9815999705	0	0	0	1
4.4	4.800279753	-0.4465401177	0	0.9859421512	-0.167087027	0	0.167087027	0.9859421512	0	0	0	1
4.41	4.813924478	-0.4501402362	0	0.9903890366	-0.1383096386	0	0.1383096386	0.9903890366	0	0	0	1
4.42	4.827250939	-0.4546101056	0	0.9943040578	-0.1065806762	0	0.1065806762	0.9943040578	0	0	0	1
4.43	4.840119398	-0.4599904407	0	0.9972994897	-0.07344200322	0	0.07344200322	0.9972994897	0	0	0	1
4.44	4.85260333	-0.4663097036	0	0.9992212127	-0.03945843382	0	0.03945843382	0.9992212127	0	0	0	1
4.45	4.864808159	-0.4735938116	0	0.9999870772	-0.005083849461	0	0.005083849461	0.9999870772	0	0	0	1
4.46	4.876761286	-0.4818723451	0	0.9995847775	0.02881445184	0	-0.02881445184	0.9995847775	0	0	0	1
4.47	4.888436487	-0.4911690718	0	0.998130233	0.06112313716	0	-0.06112313716	0.998130233	0	0	0	1
4.48	4.899795758	-0.5014937024	0	0.9958717183	0.09077180568	0	-0.09077180568	0.9958717183	0	0	0	1
4.49	4.911656521	-0.5122664706	0	0.9932906336	0.1156447888	0	-0.1156447888	0.9932906336	0	0	0	1
4.5	4.924719376	-0.5223041972	0	0.9899263072	0.1415835668	0	-0.1415835668	0.9899263072	0	0	0	1
4.51	4.936746136	-0.5318028778	0	0.9863910928	0.1644159727	0	-0.1644159727	0.9863910928	0	0	0	1
4.52	4.947047102	-0.5406979864	0	0.9831023559	0.1830567065	0	-0.1830567065	0.9831023559	0	0	0	1
4.53	4.955894368	-0.5486992819	0	0.9801082467	0.1984636608	0	-0.1984636608	0.9801082467	0	0	0	1
4.54	4.961954731	-0.5552302785	0	0.9771164203	0.2127051979	0	-0.2127051979	0.9771164203	0	0	0	1
4.55	4.964878941	-0.5593563494	0	0.9758669743	0.2183658593	0	-0.2183658593	0.9758669743	0	0	0	1
4.56	4.966657602	-0.5608449827	0	0.9755383245	0.2198294279	0	-0.2198294279	0.9755383245	0	0	0	1
4.57	4.968030464	-0.5600061563	0	0.9756475526	0.2193441433	0	-0.2193441433	0.9756475526	0	0	0	1
4.58	4.969099645	-0.5573908547	0	0.9760317239	0.2176282932	0	-0.2176282932	0.9760317239	0	0	0	1
4.59	4.970047906	-0.5535750497	0	0.9765208948	0.2154227054	0	-0.2154227054	0.9765208948	0	0	0	1
4.6	4.971235872	-0.5490744489	0	0.976886699	0.2137577538	0	-0.2137577538	0.976886699	0	0	0	1
4.61	4.972972291	-0.5443179082	0	0.9769607345	0.213419126	0	-0.213419126	0.9769607345	0	0	0	1
4.62	4.975484969	-0.5395932057	0	0.9766401442	0.2148814296	0	-0.2148814296	0.9766401442	0	0	0	1
4.63	4.978940561	-0.5349431271	0	0.9758642699	0.2183779446	0	-0.2183779446	0.9758642699	0	0	0	1
4.64	4.982853913	-0.5303536955	0	0.974904814	0.2226221095	0	-0.2226221095	0.974904814	0	0	0	1
4.65	4.986703529	-0.5258075186	0	0.9740351005	0.2263970474	0	-0.2263970474	0.9740351005	0	0	0	1
4.66	4.990319376	-0.521293853	0	0.9733377741	0.2293764973	0	-0.2293764973	0.9733377741	0	0	0	1
4.67	4.993774231	-0.5168144709	0	0.9727697294	0.2317737122	0	-0.2317737122	0.9727697294	0	0	0	1
4.68	4.99720129	-0.5123822452	0	0.9722596395	0.23390424	0	-0.23390424	0.9722596395	0	0	0	1
4.69	5.000725297	-0.5080174492	0	0.971741159	0.2360489777	0	-0.2360489777	0.971741159	0	0	0	1
4.7	5.004457375	-0.5037417447	0	0.9711550613	0.2384488351	0	-0.2384488351	0.9711550613	0	0	0	1
4.71	5.008490066	-0.4995695486	0	0.970454748	0.241283199	0	-0.241283199	0.970454748	0	0	0	1
4.72	5.012886828	-0.4955006874	0	0.9696141012	0.24463952	0	-0.24463952	0.9696141012	0	0	0	1
4.73	5.017675022	-0.4915187612	0	0.9686303254	0.2485061222	0	-0.2485061222	0.9686303254	0	0	0	1
4.74	5.022845975	-0.4875956224	0	0.9675209208	0.2527909568	0	-0.2527909568	0.9675209208	0	0	0	1
4.75	5.028357496	-0.4836983321	0	0.9663194387	0.2573455699	0	-0.2573455699	0.9663194387	0	0	0	1
4.76	5.03414144	-0.4797959904	0	0.9650695728	0.2619937396	0	-0.2619937396	0.9650695728	0	0	0	1
4.77	5.040116688	-0.4758642537	0	0.9638176966	0.2665622776	0	-0.2665622776	0.9638176966	0	0	0	1
4.78	5.046203524	-0.4718884664	0	0.962604955	0.2709090266	0	-0.2709090266	0.962604955	0	0	0	1
4.79	5.052333371	-0.4678659412	0	0.961461857	0.2749383523	0	-0.2749383523	0.961461857	0	0	0	1
4.8	5.058449587	-0.4638070568	0	0.9604077882	0.2785980624	0	-0.2785980624	0.9604077882	0	0	0	1
4.81	5.064502774	-0.4597353431	0	0.9594536178	0.281866556	0	-0.281866556	0.9594536178	0	0	0	1
4.82	5.070448538	-0.4556866388	0	0.9586033248	0.2847449134	0	-0.2847449134	0.9586033248	0	0	0	1
4.83	5.076252492	-0.4517078535	0	0.9578517529	0.2872629798	0	-0.2872629798	0.9578517529	0	0	0	1
4.84	5.081903334	-0.447855114	0	0.9571781653	0.2894994989	0	-0.2894994989	0.9571781653	0	0	0	1
4.85	5.087429529	-0.4441908889	0	0.956538224	0.2916069717	0	-0.2916069717	0.956538224	0	0	0	1
4.86	5.092912691	-0.4407792225	0	0.9558586615	0.2938268523	0	-0.2938268523	0.9558586615	0	0	0	1
4.87	5.098491422	-0.4376798376	0	0.955037351	0.296485511	0	-0.296485511	0.955037351	0	0	0	1
4.88	5.104353062	-0.4349432481	0	0.9539475223	0.29997354	0	-0.29997354	0.9539475223	0	0	0	1
4.89	5.110715952	-0.4326088818	0	0.9524417992	0.3047205591	0	-0.3047205591	0.9524417992	0	0	0	1
4.9	5.117803649	-0.4307045275	0	0.950356371	0.3111635714	0	-0.3111635714	0.950356371	0	0	0	1
4.91	5.125819264	-0.4292475628	0	0.9475134801	0.3197158193	0	-0.3197158193	0.9475134801	0	0	0	1
4.92	5.134922871	-0.4282475512	0	0.9437226711	0.330737842	0	-0.330737842	0.9437226711	0	0	0	1
4.93	5.145216028	-0.4277125576	0	0.9387791256	0.344519598	0	-0.344519598	0.9387791256	0	0	0	1
4.94	5.156729654	-0.427656023	0	0.9324652002	0.3612598101	0	-0.3612598101	0.9324652002	0	0	0	1
4.95	5.169415036	-0.4281026984	0	0.924557568	0.3810423907	0	-0.3810423907	0.924557568	0	0	0	1
4.96	5.183143057	-0.4290936985	0	0.9148379876	0.4038210699	0	-0.4038210699	0.9148379876	0	0	0	1
4.97	5.197712461	-0.4306894785	0	0.9031090223	0.4294113342	0	-0.4294113342	0.9031090223	0	0	0	1
4.98	5.212868381	-0.432968855	0	0.8892168521	0.457485945	0	-0.457485945	0.8892168521	0	0	0	1
4.99	5.2283316	-0.4360231729	0	0.873098068	0.4875446274	0	-0.4875446274	0.873098068	0	0	0	1
5	5.243811973	-0.4399309577	0	0.8553562208	0.5180402837	0	-0.5180402837	0.8553562208	0	0	0	1
5.01	5.259400624	-0.4447896497	0	0.8369523653	0.5472757424	0	-0.5472757424	0.8369523653	0	0	0	1
5.02	5.275425607	-0.450693571	0	0.8172402103	0.5762971791	0	-0.5762971791	0.8172402103	0	0	0	1
5.03	5.291832386	-0.457623043	0	0.7957484197	0.6056273215	0	-0.6056273215	0.7957484197	0	0	0	1
5.04	5.308421694	-0.4655272881	0	0.7722627532	0.6353032662	0	-0.6353032662	0.7722627532	0	0	0	1
5.05	5.325053442	-0.4743815173	0	0.7465577464	0.6653206229	0	-0.6653206229	0.7465577464	0	0	0	1
5.06	5.341659345	-0.484185602	0	0.7184217783	0.6956077547	0	-0.6956077547	0.7184217783	0	0	0	1
5.07	5.35819361	-0.4949450216	0	0.6877348883	0.7259619297	0	-0.7259619297	0.6877348883	0	0	0	1
5.08	5.374568113	-0.5065582186	0	0.6547738464	0.7558248541	0	-0.7558248541	0.6547738464	0	0	0	1
5.09	5.389938539	-0.5178276098	0	0.6230368472	0.7821924872	0	-0.7821924872	0.6230368472	0	0	0	1
5.1	5.404666375	-0.5283372446	0	0.592981826	0.8052158431	0	-0.8052158431	0.592981826	0	0	0	1
5.11	5.420188133	-0.5381876089	0	0.5627604671	0.8266200195	0	-0.8266200195	0.5627604671	0	0	0	1
5.12	5.436866289	-0.5471746809	0	0.5324664825	0.8464510884	0	-0.8464510884	0.5324664825	0	0	0	1
5.13	5.454533774	-0.5548248048	0	0.5043677106	0.8634889765	0	-0.8634889765	0.5043677106	0	0	0	1
5.14	5.472848358	-0.5599972922	0	0.4827398656	0.8757637936	0	-0.8757637936	0.4827398656	0	0	0	1
5.15	5.491166971	-0.5623744434	0	0.470775818	0.8822528714	0	-0.8822528714	0.470775818	0	0	0	1
5.16	5.509205406	-0.5621650975	0	0.4681180392	0.8836659445	0	-0.8836659445	0.4681180392	0	0	0	1
5.17	5.527125245	-0.5598298295	0	0.4714951099	0.8818686758	0	-0.8818686758	0.4714951099	0	0	0	1
5.18	5.545118256	-0.5559335606	0	0.4773078396	0.8787361528	0	-0.8787361528	0.4773078396	0	0	0	1
5.19	5.563135544	-0.5510445973	0	0.4834315889	0.8753821445	0	-0.8753821445	0.4834315889	0	0	0	1
5.2	5.580931562	-0.5456770544	0	0.4894191533	0.8720486755	0	-0.8720486755	0.4894191533	0	0	0	1
5.21	5.598233673	-0.540241166	0	0.4958575779	0.8684038591	0	-0.8684038591	0.4958575779	0	0	0	1
5.22	5.614828408	-0.5349023738	0	0.5038509093	0.863790635	0	-0.863790635	0.5038509093	0	0	0	1
5.23	5.630720846	-0.5296526013	0	0.5139556588	0.8578167524	0	-0.8578167524	0.5139556588	0	0	0	1
5.24	5.646139323	-0.5244556511	0	0.525982673	0.8504952838	0	-0.8504952838	0.525982673	0	0	0	1
5.25	5.661258635	-0.5192748723	0	0.5398279459	0.8417753791	0	-0.8417753791	0.5398279459	0	0	0	1
5.26	5.67607418	-0.5141002195	0	0.5556737976	0.8314004033	0	-0.8314004033	0.5556737976	0	0	0	1
5.27	5.690481912	-0.5089544326	0	0.5736183484	0.8191226956	0	-0.8191226956	0.5736183484	0	0	0	1
5.28	5.704390696	-0.5038814478	0	0.5933686002	0.8049308693	0	-0.8049308693	0.5933686002	0	0	0	1
5.29	5.717763397	-0.4989310339	0	0.6142736151	0.7890931034	0	-0.7890931034	0.6142736151	0	0	0	1
5.3	5.730593723	-0.4941478509	0	0.6356013348	0.77201745	0	-0.77201745	0.6356013348	0	0	0	1
5.31	5.742867099	-0.4895655838	0	0.6568248664	0.7540431652	0	-0.7540431652	0.6568248664	0	0	0	1
5.32	5.754540525	-0.4852028853	0	0.6777757615	0.7352686701	0	-0.7352686701	0.6777757615	0	0	0	1
5.33	5.765551008	-0.4810610041	0	0.6986145194	0.7154982552	0	-0.7154982552	0.6986145194	0	0	0	1
5.34	5.775839667	-0.4771247946	0	0.7196769453	0.694309077	0	-0.694309077	0.7196769453	0	0	0	1
5.35	5.785371825	-0.4733685228	0	0.7413059542	0.6711672536	0	-0.6711672536	0.7413059542	0	0	0	1
5.36	5.794140942	-0.469765271	0	0.7637453989	0.6455175952	0	-0.6455175952	0.7637453989	0	0	0	1
5.37	5.802159946	-0.4662958828	0	0.7871097598	0.6168129587	0	-0.6168129587	0.7871097598	0	0	0	1
5.38	5.809452405	-0.4629544436	0	0.8113835304	0.5845141287	0	-0.5845141287	0.8113835304	0	0	0	1
5.39	5.816052408	-0.4597483873	0	0.8364149395	0.5480967515	0	-0.5480967515	0.8364149395	0	0	0	1
5.4	5.822012905	-0.4566945163	0	0.8618957776	0.5070854647	0	-0.5070854647	0.8618957776	0	0	0	1
5.41	5.827417633	-0.4538146002	0	0.8873420187	0.461111854	0	-0.461111854	0.8873420187	0	0	0	1
5.42	5.832390717	-0.4511312893	0	0.9120835396	0.4100044106	0	-0.4100044106	0.9120835396	0	0	0	1
5.43	5.837103571	-0.4486654536	0	0.9352812113	0.3539054335	0	-0.3539054335	0.9352812113	0	0	0	1
5.44	5.841776908	-0.4464348192	0	0.9559895014	0.2934008747	0	-0.2934008747	0.9559895014	0	0	0	1
5.45	5.846668012	-0.4444541429	0	0.9732865427	0.2295937843	0	-0.2295937843	0.9732865427	0	0	0	1
5.46	5.852034127	-0.4427369745	0	0.9864546676	0.1640341085	0	-0.1640341085	0.9864546676	0	0	0	1
5.47	5.858084685	-0.4412965931	0	0.9951348983	0.09852174475	0	-0.09852174475	0.9951348983	0	0	0	1
5.48	5.864957209	-0.4401426128	0	0.9993894052	0.03494018992	0	-0.03494018992	0.9993894052	0	0	0	1
5.49	5.872728123	-0.43927479	0	0.9996921077	-0.02481309779	0	0.02481309779	0.9996921077	0	0	0	1
5.5	5.881429861	-0.4386810024	0	0.9968833193	-0.07889009845	0	0.07889009845	0.9968833193	0	0	0	1
5.51	5.891051791	-0.4383426943	0	0.992076066	-0.1256386858	0	0.1256386858	0.992076066	0	0	0	1
5.52	5.901544626	-0.4382435626	0	0.9865059441	-0.1637254477	0	0.1637254477	0.9865059441	0	0	0	1
5.53	5.912835545	-0.4383786196	0	0.9813588861	-0.1921841217	0	0.1921841217	0.9813588861	0	0	0	1
5.54	5.92483619	-0.4387644319	0	0.977601971	-0.2104623155	0	0.2104623155	0.977601971	0	0	0	1
5.55	5.937442924	-0.4394478449	0	0.9758437895	-0.2184694452	0	0.2184694452	0.9758437895	0	0	0	1
5.56	5.950537365	-0.4405095449	0	0.9762629166	-0.2165888216	0	0.2165888216	0.9762629166	0	0	0	1
5.57	5.963987257	-0.4420608637	0	0.978624166	-0.2056568543	0	0.2056568543	0.978624166	0	0	0	1
5.58	5.977646177	-0.4442341147	0	0.9823769388	-0.1869105406	0	0.1869105406	0.9823769388	0	0	0	1
5.59	5.991355252	-0.4471642947	0	0.9868095752	-0.161885337	0	0.161885337	0.9868095752	0	0	0	1
5.6	6.004936433	-0.4509341243	0	0.9912091021	-0.1323046332	0	0.1323046332	0.9912091021	0	0	0	1
5.61	6.018154117	-0.4555822032	0	0.9949716792	-0.1001566657	0	0.1001566657	0.9949716792	0	0	0	1
5.62	6.030915696	-0.4611477012	0	0.9977682896	-0.0667715524	0	0.0667715524	0.9977682896	0	0	0	1
5.63	6.043318139	-0.4676571815	0	0.9994680075	-0.03261444494	0	0.03261444494	0.9994680075	0	0	0	1
5.64	6.055454899	-0.4751374713	0	0.9999983991	0.001789377557	0	-0.001789377557	0.9999983991	0	0	0	1
5.65	6.067338822	-0.4836179233	0	0.9993698318	0.03549562351	0	-0.03549562351	0.9993698318	0	0	0	1
5.66	6.07893934	-0.4931198907	0	0.997727265	0.06738178255	0	-0.06738178255	0.997727265	0	0	0	1
5.67	6.090214169	-0.5036443095	0	0.9953756308	0.09605911549	0	-0.09605911549	0.9953756308	0	0	0	1
5.68	6.102440567	-0.5143004023	0	0.9926522738	0.1210019149	0	-0.1210019149	0.9926522738	0	0	0	1
5.69	6.115424536	-0.5242229491	0	0.98920257	0.1465546846	0	-0.1465546846	0.98920257	0	0	0	1
5.7	6.127120593	-0.5336207059	0	0.9856917505	0.1685579221	0	-0.1685579221	0.9856917505	0	0	0	1
5.71	6.137097379	-0.5423690724	0	0.9824703723	0.186418796	0	-0.186418796	0.9824703723	0	0	0	1
5.72	6.145632823	-0.5501531141	0	0.979385987	0.2019977439	0	-0.2019977439	0.979385987	0	0	0	1
5.73	6.150880538	-0.5562652027	0	0.9767338021	0.2144553097	0	-0.2144553097	0.9767338021	0	0	0	1
5.74	6.153448717	-0.5598634981	0	0.9757391178	0.218936461	0	-0.218936461	0.9757391178	0	0	0	1
5.75	6.155111856	-0.5608509602	0	0.9755258299	0.2198848682	0	-0.2198848682	0.9755258299	0	0	0	1
5.76	6.156408833	-0.5596090204	0	0.9757064873	0.2190818357	0	-0.2190818357	0.9757064873	0	0	0	1
5.77	6.15741847	-0.5567065156	0	0.9761355943	0.2171619246	0	-0.2171619246	0.9761355943	0	0	0	1
5.78	6.158372166	-0.5527114486	0	0.9766249374	0.214950533	0	-0.214950533	0.9766249374	0	0	0	1
5.79	6.159641239	-0.5481243806	0	0.9769472066	0.2134810424	0	-0.2134810424	0.9769472066	0	0	0	1
5.8	6.16150409	-0.543355207	0	0.9769560917	0.2134403779	0	-0.2134403779	0.9769560917	0	0	0	1
5.81	6.164213859	-0.5386429521	0	0.9765378578	0.2153457972	0	-0.2153457972	0.9765378578	0	0	0	1
5.82	6.167817541	-0.5340031786	0	0.9756955053	0.2191307395	0	-0.2191307395	0.9756955053	0	0	0	1
5.83	6.171757801	-0.529421064	0	0.9747340556	0.2233685761	0	-0.2233685761	0.9747340556	0	0	0	1
5.84	6.175573347	-0.5248795867	0	0.9738930648	0.2270072648	0	-0.2270072648	0.9738930648	0	0	0	1
5.85	6.179158857	-0.52037028	0	0.9732210974	0.229871041	0	-0.229871041	0.9732210974	0	0	0	1
5.86	6.182609509	-0.5158972918	0	0.9726641994	0.2322161821	0	-0.2322161821	0.9726641994	0	0	0	1
5.87	6.186057778	-0.5114752333	0	0.9721518362	0.2343518881	0	-0.2343518881	0.9721518362	0	0	0	1
5.88	6.189624848	-0.5071252093	0	0.9716194207	0.2365495747	0	-0.2365495747	0.9716194207	0	0	0	1
5.89	6.193418551	-0.5028681566	0	0.9710097264	0.2390399782	0	-0.2390399782	0.9710097264	0	0	0	1
5.9	6.19752652	-0.4987160699	0	0.9702796361	0.2419864205	0	-0.2419864205	0.9702796361	0	0	0	1
5.91	6.202005454	-0.4946655114	0	0.9694075922	0.2454565545	0	-0.2454565545	0.9694075922	0	0	0	1
5.92	6.206875818	-0.4906972436	0	0.9683949956	0.2494215959	0	-0.2494215959	0.9683949956	0	0	0	1
5.93	6.212122206	-0.4867815636	0	0.9672628365	0.2537766836	0	-0.2537766836	0.9672628365	0	0	0	1
5.94	6.217696625	-0.4828854626	0	0.9660471584	0.2583658021	0	-0.2583658021	0.9660471584	0	0	0	1
5.95	6.223527255	-0.4789790171	0	0.9647928324	0.2630110083	0	-0.2630110083	0.9647928324	0	0	0	1
5.96	6.229532239	-0.4750395752	0	0.9635457727	0.2675435366	0	-0.2675435366	0.9635457727	0	0	0	1
5.97	6.235633544	-0.4710546431	0	0.9623453512	0.2718297721	0	-0.2718297721	0.9623453512	0	0	0	1
5.98	6.241764765	-0.4670239926	0	0.9612199629	0.2757828547	0	-0.2757828547	0.9612199629	0	0	0	1
5.99	6.247870895	-0.462960678	0	0.9601871121	0.2793576736	0	-0.2793576736	0.9601871121	0	0	0	1
6	6.253903529	-0.4588906086	0	0.9592562985	0.2825373494	0	-0.2825373494	0.9592562985	0	0	0	1
6.01	6.25981926	-0.4548520795	0	0.9584300282	0.2853276731	0	-0.2853276731	0.9584300282	0	0	0	1
6.02	6.265587295	-0.4508941261	0	0.9577004091	0.2877671393	0	-0.2877671393	0.9577004091	0	0	0	1
6.03	6.27120347	-0.4470745645	0	0.9570421978	0.2899486706	0	-0.2899486706	0.9570421978	0	0	0	1
6.04	6.276706824	-0.4434567865	0	0.9564049955	0.2920436348	0	-0.2920436348	0.9564049955	0	0	0	1
6.05	6.282191495	-0.4401045895	0	0.9557089225	0.2943135325	0	-0.2943135325	0.9557089225	0	0	0	1
6.06	6.287807813	-0.4370761707	0	0.9548460147	0.2971011414	0	-0.2971011414	0.9548460147	0	0	0	1
6.07	6.293752059	-0.4344199173	0	0.9536844853	0.3008087474	0	-0.3008087474	0.9536844853	0	0	0	1
6.08	6.300245978	-0.4321728122	0	0.9520731998	0.3058702702	0	-0.3058702702	0.9520731998	0	0	0	1
6.09	6.307511415	-0.4303605591	0	0.9498449009	0.3127213843	0	-0.3127213843	0.9498449009	0	0	0	1
6.1	6.315744106	-0.4289984346	0	0.9468192533	0.321765911	0	-0.321765911	0.9468192533	0	0	0	1
6.11	6.325092694	-0.4280950771	0	0.9428030412	0.3333503044	0	-0.3333503044	0.9428030412	0	0	0	1
6.12	6.335644644	-0.4276591315	0	0.9375884756	0.3477468193	0	-0.3477468193	0.9375884756	0	0	0	1
6.13	6.347414234	-0.4277058936	0	0.9309561685	0.3651309524	0	-0.3651309524	0.9309561685	0	0	0	1
6.14	6.360335155	-0.4282631107	0	0.9226830761	0.3855592576	0	-0.3855592576	0.9226830761	0	0	0	1
6.15	6.374261762	-0.4293758141	0	0.9125539804	0.4089562727	0	-0.4089562727	0.9125539804	0	0	0	1
6.16	6.3889794	-0.4311085077	0	0.9003786467	0.4351072197	0	-0.4351072197	0.9003786467	0	0	0	1
6.17	6.404225094	-0.4335433175	0	0.8860167532	0.463653225	0	-0.463653225	0.8860167532	0	0	0	1
6.18	6.419717614	-0.4367725144	0	0.8694468588	0.4940264767	0	-0.4940264767	0.8694468588	0	0	0	1
6.19	6.435188161	-0.4408690639	0	0.8515554062	0.5242646185	0	-0.5242646185	0.8515554062	0	0	0	1
6.2	6.450853505	-0.4459441368	0	0.8329387312	0.553365223	0	-0.553365223	0.8329387312	0	0	0	1
6.21	6.46697237	-0.4520680107	0	0.8128749219	0.5824382897	0	-0.5824382897	0.8128749219	0	0	0	1
6.22	6.483432293	-0.4592062376	0	0.7909792305	0.6118430003	0	-0.6118430003	0.7909792305	0	0	0	1
6.23	6.50003797	-0.4673113035	0	0.7670458533	0.641592284	0	-0.641592284	0.7670458533	0	0	0	1
6.24	6.516667395	-0.4763648764	0	0.7408443769	0.6716767148	0	-0.6716767148	0.7408443769	0	0	0	1
6.25	6.533261238	-0.4863695257	0	0.7121783115	0.701998613	0	-0.701998613	0.7121783115	0	0	0	1
6.26	6.54977398	-0.4973300208	0	0.6809496469	0.7323302386	0	-0.7323302386	0.6809496469	0	0	0	1
6.27	6.56603886	-0.5090009599	0	0.6478882494	0.7617353978	0	-0.7617353978	0.6478882494	0	0	0	1
6.28	6.581150316	-0.5200940872	0	0.61662401	0.7872577915	0	-0.7872577915	0.61662401	0	0	0	1
6.29	6.595956427	-0.5304666736	0	0.5866911865	0.8098107505	0	-0.8098107505	0.5866911865	0	0	0	1
6.3	6.61172563	-0.5401599093	0	0.5563552674	0.8309445327	0	-0.8309445327	0.5563552674	0	0	0	1
6.31	6.628628902	-0.5489230147	0	0.5263061785	0.8502951291	0	-0.8502951291	0.5263061785	0	0	0	1
6.32	6.646475598	-0.5561423754	0	0.4991989681	0.8664873861	0	-0.8664873861	0.4991989681	0	0	0	1
6.33	6.664843079	-0.5607276658	0	0.4794597069	0.8775638948	0	-0.8775638948	0.4794597069	0	0	0	1
6.34	6.683107783	-0.5625344723	0	0.4696253516	0.8828658047	0	-0.8828658047	0.4696253516	0	0	0	1
6.35	6.701100567	-0.5618360308	0	0.4685668728	0.8834280309	0	-0.8834280309	0.4685668728	0	0	0	1
6.36	6.719025556	-0.5591263133	0	0.4727223643	0.8812114197	0	-0.8812114197	0.4727223643	0	0	0	1
6.37	6.737035556	-0.5549775438	0	0.4787059629	0.877975285	0	-0.877975285	0.4787059629	0	0	0	1
6.38	6.755028737	-0.5499503496	0	0.4847741917	0.8746393445	0	-0.8746393445	0.4847741917	0	0	0	1
6.39	6.772740532	-0.5445414191	0	0.4907605231	0.8712945019	0	-0.8712945019	0.4907605231	0	0	0	1
6.4	6.789906988	-0.5391246474	0	0.4973986402	0.8675220993	0	-0.8675220993	0.4973986402	0	0	0	1
6.41	6.806341013	-0.5338086141	0	0.5057954349	0.8626534519	0	-0.8626534519	0.5057954349	0	0	0	1
6.42	6.822109409	-0.5285756031	0	0.5163012128	0.8564070631	0	-0.8564070631	0.5163012128	0	0	0	1
6.43	6.837451627	-0.5233867508	0	0.5286863814	0.8488172419	0	-0.8488172419	0.5286863814	0	0	0	1
6.44	6.852506873	-0.5182092957	0	0.5429166334	0.8397865974	0	-0.8397865974	0.5429166334	0	0	0	1
6.45	6.867239792	-0.5130403913	0	0.5591911055	0.8290387853	0	-0.8290387853	0.5591911055	0	0	0	1
6.46	6.88154178	-0.5079085496	0	0.5775391926	0.8163629591	0	-0.8163629591	0.5775391926	0	0	0	1
6.47	6.895332525	-0.5028601636	0	0.5975779092	0.8018108521	0	-0.8018108521	0.5975779092	0	0	0	1
6.48	6.908584779	-0.4979446275	0	0.6186117576	0.7856968203	0	-0.7856968203	0.6186117576	0	0	0	1
6.49	6.921293703	-0.4932045573	0	0.6399325021	0.7684311243	0	-0.7684311243	0.6399325021	0	0	0	1
6.5	6.933439709	-0.4886706576	0	0.6610814719	0.7503141259	0	-0.7503141259	0.6610814719	0	0	0	1
6.51	6.944974378	-0.4843578302	0	0.6819686848	0.7313813731	0	-0.7313813731	0.6819686848	0	0	0	1
6.52	6.95583371	-0.4802634446	0	0.7028069472	0.7113806259	0	-0.7113806259	0.7028069472	0	0	0	1
6.53	6.965963002	-0.4763693834	0	0.7239458373	0.6898568146	0	-0.6898568146	0.7239458373	0	0	0	1
6.54	6.975333766	-0.4726487256	0	0.745713869	0.6662663323	0	-0.6662663323	0.745713869	0	0	0	1
6.55	6.98394454	-0.4690753963	0	0.768329431	0.6400545956	0	-0.6400545956	0.768329431	0	0	0	1
6.56	6.991811146	-0.4656327649	0	0.7918783852	0.6106788216	0	-0.6106788216	0.7918783852	0	0	0	1
6.57	6.99895906	-0.4623179001	0	0.8163174992	0.5776034457	0	-0.5776034457	0.8163174992	0	0	0	1
6.58	7.005425263	-0.4591406254	0	0.8414643976	0.5403125648	0	-0.5403125648	0.8414643976	0	0	0	1
6.59	7.011267953	-0.4561192605	0	0.8669772111	0.4983477855	0	-0.4983477855	0.8669772111	0	0	0	1
6.6	7.016578238	-0.453276104	0	0.8923350783	0.4513735791	0	-0.4513735791	0.8923350783	0	0	0	1
6.61	7.021488879	-0.4506336531	0	0.916833009	0.3992708775	0	-0.3992708775	0.916833009	0	0	0	1
6.62	7.02618082	-0.4482123071	0	0.9396056424	0.3422590199	0	-0.3422590199	0.9396056424	0	0	0	1
6.63	7.030883183	-0.4460291998	0	0.9597012989	0.2810220934	0	-0.2810220934	0.9597012989	0	0	0	1
6.64	7.035856015	-0.4440987295	0	0.9762252308	0.2167586185	0	-0.2167586185	0.9762252308	0	0	0	1
6.65	7.041350101	-0.4424344401	0	0.9885212153	0.1510821198	0	-0.1510821198	0.9885212153	0	0	0	1
6.66	7.047561081	-0.4410493189	0	0.9963108325	0.08581797597	0	-0.08581797597	0.9963108325	0	0	0	1
6.67	7.054612082	-0.4399515543	0	0.9997389011	0.02285015504	0	-0.02285015504	0.9997389011	0	0	0	1
6.68	7.062569906	-0.4391384757	0	0.999354512	-0.03592435703	0	0.03592435703	0.999354512	0	0	0	1
6.69	7.071458712	-0.4385960811	0	0.9960597732	-0.08868443092	0	0.08868443092	0.9960597732	0	0	0	1
6.7	7.081259509	-0.4383055356	0	0.9910040622	-0.1338317923	0	0.1338317923	0.9910040622	0	0	0	1
6.71	7.091917084	-0.4382520411	0	0.9854264836	-0.1701018678	0	0.1701018678	0.9854264836	0	0	0	1
6.72	7.103355405	-0.4384340086	0	0.980482843	-0.1966046656	0	0.1966046656	0.980482843	0	0	0	1
6.73	7.115483299	-0.4388733526	0	0.9770798443	-0.2128731496	0	0.2128731496	0.9770798443	0	0	0	1
6.74	7.128194224	-0.4396234741	0	0.9757453678	-0.2189086045	0	0.2189086045	0.9757453678	0	0	0	1
6.75	7.141367153	-0.4407714906	0	0.976573424	-0.2151844499	0	0.2151844499	0.976573424	0	0	0	1
6.76	7.154867208	-0.4424337731	0	0.9792575285	-0.2026195766	0	0.2026195766	0.9792575285	0	0	0	1
6.77	7.168545446	-0.4447449452	0	0.9832025653	-0.182517713	0	0.182517713	0.9832025653	0	0	0	1
6.78	7.182241146	-0.4478357999	0	0.987684929	-0.1564560034	0	0.1564560034	0.987684929	0	0	0	1
6.79	7.195765189	-0.4517741242	0	0.9920033516	-0.1262115304	0	0.1262115304	0.9920033516	0	0	0	1
6.8	7.208887989	-0.4565990336	0	0.9955961756	-0.09374569363	0	0.09374569363	0.9955961756	0	0	0	1
6.81	7.2215643	-0.462347305	0	0.9981880378	-0.06017176338	0	0.06017176338	0.9981880378	0	0	0	1
6.82	7.23390485	-0.4690443961	0	0.9996645802	-0.02589839957	0	0.02589839957	0.9996645802	0	0	0	1
6.83	7.245988134	-0.4767181102	0	0.999964148	0.008467740521	0	-0.008467740521	0.999964148	0	0	0	1
6.84	7.257814415	-0.4853971307	0	0.9991210036	0.0419192098	0	-0.0419192098	0.9991210036	0	0	0	1
6.85	7.269350193	-0.4951002122	0	0.9973072102	0.07333708795	0	-0.07333708795	0.9973072102	0	0	0	1
6.86	7.280582739	-0.5057919966	0	0.9949261274	0.1006081556	0	-0.1006081556	0.9949261274	0	0	0	1
6.87	7.293183039	-0.5162890042	0	0.9920074716	0.126179144	0	-0.126179144	0.9920074716	0	0	0	1
6.88	7.30601511	-0.5261030305	0	0.9885014531	0.1512113659	0	-0.1512113659	0.9885014531	0	0	0	1
6.89	7.317370944	-0.535392177	0	0.9850302009	0.1723818535	0	-0.1723818535	0.9850302009	0	0	0	1
6.9	7.327045744	-0.5439791097	0	0.9818780166	0.1895140116	0	-0.1895140116	0.9818780166	0	0	0	1
6.91	7.335159666	-0.5515183843	0	0.9787045333	0.2052740523	0	-0.2052740523	0.9787045333	0	0	0	1
6.92	7.339687421	-0.5571796243	0	0.9764366968	0.2158040249	0	-0.2158040249	0.9764366968	0	0	0	1
6.93	7.341983644	-0.5602555219	0	0.9756502802	0.2193320104	0	-0.2193320104	0.9756502802	0	0	0	1
6.94	7.343559257	-0.5607669753	0	0.9755318339	0.2198582292	0	-0.2198582292	0.9755318339	0	0	0	1
6.95	7.344791977	-0.5591535117	0	0.9757725368	0.2187874687	0	-0.2187874687	0.9757725368	0	0	0	1
6.96	7.345762711	-0.5559937907	0	0.976232428	0.2167262018	0	-0.2167262018	0.976232428	0	0	0	1
6.97	7.346746564	-0.5518454672	0	0.9767072874	0.2145760347	0	-0.2145760347	0.9767072874	0	0	0	1
6.98	7.348113664	-0.5471930123	0	0.9769769533	0.2133448679	0	-0.2133448679	0.9769769533	0	0	0	1
6.99	7.350113417	-0.5424248846	0	0.9769156532	0.2136253885	0	-0.2136253885	0.9769156532	0	0	0	1
7	7.353020667	-0.5377272037	0	0.976400541	0.2159675519	0	-0.2159675519	0.976400541	0	0	0	1
7.01	7.356740858	-0.5330996418	0	0.9755080459	0.2199637524	0	-0.2199637524	0.9755080459	0	0	0	1
7.02	7.36068294	-0.5285263476	0	0.9745569066	0.2241402145	0	-0.2241402145	0.9745569066	0	0	0	1
7.03	7.364454295	-0.5239911796	0	0.9737490799	0.2276240967	0	-0.2276240967	0.9737490799	0	0	0	1
7.04	7.368005618	-0.519488078	0	0.9731039045	0.2303666447	0	-0.2303666447	0.9731039045	0	0	0	1
7.05	7.371448103	-0.5150234534	0	0.972559826	0.2326529278	0	-0.2326529278	0.972559826	0	0	0	1
7.06	7.37491289	-0.5106135244	0	0.9720472193	0.2347854415	0	-0.2347854415	0.9720472193	0	0	0	1
7.07	7.378518349	-0.5062799727	0	0.9715028686	0.2370277966	0	-0.2370277966	0.9715028686	0	0	0	1
7.08	7.382369047	-0.5020426665	0	0.9708716717	0.2396000773	0	-0.2396000773	0.9708716717	0	0	0	1
7.09	7.386547413	-0.497910962	0	0.9701142355	0.2426486558	0	-0.2426486558	0.9701142355	0	0	0	1
7.1	7.391103308	-0.4938781411	0	0.9692135666	0.2462215718	0	-0.2462215718	0.9692135666	0	0	0	1
7.11	7.396050125	-0.4899224015	0	0.9681751949	0.2502734344	0	-0.2502734344	0.9681751949	0	0	0	1
7.12	7.401365821	-0.4860128495	0	0.967023382	0.2546876099	0	-0.2546876099	0.967023382	0	0	0	1
7.13	7.406996976	-0.4821166741	0	0.9657963736	0.2593016865	0	-0.2593016865	0.9657963736	0	0	0	1
7.14	7.412868657	-0.4782050685	0	0.9645399189	0.2639370093	0	-0.2639370093	0.9645399189	0	0	0	1
7.15	7.418898548	-0.4742571015	0	0.9632993237	0.2684295308	0	-0.2684295308	0.9632993237	0	0	0	1
7.16	7.425010609	-0.470262582	0	0.9621119652	0.272654665	0	-0.272654665	0.9621119652	0	0	0	1
7.17	7.431140968	-0.4662238573	0	0.9610039349	0.2765346943	0	-0.2765346943	0.9610039349	0	0	0	1
7.18	7.437236232	-0.4621564776	0	0.9599910036	0.2800308429	0	-0.2800308429	0.9599910036	0	0	0	1
7.19	7.443248611	-0.4580889839	0	0.959081368	0.2831305875	0	-0.2831305875	0.959081368	0	0	0	1
7.2	7.449136505	-0.4540618982	0	0.958275817	0.2858451653	0	-0.2858451653	0.958275817	0	0	0	1
7.21	7.454873073	-0.4501261788	0	0.9575636635	0.2882218424	0	-0.2882218424	0.9575636635	0	0	0	1
7.22	7.460461395	-0.4463410486	0	0.9569152646	0.2903673128	0	-0.2903673128	0.9569152646	0	0	0	1
7.23	7.465950762	-0.4427704513	0	0.9562745281	0.2924705574	0	-0.2924705574	0.9562745281	0	0	0	1
7.24	7.471446852	-0.4394776048	0	0.9555556353	0.2948108339	0	-0.2948108339	0.9555556353	0	0	0	1
7.25	7.477110383	-0.4365190506	0	0.9546454479	0.2977449727	0	-0.2977449727	0.9546454479	0	0	0	1
7.26	7.483144664	-0.4339411092	0	0.9534079264	0.3016841491	0	-0.3016841491	0.9534079264	0	0	0	1
7.27	7.489773643	-0.4317782327	0	0.9516886082	0.3070648026	0	-0.3070648026	0.9516886082	0	0	0	1
7.28	7.497216097	-0.4300540813	0	0.9493173101	0.3143193358	0	-0.3143193358	0.9493173101	0	0	0	1
7.29	7.505659826	-0.4287822131	0	0.9461112463	0.3238417971	0	-0.3238417971	0.9461112463	0	0	0	1
7.3	7.515242243	-0.4279706532	0	0.941874438	0.3359650921	0	-0.3359650921	0.941874438	0	0	0	1
7.31	7.526037057	-0.4276288587	0	0.9363964478	0.350944002	0	-0.350944002	0.9363964478	0	0	0	1
7.32	7.538042961	-0.4277741759	0	0.9294564051	0.36893196	0	-0.36893196	0.9294564051	0	0	0	1
7.33	7.551177533	-0.4284374293	0	0.9208317835	0.389960032	0	-0.389960032	0.9208317835	0	0	0	1
7.34	7.565280173	-0.4296674498	0	0.9103108109	0.4139253889	0	-0.4139253889	0.9103108109	0	0	0	1
7.35	7.580124861	-0.4315324222	0	0.8977107521	0.4405852988	0	-0.4405852988	0.8977107521	0	0	0	1
7.36	7.595442276	-0.4341173964	0	0.8829057496	0.4695502501	0	-0.4695502501	0.8829057496	0	0	0	1
7.37	7.610947654	-0.4375138776	0	0.8659481986	0.5001336995	0	-0.5001336995	0.8659481986	0	0	0	1
7.38	7.626420854	-0.4417932666	0	0.8479460182	0.5300825882	0	-0.5300825882	0.8479460182	0	0	0	1
7.39	7.64216996	-0.4470750681	0	0.8290950003	0.5591077539	0	-0.5591077539	0.8290950003	0	0	0	1
7.4	7.658372221	-0.4534043917	0	0.8086868014	0.5882394556	0	-0.5882394556	0.8086868014	0	0	0	1
7.41	7.674875007	-0.4607372812	0	0.7864037854	0.6177127863	0	-0.6177127863	0.7864037854	0	0	0	1
7.42	7.691492187	-0.4690308308	0	0.7620395338	0.6475305003	0	-0.6475305003	0.7620395338	0	0	0	1
7.43	7.708118153	-0.4782723858	0	0.7353624798	0.6776739801	0	-0.6776739801	0.7353624798	0	0	0	1
7.44	7.724699624	-0.4884662495	0	0.7061930289	0.7080193542	0	-0.7080193542	0.7061930289	0	0	0	1
7.45	7.741190441	-0.4996158521	0	0.6744541098	0.7383167706	0	-0.7383167706	0.6744541098	0	0	0	1
7.46	7.757295388	-0.5112676677	0	0.6415121098	0.7671129076	0	-0.7671129076	0.6415121098	0	0	0	1
7.47	7.772212008	-0.5222013279	0	0.610641447	0.7919072061	0	-0.7919072061	0.610641447	0	0	0	1
7.48	7.787146031	-0.5324469909	0	0.580732773	0.8140942491	0	-0.8140942491	0.580732773	0	0	0	1
7.49	7.803150201	-0.5419812834	0	0.5503191035	0.8349544205	0	-0.8349544205	0.5503191035	0	0	0	1
7.5	7.820256959	-0.5505193218	0	0.5205747827	0.8538160784	0	-0.8538160784	0.5205747827	0	0	0	1
7.51	7.838255892	-0.557274056	0	0.4945901352	0.8691263419	0	-0.8691263419	0.4945901352	0	0	0	1
7.52	7.856644219	-0.5613023622	0	0.4767237776	0.8790531496	0	-0.8790531496	0.4767237776	0	0	0	1
7.53	7.874850981	-0.5625819609	0	0.4688350387	0.8832857445	0	-0.8832857445	0.4688350387	0	0	0	1
7.54	7.892810028	-0.5614417375	0	0.4691236725	0.8831324815	0	-0.8831324815	0.4691236725	0	0	0	1
7.55	7.910746928	-0.5584011455	0	0.473868487	0.8805956263	0	-0.8805956263	0.473868487	0	0	0	1
7.56	7.928769036	-0.5540355466	0	0.4799478309	0.8772970305	0	-0.8772970305	0.4799478309	0	0	0	1
7.57	7.946729024	-0.5488964686	0	0.4859712242	0.8739748104	0	-0.8739748104	0.4859712242	0	0	0	1
7.58	7.96435166	-0.5434626853	0	0.4920038724	0.8705930103	0	-0.8705930103	0.4920038724	0	0	0	1
7.59	7.981382502	-0.5380658691	0	0.498903489	0.8666575498	0	-0.8666575498	0.498903489	0	0	0	1
7.6	7.99766918	-0.5327690528	0	0.5077165699	0.8615241637	0	-0.8615241637	0.5077165699	0	0	0	1
7.61	8.013333233	-0.5275486138	0	0.5186091632	0.8550114244	0	-0.8550114244	0.5186091632	0	0	0	1
7.62	8.028612485	-0.5223643668	0	0.5313469662	0.8471542962	0	-0.8471542962	0.5313469662	0	0	0	1
7.63	8.043609536	-0.5171882276	0	0.5459625249	0.8378095973	0	-0.8378095973	0.5459625249	0	0	0	1
7.64	8.058264337	-0.5120241481	0	0.5626542746	0.8266923051	0	-0.8266923051	0.5626542746	0	0	0	1
7.65	8.072468052	-0.506905467	0	0.5813777832	0.8136337464	0	-0.8136337464	0.5813777832	0	0	0	1
7.66	8.086151388	-0.501880233	0	0.6016705282	0.7987443743	0	-0.7987443743	0.6016705282	0	0	0	1
7.67	8.099294868	-0.4969970721	0	0.622809009	0.7823739121	0	-0.7823739121	0.622809009	0	0	0	1
7.68	8.111893254	-0.4922965877	0	0.6441164986	0.7649274059	0	-0.7649274059	0.6441164986	0	0	0	1
7.69	8.123921454	-0.4878065612	0	0.6652048571	0.746660899	0	-0.746660899	0.6652048571	0	0	0	1
7.7	8.135326288	-0.4835384302	0	0.6860541758	0.7275504573	0	-0.7275504573	0.6860541758	0	0	0	1
7.71	8.146043719	-0.4794861683	0	0.7069185634	0.7072949489	0	-0.7072949489	0.7069185634	0	0	0	1
7.72	8.156023341	-0.4756291565	0	0.7281550856	0.6854124097	0	-0.6854124097	0.7281550856	0	0	0	1
7.73	8.165242573	-0.4719398498	0	0.7500745093	0.6613533325	0	-0.6613533325	0.7500745093	0	0	0	1
7.74	8.173704286	-0.4683934631	0	0.7728689196	0.6345657043	0	-0.6345657043	0.7728689196	0	0	0	1
7.75	8.181426576	-0.4649758909	0	0.796598893	0.6045082329	0	-0.6045082329	0.796598893	0	0	0	1
7.76	8.188436711	-0.4616869792	0	0.8211946279	0.5706482131	0	-0.5706482131	0.8211946279	0	0	0	1
7.77	8.194774946	-0.4585386195	0	0.8464440318	0.5324777	0	-0.5324777	0.8464440318	0	0	0	1
7.78	8.200505089	-0.4555502879	0	0.8719714659	0.4895567002	0	-0.4895567002	0.8719714659	0	0	0	1
7.79	8.205725764	-0.4527445898	0	0.8972198635	0.4415840991	0	-0.4415840991	0.8972198635	0	0	0	1
7.8	8.210578742	-0.450143775	0	0.9214501063	0.3884967203	0	-0.3884967203	0.9214501063	0	0	0	1
7.81	8.215254511	-0.4477676457	0	0.9437726486	0.3305952023	0	-0.3305952023	0.9437726486	0	0	0	1
7.82	8.219990023	-0.4456326978	0	0.9632342808	0.2686628376	0	-0.2686628376	0.9632342808	0	0	0	1
7.83	8.225047627	-0.4437530034	0	0.9789723093	0.2039931805	0	-0.2039931805	0.9789723093	0	0	0	1
7.84	8.230670319	-0.4421421134	0	0.9903963528	0.1382572399	0	-0.1382572399	0.9903963528	0	0	0	1
7.85	8.237038988	-0.4408126251	0	0.9973101321	0.07329734194	0	-0.07329734194	0.9973101321	0	0	0	1
7.86	8.244263788	-0.4397709988	0	0.9999394812	0.0110015444	0	-0.0110015444	0.9999394812	0	0	0	1
7.87	8.252403285	-0.4390120495	0	0.998907171	-0.04673824611	0	0.04673824611	0.998907171	0	0	0	1
7.88	8.261473659	-0.4385201181	0	0.9951737643	-0.09812837983	0	0.09812837983	0.9951737643	0	0	0	1
7.89	8.271447208	-0.4382765887	0	0.989919136	-0.1416336971	0	0.1416336971	0.989919136	0	0	0	1
7.9	8.282263488	-0.4382684879	0	0.9843795171	-0.1760595534	0	0.1760595534	0.9843795171	0	0	0	1
7.91	8.293843722	-0.4384979496	0	0.9796747323	-0.2005926691	0	0.2005926691	0.9796747323	0	0	0	1
7.92	8.306093812	-0.4389925388	0	0.9766460999	-0.2148543591	0	0.2148543591	0.9766460999	0	0	0	1
7.93	8.318904252	-0.4398122354	0	0.9757386602	-0.2189385006	0	0.2189385006	0.9757386602	0	0	0	1
7.94	8.332151282	-0.4410504515	0	0.9769631061	-0.213408269	0	0.213408269	0.9769631061	0	0	0	1
7.95	8.345697299	-0.442828201	0	0.9799458946	-0.1992637539	0	0.1992637539	0.9799458946	0	0	0	1
7.96	8.359390831	-0.4452817563	0	0.9840536154	-0.1778720944	0	0.1778720944	0.9840536154	0	0	0	1
7.97	8.373069336	-0.4485347334	0	0.9885574245	-0.1508450146	0	0.1508450146	0.9885574245	0	0	0	1
7.98	8.38652971	-0.4526421932	0	0.9927709803	-0.1200240836	0	0.1200240836	0.9927709803	0	0	0	1
7.99	8.399560107	-0.4576444633	0	0.9961829864	-0.0872895051	0	0.0872895051	0.9961829864	0	0	0	1
8	8.412160171	-0.4635755084	0	0.9985652307	-0.05354885704	0	0.05354885704	0.9985652307	0	0	0	1
8.01	8.424445999	-0.470460352	0	0.9998157997	-0.01919287868	0	0.01919287868	0.9998157997	0	0	0	1
8.02	8.436479777	-0.4783276832	0	0.9998862204	0.01508463851	0	-0.01508463851	0.9998862204	0	0	0	1
8.03	8.448251224	-0.4872050123	0	0.9988363396	0.04822827686	0	-0.04822827686	0.9988363396	0	0	0	1
8.04	8.459724914	-0.4971083684	0	0.9968640945	0.07913265537	0	-0.07913265537	0.9968640945	0	0	0	1
8.05	8.47103195	-0.5079069097	0	0.9944431971	0.1052745349	0	-0.1052745349	0.9944431971	0	0	0	1
8.06	8.483908004	-0.5182418776	0	0.9913470119	0.1312672924	0	-0.1312672924	0.9913470119	0	0	0	1
8.07	8.496527956	-0.5279538564	0	0.987808931	0.1556711783	0	-0.1556711783	0.987808931	0	0	0	1
8.08	8.507539835	-0.5371278855	0	0.9843881696	0.1760111688	0	-0.1760111688	0.9843881696	0	0	0	1
8.09	8.51693148	-0.5455415547	0	0.981306049	0.1924537301	0	-0.1924537301	0.981306049	0	0	0	1
8.1	8.524497227	-0.5528026072	0	0.9780995447	0.2081376484	0	-0.2081376484	0.9780995447	0	0	0	1
8.11	8.528405044	-0.5579885472	0	0.9762008608	0.2168683459	0	-0.2168683459	0.9762008608	0	0	0	1
8.12	8.530487575	-0.5605463827	0	0.9755898231	0.2196007676	0	-0.2196007676	0.9755898231	0	0	0	1
8.13	8.531988004	-0.5606019551	0	0.9755549307	0.2197557215	0	-0.2197557215	0.9755549307	0	0	0	1
8.14	8.533159462	-0.5586414877	0	0.9758500871	0.2184413138	0	-0.2184413138	0.9758500871	0	0	0	1
8.15	8.53410425	-0.5552474905	0	0.9763314741	0.2162795705	0	-0.2162795705	0.9763314741	0	0	0	1
8.16	8.535135019	-0.5509657244	0	0.9767818974	0.2142361427	0	-0.2142361427	0.9767818974	0	0	0	1
8.17	8.536610924	-0.5462637312	0	0.9769934129	0.2132694801	0	-0.2132694801	0.9769934129	0	0	0	1
8.18	8.538760623	-0.5415043963	0	0.9768557489	0.213899149	0	-0.213899149	0.9768557489	0	0	0	1
8.19	8.541860451	-0.5368213395	0	0.9762474269	0.2166586288	0	-0.2166586288	0.9762474269	0	0	0	1
8.2	8.545671109	-0.5322058349	0	0.9753185775	0.220802338	0	-0.220802338	0.9753185775	0	0	0	1
8.21	8.549598822	-0.5276411324	0	0.9743859096	0.2248824118	0	-0.2248824118	0.9743859096	0	0	0	1
8.22	8.553323483	-0.5231124201	0	0.9736121666	0.2282090028	0	-0.2282090028	0.9736121666	0	0	0	1
8.23	8.556843443	-0.5186161241	0	0.9729920753	0.2308385182	0	-0.2308385182	0.9729920753	0	0	0	1
8.24	8.56028058	-0.5141608186	0	0.9724591941	0.2330731985	0	-0.2330731985	0.9724591941	0	0	0	1
8.25	8.563764028	-0.5097641893	0	0.9719450192	0.2352081622	0	-0.2352081622	0.9719450192	0	0	0	1
8.26	8.567409633	-0.5054482192	0	0.9713876127	0.2374996968	0	-0.2374996968	0.9713876127	0	0	0	1
8.27	8.571318433	-0.5012313696	0	0.9707342828	0.2401560996	0	-0.2401560996	0.9707342828	0	0	0	1
8.28	8.575567312	-0.4971201366	0	0.9699495862	0.2433059806	0	-0.2433059806	0.9699495862	0	0	0	1
8.29	8.58019911	-0.4931045771	0	0.9690211025	0.2469779402	0	-0.2469779402	0.9690211025	0	0	0	1
8.3	8.585220193	-0.4891605749	0	0.967958325	0.251110894	0	-0.251110894	0.967958325	0	0	0	1
8.31	8.590601962	-0.4852562937	0	0.9667886551	0.2555771826	0	-0.2555771826	0.9667886551	0	0	0	1
8.32	8.596285873	-0.481359315	0	0.9655523496	0.2602088778	0	-0.2602088778	0.9655523496	0	0	0	1
8.33	8.602194404	-0.4774421033	0	0.9642957083	0.2648278442	0	-0.2648278442	0.9642957083	0	0	0	1
8.34	8.608245581	-0.4734856244	0	0.9630629834	0.2692762336	0	-0.2692762336	0.9630629834	0	0	0	1
8.35	8.61436553	-0.4694819975	0	0.9618894839	0.2734385136	0	-0.2734385136	0.9618894839	0	0	0	1
8.36	8.62049271	-0.46543614	0	0.96079911	0.2772455054	0	-0.2772455054	0.96079911	0	0	0	1
8.37	8.62657522	-0.4613661379	0	0.9598059505	0.280664457	0	-0.280664457	0.9598059505	0	0	0	1
8.38	8.632566121	-0.4573029778	0	0.9589168904	0.2836871468	0	-0.2836871468	0.9589168904	0	0	0	1
8.39	8.638425765	-0.4532893218	0	0.9581309492	0.2863303758	0	-0.2863303758	0.9581309492	0	0	0	1
8.4	8.644131801	-0.4493779446	0	0.9574343985	0.2886509528	0	-0.2886509528	0.9574343985	0	0	0	1
8.41	8.649695094	-0.4456293416	0	0.9567929548	0.2907700838	0	-0.2907700838	0.9567929548	0	0	0	1
8.42	8.655175421	-0.4421078107	0	0.9561448047	0.2928943709	0	-0.2928943709	0.9561448047	0	0	0	1
8.43	8.660689666	-0.4388757006	0	0.9553984911	0.2953196965	0	-0.2953196965	0.9553984911	0	0	0	1
8.44	8.666408164	-0.4359878409	0	0.9544360429	0.2984155491	0	-0.2984155491	0.9544360429	0	0	0	1
8.45	8.672540068	-0.433487978	0	0.9531177087	0.3025997908	0	-0.3025997908	0.9531177087	0	0	0	1
8.46	8.679310382	-0.4314087475	0	0.9512855813	0.3083111137	0	-0.3083111137	0.9512855813	0	0	0	1
8.47	8.686933835	-0.4297715714	0	0.9487668946	0.3159768657	0	-0.3159768657	0.9487668946	0	0	0	1
8.48	8.695589435	-0.4285884352	0	0.9453766729	0.3259799786	0	-0.3259799786	0.9453766729	0	0	0	1
8.49	8.705403441	-0.4278671299	0	0.9409159307	0.3386402389	0	-0.3386402389	0.9409159307	0	0	0	1
8.5	8.716435798	-0.4276181643	0	0.9351717485	0.3541945804	0	-0.3541945804	0.9351717485	0	0	0	1
8.51	8.72866964	-0.4278610443	0	0.9279221796	0.3727739645	0	-0.3727739645	0.9279221796	0	0	0	1
8.52	8.742006823	-0.4286298032	0	0.9189456447	0.3943842063	0	-0.3943842063	0.9189456447	0	0	0	1
8.53	8.756272816	-0.4299770297	0	0.9080343717	0.418895667	0	-0.418895667	0.9080343717	0	0	0	1
8.54	8.771230907	-0.431974586	0	0.8950141041	0.4460378385	0	-0.4460378385	0.8950141041	0	0	0	1
8.55	8.786607441	-0.4347098826	0	0.8797751773	0.4753899845	0	-0.4753899845	0.8797751773	0	0	0	1
8.56	8.802112063	-0.4382718679	0	0.862493864	0.5060675198	0	-0.5060675198	0.862493864	0	0	0	1
8.57	8.817604264	-0.4427357654	0	0.8443829752	0.5357400408	0	-0.5357400408	0.8443829752	0	0	0	1
8.58	8.833441488	-0.4482213875	0	0.8252734722	0.5647332964	0	-0.5647332964	0.8252734722	0	0	0	1
8.59	8.849717937	-0.454749678	0	0.8045181064	0.5939281241	0	-0.5939281241	0.8045181064	0	0	0	1
8.6	8.866254844	-0.4622712925	0	0.7818486529	0.6234682702	0	-0.6234682702	0.7818486529	0	0	0	1
8.61	8.882879213	-0.4707488583	0	0.7570536978	0.6533526602	0	-0.6533526602	0.7570536978	0	0	0	1
8.62	8.899499701	-0.4801745808	0	0.7299043828	0.6835492608	0	-0.6835492608	0.7299043828	0	0	0	1
8.63	8.916067077	-0.4905537571	0	0.7002395163	0.7139079911	0	-0.7139079911	0.7002395163	0	0	0	1
8.64	8.932533244	-0.5018833819	0	0.6680139277	0.7441487703	0	-0.7441487703	0.6680139277	0	0	0	1
8.65	8.948428518	-0.5134511789	0	0.6353705723	0.7722073788	0	-0.7722073788	0.6353705723	0	0	0	1
8.66	8.963215387	-0.5242375049	0	0.6048353189	0.7963505742	0	-0.7963505742	0.6048353189	0	0	0	1
8.67	8.978315623	-0.5343581247	0	0.5748713789	0.8182437887	0	-0.8182437887	0.5748713789	0	0	0	1
8.68	8.99454681	-0.5437253263	0	0.5444344357	0.8388034008	0	-0.8388034008	0.5444344357	0	0	0	1
8.69	9.011844846	-0.5520178664	0	0.5150927357	0.8571344548	0	-0.8571344548	0.5150927357	0	0	0	1
8.7	9.02997247	-0.5582753744	0	0.4903871434	0.8715047043	0	-0.8715047043	0.4903871434	0	0	0	1
8.71	9.048356836	-0.5617590011	0	0.4744259549	0.8802954125	0	-0.8802954125	0.4744259549	0	0	0	1
8.72	9.066505024	-0.5625356237	0	0.4683629688	0.8835361506	0	-0.8835361506	0.4683629688	0	0	0	1
8.73	9.084440801	-0.5609831659	0	0.4698180156	0.8827632935	0	-0.8827632935	0.4698180156	0	0	0	1
8.74	9.102393767	-0.5576408451	0	0.475016144	0.8799770809	0	-0.8799770809	0.475016144	0	0	0	1
8.75	9.120421672	-0.5530840162	0	0.4811379418	0.8766449002	0	-0.8766449002	0.4811379418	0	0	0	1
8.76	9.138338355	-0.547853537	0	0.4871239941	0.8733328199	0	-0.8733328199	0.4871239941	0	0	0	1
8.77	9.155864434	-0.5424092548	0	0.4932362955	0.8698953712	0	-0.8698953712	0.4932362955	0	0	0	1
8.78	9.17275582	-0.5370326571	0	0.5004422288	0.8657699323	0	-0.8657699323	0.5004422288	0	0	0	1
8.79	9.18890402	-0.5317535701	0	0.5096699033	0.8603700307	0	-0.8603700307	0.5096699033	0	0	0	1
8.8	9.204476431	-0.5265436354	0	0.520932983	0.8535975792	0	-0.8535975792	0.520932983	0	0	0	1
8.81	9.219698725	-0.5213625959	0	0.5340201062	0.8454717773	0	-0.8454717773	0.5340201062	0	0	0	1
8.82	9.234637037	-0.5161877315	0	0.5490235391	0.8358068877	0	-0.8358068877	0.5490235391	0	0	0	1
8.83	9.249211996	-0.5110294888	0	0.566124056	0.8243200551	0	-0.8243200551	0.566124056	0	0	0	1
8.84	9.263317962	-0.5059253288	0	0.5851983511	0.8108901836	0	-0.8108901836	0.5851983511	0	0	0	1
8.85	9.276896667	-0.5009243513	0	0.6057129618	0.7956832334	0	-0.7956832334	0.6057129618	0	0	0	1
8.86	9.289934685	-0.4960741287	0	0.6269291059	0.7790763096	0	-0.7790763096	0.6269291059	0	0	0	1
8.87	9.302424991	-0.4914131041	0	0.6482109761	0.7614607872	0	-0.7614607872	0.6482109761	0	0	0	1
8.88	9.314336744	-0.4869660879	0	0.6692420469	0.7430444689	0	-0.7430444689	0.6692420469	0	0	0	1
8.89	9.325612846	-0.4827411071	0	0.6900669029	0.7237455834	0	-0.7237455834	0.6900669029	0	0	0	1
8.9	9.336190102	-0.4787289114	0	0.71097357	0.7032187304	0	-0.7032187304	0.71097357	0	0	0	1
8.91	9.34602296	-0.4749067891	0	0.7323199747	0.6809606851	0	-0.6809606851	0.7323199747	0	0	0	1
8.92	9.355094435	-0.4712470335	0	0.7543962272	0.6564193266	0	-0.6564193266	0.7543962272	0	0	0	1
8.93	9.363411112	-0.4677263872	0	0.7773694204	0.6290443421	0	-0.6290443421	0.7773694204	0	0	0	1
8.94	9.370993011	-0.4643333669	0	0.8012751347	0.5982960459	0	-0.5982960459	0.8012751347	0	0	0	1
8.95	9.377869348	-0.4610704257	0	0.826017542	0.5636444095	0	-0.5636444095	0.826017542	0	0	0	1
8.96	9.384084133	-0.4579513175	0	0.8513546066	0.5245906345	0	-0.5245906345	0.8513546066	0	0	0	1
8.97	9.389707058	-0.4549964037	0	0.8768764258	0.4807158556	0	-0.4807158556	0.8768764258	0	0	0	1
8.98	9.394844321	-0.452228439	0	0.9019905196	0.4317558366	0	-0.4317558366	0.9019905196	0	0	0	1
8.99	9.3996468	-0.449669389	0	0.9259253064	0.377706668	0	-0.377706668	0.9259253064	0	0	0	1
9	9.404314534	-0.4473384341	0	0.9477701358	0.3189541812	0	-0.3189541812	0.9477701358	0	0	0	1
9.01	9.409091917	-0.4452514671	0	0.9665752861	0.2563829485	0	-0.2563829485	0.9665752861	0	0	0	1
9.02	9.414241349	-0.4434223402	0	0.9815172833	0.1913735158	0	-0.1913735158	0.9815172833	0	0	0	1
9.03	9.419996191	-0.4418646259	0	0.9920754304	0.1256437043	0	-0.1256437043	0.9920754304	0	0	0	1
9.04	9.426523219	-0.4405902379	0	0.998134678	0.06105050784	0	-0.06105050784	0.998134678	0	0	0	1
9.05	9.433921204	-0.4396036761	0	0.9999998681	-0.0005135233265	0	0.0005135233265	0.9999998681	0	0	0	1
9.06	9.442240386	-0.4388974051	0	0.9983648254	-0.05716358394	0	0.05716358394	0.9983648254	0	0	0	1
9.07	9.451488127	-0.4384545734	0	0.9942432657	-0.1071462951	0	0.1071462951	0.9942432657	0	0	0	1
9.08	9.461629239	-0.4382569577	0	0.9888390225	-0.148987877	0	0.148987877	0.9888390225	0	0	0	1
9.09	9.472599127	-0.4382936593	0	0.9833793413	-0.1815628573	0	0.1815628573	0.9833793413	0	0	0	1
9.1	9.484315977	-0.438570959	0	0.9789423684	-0.2041368152	0	0.2041368152	0.9789423684	0	0	0	1
9.11	9.496682663	-0.4391222811	0	0.976300109	-0.2164211108	0	0.2164211108	0.976300109	0	0	0	1
9.12	9.50958686	-0.4400141712	0	0.9758143924	-0.2186007126	0	0.2186007126	0.9758143924	0	0	0	1
9.13	9.522902234	-0.4413459877	0	0.9774156394	-0.2113259754	0	0.2113259754	0.9774156394	0	0	0	1
9.14	9.536488476	-0.4432428134	0	0.9806689874	-0.1956740587	0	0.1956740587	0.9806689874	0	0	0	1
9.15	9.550191626	-0.445841806	0	0.9849094844	-0.1730702389	0	0.1730702389	0.9849094844	0	0	0	1
9.16	9.56384649	-0.4492563878	0	0.9894084096	-0.1451585308	0	0.1451585308	0.9894084096	0	0	0	1
9.17	9.577235622	-0.4535324025	0	0.9934984806	-0.1138453731	0	0.1138453731	0.9934984806	0	0	0	1
9.18	9.590176081	-0.4587109651	0	0.996724018	-0.08087788328	0	0.08087788328	0.996724018	0	0	0	1
9.19	9.60270655	-0.464823284	0	0.998895549	-0.04698597822	0	0.04698597822	0.998895549	0	0	0	1
9.2	9.614941354	-0.4718945172	0	0.9999209193	-0.0125759787	0	0.0125759787	0.9999209193	0	0	0	1
9.21	9.626926358	-0.4799539807	0	0.9997672812	0.02157274626	0	-0.02157274626	0.9997672812	0	0	0	1
9.22	9.638642917	-0.4890276351	0	0.9985208972	0.05436927357	0	-0.05436927357	0.9985208972	0	0	0	1
9.23	9.650054481	-0.4991287097	0	0.9964038283	0.08473140481	0	-0.08473140481	0.9964038283	0	0	0	1
9.24	9.661555617	-0.5099594665	0	0.9939203598	0.1101014005	0	-0.1101014005	0.9939203598	0	0	0	1
9.25	9.674580687	-0.5201476674	0	0.9906801435	0.1362088592	0	-0.1362088592	0.9906801435	0	0	0	1
9.26	9.686943816	-0.5297615285	0	0.9871314588	0.15991086	0	-0.15991086	0.9871314588	0	0	0	1
9.27	9.69761876	-0.5388129466	0	0.9837683343	0.1794432068	0	-0.1794432068	0.9837683343	0	0	0	1
9.28	9.706748495	-0.5470430815	0	0.9807550208	0.1952423855	0	-0.1952423855	0.9807550208	0	0	0	1
9.29	9.713657725	-0.5539893051	0	0.9775832398	0.2105493036	0	-0.2105493036	0.9775832398	0	0	0	1
9.3	9.717050254	-0.5586872178	0	0.9760147	0.2177046289	0	-0.2177046289	0.9760147	0	0	0	1
9.31	9.718966584	-0.5607393161	0	0.975550593	0.2197749769	0	-0.2197749769	0.975550593	0	0	0	1
9.32	9.720399559	-0.5603639639	0	0.9755901199	0.2195994488	0	-0.2195994488	0.9755901199	0	0	0	1
9.33	9.721513602	-0.5580830273	0	0.9759340662	0.2180658122	0	-0.2180658122	0.9759340662	0	0	0	1
9.34	9.722445526	-0.5544783217	0	0.9764279827	0.2158434494	0	-0.2158434494	0.9764279827	0	0	0	1
9.35	9.723536946	-0.5500823957	0	0.9768460293	0.2139435321	0	-0.2139435321	0.9768460293	0	0	0	1
9.36	9.725128139	-0.5453454336	0	0.9769964297	0.2132556596	0	-0.2132556596	0.9769964297	0	0	0	1
9.37	9.727439825	-0.5405993285	0	0.976776904	0.2142589084	0	-0.2142589084	0.976776904	0	0	0	1
9.38	9.730718425	-0.5359304057	0	0.9760835104	0.2173959077	0	-0.2173959077	0.9760835104	0	0	0	1
9.39	9.734594049	-0.5313262381	0	0.9751316696	0.2216263229	0	-0.2216263229	0.9751316696	0	0	0	1
9.4	9.738495577	-0.5267695136	0	0.9742232949	0.225585841	0	-0.225585841	0.9742232949	0	0	0	1
9.41	9.742174542	-0.5222471035	0	0.9734827387	0.2287604804	0	-0.2287604804	0.9734827387	0	0	0	1
9.42	9.745668033	-0.5177578998	0	0.9728849693	0.2312895081	0	-0.2312895081	0.9728849693	0	0	0	1
9.43	9.749104316	-0.5133124947	0	0.9723607949	0.2334833709	0	-0.2334833709	0.9723607949	0	0	0	1
9.44	9.752610055	-0.508929847	0	0.9718429848	0.2356293974	0	-0.2356293974	0.9718429848	0	0	0	1
9.45	9.756298768	-0.5046319626	0	0.9712708633	0.2379767006	0	-0.2379767006	0.9712708633	0	0	0	1
9.46	9.760267612	-0.5004355758	0	0.9705944508	0.2407206098	0	-0.2407206098	0.9705944508	0	0	0	1
9.47	9.764587509	-0.4963441702	0	0.969782485	0.2439711702	0	-0.2439711702	0.969782485	0	0	0	1
9.48	9.769294318	-0.4923447432	0	0.9688269696	0.2477383759	0	-0.2477383759	0.9688269696	0	0	0	1
9.49	9.774387525	-0.4884111111	0	0.9677411784	0.2519464458	0	-0.2519464458	0.9677411784	0	0	0	1
9.5	9.779832255	-0.4845108198	0	0.9665553999	0.2564579087	0	-0.2564579087	0.9665553999	0	0	0	1
9.51	9.785565304	-0.480612015	0	0.9653116541	0.2611003838	0	-0.2611003838	0.9653116541	0	0	0	1
9.52	9.791507061	-0.4766885308	0	0.9640565104	0.2656972804	0	-0.2656972804	0.9640565104	0	0	0	1
9.53	9.797576505	-0.472723341	0	0.9628328404	0.2700979849	0	-0.2700979849	0.9628328404	0	0	0	1
9.54	9.803701992	-0.4687109011	0	0.961673851	0.2741959233	0	-0.2741959233	0.961673851	0	0	0	1
9.55	9.809824222	-0.464658662	0	0.9606013368	0.2779299762	0	-0.2779299762	0.9606013368	0	0	0	1
9.56	9.815892462	-0.4605872459	0	0.9596278585	0.2812727738	0	-0.2812727738	0.9596278585	0	0	0	1
9.57	9.821860808	-0.4565299594	0	0.9587589617	0.284220431	0	-0.284220431	0.9587589617	0	0	0	1
9.58	9.82769187	-0.4525315227	0	0.9579917567	0.2867957359	0	-0.2867957359	0.9579917567	0	0	0	1
9.59	9.83336831	-0.4486464178	0	0.9573092241	0.2890658219	0	-0.2890658219	0.9573092241	0	0	0	1
9.6	9.838909282	-0.4449362459	0	0.9566722357	0.29116702	0	-0.29116702	0.9566722357	0	0	0	1
9.61	9.844385272	-0.4414654512	0	0.9560132231	0.2933235708	0	-0.2933235708	0.9560132231	0	0	0	1
9.62	9.849924015	-0.438295254	0	0.9552353712	0.2958468954	0	-0.2958468954	0.9552353712	0	0	0	1
9.63	9.855704478	-0.4354784256	0	0.9542163418	0.2991173233	0	-0.2991173233	0.9542163418	0	0	0	1
9.64	9.861940603	-0.4330567924	0	0.9528126682	0.3035589223	0	-0.3035589223	0.9528126682	0	0	0	1
9.65	9.868858048	-0.4310608531	0	0.9508629809	0.3096120015	0	-0.3096120015	0.9508629809	0	0	0	1
9.66	9.876666518	-0.4295098744	0	0.9481921958	0.317697277	0	-0.317697277	0.9481921958	0	0	0	1
9.67	9.885535866	-0.4284144951	0	0.9446129949	0.3281863644	0	-0.3281863644	0.9446129949	0	0	0	1
9.68	9.89558067	-0.4277825628	0	0.9399235454	0.3413850155	0	-0.3413850155	0.9399235454	0	0	0	1
9.69	9.906846783	-0.4276258116	0	0.9339087331	0.3575115078	0	-0.3575115078	0.9339087331	0	0	0	1
9.7	9.919301622	-0.4279660897	0	0.9263459526	0.3766738326	0	-0.3766738326	0.9263459526	0	0	0	1
9.71	9.932831872	-0.4288407396	0	0.9170150265	0.3988526559	0	-0.3988526559	0.9170150265	0	0	0	1
9.72	9.947249738	-0.4303061484	0	0.9057128309	0.4238918116	0	-0.4238918116	0.9057128309	0	0	0	1
9.73	9.962309208	-0.4324375752	0	0.8922744209	0.4514934748	0	-0.4514934748	0.8922744209	0	0	0	1
9.74	9.977733215	-0.4353245973	0	0.8766097456	0.4812019887	0	-0.4812019887	0.8766097456	0	0	0	1
9.75	9.993228198	-0.4390516365	0	0.8590721154	0.5118545698	0	-0.5118545698	0.8590721154	0	0	0	1
9.76	10.0087572	-0.443702795	0	0.8408347966	0.5412918296	0	-0.5412918296	0.8408347966	0	0	0	1
9.77	10.02468406	-0.4493897242	0	0.8214457196	0.5702867084	0	-0.5702867084	0.8214457196	0	0	0	1
9.78	10.04102642	-0.4561120105	0	0.8003397563	0.5995467243	0	-0.5995467243	0.8003397563	0	0	0	1
9.79	10.05759061	-0.4638181647	0	0.7772818838	0.6291525039	0	-0.6291525039	0.7772818838	0	0	0	1
9.8	10.07421901	-0.4724768044	0	0.7520538009	0.6591017225	0	-0.6591017225	0.7520538009	0	0	0	1
9.81	10.09083257	-0.4820842363	0	0.7244330121	0.6893452045	0	-0.6893452045	0.7244330121	0	0	0	1
9.82	10.10738448	-0.4926461202	0	0.6942778456	0.7197070745	0	-0.7197070745	0.6942778456	0	0	0	1
9.83	10.12381868	-0.5041339724	0	0.6616284744	0.7498318224	0	-0.7498318224	0.6616284744	0	0	0	1
9.84	10.1394684	-0.5155711895	0	0.6294019715	0.7770798918	0	-0.7770798918	0.6294019715	0	0	0	1
9.85	10.15419276	-0.5262206327	0	0.5991389488	0.800645065	0	-0.800645065	0.5991389488	0	0	0	1
9.86	10.16948604	-0.5362143679	0	0.5690692459	0.8222896043	0	-0.8222896043	0.5690692459	0	0	0	1
9.87	10.18593581	-0.5454049394	0	0.5386748714	0.8425137287	0	-0.8425137287	0.5386748714	0	0	0	1
9.88	10.20341534	-0.5534150854	0	0.5098632717	0.8602554529	0	-0.8602554529	0.5098632717	0	0	0	1
9.89	10.22164681	-0.559158706	0	0.4865743154	0.8736391907	0	-0.8736391907	0.4865743154	0	0	0	1
9.9	10.24000782	-0.5621084816	0	0.4725350223	0.881311893	0	-0.881311893	0.4725350223	0	0	0	1
9.91	10.25810043	-0.5624037673	0	0.468174879	0.8836358315	0	-0.8836358315	0.468174879	0	0	0	1
9.92	10.27602301	-0.5604652742	0	0.4706318816	0.8823296618	0	-0.8823296618	0.4706318816	0	0	0	1
9.93	10.29399412	-0.5568467792	0	0.4761710527	0.8793526759	0	-0.8793526759	0.4761710527	0	0	0	1
9.94	10.31202042	-0.5521214049	0	0.4822974769	0.8760075021	0	-0.8760075021	0.4822974769	0	0	0	1
9.95	10.32988373	-0.5468177925	0	0.4882593763	0.8726985627	0	-0.8726985627	0.4882593763	0	0	0	1
9.96	10.34730581	-0.5413743374	0	0.4944874264	0.8691847819	0	-0.8691847819	0.4944874264	0	0	0	1
9.97	10.36405485	-0.5360174411	0	0.502035611	0.864846949	0	-0.864846949	0.502035611	0	0	0	1
9.98	10.38007374	-0.5307545905	0	0.5116707533	0.8591816107	0	-0.8591816107	0.5116707533	0	0	0	1
9.99	10.39556499	-0.5255532724	0	0.5232908251	0.85215416	0	-0.85215416	0.5232908251	0	0	0	1
10	10.41073367	-0.5203743536	0	0.5367276145	0.8437555735	0	-0.8437555735	0.5367276145	0	0	0	1
