0	-0.04399360314	-0.3880862754	0	0.9466103265	0.3223800392	0	-0.3223800392	0.9466103265	0	0	0	1
0.01	-0.02109707442	-0.389121381	0	0.9390432115	0.3437991374	0	-0.3437991374	0.9390432115	0	0	0	1
0.02	0.004776273249	-0.3912637454	0	0.9242332183	0.3818284407	0	-0.3818284407	0.9242332183	0	0	0	1
0.03	0.03070480387	-0.3942021494	0	0.9044396976	0.4266014925	0	-0.4266014925	0.9044396976	0	0	0	1
0.04	0.056674814	-0.3980567063	0	0.8791716424	0.4765052185	0	-0.4765052185	0.8791716424	0	0	0	1
0.05	0.08295910803	-0.4029618025	0	0.8481174561	0.529808249	0	-0.529808249	0.8481174561	0	0	0	1
0.06	0.1093190774	-0.4089671364	0	0.8124938192	0.5829698051	0	-0.5829698051	0.8124938192	0	0	0	1
0.07	0.135373935	-0.4160633976	0	0.7744970462	0.6325775252	0	-0.6325775252	0.7744970462	0	0	0	1
0.08	0.1609446965	-0.4242097319	0	0.7362554004	0.6767037648	0	-0.6767037648	0.7362554004	0	0	0	1
0.09	0.1861041058	-0.4333439228	0	0.6992320478	0.7148947778	0	-0.7148947778	0.6992320478	0	0	0	1
0.1	0.2110873112	-0.4433902671	0	0.6642217076	0.7475356334	0	-0.7475356334	0.6642217076	0	0	0	1
0.11	0.2361958385	-0.4542682123	0	0.6317039605	0.7752097177	0	-0.7752097177	0.6317039605	0	0	0	1
0.12	0.2617345637	-0.4658965655	0	0.6022795714	0.7982852359	0	-0.7982852359	0.6022795714	0	0	0	1
0.13	0.287976159	-0.4781915702	0	0.5769888207	0.8167520437	0	-0.8167520437	0.5769888207	0	0	0	1
0.14	0.3151390212	-0.4910624416	0	0.5573830418	0.8302554696	0	-0.8302554696	0.5573830418	0	0	0	1
0.15	0.3433690522	-0.5044098004	0	0.5453156872	0.8382307566	0	-0.8382307566	0.5453156872	0	0	0	1
0.16	0.3726611419	-0.5179449324	0	0.5429533128	0.8397628833	0	-0.8397628833	0.5429533128	0	0	0	1
0.17	0.4024675464	-0.5298630017	0	0.5544169184	0.8322390766	0	-0.8322390766	0.5544169184	0	0	0	1
0.18	0.4330674404	-0.5392726725	0	0.5776863676	0.8162588197	0	-0.8162588197	0.5776863676	0	0	0	1
0.19	0.464982702	-0.5440124807	0	0.6013707366	0.7989701103	0	-0.7989701103	0.6013707366	0	0	0	1
0.2	0.4966541954	-0.543541869	0	0.6250093463	0.7806172667	0	-0.7806172667	0.6250093463	0	0	0	1
0.21	0.5248778879	-0.5391511574	0	0.6611389422	0.7502634865	0	-0.7502634865	0.6611389422	0	0	0	1
0.22	0.5496394992	-0.5320169558	0	0.7068591778	0.7073542979	0	-0.7073542979	0.7068591778	0	0	0	1
0.23	0.5726216945	-0.5229591872	0	0.7518936374	0.6592844288	0	-0.6592844288	0.7518936374	0	0	0	1
0.24	0.5952911599	-0.5125710605	0	0.7884135344	0.6151455915	0	-0.6151455915	0.7884135344	0	0	0	1
0.25	0.6172957382	-0.5017341305	0	0.8168618789	0.5768333129	0	-0.5768333129	0.8168618789	0	0	0	1
0.26	0.6373515634	-0.4911481415	0	0.8411129292	0.5408595385	0	-0.5408595385	0.8411129292	0	0	0	1
0.27	0.6548456548	-0.4810923362	0	0.8633864074	0.5045432702	0	-0.5045432702	0.8633864074	0	0	0	1
0.28	0.6700734167	-0.4714463474	0	0.883887032	0.467700454	0	-0.467700454	0.883887032	0	0	0	1
0.29	0.6835955251	-0.4619770319	0	0.9025002101	0.4306894133	0	-0.4306894133	0.9025002101	0	0	0	1
0.3	0.6957481118	-0.452600322	0	0.9196708841	0.3926900368	0	-0.3926900368	0.9196708841	0	0	0	1
0.31	0.7066304615	-0.4434131936	0	0.9360354207	0.3519057987	0	-0.3519057987	0.9360354207	0	0	0	1
0.32	0.716331077	-0.43459336	0	0.9517680847	0.3068183713	0	-0.3068183713	0.9517680847	0	0	0	1
0.33	0.7250479809	-0.4263253424	0	0.9664302903	0.2569289669	0	-0.2569289669	0.9664302903	0	0	0	1
0.34	0.7330394217	-0.4187860429	0	0.9792597748	0.2026087203	0	-0.2026087203	0.9792597748	0	0	0	1
0.35	0.7405384082	-0.4121419924	0	0.9894804085	0.1446669319	0	-0.1446669319	0.9894804085	0	0	0	1
0.36	0.7477255044	-0.4065264386	0	0.9964539444	0.08413998257	0	-0.08413998257	0.9964539444	0	0	0	1
0.37	0.7547279195	-0.4019757253	0	0.9997519983	0.02226975225	0	-0.02226975225	0.9997519983	0	0	0	1
0.38	0.7617148494	-0.3984714858	0	0.9992296916	-0.03924313167	0	0.03924313167	0.9992296916	0	0	0	1
0.39	0.7688828587	-0.3959825709	0	0.9951342595	-0.09852819673	0	0.09852819673	0.9951342595	0	0	0	1
0.4	0.7763879929	-0.3944643578	0	0.9880795881	-0.1539439104	0	0.1539439104	0.9880795881	0	0	0	1
0.41	0.7843284772	-0.3938249387	0	0.9789485661	-0.2041070916	0	0.2041070916	0.9789485661	0	0	0	1
0.42	0.7927462495	-0.3939429741	0	0.9687928448	-0.2478717892	0	0.2478717892	0.9687928448	0	0	0	1
0.43	0.8016240487	-0.3947115544	0	0.9587354236	-0.2842998199	0	0.2842998199	0.9587354236	0	0	0	1
0.44	0.8109487022	-0.3960385702	0	0.9499453686	-0.3124160634	0	0.3124160634	0.9499453686	0	0	0	1
0.45	0.8207205263	-0.3978500731	0	0.9435353362	-0.3312718963	0	0.3312718963	0.9435353362	0	0	0	1
0.46	0.830931097	-0.4000996838	0	0.9403694813	-0.3401547274	0	0.3401547274	0.9403694813	0	0	0	1
0.47	0.8415544404	-0.4027735285	0	0.9408856827	-0.3387242714	0	0.3387242714	0.9408856827	0	0	0	1
0.48	0.8525535215	-0.4058906347	0	0.9450012097	-0.3270668335	0	0.3270668335	0.9450012097	0	0	0	1
0.49	0.8638885775	-0.4095012792	0	0.9521208437	-0.3057219307	0	0.3057219307	0.9521208437	0	0	0	1
0.5	0.8755194892	-0.4136837608	0	0.9612439524	-0.2756992274	0	0.2756992274	0.9612439524	0	0	0	1
0.51	0.8874030781	-0.4185385216	0	0.9711512776	-0.2384642449	0	0.2384642449	0.9711512776	0	0	0	1
0.52	0.8994883653	-0.4241791382	0	0.9806303157	-0.1958677714	0	0.1958677714	0.9806303157	0	0	0	1
0.53	0.9117109752	-0.4307177435	0	0.9886833811	-0.1500172385	0	0.1500172385	0.9886833811	0	0	0	1
0.54	0.9239825723	-0.4382333831	0	0.9946677552	-0.1031312603	0	0.1031312603	0.9946677552	0	0	0	1
0.55	0.936195304	-0.4467801527	0	0.9983563919	-0.05731068596	0	0.05731068596	0.9983563919	0	0	0	1
0.56	0.9483008578	-0.4563983076	0	0.9999001821	-0.01412889885	0	0.01412889885	0.9999001821	0	0	0	1
0.57	0.9602877909	-0.4671025534	0	0.9996808263	0.02526352013	0	-0.02526352013	0.9996808263	0	0	0	1
0.58	0.9720815455	-0.4788944452	0	0.9982134661	0.05974843934	0	-0.05974843934	0.9982134661	0	0	0	1
0.59	0.9835204041	-0.4917677521	0	0.9960955984	0.08828113539	0	-0.08828113539	0.9960955984	0	0	0	1
0.6	0.9944774698	-0.5056623376	0	0.9938972187	0.110310102	0	-0.110310102	0.9938972187	0	0	0	1
0.61	1.007267516	-0.5189560464	0	0.9909926578	0.1339162133	0	-0.1339162133	0.9909926578	0	0	0	1
0.62	1.019369267	-0.5312330947	0	0.9879267562	0.1549216716	0	-0.1549216716	0.9879267562	0	0	0	1
0.63	1.028415881	-0.5426938147	0	0.9855487575	0.169391991	0	-0.169391991	0.9855487575	0	0	0	1
0.64	1.032816452	-0.5523811937	0	0.9835859706	0.1804401241	0	-0.1804401241	0.9835859706	0	0	0	1
0.65	1.032897345	-0.5588071565	0	0.9837870965	0.1793403157	0	-0.1793403157	0.9837870965	0	0	0	1
0.66	1.031047434	-0.5615452657	0	0.9851302621	0.1718090998	0	-0.1718090998	0.9851302621	0	0	0	1
0.67	1.028398888	-0.5608939749	0	0.9869457753	0.1610529	0	-0.1610529	0.9869457753	0	0	0	1
0.68	1.025687138	-0.5575415857	0	0.9887855937	0.1493420558	0	-0.1493420558	0.9887855937	0	0	0	1
0.69	1.023710428	-0.5523347811	0	0.9902907502	0.1390116185	0	-0.1390116185	0.9902907502	0	0	0	1
0.7	1.023194811	-0.5461097092	0	0.9912421481	0.1320568208	0	-0.1320568208	0.9912421481	0	0	0	1
0.71	1.024524164	-0.5395427382	0	0.9915955937	0.1293761128	0	-0.1293761128	0.9915955937	0	0	0	1
0.72	1.027962493	-0.5328688784	0	0.9913564489	0.131196003	0	-0.131196003	0.9913564489	0	0	0	1
0.73	1.033222887	-0.5260658293	0	0.9906385778	0.1365108354	0	-0.1365108354	0.9906385778	0	0	0	1
0.74	1.039705617	-0.5191094722	0	0.9896152584	0.1437415747	0	-0.1437415747	0.9896152584	0	0	0	1
0.75	1.046968643	-0.5119947056	0	0.9884104494	0.1518050842	0	-0.1518050842	0.9884104494	0	0	0	1
0.76	1.054776335	-0.5047374263	0	0.9870894195	0.1601701532	0	-0.1601701532	0.9870894195	0	0	0	1
0.77	1.063022886	-0.4973726981	0	0.9856772144	0.1686429039	0	-0.1686429039	0.9856772144	0	0	0	1
0.78	1.071661699	-0.4899535673	0	0.9841769017	0.1771886738	0	-0.1771886738	0.9841769017	0	0	0	1
0.79	1.080657312	-0.4825465278	0	0.9825844078	0.1858167958	0	-0.1858167958	0.9825844078	0	0	0	1
0.8	1.089956211	-0.4752249099	0	0.9808998629	0.1945133901	0	-0.1945133901	0.9808998629	0	0	0	1
0.81	1.099471751	-0.4680636564	0	0.9791352749	0.203209531	0	-0.203209531	0.9791352749	0	0	0	1
0.82	1.109076429	-0.4611393757	0	0.9773196048	0.2117696629	0	-0.2117696629	0.9773196048	0	0	0	1
0.83	1.118605819	-0.4545310849	0	0.9754987316	0.2200050559	0	-0.2200050559	0.9754987316	0	0	0	1
0.84	1.127875454	-0.4483195763	0	0.9737294907	0.2277078806	0	-0.2277078806	0.9737294907	0	0	0	1
0.85	1.136716095	-0.4425826475	0	0.9720651593	0.2347111544	0	-0.2347111544	0.9720651593	0	0	0	1
0.86	1.145013344	-0.4373887157	0	0.9705378405	0.2409487501	0	-0.2409487501	0.9705378405	0	0	0	1
0.87	1.152738705	-0.4327908255	0	0.9691438837	0.2464957051	0	-0.2464957051	0.9691438837	0	0	0	1
0.88	1.159963112	-0.4288221395	0	0.9678365623	0.2515797858	0	-0.2515797858	0.9678365623	0	0	0	1
0.89	1.166849834	-0.4254940379	0	0.9665279046	0.2565615122	0	-0.2565615122	0.9665279046	0	0	0	1
0.9	1.173631379	-0.4227977791	0	0.9650961675	0.2618957568	0	-0.2618957568	0.9650961675	0	0	0	1
0.91	1.180576163	-0.4207092094	0	0.9633944839	0.2680877997	0	-0.2680877997	0.9633944839	0	0	0	1
0.92	1.187952739	-0.4191952329	0	0.9612570692	0.2756534907	0	-0.2756534907	0.9612570692	0	0	0	1
0.93	1.195994911	-0.4182211499	0	0.9585038078	0.2850797266	0	-0.2850797266	0.9585038078	0	0	0	1
0.94	1.204875067	-0.4177583883	0	0.9549422371	0.296791718	0	-0.296791718	0.9549422371	0	0	0	1
0.95	1.21468967	-0.4177917811	0	0.9503670437	0.3111309728	0	-0.3111309728	0.9503670437	0	0	0	1
0.96	1.225455828	-0.4183260231	0	0.9445593979	0.3283405912	0	-0.3283405912	0.9445593979	0	0	0	1
0.97	1.237118918	-0.4193900409	0	0.9372867583	0.3485592241	0	-0.3485592241	0.9372867583	0	0	0	1
0.98	1.24956756	-0.4210387231	0	0.928305192	0.3718191368	0	-0.3718191368	0.928305192	0	0	0	1
0.99	1.262654819	-0.4233509676	0	0.9173655192	0.3980458568	0	-0.3980458568	0.9173655192	0	0	0	1
1	1.276222137	-0.4264244259	0	0.9042253249	0.4270556893	0	-0.4270556893	0.9042253249	0	0	0	1
1.01	1.290123014	-0.4303665478	0	0.8886879679	0.4585124815	0	-0.4585124815	0.8886879679	0	0	0	1
1.02	1.304244173	-0.435278707	0	0.870947796	0.4913755556	0	-0.4913755556	0.870947796	0	0	0	1
1.03	1.318734199	-0.4412682165	0	0.8511148392	0.5249795525	0	-0.5249795525	0.8511148392	0	0	0	1
1.04	1.333804612	-0.4484156056	0	0.8285853029	0.5598628366	0	-0.5598628366	0.8285853029	0	0	0	1
1.05	1.349406229	-0.4567237553	0	0.802220115	0.5970283804	0	-0.5970283804	0.802220115	0	0	0	1
1.06	1.365125476	-0.466132265	0	0.7712868064	0.636487755	0	-0.636487755	0.7712868064	0	0	0	1
1.07	1.380510803	-0.476590922	0	0.7355446306	0.67747627	0	-0.67747627	0.7355446306	0	0	0	1
1.08	1.395253773	-0.4880752781	0	0.6951020908	0.7189110399	0	-0.7189110399	0.6951020908	0	0	0	1
1.09	1.409173775	-0.5005653728	0	0.6506193746	0.7594039961	0	-0.7594039961	0.6506193746	0	0	0	1
1.1	1.422184466	-0.5139015742	0	0.6036928515	0.7972169975	0	-0.7972169975	0.6036928515	0	0	0	1
1.11	1.434165365	-0.5267610824	0	0.5584227724	0.8295565124	0	-0.8295565124	0.5584227724	0	0	0	1
1.12	1.445718313	-0.5386150556	0	0.5161815126	0.8564792152	0	-0.8564792152	0.5161815126	0	0	0	1
1.13	1.458003975	-0.5491004717	0	0.4774400207	0.8786643424	0	-0.8786643424	0.4774400207	0	0	0	1
1.14	1.471583335	-0.5567583009	0	0.4466447625	0.8947113815	0	-0.8947113815	0.4466447625	0	0	0	1
1.15	1.486423349	-0.561065405	0	0.4275077227	0.9040116963	0	-0.9040116963	0.4275077227	0	0	0	1
1.16	1.502076321	-0.5620069774	0	0.4221674226	0.9065178803	0	-0.9065178803	0.4221674226	0	0	0	1
1.17	1.518286696	-0.5599298101	0	0.4294092219	0.9031100266	0	-0.9031100266	0.4294092219	0	0	0	1
1.18	1.535088249	-0.5555029216	0	0.4453548155	0.8953541692	0	-0.8953541692	0.4453548155	0	0	0	1
1.19	1.552555838	-0.5495345324	0	0.4659164827	0.8848287016	0	-0.8848287016	0.4659164827	0	0	0	1
1.2	1.570616424	-0.542787839	0	0.4886416747	0.8724845636	0	-0.8724845636	0.4886416747	0	0	0	1
1.21	1.58905351	-0.5358166904	0	0.5131245289	0.858314172	0	-0.858314172	0.5131245289	0	0	0	1
1.22	1.607595414	-0.5287314752	0	0.5405065086	0.8413398328	0	-0.8413398328	0.5405065086	0	0	0	1
1.23	1.626154617	-0.5214687614	0	0.5715747391	0.8205500092	0	-0.8205500092	0.5715747391	0	0	0	1
1.24	1.644801951	-0.5139408354	0	0.6062853285	0.7952471946	0	-0.7952471946	0.6062853285	0	0	0	1
1.25	1.663574716	-0.5060747634	0	0.6441580229	0.7648924379	0	-0.7648924379	0.6441580229	0	0	0	1
1.26	1.682383416	-0.4978512472	0	0.6844758907	0.7290354964	0	-0.7290354964	0.6844758907	0	0	0	1
1.27	1.701052375	-0.489317739	0	0.7262297312	0.6874520911	0	-0.6874520911	0.7262297312	0	0	0	1
1.28	1.719402084	-0.4805747842	0	0.7681168889	0.6403096477	0	-0.6403096477	0.7681168889	0	0	0	1
1.29	1.737289718	-0.4717526144	0	0.8087584371	0.5881409614	0	-0.5881409614	0.8087584371	0	0	0	1
1.3	1.754599833	-0.4629938435	0	0.8469823278	0.5316210459	0	-0.5316210459	0.8469823278	0	0	0	1
1.31	1.771227372	-0.4544423226	0	0.8819686442	0.4713080846	0	-0.4713080846	0.8819686442	0	0	0	1
1.32	1.787080648	-0.4462344494	0	0.9131882363	0.4075380291	0	-0.4075380291	0.9131882363	0	0	0	1
1.33	1.802097286	-0.4384926738	0	0.9402439514	0.3405015592	0	-0.3405015592	0.9402439514	0	0	0	1
1.34	1.816252769	-0.4313229626	0	0.9627470652	0.2704035659	0	-0.2704035659	0.9627470652	0	0	0	1
1.35	1.829554784	-0.4248161909	0	0.9802780186	0.1976233952	0	-0.1976233952	0.9802780186	0	0	0	1
1.36	1.842032266	-0.4190492845	0	0.9924250647	0.1228514998	0	-0.1228514998	0.9924250647	0	0	0	1
1.37	1.853727167	-0.4140835077	0	0.998885953	0.04718954139	0	-0.04718954139	0.998885953	0	0	0	1
1.38	1.864688536	-0.4099605625	0	0.9996128498	-0.02782356174	0	0.02782356174	0.9996128498	0	0	0	1
1.39	1.874966411	-0.4066993192	0	0.994958967	-0.1002828702	0	0.1002828702	0.994958967	0	0	0	1
1.4	1.88460531	-0.4042946953	0	0.9857739638	-0.1680764476	0	0.1680764476	0.9857739638	0	0	0	1
1.41	1.893639415	-0.4027193271	0	0.9734036067	-0.229096963	0	0.229096963	0.9734036067	0	0	0	1
1.42	1.902091574	-0.4019275853	0	0.9595819907	-0.2814292151	0	0.2814292151	0.9595819907	0	0	0	1
1.43	1.909975247	-0.4018621905	0	0.9462277257	-0.3235013001	0	0.3235013001	0.9462277257	0	0	0	1
1.44	1.917301019	-0.4024625968	0	0.9351797795	-0.3541733757	0	0.3541733757	0.9351797795	0	0	0	1
1.45	1.924085139	-0.4036740315	0	0.9279294074	-0.3727559724	0	0.3727559724	0.9279294074	0	0	0	1
1.46	1.930356615	-0.4054566467	0	0.9253979757	-0.378996816	0	0.378996816	0.9253979757	0	0	0	1
1.47	1.936160962	-0.4077930714	0	0.9278083713	-0.3730571351	0	0.3730571351	0.9278083713	0	0	0	1
1.48	1.941559802	-0.4106930506	0	0.9346760881	-0.3555005068	0	0.3555005068	0.9346760881	0	0	0	1
1.49	1.946626728	-0.4141939168	0	0.944923398	-0.3272915703	0	0.3272915703	0.944923398	0	0	0	1
1.5	1.951441059	-0.4183561485	0	0.957092177	-0.2897836515	0	0.2897836515	0.957092177	0	0	0	1
1.51	1.953474498	-0.4236510829	0	0.9659633956	-0.2586787938	0	0.2586787938	0.9659633956	0	0	0	1
1.52	1.955741447	-0.4291203784	0	0.9744730183	-0.224504647	0	0.224504647	0.9744730183	0	0	0	1
1.53	1.958832566	-0.4347495808	0	0.982779826	-0.1847804469	0	0.1847804469	0.982779826	0	0	0	1
1.54	1.961956521	-0.4409398398	0	0.9897994419	-0.1424677679	0	0.1424677679	0.9897994419	0	0	0	1
1.55	1.965100918	-0.4478865013	0	0.9952663344	-0.09718499638	0	0.09718499638	0.9952663344	0	0	0	1
1.56	1.968413948	-0.4557105303	0	0.9988156352	-0.04865518421	0	0.04865518421	0.9988156352	0	0	0	1
1.57	1.971942157	-0.4645216376	0	0.9999982717	0.001859167505	0	-0.001859167505	0.9999982717	0	0	0	1
1.58	1.975789738	-0.4744354176	0	0.998623538	0.05245025553	0	-0.05245025553	0.998623538	0	0	0	1
1.59	1.980157056	-0.4854489312	0	0.9948541667	0.1013172591	0	-0.1013172591	0.9948541667	0	0	0	1
1.6	1.985011984	-0.4975118147	0	0.9892996476	0.1458979341	0	-0.1458979341	0.9892996476	0	0	0	1
1.61	1.990182119	-0.510515236	0	0.9831602969	0.1827452616	0	-0.1827452616	0.9831602969	0	0	0	1
1.62	1.998006761	-0.5230082343	0	0.9797918117	0.2000200133	0	-0.2000200133	0.9797918117	0	0	0	1
1.63	2.008835601	-0.5343000777	0	0.9756604363	0.2192868281	0	-0.2192868281	0.9756604363	0	0	0	1
1.64	2.018097788	-0.5448032272	0	0.9720348304	0.2348367271	0	-0.2348367271	0.9720348304	0	0	0	1
1.65	2.021977431	-0.5537834712	0	0.9696986038	0.2443043549	0	-0.2443043549	0.9696986038	0	0	0	1
1.66	2.020910262	-0.5597847468	0	0.9707486031	0.2400982083	0	-0.2400982083	0.9707486031	0	0	0	1
1.67	2.017592824	-0.5622787545	0	0.9734921419	0.228720462	0	-0.228720462	0.9734921419	0	0	0	1
1.68	2.013008615	-0.5613986674	0	0.9770735405	0.2129020819	0	-0.2129020819	0.9770735405	0	0	0	1
1.69	2.007775103	-0.5577059838	0	0.9808791058	0.1946180359	0	-0.1946180359	0.9808791058	0	0	0	1
1.7	2.003133342	-0.5520659455	0	0.9841260304	0.1774710011	0	-0.1774710011	0.9841260304	0	0	0	1
1.71	2.000691909	-0.545526726	0	0.9861310669	0.1659684273	0	-0.1659684273	0.9861310669	0	0	0	1
1.72	2.001565457	-0.5390269265	0	0.9866155009	0.1630639547	0	-0.1630639547	0.9866155009	0	0	0	1
1.73	2.005959623	-0.5329681572	0	0.9856416893	0.1688504078	0	-0.1688504078	0.9856416893	0	0	0	1
1.74	2.013037671	-0.5274138182	0	0.9834994606	0.1809110581	0	-0.1809110581	0.9834994606	0	0	0	1
1.75	2.021900138	-0.5222663149	0	0.980443177	0.1968023797	0	-0.1968023797	0.980443177	0	0	0	1
1.76	2.031907615	-0.5173583351	0	0.9766680309	0.2147546446	0	-0.2147546446	0.9766680309	0	0	0	1
1.77	2.042482104	-0.5125217689	0	0.9724272183	0.2332065716	0	-0.2332065716	0.9724272183	0	0	0	1
1.78	2.053008216	-0.5076374936	0	0.96807689	0.2506534161	0	-0.2506534161	0.96807689	0	0	0	1
1.79	2.06293271	-0.5026612789	0	0.9639968522	0.2659136496	0	-0.2659136496	0.9639968522	0	0	0	1
1.8	2.071904306	-0.4976190484	0	0.9604680304	0.2783903063	0	-0.2783903063	0.9604680304	0	0	0	1
1.81	2.079839253	-0.4925802404	0	0.9575978013	0.2881084015	0	-0.2881084015	0.9575978013	0	0	0	1
1.82	2.086893475	-0.4876257664	0	0.9553254736	0.2955558145	0	-0.2955558145	0.9553254736	0	0	0	1
1.83	2.093369303	-0.4828222036	0	0.9534881441	0.301430521	0	-0.301430521	0.9534881441	0	0	0	1
1.84	2.09960112	-0.4782066329	0	0.9519044903	0.3063949106	0	-0.3063949106	0.9519044903	0	0	0	1
1.85	2.105860097	-0.4737818299	0	0.9504403364	0.3109070069	0	-0.3109070069	0.9504403364	0	0	0	1
1.86	2.112296772	-0.4695197194	0	0.9490419108	0.3151498875	0	-0.3151498875	0.9490419108	0	0	0	1
1.87	2.118921767	-0.465370606	0	0.9477398952	0.3190440267	0	-0.3190440267	0.9477398952	0	0	0	1
1.88	2.125614391	-0.4612751648	0	0.9466346705	0.3223085487	0	-0.3223085487	0.9466346705	0	0	0	1
1.89	2.13214877	-0.4571770362	0	0.9458713157	0.3245419143	0	-0.3245419143	0.9458713157	0	0	0	1
1.9	2.138235546	-0.4530363565	0	0.9456056401	0.3253151907	0	-0.3253151907	0.9456056401	0	0	0	1
1.91	2.143584016	-0.4488459713	0	0.9459572462	0.3242913634	0	-0.3242913634	0.9459572462	0	0	0	1
1.92	2.147996597	-0.4446516033	0	0.9469406768	0.3214083922	0	-0.3214083922	0.9469406768	0	0	0	1
1.93	2.151490862	-0.4405663804	0	0.9483870437	0.3171151454	0	-0.3171151454	0.9483870437	0	0	0	1
1.94	2.154392346	-0.4367530904	0	0.9499181211	0.3124989012	0	-0.3124989012	0.9499181211	0	0	0	1
1.95	2.157291674	-0.4333644914	0	0.9510556879	0.3090195439	0	-0.3090195439	0.9510556879	0	0	0	1
1.96	2.160896337	-0.4305097843	0	0.951360036	0.308081291	0	-0.308081291	0.951360036	0	0	0	1
1.97	2.165913711	-0.4282872165	0	0.9504309928	0.3109355689	0	-0.3109355689	0.9504309928	0	0	0	1
1.98	2.172915698	-0.4267867077	0	0.94790339	0.3185579434	0	-0.3185579434	0.94790339	0	0	0	1
1.99	2.182176744	-0.4260445789	0	0.9435090544	0.3313467432	0	-0.3313467432	0.9435090544	0	0	0	1
2	2.193686914	-0.4260536722	0	0.9370363308	0.3492318925	0	-0.3492318925	0.9370363308	0	0	0	1
2.01	2.207244363	-0.4268040019	0	0.9282780232	0.3718869608	0	-0.3718869608	0.9282780232	0	0	0	1
2.02	2.222476575	-0.4282928614	0	0.9170713871	0.3987230504	0	-0.3987230504	0.9170713871	0	0	0	1
2.03	2.238867788	-0.4305277428	0	0.9033381777	0.428929058	0	-0.428929058	0.9033381777	0	0	0	1
2.04	2.255839544	-0.433535746	0	0.8870931022	0.4615905416	0	-0.4615905416	0.8870931022	0	0	0	1
2.05	2.272843887	-0.4373664095	0	0.868459362	0.4957603621	0	-0.4957603621	0.868459362	0	0	0	1
2.06	2.289436521	-0.4420775346	0	0.8479203998	0.5301235663	0	-0.5301235663	0.8479203998	0	0	0	1
2.07	2.3055124	-0.447730681	0	0.8266609465	0.5627003461	0	-0.5627003461	0.8266609465	0	0	0	1
2.08	2.321435575	-0.4544184669	0	0.8042467721	0.5942954902	0	-0.5942954902	0.8042467721	0	0	0	1
2.09	2.337307018	-0.4621402719	0	0.780018298	0.6257567057	0	-0.6257567057	0.780018298	0	0	0	1
2.1	2.353067589	-0.4708583733	0	0.7536859162	0.6572347675	0	-0.6572347675	0.7536859162	0	0	0	1
2.11	2.368721311	-0.4805568108	0	0.7250289905	0.688718348	0	-0.688718348	0.7250289905	0	0	0	1
2.12	2.3843499	-0.4912424103	0	0.6938812208	0.7200894746	0	-0.7200894746	0.6938812208	0	0	0	1
2.13	2.400027488	-0.5028680518	0	0.6603520818	0.7509561426	0	-0.7509561426	0.6603520818	0	0	0	1
2.14	2.415620745	-0.5144889181	0	0.6266344912	0.7793132967	0	-0.7793132967	0.6266344912	0	0	0	1
2.15	2.431852834	-0.5255820595	0	0.5929412857	0.8052456965	0	-0.8052456965	0.5929412857	0	0	0	1
2.16	2.449088585	-0.5360347608	0	0.5595561428	0.8287924487	0	-0.8287924487	0.5595561428	0	0	0	1
2.17	2.467085197	-0.5455455857	0	0.5286249368	0.8488555096	0	-0.8488555096	0.5286249368	0	0	0	1
2.18	2.485763098	-0.5537170078	0	0.5018656787	0.8649455709	0	-0.8649455709	0.5018656787	0	0	0	1
2.19	2.505099545	-0.5594646445	0	0.4819190838	0.8762157249	0	-0.8762157249	0.4819190838	0	0	0	1
2.2	2.524563231	-0.5623769098	0	0.4711758639	0.8820392878	0	-0.8820392878	0.4711758639	0	0	0	1
2.21	2.543767416	-0.5626130868	0	0.4692040922	0.8830897575	0	-0.8830897575	0.4692040922	0	0	0	1
2.22	2.562774088	-0.5606069184	0	0.4728293871	0.8811539994	0	-0.8811539994	0.4728293871	0	0	0	1
2.23	2.581736735	-0.5569157927	0	0.478525761	0.878073514	0	-0.878073514	0.478525761	0	0	0	1
2.24	2.600606162	-0.5521101709	0	0.4842694372	0.8749189175	0	-0.8749189175	0.4842694372	0	0	0	1
2.25	2.619138984	-0.5467131351	0	0.4898069314	0.8718309297	0	-0.8718309297	0.4898069314	0	0	0	1
2.26	2.637052088	-0.5411495134	0	0.4959908308	0.8683277582	0	-0.8683277582	0.4959908308	0	0	0	1
2.27	2.654115797	-0.5355935538	0	0.5041721691	0.8636031635	0	-0.8636031635	0.5041721691	0	0	0	1
2.28	2.670341805	-0.5300450588	0	0.5149891951	0.8571966688	0	-0.8571966688	0.5149891951	0	0	0	1
2.29	2.68598575	-0.5244794767	0	0.5281897336	0.8491263777	0	-0.8491263777	0.5281897336	0	0	0	1
2.3	2.701246952	-0.5188751707	0	0.5435609982	0.839369669	0	-0.839369669	0.5435609982	0	0	0	1
2.31	2.716135323	-0.5132408059	0	0.5611691403	0.8277011514	0	-0.8277011514	0.5611691403	0	0	0	1
2.32	2.730557375	-0.5076199231	0	0.5809917838	0.8139094219	0	-0.8139094219	0.5809917838	0	0	0	1
2.33	2.74443617	-0.5020758241	0	0.6026203674	0.7980280025	0	-0.7980280025	0.6026203674	0	0	0	1
2.34	2.757753906	-0.4966728256	0	0.6253197393	0.780368646	0	-0.780368646	0.6253197393	0	0	0	1
2.35	2.770523945	-0.4914642851	0	0.6483292995	0.7613600458	0	-0.7613600458	0.6483292995	0	0	0	1
2.36	2.78274564	-0.4864878169	0	0.6711567486	0.7413154651	0	-0.7413154651	0.6711567486	0	0	0	1
2.37	2.794381864	-0.4817632255	0	0.6937127574	0.7202517686	0	-0.7202517686	0.6937127574	0	0	0	1
2.38	2.80537079	-0.4772920947	0	0.7162375121	0.6978565943	0	-0.6978565943	0.7162375121	0	0	0	1
2.39	2.81565537	-0.4730602589	0	0.7391077254	0.6735872402	0	-0.6735872402	0.7391077254	0	0	0	1
2.4	2.825205653	-0.4690449326	0	0.7626508547	0.6468103847	0	-0.6468103847	0.7626508547	0	0	0	1
2.41	2.834020072	-0.4652249721	0	0.7870498707	0.616889375	0	-0.616889375	0.7870498707	0	0	0	1
2.42	2.842112935	-0.461590195	0	0.8123255175	0.5832042983	0	-0.5832042983	0.8123255175	0	0	0	1
2.43	2.849505217	-0.4581453773	0	0.8383386907	0.5451497406	0	-0.5451497406	0.8383386907	0	0	0	1
2.44	2.856229716	-0.4549079752	0	0.8647693266	0.5021693059	0	-0.5021693059	0.8647693266	0	0	0	1
2.45	2.862348081	-0.4519021499	0	0.8910807859	0.4538447235	0	-0.4538447235	0.8910807859	0	0	0	1
2.46	2.867968391	-0.4491524846	0	0.91650567	0.4000216955	0	-0.4000216955	0.91650567	0	0	0	1
2.47	2.873253985	-0.4466797557	0	0.9400859914	0.3409374266	0	-0.3409374266	0.9400859914	0	0	0	1
2.48	2.878421885	-0.4444989844	0	0.9607749043	0.2773293768	0	-0.2773293768	0.9607749043	0	0	0	1
2.49	2.883728331	-0.4426189885	0	0.9775964415	0.2104879986	0	-0.2104879986	0.9775964415	0	0	0	1
2.5	2.889436703	-0.4410436276	0	0.9898392244	0.1421911034	0	-0.1421911034	0.9898392244	0	0	0	1
2.51	2.895770995	-0.439772888	0	0.9972207671	0.07450329993	0	-0.07450329993	0.9972207671	0	0	0	1
2.52	2.90288659	-0.4388028172	0	0.999954265	0.009563887522	0	-0.009563887522	0.999954265	0	0	0	1
2.53	2.910873046	-0.4381213117	0	0.9987225419	-0.05053003273	0	0.05053003273	0.9987225419	0	0	0	1
2.54	2.919770513	-0.4377074405	0	0.9945975297	-0.1038063285	0	0.1038063285	0.9945975297	0	0	0	1
2.55	2.929573147	-0.4375379788	0	0.9889020008	-0.1485692862	0	0.1485692862	0.9889020008	0	0	0	1
2.56	2.940233011	-0.4375975816	0	0.98301374	-0.183531978	0	0.183531978	0.98301374	0	0	0	1
2.57	2.951673628	-0.4378888667	0	0.9781562674	-0.2078709133	0	0.2078709133	0.9781562674	0	0	0	1
2.58	2.963800399	-0.4384420232	0	0.9752148605	-0.2212599733	0	0.2212599733	0.9752148605	0	0	0	1
2.59	2.976503234	-0.4393216697	0	0.974613799	-0.2238927036	0	0.2238927036	0.974613799	0	0	0	1
2.6	2.989657102	-0.4406278393	0	0.9762875375	-0.2164778142	0	0.2164778142	0.9762875375	0	0	0	1
2.61	3.003122325	-0.4424894184	0	0.9797566509	-0.20019217	0	0.20019217	0.9797566509	0	0	0	1
2.62	3.016744015	-0.4450489083	0	0.9842817478	-0.1766053253	0	0.1766053253	0.9842817478	0	0	0	1
2.63	3.030354246	-0.4484242608	0	0.9890596408	-0.1475161924	0	0.1475161924	0.9890596408	0	0	0	1
2.64	3.043722974	-0.4526627346	0	0.9933624765	-0.1150260419	0	0.1150260419	0.9933624765	0	0	0	1
2.65	3.056659699	-0.4578070338	0	0.996711239	-0.08103521476	0	0.08103521476	0.996711239	0	0	0	1
2.66	3.06921208	-0.4638881899	0	0.9989264846	-0.04632362556	0	0.04632362556	0.9989264846	0	0	0	1
2.67	3.081505271	-0.4709311249	0	0.9999360378	-0.0113101839	0	0.0113101839	0.9999360378	0	0	0	1
2.68	3.093589613	-0.4789657724	0	0.9997306458	0.02320852978	0	-0.02320852978	0.9997306458	0	0	0	1
2.69	3.105446371	-0.4880188541	0	0.9984237283	0.05612538434	0	-0.05612538434	0.9984237283	0	0	0	1
2.7	3.117037542	-0.4981037824	0	0.996264232	0.08635728093	0	-0.08635728093	0.996264232	0	0	0	1
2.71	3.12863022	-0.5090136251	0	0.9937183371	0.1119100824	0	-0.1119100824	0.9937183371	0	0	0	1
2.72	3.141770809	-0.5193726105	0	0.9904001256	0.138230211	0	-0.138230211	0.9904001256	0	0	0	1
2.73	3.154322894	-0.5291525595	0	0.9867496598	0.1622501427	0	-0.1622501427	0.9867496598	0	0	0	1
2.74	3.165123044	-0.5383901225	0	0.9833144993	0.1819137032	0	-0.1819137032	0.9833144993	0	0	0	1
2.75	3.174276493	-0.546824513	0	0.9802792041	0.1976175145	0	-0.1976175145	0.9802792041	0	0	0	1
2.76	3.180883027	-0.5539328111	0	0.9771360235	0.2126151255	0	-0.2126151255	0.9771360235	0	0	0	1
2.77	3.183929497	-0.5586941791	0	0.9757672623	0.2188109911	0	-0.2188109911	0.9757672623	0	0	0	1
2.78	3.185519292	-0.560737543	0	0.9755047207	0.2199784988	0	-0.2199784988	0.9755047207	0	0	0	1
2.79	3.186578967	-0.560301054	0	0.9757685043	0.2188054523	0	-0.2188054523	0.9757685043	0	0	0	1
2.8	3.187281113	-0.5579173217	0	0.9763522807	0.2161856241	0	-0.2161856241	0.9763522807	0	0	0	1
2.81	3.187823718	-0.5541785512	0	0.9770674015	0.2129302538	0	-0.2129302538	0.9770674015	0	0	0	1
2.82	3.188609266	-0.5496331467	0	0.9776578277	0.2102026924	0	-0.2102026924	0.9776578277	0	0	0	1
2.83	3.190019315	-0.5447494089	0	0.9779174353	0.2089916021	0	-0.2089916021	0.9779174353	0	0	0	1
2.84	3.192322521	-0.5398615945	0	0.9777270776	0.2098803512	0	-0.2098803512	0.9777270776	0	0	0	1
2.85	3.195739659	-0.5350412719	0	0.9770036887	0.2132224011	0	-0.2132224011	0.9770036887	0	0	0	1
2.86	3.199798997	-0.5302788027	0	0.9760083043	0.2177333002	0	-0.2177333002	0.9760083043	0	0	0	1
2.87	3.203917254	-0.5255573437	0	0.9750401798	0.2220284841	0	-0.2220284841	0.9750401798	0	0	0	1
2.88	3.207859885	-0.5208652493	0	0.9742138902	0.2256264526	0	-0.2256264526	0.9742138902	0	0	0	1
2.89	3.211656882	-0.516203712	0	0.9735097608	0.2286454582	0	-0.2286454582	0.9735097608	0	0	0	1
2.9	3.215415173	-0.5115861567	0	0.9728714353	0.2313464292	0	-0.2313464292	0.9728714353	0	0	0	1
2.91	3.219244197	-0.5070352147	0	0.9722408731	0.2339822317	0	-0.2339822317	0.9722408731	0	0	0	1
2.92	3.223249764	-0.5025770613	0	0.9715607678	0.2367903599	0	-0.2367903599	0.9715607678	0	0	0	1
2.93	3.227527654	-0.4982321596	0	0.9707812555	0.2399661519	0	-0.2399661519	0.9707812555	0	0	0	1
2.94	3.23214982	-0.494006654	0	0.9698702573	0.2436220106	0	-0.2436220106	0.9698702573	0	0	0	1
2.95	3.237153687	-0.4898892654	0	0.9688188689	0.2477700534	0	-0.2477700534	0.9688188689	0	0	0	1
2.96	3.242538143	-0.4858550577	0	0.9676405099	0.2523328033	0	-0.2523328033	0.9676405099	0	0	0	1
2.97	3.248263208	-0.4818724762	0	0.9663678644	0.257163665	0	-0.257163665	0.9663678644	0	0	0	1
2.98	3.254255835	-0.4779103169	0	0.9650477064	0.2620742726	0	-0.2620742726	0.9650477064	0	0	0	1
2.99	3.260423372	-0.4739427321	0	0.9637329606	0.2668684706	0	-0.2668684706	0.9637329606	0	0	0	1
3	3.26667085	-0.4699529627	0	0.9624730842	0.2713771584	0	-0.2713771584	0.9624730842	0	0	0	1
3.01	3.272913929	-0.4659361353	0	0.9613067441	0.2754802057	0	-0.2754802057	0.9613067441	0	0	0	1
3.02	3.279083185	-0.4619010558	0	0.9602592503	0.2791096062	0	-0.2791096062	0.9602592503	0	0	0	1
3.03	3.285122374	-0.4578706496	0	0.9593436058	0.2822407588	0	-0.2822407588	0.9593436058	0	0	0	1
3.04	3.290988257	-0.4538813625	0	0.9585610751	0.2848871097	0	-0.2848871097	0.9585610751	0	0	0	1
3.05	3.296657772	-0.4499815955	0	0.9578981662	0.2871081732	0	-0.2871081732	0.9578981662	0	0	0	1
3.06	3.302141879	-0.4462291787	0	0.9573202309	0.2890293677	0	-0.2890293677	0.9573202309	0	0	0	1
3.07	3.307500872	-0.4426875681	0	0.9567646608	0.2908631702	0	-0.2908631702	0.9567646608	0	0	0	1
3.08	3.312853924	-0.4394202297	0	0.9561379312	0.2929168083	0	-0.2929168083	0.9561379312	0	0	0	1
3.09	3.318375879	-0.4364839974	0	0.9553191935	0.2955761128	0	-0.2955761128	0.9553191935	0	0	0	1
3.1	3.324284007	-0.4339253315	0	0.954165217	0.2992803679	0	-0.2992803679	0.954165217	0	0	0	1
3.11	3.330813727	-0.431778324	0	0.9525158682	0.3044889504	0	-0.3044889504	0.9525158682	0	0	0	1
3.12	3.338192671	-0.430066353	0	0.9501962083	0.3116523154	0	-0.3116523154	0.9501962083	0	0	0	1
3.13	3.346613076	-0.4288026809	0	0.9470200276	0.3211745121	0	-0.3211745121	0.9470200276	0	0	0	1
3.14	3.356212048	-0.427995139	0	0.9427892739	0.3333892395	0	-0.3333892395	0.9427892739	0	0	0	1
3.15	3.367058985	-0.4276533048	0	0.9372923622	0.3485441547	0	-0.3485441547	0.9372923622	0	0	0	1
3.16	3.379145814	-0.4277955789	0	0.9303074686	0.3667806073	0	-0.3667806073	0.9303074686	0	0	0	1
3.17	3.392378463	-0.4284534381	0	0.9216147342	0.3881060186	0	-0.3881060186	0.9216147342	0	0	0	1
3.18	3.406586419	-0.4296779239	0	0.9110040207	0.4123974711	0	-0.4123974711	0.9110040207	0	0	0	1
3.19	3.421532507	-0.4315391817	0	0.8982974622	0.4393878348	0	-0.4393878348	0.8982974622	0	0	0	1
3.2	3.436938523	-0.4341240187	0	0.883375932	0.4686650859	0	-0.4686650859	0.883375932	0	0	0	1
3.21	3.452513789	-0.4375252946	0	0.8663015271	0.4995214351	0	-0.4995214351	0.8663015271	0	0	0	1
3.22	3.468037065	-0.4418151537	0	0.8481923111	0.5296884022	0	-0.5296884022	0.8481923111	0	0	0	1
3.23	3.483818137	-0.4471116909	0	0.8292445042	0.5588859922	0	-0.5588859922	0.8292445042	0	0	0	1
3.24	3.500033452	-0.4534579184	0	0.8087437202	0.5881611982	0	-0.5881611982	0.8087437202	0	0	0	1
3.25	3.516529675	-0.4608089146	0	0.7863691415	0.6177568885	0	-0.6177568885	0.7863691415	0	0	0	1
3.26	3.533123425	-0.4691218054	0	0.7619114832	0.6476811652	0	-0.6476811652	0.7619114832	0	0	0	1
3.27	3.54971474	-0.4783842474	0	0.7351377542	0.6779177548	0	-0.6779177548	0.7351377542	0	0	0	1
3.28	3.56625704	-0.4886007367	0	0.705869456	0.708341945	0	-0.708341945	0.705869456	0	0	0	1
3.29	3.582710605	-0.4997747211	0	0.6740326585	0.7387015468	0	-0.7387015468	0.6740326585	0	0	0	1
3.3	3.598792359	-0.5114592796	0	0.6409674773	0.767568038	0	-0.767568038	0.6409674773	0	0	0	1
3.31	3.61374308	-0.5224349137	0	0.6099434001	0.7924449815	0	-0.7924449815	0.6099434001	0	0	0	1
3.32	3.628752711	-0.5327183114	0	0.579940697	0.8146586942	0	-0.8146586942	0.579940697	0	0	0	1
3.33	3.644825291	-0.5422724962	0	0.5496396814	0.8354018318	0	-0.8354018318	0.5496396814	0	0	0	1
3.34	3.661977648	-0.5508076694	0	0.5202801707	0.8539956346	0	-0.8539956346	0.5202801707	0	0	0	1
3.35	3.679999093	-0.5575184417	0	0.49495552	0.8689183122	0	-0.8689183122	0.49495552	0	0	0	1
3.36	3.698377074	-0.5614812172	0	0.477925926	0.8784001419	0	-0.8784001419	0.477925926	0	0	0	1
3.37	3.716552197	-0.5626910371	0	0.4708417444	0.8822176895	0	-0.8822176895	0.4708417444	0	0	0	1
3.38	3.734469706	-0.5614889661	0	0.471720216	0.8817482848	0	-0.8817482848	0.471720216	0	0	0	1
3.39	3.75235803	-0.5584024589	0	0.4767489973	0.8790394721	0	-0.8790394721	0.4767489973	0	0	0	1
3.4	3.770323146	-0.5540103216	0	0.4828022426	0.8757294072	0	-0.8757294072	0.4828022426	0	0	0	1
3.41	3.788216672	-0.5488630691	0	0.4885411147	0.8725408754	0	-0.8725408754	0.4885411147	0	0	0	1
3.42	3.805763863	-0.5434347978	0	0.4941136689	0.8693973098	0	-0.8693973098	0.4941136689	0	0	0	1
3.43	3.822711752	-0.5380520047	0	0.5004712122	0.8657531783	0	-0.8657531783	0.5004712122	0	0	0	1
3.44	3.83890592	-0.5327742486	0	0.5087582206	0.8609094453	0	-0.8609094453	0.5087582206	0	0	0	1
3.45	3.8544627	-0.5275746112	0	0.5192198414	0.8546407177	0	-0.8546407177	0.5192198414	0	0	0	1
3.46	3.869618728	-0.5224119852	0	0.5316460415	0.8469666384	0	-0.8469666384	0.5316460415	0	0	0	1
3.47	3.884479893	-0.5172594102	0	0.5460449044	0.8377559086	0	-0.8377559086	0.5460449044	0	0	0	1
3.48	3.898990868	-0.5121232009	0	0.5625657552	0.8267525452	0	-0.8267525452	0.5625657552	0	0	0	1
3.49	3.913047402	-0.5070392849	0	0.5811118144	0.8138237273	0	-0.8138237273	0.5811118144	0	0	0	1
3.5	3.926584435	-0.5020575172	0	0.601181356	0.7991126186	0	-0.7991126186	0.601181356	0	0	0	1
3.51	3.939586435	-0.4972268118	0	0.6220336415	0.7829905165	0	-0.7829905165	0.6220336415	0	0	0	1
3.52	3.952051771	-0.4925862253	0	0.6429972765	0.7658684628	0	-0.7658684628	0.6429972765	0	0	0	1
3.53	3.963958718	-0.4881602967	0	0.6637081355	0.7479916516	0	-0.7479916516	0.6637081355	0	0	0	1
3.54	3.975257617	-0.4839562472	0	0.6841748256	0.7293180432	0	-0.7293180432	0.6841748256	0	0	0	1
3.55	3.98588816	-0.479963669	0	0.7046759067	0.7095293275	0	-0.7095293275	0.7046759067	0	0	0	1
3.56	3.995803584	-0.4761582077	0	0.7255834161	0.6881342211	0	-0.6881342211	0.7255834161	0	0	0	1
3.57	4.004984385	-0.4725098159	0	0.7472114462	0.6645863786	0	-0.6645863786	0.7472114462	0	0	0	1
3.58	4.013435616	-0.4689924396	0	0.7697474352	0.6383485615	0	-0.6383485615	0.7697474352	0	0	0	1
3.59	4.021176447	-0.465591881	0	0.7932413193	0.6089073898	0	-0.6089073898	0.7932413193	0	0	0	1
3.6	4.028233885	-0.4623085438	0	0.8176160928	0.5757637752	0	-0.5757637752	0.8176160928	0	0	0	1
3.61	4.034646254	-0.4591552615	0	0.8426625791	0.5384419911	0	-0.5384419911	0.8426625791	0	0	0	1
3.62	4.040472673	-0.4561523241	0	0.8680235609	0.4965230082	0	-0.4965230082	0.8680235609	0	0	0	1
3.63	4.04580386	-0.4533232821	0	0.8931800763	0.4496991787	0	-0.4496991787	0.8931800763	0	0	0	1
3.64	4.050769418	-0.4506912895	0	0.9174455668	0.3978613224	0	-0.3978613224	0.9174455668	0	0	0	1
3.65	4.05554389	-0.4482771001	0	0.9399845829	0.3412169163	0	-0.3412169163	0.9399845829	0	0	0	1
3.66	4.060347386	-0.4460981547	0	0.9598780684	0.2804177132	0	-0.2804177132	0.9598780684	0	0	0	1
3.67	4.065429026	-0.4441692234	0	0.9762575111	0.2166131852	0	-0.2166131852	0.9762575111	0	0	0	1
3.68	4.071028109	-0.4425042435	0	0.9884789434	0.1513584438	0	-0.1513584438	0.9884789434	0	0	0	1
3.69	4.077331238	-0.4411164123	0	0.9962582102	0.08642672393	0	-0.08642672393	0.9962582102	0	0	0	1
3.7	4.084457392	-0.4400138698	0	0.9997197711	0.02367233085	0	-0.02367233085	0.9997197711	0	0	0	1
3.71	4.092472552	-0.4391939373	0	0.9993867795	-0.03501521137	0	0.03501521137	0.9993867795	0	0	0	1
3.72	4.101399699	-0.4386431227	0	0.9961364915	-0.08781850726	0	0.08781850726	0.9961364915	0	0	0	1
3.73	4.111219793	-0.4383431525	0	0.9910983104	-0.1331320361	0	0.1331320361	0.9910983104	0	0	0	1
3.74	4.121879857	-0.4382793366	0	0.9855015623	-0.1696663513	0	0.1696663513	0.9855015623	0	0	0	1
3.75	4.133305905	-0.4384499928	0	0.9805037215	-0.1965005145	0	0.1965005145	0.9805037215	0	0	0	1
3.76	4.145408364	-0.4388766665	0	0.9770218878	-0.213138994	0	0.213138994	0.9770218878	0	0	0	1
3.77	4.158082443	-0.4396120209	0	0.9756009661	-0.219551258	0	0.219551258	0.9756009661	0	0	0	1
3.78	4.17120924	-0.4407422037	0	0.9763536537	-0.2161794232	0	0.2161794232	0.9763536537	0	0	0	1
3.79	4.184656053	-0.4423827511	0	0.9789886115	-0.2039149296	0	0.2039149296	0.9789886115	0	0	0	1
3.8	4.198276191	-0.4446678331	0	0.9829187262	-0.1840401522	0	0.1840401522	0.9829187262	0	0	0	1
3.81	4.211911463	-0.4477287766	0	0.9874205443	-0.1581159976	0	0.1581159976	0.9874205443	0	0	0	1
3.82	4.22537677	-0.4516357237	0	0.9917861425	-0.1279071835	0	0.1279071835	0.9917861425	0	0	0	1
3.83	4.238442982	-0.456427729	0	0.9954406123	-0.09538337052	0	0.09538337052	0.9954406123	0	0	0	1
3.84	4.251058893	-0.4621420605	0	0.9980947713	-0.06169949348	0	0.06169949348	0.9980947713	0	0	0	1
3.85	4.26333457	-0.468804365	0	0.9996277695	-0.02728227488	0	0.02728227488	0.9996277695	0	0	0	1
3.86	4.27535227	-0.4764423401	0	0.9999736193	0.00726365131	0	-0.00726365131	0.9999736193	0	0	0	1
3.87	4.287115571	-0.4850848287	0	0.9991620129	0.04093008743	0	-0.04093008743	0.9991620129	0	0	0	1
3.88	4.298592805	-0.4947510134	0	0.997361952	0.07258882002	0	-0.07258882002	0.997361952	0	0	0	1
3.89	4.30975768	-0.5054162684	0	0.9949669882	0.1002032557	0	-0.1002032557	0.9949669882	0	0	0	1
3.9	4.322245377	-0.515942448	0	0.9920851127	0.1255672297	0	-0.1255672297	0.9920851127	0	0	0	1
3.91	4.335099021	-0.5257718703	0	0.9885819464	0.1506842234	0	-0.1506842234	0.9885819464	0	0	0	1
3.92	4.346521182	-0.5350781158	0	0.9850938357	0.1720178329	0	-0.1720178329	0.9850938357	0	0	0	1
3.93	4.35625493	-0.5436949731	0	0.9819206408	0.1892930406	0	-0.1892930406	0.9819206408	0	0	0	1
3.94	4.364458508	-0.551283278	0	0.9787517648	0.2050487332	0	-0.2050487332	0.9787517648	0	0	0	1
3.95	4.369109885	-0.5570307935	0	0.9764105703	0.215922204	0	-0.215922204	0.9764105703	0	0	0	1
3.96	4.371447885	-0.5602029829	0	0.9755899761	0.2196000879	0	-0.2196000879	0.9755899761	0	0	0	1
3.97	4.37302833	-0.560799729	0	0.9754616204	0.220169542	0	-0.220169542	0.9754616204	0	0	0	1
3.98	4.374253016	-0.5592499718	0	0.9757041994	0.2190920247	0	-0.2190920247	0.9757041994	0	0	0	1
3.99	4.375202623	-0.556130338	0	0.976176081	0.2169798581	0	-0.2169798581	0.976176081	0	0	0	1
4	4.376149644	-0.5520008799	0	0.976672429	0.2147346418	0	-0.2147346418	0.976672429	0	0	0	1
4.01	4.377471447	-0.5473503892	0	0.9769676482	0.2133874749	0	-0.2133874749	0.9769676482	0	0	0	1
4.02	4.379428524	-0.5425731845	0	0.9769292641	0.2135631356	0	-0.2135631356	0.9769292641	0	0	0	1
4.03	4.382298471	-0.5378654307	0	0.9764329887	0.2158208022	0	-0.2158208022	0.9764329887	0	0	0	1
4.04	4.386009698	-0.533229626	0	0.9755436357	0.219805857	0	-0.219805857	0.9755436357	0	0	0	1
4.05	4.389972443	-0.528650219	0	0.9745797062	0.2240410594	0	-0.2240410594	0.9745797062	0	0	0	1
4.06	4.39378048	-0.5241106262	0	0.9737505431	0.2276178371	0	-0.2276178371	0.9737505431	0	0	0	1
4.07	4.397372569	-0.51960393	0	0.9730819931	0.2304591824	0	-0.2304591824	0.9730819931	0	0	0	1
4.08	4.400853332	-0.515135608	0	0.9725161475	0.2328354418	0	-0.2328354418	0.9725161475	0	0	0	1
4.09	4.404350081	-0.5107210795	0	0.9719855405	0.2350406542	0	-0.2350406542	0.9719855405	0	0	0	1
4.1	4.407978714	-0.5063815776	0	0.9714282484	0.2373334326	0	-0.2373334326	0.9714282484	0	0	0	1
4.11	4.411843079	-0.5021370853	0	0.9707893177	0.2399335336	0	-0.2399335336	0.9707893177	0	0	0	1
4.12	4.416026555	-0.4979975599	0	0.970028528	0.2429910592	0	-0.2429910592	0.970028528	0	0	0	1
4.13	4.420581148	-0.4939571336	0	0.9691275152	0.2465600522	0	-0.2465600522	0.9691275152	0	0	0	1
4.14	4.425523092	-0.4899947595	0	0.9680902835	0.2506016819	0	-0.2506016819	0.9680902835	0	0	0	1
4.15	4.430833223	-0.4860799644	0	0.9669397715	0.2550048594	0	-0.2550048594	0.9669397715	0	0	0	1
4.16	4.436460477	-0.4821799902	0	0.9657133216	0.259610825	0	-0.259610825	0.9657133216	0	0	0	1
4.17	4.442331282	-0.4782657982	0	0.9644562991	0.2642424023	0	-0.2642424023	0.9644562991	0	0	0	1
4.18	4.448363394	-0.47431597	0	0.963214318	0.2687343996	0	-0.2687343996	0.963214318	0	0	0	1
4.19	4.454479798	-0.4703196844	0	0.962025558	0.2729593848	0	-0.2729593848	0.962025558	0	0	0	1
4.2	4.460615061	-0.4662786284	0	0.9609171234	0.2768362005	0	-0.2768362005	0.9609171234	0	0	0	1
4.21	4.466714181	-0.4622078293	0	0.9599056755	0.2803231958	0	-0.2803231958	0.9599056755	0	0	0	1
4.22	4.47272812	-0.4581353758	0	0.9590000379	0.2834059408	0	-0.2834059408	0.9590000379	0	0	0	1
4.23	4.478614232	-0.4541016547	0	0.958201314	0.2860948126	0	-0.2860948126	0.958201314	0	0	0	1
4.24	4.484345198	-0.4501578394	0	0.9574986573	0.2884377252	0	-0.2884377252	0.9574986573	0	0	0	1
4.25	4.489924285	-0.4463636049	0	0.9568618177	0.2905433908	0	-0.2905433908	0.9568618177	0	0	0	1
4.26	4.495401696	-0.4427835719	0	0.9562336549	0.2926041648	0	-0.2926041648	0.9562336549	0	0	0	1
4.27	4.500884821	-0.4394817156	0	0.9555269507	0.2949037918	0	-0.2949037918	0.9555269507	0	0	0	1
4.28	4.506536347	-0.4365151738	0	0.9546272608	0.2978032789	0	-0.2978032789	0.9546272608	0	0	0	1
4.29	4.51256176	-0.433930658	0	0.9533973337	0.3017176233	0	-0.3017176233	0.9533973337	0	0	0	1
4.3	4.519186472	-0.4317632261	0	0.9516817768	0.3070859744	0	-0.3070859744	0.9516817768	0	0	0	1
4.31	4.526630258	-0.4300365877	0	0.9493099044	0.3143417016	0	-0.3143417016	0.9493099044	0	0	0	1
4.32	4.535080901	-0.428764239	0	0.9460988422	0.3238780338	0	-0.3238780338	0.9460988422	0	0	0	1
4.33	4.544675106	-0.4279541083	0	0.9418527077	0.3360260064	0	-0.3360260064	0.9418527077	0	0	0	1
4.34	4.555485513	-0.4276154797	0	0.9363611605	0.3510381419	0	-0.3510381419	0.9363611605	0	0	0	1
4.35	4.567509057	-0.4277654922	0	0.9294037404	0.3690646114	0	-0.3690646114	0.9294037404	0	0	0	1
4.36	4.580661715	-0.4284347562	0	0.9207584042	0.3901332608	0	-0.3901332608	0.9207584042	0	0	0	1
4.37	4.594781385	-0.429671972	0	0.9102139242	0.4141383974	0	-0.4141383974	0.9102139242	0	0	0	1
4.38	4.609640618	-0.4315452693	0	0.897588427	0.4408344538	0	-0.4408344538	0.897588427	0	0	0	1
4.39	4.62496945	-0.4341395315	0	0.8827571443	0.4698295693	0	-0.4698295693	0.8827571443	0	0	0	1
4.4	4.640482674	-0.4375460327	0	0.8657765684	0.5004307481	0	-0.5004307481	0.8657765684	0	0	0	1
4.41	4.65596266	-0.4418360549	0	0.8477610092	0.5303784227	0	-0.5303784227	0.8477610092	0	0	0	1
4.42	4.671720354	-0.4471292144	0	0.8288916683	0.5594091545	0	-0.5594091545	0.8288916683	0	0	0	1
4.43	4.687930223	-0.4534696472	0	0.8084618101	0.58854864	0	-0.58854864	0.8084618101	0	0	0	1
4.44	4.704438931	-0.4608131055	0	0.7861561802	0.6180278799	0	-0.6180278799	0.7861561802	0	0	0	1
4.45	4.72106136	-0.4691168768	0	0.7617683965	0.6478494502	0	-0.6478494502	0.7617683965	0	0	0	1
4.46	4.737692984	-0.4783684769	0	0.7350672971	0.6779941509	0	-0.6779941509	0.7350672971	0	0	0	1
4.47	4.754281014	-0.4885722288	0	0.7058741302	0.7083372871	0	-0.7083372871	0.7058741302	0	0	0	1
4.48	4.770779442	-0.4997314083	0	0.6741130364	0.7386281975	0	-0.7386281975	0.6741130364	0	0	0	1
4.49	4.786884884	-0.5113794018	0	0.6411894587	0.7673826151	0	-0.7673826151	0.6411894587	0	0	0	1
4.5	4.801807163	-0.5223040817	0	0.6103446893	0.7921359481	0	-0.7921359481	0.6103446893	0	0	0	1
4.51	4.816764451	-0.5325419835	0	0.5804536108	0.8142933167	0	-0.8142933167	0.5804536108	0	0	0	1
4.52	4.832794246	-0.5420659913	0	0.5500804423	0.8351116734	0	-0.8351116734	0.5500804423	0	0	0	1
4.53	4.849922741	-0.5505898807	0	0.5204158941	0.853912933	0	-0.853912933	0.5204158941	0	0	0	1
4.54	4.86793964	-0.5573217833	0	0.4945509012	0.8691486674	0	-0.8691486674	0.4945509012	0	0	0	1
4.55	4.886340422	-0.5613259336	0	0.4768208047	0.8790005234	0	-0.8790005234	0.4768208047	0	0	0	1
4.56	4.904556154	-0.5625841441	0	0.4690493186	0.8831719746	0	-0.8831719746	0.4690493186	0	0	0	1
4.57	4.922523285	-0.5614275715	0	0.4694088267	0.8829809474	0	-0.8829809474	0.4694088267	0	0	0	1
4.58	4.940467495	-0.5583765595	0	0.4741733993	0.880431478	0	-0.880431478	0.4741733993	0	0	0	1
4.59	4.958494582	-0.5540061513	0	0.4802338824	0.877140478	0	-0.877140478	0.4802338824	0	0	0	1
4.6	4.976455977	-0.5488667809	0	0.4862169196	0.873838147	0	-0.873838147	0.4862169196	0	0	0	1
4.61	4.994076213	-0.543435804	0	0.4922024086	0.8704807804	0	-0.8704807804	0.4922024086	0	0	0	1
4.62	5.011101187	-0.5380428363	0	0.4990595007	0.8665677208	0	-0.8665677208	0.4990595007	0	0	0	1
4.63	5.027379336	-0.5327495805	0	0.5078394568	0.8614517317	0	-0.8614517317	0.5078394568	0	0	0	1
4.64	5.043033076	-0.5275321602	0	0.5187087149	0.8549510332	0	-0.8549510332	0.5187087149	0	0	0	1
4.65	5.058299912	-0.5223504813	0	0.5314335451	0.8470999865	0	-0.8470999865	0.5314335451	0	0	0	1
4.66	5.073281936	-0.517176821	0	0.5460445163	0.8377561616	0	-0.8377561616	0.5460445163	0	0	0	1
4.67	5.087919199	-0.5120155672	0	0.562735049	0.8266373235	0	-0.8266373235	0.562735049	0	0	0	1
4.68	5.102103597	-0.5069004068	0	0.581454444	0.8135789633	0	-0.8135789633	0.581454444	0	0	0	1
4.69	5.115766846	-0.5018795225	0	0.6017357674	0.7986952274	0	-0.7986952274	0.6017357674	0	0	0	1
4.7	5.128890347	-0.4970014627	0	0.6228544331	0.7823377501	0	-0.7823377501	0.6228544331	0	0	0	1
4.71	5.141469505	-0.4923065466	0	0.644136232	0.7649107887	0	-0.7649107887	0.644136232	0	0	0	1
4.72	5.15347963	-0.4878221153	0	0.6651975254	0.7466674308	0	-0.7466674308	0.6651975254	0	0	0	1
4.73	5.16486812	-0.4835591007	0	0.6860229192	0.7275799298	0	-0.7275799298	0.6860229192	0	0	0	1
4.74	5.175571573	-0.4795110638	0	0.7068685765	0.7073449056	0	-0.7073449056	0.7068685765	0	0	0	1
4.75	5.185540105	-0.4756570514	0	0.7280927292	0.6854786486	0	-0.6854786486	0.7280927292	0	0	0	1
4.76	5.194751689	-0.4719694052	0	0.7500049789	0.6614321822	0	-0.6614321822	0.7500049789	0	0	0	1
4.77	5.203209558	-0.4684233675	0	0.77279556	0.6346550421	0	-0.6346550421	0.77279556	0	0	0	1
4.78	5.210931992	-0.4650049891	0	0.7965232018	0.604607963	0	-0.604607963	0.7965232018	0	0	0	1
4.79	5.217946287	-0.4617143521	0	0.8211162069	0.5707610487	0	-0.5707610487	0.8211162069	0	0	0	1
4.8	5.224292579	-0.4585635868	0	0.846361285	0.5326092143	0	-0.5326092143	0.846361285	0	0	0	1
4.81	5.230034479	-0.4555724196	0	0.8718826756	0.489714815	0	-0.489714815	0.8718826756	0	0	0	1
4.82	5.235269913	-0.4527635863	0	0.8971244105	0.4417779895	0	-0.4417779895	0.8971244105	0	0	0	1
4.83	5.240139857	-0.4501595399	0	0.921349846	0.3887344354	0	-0.3887344354	0.921349846	0	0	0	1
4.84	5.244833758	-0.44778025	0	0.943672279	0.3308815948	0	-0.3308815948	0.943672279	0	0	0	1
4.85	5.249587312	-0.4456423536	0	0.9631408459	0.2689976042	0	-0.2689976042	0.9631408459	0	0	0	1
4.86	5.254660944	-0.4437600323	0	0.9788944483	0.2043664822	0	-0.2043664822	0.9788944483	0	0	0	1
4.87	5.260296599	-0.4421468561	0	0.9903411657	0.1386519943	0	-0.1386519943	0.9903411657	0	0	0	1
4.88	5.266675098	-0.4408153308	0	0.997280985	0.0736928551	0	-0.0736928551	0.997280985	0	0	0	1
4.89	5.27390708	-0.4397719098	0	0.9999352573	0.01137897893	0	-0.01137897893	0.9999352573	0	0	0	1
4.9	5.28205004	-0.439011419	0	0.9989228429	-0.04640208893	0	0.04640208893	0.9989228429	0	0	0	1
4.91	5.291120862	-0.4385182244	0	0.9952006725	-0.09785510404	0	0.09785510404	0.9952006725	0	0	0	1
4.92	5.30109302	-0.4382735326	0	0.9899473718	-0.1414362086	0	0.1414362086	0.9899473718	0	0	0	1
4.93	5.311906325	-0.4382643204	0	0.9843997707	-0.1759462745	0	0.1759462745	0.9843997707	0	0	0	1
4.94	5.32348191	-0.4384926594	0	0.9796799355	-0.2005672554	0	0.2005672554	0.9796799355	0	0	0	1
4.95	5.335726054	-0.4389859012	0	0.9766327735	-0.2149149265	0	0.2149149265	0.9766327735	0	0	0	1
4.96	5.348529669	-0.4398037834	0	0.9757075657	-0.2190770327	0	0.2190770327	0.9757075657	0	0	0	1
4.97	5.361769279	-0.441039507	0	0.9769185665	-0.2136120652	0	0.2136120652	0.9769185665	0	0	0	1
4.98	5.375307555	-0.4428139515	0	0.9798944526	-0.19951657	0	0.19951657	0.9798944526	0	0	0	1
4.99	5.388993354	-0.4452632982	0	0.9840024892	-0.1781547117	0	0.1781547117	0.9840024892	0	0	0	1
5	5.402664284	-0.4485115507	0	0.9885124728	-0.1511393105	0	0.1511393105	0.9885124728	0	0	0	1
5.01	5.416117933	-0.452614039	0	0.9927362749	-0.1203107999	0	0.1203107999	0.9927362749	0	0	0	1
5.02	5.429141977	-0.4576110827	0	0.9961597432	-0.08755436057	0	0.08755436057	0.9961597432	0	0	0	1
5.03	5.441734975	-0.4635367546	0	0.9985524877	-0.05378595777	0	0.05378595777	0.9985524877	0	0	0	1
5.04	5.454013238	-0.4704160952	0	0.9998118274	-0.01939870375	0	0.01939870375	0.9998118274	0	0	0	1
5.05	5.466039653	-0.4782777683	0	0.9998887712	0.01491459665	0	-0.01491459665	0.9998887712	0	0	0	1
5.06	5.477804416	-0.4871493618	0	0.9988426718	0.04809695339	0	-0.04809695339	0.9988426718	0	0	0	1
5.07	5.489272363	-0.4970469654	0	0.9968713714	0.0790409313	0	-0.0790409313	0.9968713714	0	0	0	1
5.08	5.500567934	-0.5078439027	0	0.994448962	0.1052200643	0	-0.1052200643	0.994448962	0	0	0	1
5.09	5.513434255	-0.5181842687	0	0.9913562525	0.1311974871	0	-0.1311974871	0.9913562525	0	0	0	1
5.1	5.526062813	-0.5278997221	0	0.9878163435	0.1556241356	0	-0.1556241356	0.9878163435	0	0	0	1
5.11	5.537087356	-0.5370781649	0	0.9843914639	0.1759927434	0	-0.1759927434	0.9843914639	0	0	0	1
5.12	5.546488903	-0.5454985657	0	0.9813053577	0.1924572548	0	-0.1924572548	0.9813053577	0	0	0	1
5.13	5.554070405	-0.5527697219	0	0.9780968502	0.2081503104	0	-0.2081503104	0.9780968502	0	0	0	1
5.14	5.557990724	-0.5579698374	0	0.9761897649	0.2169182861	0	-0.2169182861	0.9761897649	0	0	0	1
5.15	5.560075064	-0.5605417688	0	0.9755764332	0.2196602442	0	-0.2196602442	0.9755764332	0	0	0	1
5.16	5.561572264	-0.5606087755	0	0.9755427032	0.2198099956	0	-0.2198099956	0.9755427032	0	0	0	1
5.17	5.562737923	-0.5586559991	0	0.9758410635	0.2184816213	0	-0.2184816213	0.9758410635	0	0	0	1
5.18	5.563674531	-0.5552657399	0	0.9763273098	0.2162983685	0	-0.2162983685	0.9763273098	0	0	0	1
5.19	5.564695272	-0.5509843348	0	0.9767836468	0.2142281665	0	-0.2142281665	0.9767836468	0	0	0	1
5.2	5.566161335	-0.5462802749	0	0.9770008768	0.2132352849	0	-0.2132352849	0.9770008768	0	0	0	1
5.21	5.568303416	-0.54151746	0	0.9768676372	0.2138448489	0	-0.2138448489	0.9768676372	0	0	0	1
5.22	5.57139933	-0.5368307869	0	0.9762617986	0.216593861	0	-0.216593861	0.9762617986	0	0	0	1
5.23	5.575211488	-0.5322117724	0	0.9753326512	0.2207401629	0	-0.2207401629	0.9753326512	0	0	0	1
5.24	5.579145273	-0.5276437082	0	0.9743972931	0.2248330831	0	-0.2248330831	0.9743972931	0	0	0	1
5.25	5.582878677	-0.5231117164	0	0.973619459	0.2281778892	0	-0.2281778892	0.973619459	0	0	0	1
5.26	5.586408504	-0.5186121218	0	0.9729947378	0.230827295	0	-0.230827295	0.9729947378	0	0	0	1
5.27	5.589855551	-0.5141534011	0	0.9724573108	0.2330810558	0	-0.2330810558	0.9724573108	0	0	0	1
5.28	5.593348082	-0.5097531673	0	0.9719391596	0.2352323746	0	-0.2352323746	0.9719391596	0	0	0	1
5.29	5.597001539	-0.5054334217	0	0.9713785394	0.2375368038	0	-0.2375368038	0.9713785394	0	0	0	1
5.3	5.600916884	-0.50121271	0	0.970722751	0.2402027077	0	-0.2402027077	0.970722751	0	0	0	1
5.31	5.605171039	-0.4970976828	0	0.9699362665	0.2433590742	0	-0.2433590742	0.9699362665	0	0	0	1
5.32	5.609807307	-0.4930785788	0	0.9690063832	0.2470356842	0	-0.2470356842	0.9690063832	0	0	0	1
5.33	5.614832502	-0.4891314168	0	0.9679423622	0.2511724178	0	-0.2511724178	0.9679423622	0	0	0	1
5.34	5.62021839	-0.4852244361	0	0.9667714328	0.2556423218	0	-0.2556423218	0.9667714328	0	0	0	1
5.35	5.625906557	-0.4813252204	0	0.9655338461	0.2602775288	0	-0.2602775288	0.9655338461	0	0	0	1
5.36	5.63181957	-0.4774062651	0	0.9642758689	0.264900073	0	-0.264900073	0.9642758689	0	0	0	1
5.37	5.637875262	-0.4734484712	0	0.9630419068	0.2693516026	0	-0.2693516026	0.9630419068	0	0	0	1
5.38	5.643999191	-0.4694438391	0	0.9618675978	0.273515492	0	-0.273515492	0.9618675978	0	0	0	1
5.39	5.650129374	-0.4653972124	0	0.9607770782	0.2773218456	0	-0.2773218456	0.9607770782	0	0	0	1
5.4	5.656213464	-0.4613266337	0	0.959784634	0.2807373442	0	-0.2807373442	0.959784634	0	0	0	1
5.41	5.662204254	-0.4572630881	0	0.9588972275	0.2837536028	0	-0.2837536028	0.9588972275	0	0	0	1
5.42	5.668062072	-0.4532493356	0	0.9581137759	0.2863878356	0	-0.2863878356	0.9581137759	0	0	0	1
5.43	5.673764902	-0.4493382528	0	0.9574202616	0.2886978397	0	-0.2886978397	0.9574202616	0	0	0	1
5.44	5.679324285	-0.4455904935	0	0.9567819131	0.2908064147	0	-0.2908064147	0.9567819131	0	0	0	1
5.45	5.684800973	-0.4420704801	0	0.9561362992	0.2929221353	0	-0.2929221353	0.9561362992	0	0	0	1
5.46	5.69031295	-0.4388406165	0	0.9553913258	0.2953428762	0	-0.2953428762	0.9553913258	0	0	0	1
5.47	5.696031444	-0.4359556098	0	0.9544285498	0.2984395136	0	-0.2984395136	0.9544285498	0	0	0	1
5.48	5.70216669	-0.4334594498	0	0.9531074412	0.302632129	0	-0.302632129	0.9531074412	0	0	0	1
5.49	5.708944218	-0.431384569	0	0.9512697183	0.3083600543	0	-0.3083600543	0.9512697183	0	0	0	1
5.5	5.716578518	-0.4297522328	0	0.9487424848	0.3160501503	0	-0.3160501503	0.9487424848	0	0	0	1
5.51	5.72524836	-0.428574367	0	0.9453403533	0.3260852901	0	-0.3260852901	0.9453403533	0	0	0	1
5.52	5.735079019	-0.4278587243	0	0.9408642736	0.3387837344	0	-0.3387837344	0.9408642736	0	0	0	1
5.53	5.746129356	-0.4276158338	0	0.935101138	0.3543809557	0	-0.3543809557	0.935101138	0	0	0	1
5.54	5.758381121	-0.4278653296	0	0.927829007	0.3730058093	0	-0.3730058093	0.927829007	0	0	0	1
5.55	5.771734921	-0.4286414369	0	0.9188264228	0.3946618866	0	-0.3946618866	0.9188264228	0	0	0	1
5.56	5.786014993	-0.4299969915	0	0.9078859976	0.4192171459	0	-0.4192171459	0.9078859976	0	0	0	1
5.57	5.800983744	-0.4320040542	0	0.8948341752	0.4463986995	0	-0.4463986995	0.8948341752	0	0	0	1
5.58	5.816366825	-0.4347502734	0	0.8795628896	0.4757826428	0	-0.4757826428	0.8795628896	0	0	0	1
5.59	5.831873809	-0.4383241816	0	0.8622586812	0.5064681299	0	-0.5064681299	0.8622586812	0	0	0	1
5.6	5.847370406	-0.4428015086	0	0.8441370208	0.5361274943	0	-0.5361274943	0.8441370208	0	0	0	1
5.61	5.863215971	-0.4483017666	0	0.8250063422	0.5651234691	0	-0.5651234691	0.8250063422	0	0	0	1
5.62	5.879499267	-0.4548443065	0	0.8042245771	0.594325525	0	-0.594325525	0.8042245771	0	0	0	1
5.63	5.896040065	-0.4623794759	0	0.781526314	0.623872279	0	-0.623872279	0.781526314	0	0	0	1
5.64	5.912666451	-0.4708703025	0	0.7566995583	0.6537627845	0	-0.6537627845	0.7566995583	0	0	0	1
5.65	5.929288202	-0.4803093128	0	0.7295158011	0.683963958	0	-0.683963958	0.7295158011	0	0	0	1
5.66	5.945856414	-0.4907018415	0	0.6998152383	0.7143238986	0	-0.7143238986	0.6998152383	0	0	0	1
5.67	5.96232281	-0.5020439543	0	0.6675561661	0.7445594436	0	-0.7445594436	0.6675561661	0	0	0	1
5.68	5.978204345	-0.5136042252	0	0.6349383379	0.7725628175	0	-0.7725628175	0.6349383379	0	0	0	1
5.69	5.992988689	-0.5243811696	0	0.6044232648	0.7966633649	0	-0.7966633649	0.6044232648	0	0	0	1
5.7	6.008106416	-0.5344934143	0	0.5744549999	0.8185361648	0	-0.8185361648	0.5744549999	0	0	0	1
5.71	6.024357466	-0.5438486465	0	0.5440266467	0.8390679398	0	-0.8390679398	0.5440266467	0	0	0	1
5.72	6.041672125	-0.5521224604	0	0.5147313707	0.8573515125	0	-0.8573515125	0.5147313707	0	0	0	1
5.73	6.059810944	-0.5583438566	0	0.490137581	0.8716450836	0	-0.8716450836	0.490137581	0	0	0	1
5.74	6.078196897	-0.5617891065	0	0.4743274285	0.8803485052	0	-0.8803485052	0.4743274285	0	0	0	1
5.75	6.096343266	-0.562530713	0	0.4684014007	0.8835157768	0	-0.8835157768	0.4684014007	0	0	0	1
5.76	6.114279438	-0.5609498888	0	0.469940691	0.8826979931	0	-0.8826979931	0.469940691	0	0	0	1
5.77	6.132234758	-0.5575871334	0	0.4751689145	0.8798945975	0	-0.8798945975	0.4751689145	0	0	0	1
5.78	6.150263455	-0.5530177463	0	0.4812889033	0.8765620295	0	-0.8765620295	0.4812889033	0	0	0	1
5.79	6.168176932	-0.5477816694	0	0.4872650042	0.873254153	0	-0.873254153	0.4872650042	0	0	0	1
5.8	6.185695764	-0.5423372141	0	0.4933736058	0.869817501	0	-0.869817501	0.4933736058	0	0	0	1
5.81	6.202576596	-0.5369621021	0	0.5005910815	0.8656838737	0	-0.8656838737	0.5005910815	0	0	0	1
5.82	6.218714182	-0.5316842556	0	0.5098375565	0.8602706935	0	-0.8602706935	0.5098375565	0	0	0	1
5.83	6.23427864	-0.526474978	0	0.5211186992	0.8534842127	0	-0.8534842127	0.5211186992	0	0	0	1
5.84	6.24949453	-0.521294063	0	0.534225597	0.8453419495	0	-0.8453419495	0.534225597	0	0	0	1
5.85	6.264425621	-0.5161192368	0	0.5492535323	0.8356557648	0	-0.8356557648	0.5492535323	0	0	0	1
5.86	6.278991552	-0.510961457	0	0.5663802879	0.8241440223	0	-0.8241440223	0.5663802879	0	0	0	1
5.87	6.293087198	-0.5058584954	0	0.5854760348	0.8106897142	0	-0.8106897142	0.5854760348	0	0	0	1
5.88	6.306655155	-0.5008595531	0	0.6060020874	0.7954630539	0	-0.7954630539	0.6060020874	0	0	0	1
5.89	6.319682498	-0.4960121211	0	0.6272188168	0.778843088	0	-0.778843088	0.6272188168	0	0	0	1
5.9	6.332162155	-0.491354442	0	0.6484939185	0.7612198353	0	-0.7612198353	0.6484939185	0	0	0	1
5.91	6.34406305	-0.486911054	0	0.6695163227	0.7427973436	0	-0.7427973436	0.6695163227	0	0	0	1
5.92	6.355327903	-0.4826896685	0	0.6903353839	0.7234895008	0	-0.7234895008	0.6903353839	0	0	0	1
5.93	6.365893718	-0.4786807396	0	0.7112416538	0.7029475868	0	-0.7029475868	0.7112416538	0	0	0	1
5.94	6.375715373	-0.4748613691	0	0.7325930729	0.6806668712	0	-0.6806668712	0.7325930729	0	0	0	1
5.95	6.384776337	-0.4712037837	0	0.7546787816	0.6560944571	0	-0.6560944571	0.7546787816	0	0	0	1
5.96	6.393083525	-0.4676849093	0	0.7776630704	0.6286812777	0	-0.6286812777	0.7776630704	0	0	0	1
5.97	6.400657062	-0.4642934449	0	0.8015793087	0.597888461	0	-0.597888461	0.8015793087	0	0	0	1
5.98	6.407526241	-0.4610320641	0	0.8263302279	0.5631858969	0	-0.5631858969	0.8263302279	0	0	0	1
5.99	6.413735311	-0.4579147003	0	0.8516715361	0.5240759436	0	-0.5240759436	0.8516715361	0	0	0	1
6	6.419354049	-0.4549616796	0	0.8771907765	0.4801420015	0	-0.4801420015	0.8771907765	0	0	0	1
6.01	6.42448923	-0.4521959005	0	0.9022936306	0.4311220293	0	-0.4311220293	0.9022936306	0	0	0	1
6.02	6.429292146	-0.4496393097	0	0.9262066653	0.3770161974	0	-0.3770161974	0.9262066653	0	0	0	1
6.03	6.43396335	-0.4473110554	0	0.9480182389	0.3182159939	0	-0.3182159939	0.9480182389	0	0	0	1
6.04	6.438747457	-0.4452270218	0	0.9667794818	0.2556118809	0	-0.2556118809	0.9667794818	0	0	0	1
6.05	6.443906272	-0.4434010754	0	0.9816702145	0.1905874863	0	-0.1905874863	0.9816702145	0	0	0	1
6.06	6.449672331	-0.4418467713	0	0.9921741029	0.1248621222	0	-0.1248621222	0.9921741029	0	0	0	1
6.07	6.456211731	-0.4405759215	0	0.9981806094	0.06029486786	0	-0.06029486786	0.9981806094	0	0	0	1
6.08	6.463622411	-0.4395928809	0	0.9999992537	-0.001221702135	0	0.001221702135	0.9999992537	0	0	0	1
6.09	6.471953932	-0.4388899931	0	0.9983278892	-0.0578050658	0	0.0578050658	0.9983278892	0	0	0	1
6.1	6.481213382	-0.4384502968	0	0.9941831273	-0.1077028752	0	0.1077028752	0.9941831273	0	0	0	1
6.11	6.491365273	-0.4382555891	0	0.988770176	-0.1494441004	0	0.1494441004	0.988770176	0	0	0	1
6.12	6.502344727	-0.4382951374	0	0.9833156242	-0.1819076228	0	0.1819076228	0.9833156242	0	0	0	1
6.13	6.514069746	-0.4385755028	0	0.9788951006	-0.2043633577	0	0.2043633577	0.9788951006	0	0	0	1
6.14	6.526443083	-0.4391304808	0	0.9762764685	-0.2165277282	0	0.2165277282	0.9762764685	0	0	0	1
6.15	6.539352276	-0.4400270315	0	0.9758165816	-0.2185909402	0	0.2185909402	0.9758165816	0	0	0	1
6.16	6.552670864	-0.4413648649	0	0.9774410381	-0.2112084682	0	0.2112084682	0.9774410381	0	0	0	1
6.17	6.566258358	-0.4432693678	0	0.9807111332	-0.1954627156	0	0.1954627156	0.9807111332	0	0	0	1
6.18	6.579960735	-0.4458776854	0	0.9849600703	-0.1727821169	0	0.1727821169	0.9849600703	0	0	0	1
6.19	6.593612608	-0.4493024929	0	0.9894590352	-0.1448130441	0	0.1448130441	0.9894590352	0	0	0	1
6.2	6.606995681	-0.4535891848	0	0.9935418561	-0.1134662072	0	0.1134662072	0.9935418561	0	0	0	1
6.21	6.619929207	-0.4587789037	0	0.9967562734	-0.08047938466	0	0.08047938466	0.9967562734	0	0	0	1
6.22	6.63245416	-0.4649026831	0	0.9989149177	-0.04657238562	0	0.04657238562	0.9989149177	0	0	0	1
6.23	6.644684602	-0.471985716	0	0.9999261365	-0.01215407777	0	0.01215407777	0.9999261365	0	0	0	1
6.24	6.656665415	-0.4800573527	0	0.9997581855	0.02199023528	0	-0.02199023528	0.9997581855	0	0	0	1
6.25	6.668377546	-0.4891434274	0	0.9984991054	0.05476802531	0	-0.05476802531	0.9984991054	0	0	0	1
6.26	6.679784405	-0.4992569988	0	0.9963725261	0.0850987032	0	-0.0850987032	0.9963725261	0	0	0	1
6.27	6.691300649	-0.5100873918	0	0.9938837731	0.1104311801	0	-0.1104311801	0.9938837731	0	0	0	1
6.28	6.704331113	-0.5202671353	0	0.9906350486	0.1365364439	0	-0.1365364439	0.9906350486	0	0	0	1
6.29	6.716677365	-0.5298750538	0	0.9870856784	0.1601932071	0	-0.1601932071	0.9870856784	0	0	0	1
6.3	6.727331865	-0.5389187489	0	0.9837257984	0.1796762464	0	-0.1796762464	0.9837257984	0	0	0	1
6.31	6.736446147	-0.5471373252	0	0.9807159827	0.1954383822	0	-0.1954383822	0.9807159827	0	0	0	1
6.32	6.743309774	-0.5540624848	0	0.9775486185	0.2107099868	0	-0.2107099868	0.9775486185	0	0	0	1
6.33	6.746672086	-0.5587290009	0	0.97599994	0.2177707902	0	-0.2177707902	0.97599994	0	0	0	1
6.34	6.748578414	-0.5607491501	0	0.9755448753	0.2198003554	0	-0.2198003554	0.9755448753	0	0	0	1
6.35	6.750006061	-0.5603468293	0	0.9755896861	0.2196013761	0	-0.2196013761	0.9755896861	0	0	0	1
6.36	6.751114916	-0.5580458361	0	0.9759376218	0.2180498987	0	-0.2180498987	0.9759376218	0	0	0	1
6.37	6.752044539	-0.5544277778	0	0.9764332456	0.2158196397	0	-0.2158196397	0.9764332456	0	0	0	1
6.38	6.753138438	-0.5500244241	0	0.9768501079	0.2139249088	0	-0.2139249088	0.9768501079	0	0	0	1
6.39	6.754735748	-0.5452849329	0	0.9769974335	0.2132510609	0	-0.2132510609	0.9769974335	0	0	0	1
6.4	6.757057618	-0.540538899	0	0.9767729491	0.2142769373	0	-0.2142769373	0.9767729491	0	0	0	1
6.41	6.760347486	-0.5358699465	0	0.9760744282	0.2174366818	0	-0.2174366818	0.9760744282	0	0	0	1
6.42	6.764227441	-0.5312655419	0	0.9751212595	0.221672121	0	-0.221672121	0.9751212595	0	0	0	1
6.43	6.768128226	-0.5267083441	0	0.9742141794	0.2256252039	0	-0.2256252039	0.9742141794	0	0	0	1
6.44	6.771806089	-0.5221853494	0	0.9734750244	0.2287933058	0	-0.2287933058	0.9734750244	0	0	0	1
6.45	6.775300203	-0.5176956013	0	0.9728777267	0.2313199708	0	-0.2313199708	0.9728777267	0	0	0	1
6.46	6.778738957	-0.5132498175	0	0.9723530787	0.2335155032	0	-0.2335155032	0.9723530787	0	0	0	1
6.47	6.782248643	-0.5088670383	0	0.9718340436	0.235666272	0	-0.235666272	0.9718340436	0	0	0	1
6.48	6.785942514	-0.5045692733	0	0.9712600804	0.2380207055	0	-0.2380207055	0.9712600804	0	0	0	1
6.49	6.789917433	-0.5003731582	0	0.970581401	0.240773221	0	-0.240773221	0.970581401	0	0	0	1
6.5	6.79424396	-0.4962820031	0	0.969766995	0.2440327343	0	-0.2440327343	0.969766995	0	0	0	1
6.51	6.798957535	-0.4922826116	0	0.9688091429	0.2478080802	0	-0.2478080802	0.9688091429	0	0	0	1
6.52	6.804057212	-0.4883486982	0	0.9677213436	0.2520226201	0	-0.2520226201	0.9677213436	0	0	0	1
6.53	6.809507785	-0.4844478255	0	0.9665340209	0.2565384698	0	-0.2565384698	0.9665340209	0	0	0	1
6.54	6.815245747	-0.4805481704	0	0.9652893228	0.2611829308	0	-0.2611829308	0.9652893228	0	0	0	1
6.55	6.821191324	-0.4766236619	0	0.964033855	0.2657794695	0	-0.2657794695	0.964033855	0	0	0	1
6.56	6.82726351	-0.4726574073	0	0.9628104284	0.2701778655	0	-0.2701778655	0.9628104284	0	0	0	1
6.57	6.833390662	-0.4686440094	0	0.9616521826	0.2742719083	0	-0.2742719083	0.9616521826	0	0	0	1
6.58	6.83951356	-0.4645910603	0	0.9605808246	0.2780008621	0	-0.2780008621	0.9605808246	0	0	0	1
6.59	6.845581368	-0.460519363	0	0.9596088773	0.2813375242	0	-0.2813375242	0.9596088773	0	0	0	1
6.6	6.851548218	-0.4564624447	0	0.9587417699	0.2842784174	0	-0.2842784174	0.9587417699	0	0	0	1
6.61	6.857376955	-0.4524651846	0	0.9579764194	0.2868469626	0	-0.2868469626	0.9579764194	0	0	0	1
6.62	6.863050717	-0.4485822052	0	0.9572954872	0.289111311	0	-0.289111311	0.9572954872	0	0	0	1
6.63	6.868589506	-0.4448752383	0	0.9566593295	0.2912094217	0	-0.2912094217	0.9566593295	0	0	0	1
6.64	6.874064758	-0.4414086692	0	0.9559998888	0.2933670273	0	-0.2933670273	0.9559998888	0	0	0	1
6.65	6.879605228	-0.4382436934	0	0.9552197756	0.2958972461	0	-0.2958972461	0.9552197756	0	0	0	1
6.66	6.885391038	-0.4354330219	0	0.9541959859	0.2991822531	0	-0.2991822531	0.9541959859	0	0	0	1
6.67	6.89163669	-0.4330182466	0	0.9527846635	0.3036468097	0	-0.3036468097	0.9527846635	0	0	0	1
6.68	6.898567818	-0.431029593	0	0.950824274	0.3097308509	0	-0.3097308509	0.950824274	0	0	0	1
6.69	6.906393324	-0.4294862383	0	0.9481395944	0.3178542268	0	-0.3178542268	0.9481395944	0	0	0	1
6.7	6.915282705	-0.4283987849	0	0.9445427047	0.3283886098	0	-0.3283886098	0.9445427047	0	0	0	1
6.71	6.92534917	-0.4277749929	0	0.9398317131	0.3416377482	0	-0.3416377482	0.9398317131	0	0	0	1
6.72	6.936637322	-0.4276267286	0	0.9337912246	0.3578183183	0	-0.3578183183	0.9337912246	0	0	0	1
6.73	6.949113272	-0.4279761192	0	0.9261984596	0.3770363556	0	-0.3770363556	0.9261984596	0	0	0	1
6.74	6.962662142	-0.4288608244	0	0.9168334796	0.3992697968	0	-0.3992697968	0.9168334796	0	0	0	1
6.75	6.977094847	-0.4303375287	0	0.905493672	0.4243597648	0	-0.4243597648	0.905493672	0	0	0	1
6.76	6.992164482	-0.4324817887	0	0.8920150122	0.452005772	0	-0.452005772	0.8920150122	0	0	0	1
6.77	7.007593589	-0.4353833569	0	0.8763094516	0.4817486326	0	-0.4817486326	0.8763094516	0	0	0	1
6.78	7.023088499	-0.4391261568	0	0.8587501251	0.5123945966	0	-0.5123945966	0.8587501251	0	0	0	1
6.79	7.038622958	-0.4437953481	0	0.8404987492	0.5418134851	0	-0.5418134851	0.8404987492	0	0	0	1
6.8	7.0545593	-0.4495013827	0	0.8210816435	0.5708107696	0	-0.5708107696	0.8210816435	0	0	0	1
6.81	7.070908447	-0.456242	0	0.7999417748	0.6000776257	0	-0.6000776257	0.7999417748	0	0	0	1
6.82	7.087475831	-0.463965639	0	0.7768464896	0.6296900282	0	-0.6296900282	0.7768464896	0	0	0	1
6.83	7.104105376	-0.4726414904	0	0.7515767801	0.6596456197	0	-0.6596456197	0.7515767801	0	0	0	1
6.84	7.120719102	-0.4822662059	0	0.723910949	0.689893425	0	-0.689893425	0.723910949	0	0	0	1
6.85	7.137270417	-0.4928454514	0	0.6937091933	0.7202552013	0	-0.7202552013	0.6937091933	0	0	0	1
6.86	7.153701725	-0.5043465631	0	0.6610254261	0.7503635026	0	-0.7503635026	0.6610254261	0	0	0	1
6.87	7.169328347	-0.5157699827	0	0.6288410289	0.7775338966	0	-0.7775338966	0.6288410289	0	0	0	1
6.88	7.184051868	-0.5264070735	0	0.5985996706	0.8010483346	0	-0.8010483346	0.5985996706	0	0	0	1
6.89	7.19936631	-0.5363887102	0	0.5685186214	0.822670394	0	-0.822670394	0.5685186214	0	0	0	1
6.9	7.215838081	-0.5455620972	0	0.5381331496	0.842859842	0	-0.842859842	0.5381331496	0	0	0	1
6.91	7.233335907	-0.5535431326	0	0.5093817621	0.8605406559	0	-0.8605406559	0.5093817621	0	0	0	1
6.92	7.251577254	-0.5592373337	0	0.4862371367	0.8738268975	0	-0.8738268975	0.4862371367	0	0	0	1
6.93	7.269936437	-0.5621367727	0	0.47238379	0.8813929628	0	-0.8813929628	0.47238379	0	0	0	1
6.94	7.288025083	-0.5623872171	0	0.4681814109	0.8836323707	0	-0.8836323707	0.4681814109	0	0	0	1
6.95	7.305947834	-0.5604130939	0	0.4707273761	0.8822787186	0	-0.8822787186	0.4707273761	0	0	0	1
6.96	7.323921504	-0.5567694568	0	0.4762941614	0.8792860012	0	-0.8792860012	0.4762941614	0	0	0	1
6.97	7.341947875	-0.5520289748	0	0.4824193912	0.8759403695	0	-0.8759403695	0.4824193912	0	0	0	1
6.98	7.359806054	-0.5467191212	0	0.4883793482	0.8726314298	0	-0.8726314298	0.4883793482	0	0	0	1
6.99	7.377218161	-0.5412760093	0	0.494619823	0.8691094469	0	-0.8691094469	0.494619823	0	0	0	1
7	7.393953699	-0.5359207278	0	0.5022017691	0.8647504745	0	-0.8647504745	0.5022017691	0	0	0	1
7.01	7.409960722	-0.5306590673	0	0.5118752558	0.8590597898	0	-0.8590597898	0.5118752558	0	0	0	1
7.02	7.425444576	-0.5254581497	0	0.5235290863	0.8520078027	0	-0.8520078027	0.5235290863	0	0	0	1
7.03	7.440608037	-0.5202790164	0	0.5369999498	0.8435822745	0	-0.8435822745	0.5369999498	0	0	0	1
7.04	7.455479132	-0.5151054274	0	0.5524328816	0.8335573833	0	-0.8335573833	0.5524328816	0	0	0	1
7.05	7.469963216	-0.5099545396	0	0.5699715169	0.8216644509	0	-0.8216644509	0.5699715169	0	0	0	1
7.06	7.483961275	-0.5048675843	0	0.5894030594	0.8078391137	0	-0.8078391137	0.5894030594	0	0	0	1
7.07	7.497426674	-0.4998942497	0	0.610126741	0.7923038305	0	-0.7923038305	0.610126741	0	0	0	1
7.08	7.51035077	-0.4950806527	0	0.6314012778	0.7754562698	0	-0.7754562698	0.6314012778	0	0	0	1
7.09	7.522723284	-0.4904627297	0	0.6526444313	0.7576643361	0	-0.7576643361	0.6526444313	0	0	0	1
7.1	7.534507112	-0.4860619755	0	0.6736183132	0.7390794058	0	-0.7390794058	0.6736183132	0	0	0	1
7.11	7.545641758	-0.4818827042	0	0.6944319824	0.7195583519	0	-0.7195583519	0.6944319824	0	0	0	1
7.12	7.55606605	-0.4779123563	0	0.7154022857	0.6987127948	0	-0.6987127948	0.7154022857	0	0	0	1
7.13	7.565740104	-0.4741263977	0	0.7368816045	0.6760218199	0	-0.6760218199	0.7368816045	0	0	0	1
7.14	7.574652596	-0.4704972514	0	0.7591370844	0.6509307852	0	-0.6509307852	0.7591370844	0	0	0	1
7.15	7.582813779	-0.4670036673	0	0.782308054	0.6228917311	0	-0.6228917311	0.782308054	0	0	0	1
7.16	7.590245642	-0.4636371025	0	0.8064023986	0.5913672053	0	-0.5913672053	0.8064023986	0	0	0	1
7.17	7.596979759	-0.4604027371	0	0.8312953903	0.5558308863	0	-0.5558308863	0.8312953903	0	0	0	1
7.18	7.603064364	-0.4573160744	0	0.8567114278	0.5157960153	0	-0.5157960153	0.8567114278	0	0	0	1
7.19	7.60857602	-0.4543983696	0	0.8822035271	0.4708682796	0	-0.4708682796	0.8822035271	0	0	0	1
7.2	7.613629796	-0.4516724349	0	0.9071401418	0.4208286624	0	-0.4208286624	0.9071401418	0	0	0	1
7.21	7.618386694	-0.4491597374	0	0.9307153358	0.3657443967	0	-0.3657443967	0.9307153358	0	0	0	1
7.22	7.623056962	-0.4468787625	0	0.9519996288	0.3060991779	0	-0.3060991779	0.9519996288	0	0	0	1
7.23	7.627891627	-0.4448448386	0	0.9700547248	0.2428864568	0	-0.2428864568	0.9700547248	0	0	0	1
7.24	7.633151113	-0.4430716477	0	0.9841073917	0.1775743268	0	-0.1775743268	0.9841073917	0	0	0	1
7.25	7.639057153	-0.4415726604	0	0.9937166268	0.1119252682	0	-0.1119252682	0.9937166268	0	0	0	1
7.26	7.645761675	-0.4403588576	0	0.9988564301	0.04781037641	0	-0.04781037641	0.9988564301	0	0	0	1
7.27	7.653350439	-0.4394323091	0	0.9999170794	-0.01287766425	0	0.01287766425	0.9999170794	0	0	0	1
7.28	7.661864992	-0.4387831305	0	0.9976668962	-0.06826978929	0	0.06826978929	0.9976668962	0	0	0	1
7.29	7.671304429	-0.4383932841	0	0.9931723548	-0.1166562198	0	0.1166562198	0.9931723548	0	0	0	1
7.3	7.681625852	-0.4382453795	0	0.9876569503	-0.1566325271	0	0.1566325271	0.9876569503	0	0	0	1
7.31	7.692759872	-0.4383313868	0	0.9823305443	-0.187154219	0	0.187154219	0.9823305443	0	0	0	1
7.32	7.704621629	-0.4386625213	0	0.9782188694	-0.2075761149	0	0.2075761149	0.9782188694	0	0	0	1
7.33	7.717110974	-0.4392788083	0	0.9760142143	-0.2177068061	0	0.2177068061	0.9760142143	0	0	0	1
7.34	7.730112477	-0.4402539844	0	0.9759865238	-0.21783091	0	0.21783091	0.9759865238	0	0	0	1
7.35	7.743496952	-0.4416935085	0	0.9779813985	-0.20869208	0	0.20869208	0.9779813985	0	0	0	1
7.36	7.757120907	-0.4437265389	0	0.9815022632	-0.1914505351	0	0.1914505351	0.9815022632	0	0	0	1
7.37	7.770827966	-0.4464899861	0	0.9858568912	-0.1675893497	0	0.1675893497	0.9858568912	0	0	0	1
7.38	7.784448195	-0.4500827277	0	0.9903220725	-0.138788302	0	0.138788302	0.9903220725	0	0	0	1
7.39	7.797751249	-0.4545450703	0	0.9942576462	-0.1070127698	0	0.1070127698	0.9942576462	0	0	0	1
7.4	7.810596316	-0.4599178069	0	0.9972718598	-0.07381624314	0	0.07381624314	0.9972718598	0	0	0	1
7.41	7.823056412	-0.4662294705	0	0.9992087624	-0.03977246681	0	0.03977246681	0.9992087624	0	0	0	1
7.42	7.835237949	-0.4735059222	0	0.9999857606	-0.005336535114	0	0.005336535114	0.9999857606	0	0	0	1
7.43	7.847169403	-0.481776751	0	0.999590266	0.02862341758	0	-0.02862341758	0.999590266	0	0	0	1
7.44	7.858825197	-0.4910657735	0	0.9981381972	0.06099294517	0	-0.06099294517	0.9981381972	0	0	0	1
7.45	7.870167751	-0.5013828723	0	0.9958778569	0.09070443332	0	-0.09070443332	0.9958778569	0	0	0	1
7.46	7.881992564	-0.5121638031	0	0.9932995358	0.1155683013	0	-0.1155683013	0.9932995358	0	0	0	1
7.47	7.895050907	-0.522210635	0	0.9899372425	0.141507088	0	-0.141507088	0.9899372425	0	0	0	1
7.48	7.907092851	-0.5317171738	0	0.9863977799	0.164375849	0	-0.164375849	0.9863977799	0	0	0	1
7.49	7.917409004	-0.5406228133	0	0.9831036098	0.1830499724	0	-0.1830499724	0.9831036098	0	0	0	1
7.5	7.926265937	-0.5486382697	0	0.9801093453	0.1984582357	0	-0.1984582357	0.9801093453	0	0	0	1
7.51	7.932349358	-0.5551895564	0	0.9771086929	0.2127406923	0	-0.2127406923	0.9771086929	0	0	0	1
7.52	7.935280004	-0.5593384199	0	0.9758532736	0.2184270779	0	-0.2184270779	0.9758532736	0	0	0	1
7.53	7.937053365	-0.5608471692	0	0.9755258806	0.2198846433	0	-0.2198846433	0.9755258806	0	0	0	1
7.54	7.938415792	-0.5600229479	0	0.975640175	0.2193769561	0	-0.2193769561	0.975640175	0	0	0	1
7.55	7.93947162	-0.557415986	0	0.9760317223	0.2176283004	0	-0.2176283004	0.9760317223	0	0	0	1
7.56	7.940404214	-0.5536029152	0	0.9765297402	0.2153826049	0	-0.2153826049	0.9765297402	0	0	0	1
7.57	7.941576355	-0.5491007892	0	0.9769043792	0.2136769382	0	-0.2136769382	0.9769043792	0	0	0	1
7.58	7.943300105	-0.5443399864	0	0.9769853733	0.2133063064	0	-0.2133063064	0.9769853733	0	0	0	1
7.59	7.945804891	-0.5396103383	0	0.9766691173	0.214749704	0	-0.214749704	0.9766691173	0	0	0	1
7.6	7.949260033	-0.5349558823	0	0.9758937035	0.2182463733	0	-0.2182463733	0.9758937035	0	0	0	1
7.61	7.953181326	-0.5303627897	0	0.9749302555	0.2225106668	0	-0.2225106668	0.9749302555	0	0	0	1
7.62	7.957044454	-0.5258136008	0	0.9740534683	0.2263180084	0	-0.2263180084	0.9740534683	0	0	0	1
7.63	7.960676302	-0.5212973942	0	0.9733476458	0.2293346036	0	-0.2293346036	0.9733476458	0	0	0	1
7.64	7.964147277	-0.5168157268	0	0.9727710439	0.2317681949	0	-0.2317681949	0.9727710439	0	0	0	1
7.65	7.967588913	-0.5123812721	0	0.9722532874	0.2339306415	0	-0.2339306415	0.9722532874	0	0	0	1
7.66	7.971124931	-0.5080141872	0	0.9717285841	0.2361007386	0	-0.2361007386	0.9717285841	0	0	0	1
7.67	7.974865975	-0.5037361338	0	0.9711379142	0.2385186609	0	-0.2385186609	0.9711379142	0	0	0	1
7.68	7.97890471	-0.499561649	0	0.9704345374	0.2413644727	0	-0.2413644727	0.9704345374	0	0	0	1
7.69	7.98330508	-0.4954907795	0	0.9695919972	0.244727111	0	-0.244727111	0.9695919972	0	0	0	1
7.7	7.98809525	-0.4915072794	0	0.9686070814	0.2485967053	0	-0.2485967053	0.9686070814	0	0	0	1
7.71	7.993267236	-0.4875830686	0	0.9674969915	0.252882525	0	-0.252882525	0.9674969915	0	0	0	1
7.72	7.998779469	-0.4836852644	0	0.9662950067	0.2574372934	0	-0.2574372934	0.9662950067	0	0	0	1
7.73	8.004564094	-0.4797828722	0	0.9650447735	0.2620850724	0	-0.2620850724	0.9650447735	0	0	0	1
7.74	8.010540026	-0.4758514239	0	0.9637927313	0.2666525289	0	-0.2666525289	0.9637927313	0	0	0	1
7.75	8.016627419	-0.4718761122	0	0.9625801638	0.2709971003	0	-0.2709971003	0.9625801638	0	0	0	1
7.76	8.022757312	-0.4678540614	0	0.9614378314	0.2750223559	0	-0.2750223559	0.9614378314	0	0	0	1
7.77	8.028872652	-0.4637954916	0	0.9603853443	0.2786754214	0	-0.2786754214	0.9603853443	0	0	0	1
7.78	8.034923719	-0.459723789	0	0.9594337257	0.2819342583	0	-0.2819342583	0.9594337257	0	0	0	1
7.79	8.040865854	-0.4556748352	0	0.9585869716	0.2847999613	0	-0.2847999613	0.9585869716	0	0	0	1
7.8	8.046664755	-0.4516955777	0	0.9578397746	0.2873029173	0	-0.2873029173	0.9578397746	0	0	0	1
7.81	8.052309404	-0.4478422325	0	0.9571711211	0.2895227882	0	-0.2895227882	0.9571711211	0	0	0	1
7.82	8.057828753	-0.4441773911	0	0.9565362756	0.291613363	0	-0.291613363	0.9565362756	0	0	0	1
7.83	8.063305311	-0.4407653705	0	0.9558613109	0.2938182336	0	-0.2938182336	0.9558613109	0	0	0	1
7.84	8.068878654	-0.4376660285	0	0.9550435066	0.2964656818	0	-0.2964656818	0.9550435066	0	0	0	1
7.85	8.074737139	-0.4349299504	0	0.9539555499	0.2999480102	0	-0.2999480102	0.9539555499	0	0	0	1
7.86	8.081099402	-0.4325964782	0	0.9524499167	0.3046951857	0	-0.3046951857	0.9524499167	0	0	0	1
7.87	8.088189556	-0.4306936338	0	0.9503623036	0.3111454513	0	-0.3111454513	0.9503623036	0	0	0	1
7.88	8.096210698	-0.42923864	0	0.9475148642	0.3197117173	0	-0.3197117173	0.9475148642	0	0	0	1
7.89	8.105322273	-0.4282409737	0	0.943717257	0.3307532899	0	-0.3307532899	0.943717257	0	0	0	1
7.9	8.115625202	-0.4277087014	0	0.938764643	0.3445590588	0	-0.3445590588	0.938764643	0	0	0	1
7.91	8.127149478	-0.4276552473	0	0.9324395522	0.3613260044	0	-0.3613260044	0.9324395522	0	0	0	1
7.92	8.139845326	-0.4281053709	0	0.9245188966	0.3811362091	0	-0.3811362091	0.9245188966	0	0	0	1
7.93	8.153582713	-0.4291002341	0	0.9147847409	0.4039416764	0	-0.4039416764	0.9147847409	0	0	0	1
7.94	8.168159636	-0.4307003771	0	0.9030400845	0.4295562895	0	-0.4295562895	0.9030400845	0	0	0	1
7.95	8.183320747	-0.4329846742	0	0.889131731	0.4576513574	0	-0.4576513574	0.889131731	0	0	0	1
7.96	8.198786518	-0.4360445255	0	0.8729975335	0.4877246216	0	-0.4877246216	0.8729975335	0	0	0	1
7.97	8.214267457	-0.4399581879	0	0.8552476964	0.5182194301	0	-0.5182194301	0.8552476964	0	0	0	1
7.98	8.229857974	-0.4448234443	0	0.8368355885	0.5474542884	0	-0.5474542884	0.8368355885	0	0	0	1
7.99	8.245884828	-0.4507340245	0	0.8171114506	0.5764797284	0	-0.5764797284	0.8171114506	0	0	0	1
8	8.262291938	-0.4576697904	0	0.7956064642	0.6058137949	0	-0.6058137949	0.7956064642	0	0	0	1
8.01	8.278880339	-0.465580046	0	0.7721067355	0.6354928709	0	-0.6354928709	0.7721067355	0	0	0	1
8.02	8.295510672	-0.4744401977	0	0.7463865883	0.6655126301	0	-0.6655126301	0.7463865883	0	0	0	1
8.03	8.312115206	-0.4842501959	0	0.718234998	0.6958006091	0	-0.6958006091	0.718234998	0	0	0	1
8.04	8.328648373	-0.4950155038	0	0.6875325479	0.726153562	0	-0.726153562	0.6875325479	0	0	0	1
8.05	8.345020531	-0.5066314245	0	0.6545662405	0.7560046539	0	-0.7560046539	0.6545662405	0	0	0	1
8.06	8.360384149	-0.5178955998	0	0.6228445327	0.7823456321	0	-0.7823456321	0.6228445327	0	0	0	1
8.07	8.375115825	-0.5284010057	0	0.5927979941	0.8053511893	0	-0.8053511893	0.5927979941	0	0	0	1
8.08	8.390646742	-0.5382463443	0	0.5625878932	0.826737481	0	-0.826737481	0.5625878932	0	0	0	1
8.09	8.407332749	-0.5472260599	0	0.5323266439	0.8465390388	0	-0.8465390388	0.5323266439	0	0	0	1
8.1	8.425006149	-0.5548641968	0	0.5042861948	0.863536585	0	-0.863536585	0.5042861948	0	0	0	1
8.11	8.443323416	-0.5600207536	0	0.4827396087	0.8757639352	0	-0.8757639352	0.4827396087	0	0	0	1
8.12	8.461641685	-0.5623827077	0	0.4708581393	0.8822089394	0	-0.8822089394	0.4708581393	0	0	0	1
8.13	8.479679141	-0.5621607884	0	0.4682611016	0.883590143	0	-0.883590143	0.4682611016	0	0	0	1
8.14	8.497598339	-0.5598165574	0	0.4716667783	0.881776871	0	-0.881776871	0.4716667783	0	0	0	1
8.15	8.515590455	-0.5559153073	0	0.4774780945	0.8786436532	0	-0.8786436532	0.4774780945	0	0	0	1
8.16	8.533605443	-0.5510249452	0	0.4835808718	0.8752996861	0	-0.8752996861	0.4835808718	0	0	0	1
8.17	8.551397384	-0.545658701	0	0.4895379874	0.8719819717	0	-0.8719819717	0.4895379874	0	0	0	1
8.18	8.568693812	-0.5402257664	0	0.4959445686	0.8683541817	0	-0.8683541817	0.4959445686	0	0	0	1
8.19	8.585281733	-0.5348902353	0	0.5039097026	0.8637563381	0	-0.8637563381	0.5039097026	0	0	0	1
8.2	8.601166764	-0.5296436919	0	0.5139915374	0.857795255	0	-0.857795255	0.5139915374	0	0	0	1
8.21	8.616577237	-0.5244498343	0	0.5260019675	0.8504833509	0	-0.8504833509	0.5260019675	0	0	0	1
8.22	8.631687451	-0.5192721446	0	0.5398368692	0.8417696565	0	-0.8417696565	0.5398368692	0	0	0	1
8.23	8.646492582	-0.5141008204	0	0.5556759624	0.8313989564	0	-0.8313989564	0.5556759624	0	0	0	1
8.24	8.660888858	-0.5089588134	0	0.5736132276	0.8191262816	0	-0.8191262816	0.5736132276	0	0	0	1
8.25	8.674785615	-0.5038901987	0	0.5933517069	0.8049433222	0	-0.8049433222	0.5933517069	0	0	0	1
8.26	8.68814624	-0.498944709	0	0.6142389657	0.7891200751	0	-0.7891200751	0.6142389657	0	0	0	1
8.27	8.700964785	-0.4941668556	0	0.6355440403	0.772064617	0	-0.772064617	0.6355440403	0	0	0	1
8.28	8.713226879	-0.4895900936	0	0.6567415725	0.7541157119	0	-0.7541157119	0.6567415725	0	0	0	1
8.29	8.724889741	-0.4852327182	0	0.6776667464	0.7353691459	0	-0.7353691459	0.6776667464	0	0	0	1
8.3	8.735890709	-0.4810956272	0	0.6984823807	0.715627252	0	-0.715627252	0.6984823807	0	0	0	1
8.31	8.74617132	-0.4771633823	0	0.7195252338	0.6944662972	0	-0.6944662972	0.7195252338	0	0	0	1
8.32	8.755697242	-0.4734100965	0	0.7411379215	0.6713527994	0	-0.6713527994	0.7411379215	0	0	0	1
8.33	8.764462162	-0.4698087378	0	0.7635641549	0.6457319733	0	-0.6457319733	0.7635641549	0	0	0	1
8.34	8.772479259	-0.4663401808	0	0.7869174408	0.6170582966	0	-0.6170582966	0.7869174408	0	0	0	1
8.35	8.779772216	-0.4629986197	0	0.8111806217	0.5847956899	0	-0.5847956899	0.8111806217	0	0	0	1
8.36	8.786375122	-0.4597916154	0	0.8362015769	0.5484222122	0	-0.5484222122	0.8362015769	0	0	0	1
8.37	8.792340734	-0.4567360919	0	0.8616726977	0.507464444	0	-0.507464444	0.8616726977	0	0	0	1
8.38	8.797752462	-0.4538539261	0	0.8871118258	0.4615545564	0	-0.4615545564	0.8871118258	0	0	0	1
8.39	8.802733739	-0.4511678403	0	0.9118518698	0.4105193876	0	-0.4105193876	0.9118518698	0	0	0	1
8.4	8.807455125	-0.4486988139	0	0.9350572173	0.354496827	0	-0.354496827	0.9350572173	0	0	0	1
8.41	8.812136146	-0.4464646734	0	0.9557853365	0.2940652828	0	-0.2940652828	0.9557853365	0	0	0	1
8.42	8.817032999	-0.4444802706	0	0.9731152431	0.2303187437	0	-0.2303187437	0.9731152431	0	0	0	1
8.43	8.822402328	-0.4427592209	0	0.9863271369	0.1647992081	0	-0.1647992081	0.9863271369	0	0	0	1
8.44	8.82845367	-0.4413149577	0	0.9950573765	0.09930164917	0	-0.09930164917	0.9950573765	0	0	0	1
8.45	8.83532398	-0.4401570257	0	0.9993624164	0.035703791	0	-0.035703791	0.9993624164	0	0	0	1
8.46	8.843090243	-0.4392853932	0	0.9997095717	-0.02409921741	0	0.02409921741	0.9997095717	0	0	0	1
8.47	8.851786005	-0.4386879322	0	0.9969334596	-0.07825392768	0	0.07825392768	0.9969334596	0	0	0	1
8.48	8.861400976	-0.4383461849	0	0.9921433222	-0.1251064675	0	0.1251064675	0.9921433222	0	0	0	1
8.49	8.871885889	-0.4382438296	0	0.9865734618	-0.1633181084	0	0.1633181084	0.9865734618	0	0	0	1
8.5	8.883168245	-0.4383756898	0	0.9814112148	-0.19191672	0	0.19191672	0.9814112148	0	0	0	1
8.51	8.895160231	-0.4387579189	0	0.977627975	-0.2103414903	0	0.2103414903	0.977627975	0	0	0	1
8.52	8.90775848	-0.4394369317	0	0.9758384077	-0.218493483	0	0.218493483	0.9758384077	0	0	0	1
8.53	8.920844857	-0.4404929537	0	0.9762274724	-0.2167485226	0	0.2167485226	0.9762274724	0	0	0	1
8.54	8.934287415	-0.4420369566	0	0.9785654499	-0.2059360589	0	0.2059360589	0.9785654499	0	0	0	1
8.55	8.94794021	-0.4442009228	0	0.9823054621	-0.187285822	0	0.187285822	0.9823054621	0	0	0	1
8.56	8.961644416	-0.4471202321	0	0.9867361914	-0.1623320319	0	0.1623320319	0.9867361914	0	0	0	1
8.57	8.975222957	-0.4508785476	0	0.9911437497	-0.1327933257	0	0.1327933257	0.9911437497	0	0	0	1
8.58	8.988440426	-0.4555145076	0	0.9949210886	-0.1006579728	0	0.1006579728	0.9949210886	0	0	0	1
8.59	9.001201166	-0.4610674429	0	0.9977346879	-0.06727178197	0	0.06727178197	0.9977346879	0	0	0	1
8.6	9.013600934	-0.4675640269	0	0.9994518255	-0.03310662184	0	0.03310662184	0.9994518255	0	0	0	1
8.61	9.02573416	-0.4750310216	0	0.9999991339	0.001316152398	0	-0.001316152398	0.9999991339	0	0	0	1
8.62	9.037614839	-0.4834978166	0	0.9993853523	0.03505592108	0	-0.03505592108	0.9993853523	0	0	0	1
8.63	9.049212789	-0.492985936	0	0.9977536885	0.06698938013	0	-0.06698938013	0.9977536885	0	0	0	1
8.64	9.06048634	-0.5034973325	0	0.9954032371	0.09577262439	0	-0.09577262439	0.9954032371	0	0	0	1
8.65	9.072679673	-0.5141634668	0	0.9926926071	0.1206705752	0	-0.1206705752	0.9926926071	0	0	0	1
8.66	9.085669977	-0.5240933925	0	0.9892474637	0.1462513436	0	-0.1462513436	0.9892474637	0	0	0	1
8.67	9.097389406	-0.5334980255	0	0.9857337191	0.1683123139	0	-0.1683123139	0.9857337191	0	0	0	1
8.68	9.107388135	-0.5422569129	0	0.9825069831	0.186225745	0	-0.186225745	0.9825069831	0	0	0	1
8.69	9.11594805	-0.5500568963	0	0.9794292543	0.2017878488	0	-0.2017878488	0.9794292543	0	0	0	1
8.7	9.121248091	-0.5561990139	0	0.976751202	0.2143760465	0	-0.2143760465	0.976751202	0	0	0	1
8.71	9.123836785	-0.5598333168	0	0.9757411629	0.2189273465	0	-0.2189273465	0.9757411629	0	0	0	1
8.72	9.125505438	-0.5608541129	0	0.9755215552	0.2199038319	0	-0.2199038319	0.9755215552	0	0	0	1
8.73	9.126804971	-0.559638392	0	0.9756990786	0.2191148284	0	-0.2191148284	0.9756990786	0	0	0	1
8.74	9.127815089	-0.5567539781	0	0.9761273256	0.217199089	0	-0.217199089	0.9761273256	0	0	0	1
8.75	9.128764443	-0.5527695051	0	0.9766189819	0.2149775898	0	-0.2149775898	0.9766189819	0	0	0	1
8.76	9.130024652	-0.5481867688	0	0.9769460887	0.2134861581	0	-0.2134861581	0.9769460887	0	0	0	1
8.77	9.131876811	-0.5434172001	0	0.9769605408	0.2134200127	0	-0.2134200127	0.9769605408	0	0	0	1
8.78	9.134572705	-0.5387033843	0	0.9765491951	0.2152943787	0	-0.2152943787	0.9765491951	0	0	0	1
8.79	9.138168223	-0.5340623655	0	0.9757104078	0.2190643745	0	-0.2190643745	0.9757104078	0	0	0	1
8.8	9.142109329	-0.5294794026	0	0.9747477242	0.2233089208	0	-0.2233089208	0.9747477242	0	0	0	1
8.81	9.145930175	-0.5249374076	0	0.9739031996	0.226963781	0	-0.226963781	0.9739031996	0	0	0	1
8.82	9.14952105	-0.5204277114	0	0.9732277218	0.2298429932	0	-0.2298429932	0.9732277218	0	0	0	1
8.83	9.152975438	-0.5159542493	0	0.9726682001	0.232199424	0	-0.232199424	0.9726682001	0	0	0	1
8.84	9.156425535	-0.5115314704	0	0.9721542471	0.2343418869	0	-0.2343418869	0.9721542471	0	0	0	1
8.85	9.159992428	-0.5071803906	0	0.9716213357	0.2365417087	0	-0.2365417087	0.9716213357	0	0	0	1
8.86	9.163784032	-0.5029219925	0	0.9710121587	0.2390300976	0	-0.2390300976	0.9710121587	0	0	0	1
8.87	9.167888337	-0.4987684549	0	0.9702833343	0.2419715916	0	-0.2419715916	0.9702833343	0	0	0	1
8.88	9.172362607	-0.4947165646	0	0.9694129452	0.2454354126	0	-0.2454354126	0.9694129452	0	0	0	1
8.89	9.177227894	-0.4907473026	0	0.9684020439	0.249394229	0	-0.249394229	0.9684020439	0	0	0	1
8.9	9.182469406	-0.4868310723	0	0.9672713178	0.2537443552	0	-0.2537443552	0.9672713178	0	0	0	1
8.91	9.188039655	-0.482934869	0	0.9660566036	0.2583304834	0	-0.2583304834	0.9660566036	0	0	0	1
8.92	9.193867262	-0.4790287287	0	0.9648026066	0.2629751514	0	-0.2629751514	0.9648026066	0	0	0	1
8.93	9.199870256	-0.4750897933	0	0.9635553937	0.2675088845	0	-0.2675088845	0.9635553937	0	0	0	1
8.94	9.205970408	-0.4711054083	0	0.9623544975	0.27179739	0	-0.27179739	0.9623544975	0	0	0	1
8.95	9.212101254	-0.4670751829	0	0.9612284116	0.2757534055	0	-0.2757534055	0.9612284116	0	0	0	1
8.96	9.21820756	-0.4630119449	0	0.9601948336	0.2793311325	0	-0.2793311325	0.9601948336	0	0	0	1
8.97	9.224240685	-0.4589415539	0	0.959263365	0.2825133563	0	-0.2825133563	0.959263365	0	0	0	1
8.98	9.230157273	-0.4549020884	0	0.9584365687	0.2853057024	0	-0.2853057024	0.9584365687	0	0	0	1
8.99	9.235926234	-0.4509424802	0	0.9577067281	0.2877461085	0	-0.2877461085	0.9577067281	0	0	0	1
9	9.241542975	-0.4471204587	0	0.9570488468	0.2899267233	0	-0.2899267233	0.9570488468	0	0	0	1
9.01	9.247045959	-0.4434993966	0	0.956412817	0.292018019	0	-0.292018019	0.956412817	0	0	0	1
9.02	9.252528755	-0.4401432037	0	0.9557189979	0.2942808133	0	-0.2942808133	0.9557189979	0	0	0	1
9.03	9.258141223	-0.4371102084	0	0.9548596405	0.2970573462	0	-0.2970573462	0.9548596405	0	0	0	1
9.04	9.264079201	-0.4344489137	0	0.9537032393	0.3007492833	0	-0.3007492833	0.9537032393	0	0	0	1
9.05	9.27056437	-0.4321964865	0	0.9520988065	0.3057905536	0	-0.3057905536	0.9520988065	0	0	0	1
9.06	9.277818926	-0.4303787862	0	0.9498791598	0.3126173089	0	-0.3126173089	0.9498791598	0	0	0	1
9.07	9.286038952	-0.4290111669	0	0.9468641979	0.3216336281	0	-0.3216336281	0.9468641979	0	0	0	1
9.08	9.295373696	-0.4281022989	0	0.9428609002	0.3331866187	0	-0.3331866187	0.9428609002	0	0	0	1
9.09	9.305911369	-0.427660777	0	0.937661671	0.3475494076	0	-0.3475494076	0.937661671	0	0	0	1
9.1	9.317667052	-0.4277017568	0	0.9310473099	0.3648984881	0	-0.3648984881	0.9310473099	0	0	0	1
9.11	9.330575313	-0.4282527876	0	0.9227948011	0.3852917791	0	-0.3852917791	0.9227948011	0	0	0	1
9.12	9.344491348	-0.4293586554	0	0.9126887992	0.408655302	0	-0.408655302	0.9126887992	0	0	0	1
9.13	9.359201149	-0.4310836354	0	0.900538705	0.4347758512	0	-0.4347758512	0.900538705	0	0	0	1
9.14	9.374442259	-0.4335096164	0	0.8862033703	0.4632964348	0	-0.4632964348	0.8862033703	0	0	0	1
9.15	9.389933518	-0.4367288797	0	0.8696582375	0.4936542818	0	-0.4936542818	0.8696582375	0	0	0	1
9.16	9.40540421	-0.4408146298	0	0.851773479	0.5239102409	0	-0.5239102409	0.851773479	0	0	0	1
9.17	9.421064358	-0.4458773061	0	0.8331694378	0.5530178007	0	-0.5530178007	0.8331694378	0	0	0	1
9.18	9.437177382	-0.4519886885	0	0.8131258307	0.5820879517	0	-0.5820879517	0.8131258307	0	0	0	1
9.19	9.453633804	-0.4591150578	0	0.7912531672	0.611488696	0	-0.611488696	0.7912531672	0	0	0	1
9.2	9.470238012	-0.4672086774	0	0.7673454821	0.6412338973	0	-0.6412338973	0.7673454821	0	0	0	1
9.21	9.486867017	-0.4762508451	0	0.741172603	0.6713145109	0	-0.6713145109	0.741172603	0	0	0	1
9.22	9.503461074	-0.4862440031	0	0.7125370305	0.7016345061	0	-0.7016345061	0.7125370305	0	0	0	1
9.23	9.519974709	-0.4971929743	0	0.6813395612	0.7319674872	0	-0.7319674872	0.6813395612	0	0	0	1
9.24	9.5362472	-0.5088627055	0	0.6482779318	0.7614037846	0	-0.7614037846	0.6482779318	0	0	0	1
9.25	9.551372171	-0.5199656953	0	0.616988616	0.7869720756	0	-0.7869720756	0.616988616	0	0	0	1
9.26	9.56617211	-0.5303458753	0	0.587052852	0.8095486082	0	-0.8095486082	0.587052852	0	0	0	1
9.27	9.581926783	-0.5400481139	0	0.5567272809	0.830695332	0	-0.830695332	0.5567272809	0	0	0	1
9.28	9.59881705	-0.5488240467	0	0.5266690447	0.8500704191	0	-0.8500704191	0.5266690447	0	0	0	1
9.29	9.616653518	-0.5560698256	0	0.4995069657	0.8663098702	0	-0.8663098702	0.4995069657	0	0	0	1
9.3	9.63501857	-0.5606891989	0	0.4796626006	0.8774530127	0	-0.8774530127	0.4796626006	0	0	0	1
9.31	9.65328642	-0.5625288244	0	0.4697121244	0.8828196419	0	-0.8828196419	0.4697121244	0	0	0	1
9.32	9.671281189	-0.5618583926	0	0.4685693342	0.8834267253	0	-0.8834267253	0.4685693342	0	0	0	1
9.33	9.689205044	-0.5591701334	0	0.4726852815	0.8812313117	0	-0.8812313117	0.4726852815	0	0	0	1
9.34	9.707213426	-0.5550359789	0	0.4786590784	0.8780008466	0	-0.8780008466	0.4786590784	0	0	0	1
9.35	9.725207564	-0.550016951	0	0.4847252359	0.8746664768	0	-0.8746664768	0.4847252359	0	0	0	1
9.36	9.742923836	-0.5446106825	0	0.4907021919	0.8713273546	0	-0.8713273546	0.4907021919	0	0	0	1
9.37	9.760097631	-0.5391935101	0	0.4973169796	0.8675689147	0	-0.8675689147	0.4973169796	0	0	0	1
9.38	9.776540078	-0.5338770755	0	0.5056791407	0.8627216275	0	-0.8627216275	0.5056791407	0	0	0	1
9.39	9.792314161	-0.5286440808	0	0.516152665	0.8564966003	0	-0.8564966003	0.516152665	0	0	0	1
9.4	9.807658829	-0.5234558052	0	0.5285098881	0.8489271454	0	-0.8489271454	0.5285098881	0	0	0	1
9.41	9.82271566	-0.5182792238	0	0.5427115904	0.8399191209	0	-0.8399191209	0.5427115904	0	0	0	1
9.42	9.837451125	-0.5131110849	0	0.5589554209	0.8291977071	0	-0.8291977071	0.5589554209	0	0	0	1
9.43	9.851756908	-0.5079795775	0	0.5772744133	0.8165502139	0	-0.8165502139	0.5772744133	0	0	0	1
9.44	9.865552034	-0.5029309775	0	0.5972906704	0.8020248469	0	-0.8020248469	0.5972906704	0	0	0	1
9.45	9.878808745	-0.4980147081	0	0.618310893	0.7859336102	0	-0.7859336102	0.618310893	0	0	0	1
9.46	9.891522243	-0.4932734744	0	0.6396252306	0.7686869092	0	-0.7686869092	0.6396252306	0	0	0	1
9.47	9.903673364	-0.4887380957	0	0.6607711301	0.7505874457	0	-0.7505874457	0.6607711301	0	0	0	1
9.48	9.915214145	-0.4844236383	0	0.681654117	0.7316745621	0	-0.7316745621	0.681654117	0	0	0	1
9.49	9.926080683	-0.4803276386	0	0.7024842744	0.7116992653	0	-0.7116992653	0.7024842744	0	0	0	1
9.5	9.93621804	-0.4764320615	0	0.7236111549	0.6902078647	0	-0.6902078647	0.7236111549	0	0	0	1
9.51	9.945597472	-0.4727100134	0	0.7453640624	0.6666576441	0	-0.6666576441	0.7453640624	0	0	0	1
9.52	9.954217281	-0.4691353291	0	0.7679628864	0.6404943443	0	-0.6404943443	0.7679628864	0	0	0	1
9.53	9.962093171	-0.4656912156	0	0.791495172	0.6111754189	0	-0.6111754189	0.791495172	0	0	0	1
9.54	9.969250502	-0.4623745695	0	0.8159191804	0.578165972	0	-0.578165972	0.8159191804	0	0	0	1
9.55	9.975726117	-0.4591951188	0	0.8410547578	0.5409499925	0	-0.5409499925	0.8410547578	0	0	0	1
9.56	9.981577789	-0.4561710878	0	0.8665623339	0.4990688545	0	-0.4990688545	0.8665623339	0	0	0	1
9.57	9.986895891	-0.4533247537	0	0.8919244034	0.4521845405	0	-0.4521845405	0.8919244034	0	0	0	1
9.58	9.991812386	-0.4506786741	0	0.9164394816	0.4001733082	0	-0.4001733082	0.9164394816	0	0	0	1
9.59	9.996507343	-0.4482533039	0	0.9392449341	0.3432476567	0	-0.3432476567	0.9392449341	0	0	0	1
9.6	10.00120898	-0.4460658263	0	0.9593901845	0.2820823886	0	-0.2820823886	0.9593901845	0	0	0	1
9.61	10.00617725	-0.4441307001	0	0.9759781362	0.2178684869	0	-0.2178684869	0.9759781362	0	0	0	1
9.62	10.01166287	-0.4424615391	0	0.9883478936	0.1522118298	0	-0.1522118298	0.9883478936	0	0	0	1
9.63	10.0178619	-0.4410714079	0	0.9962143199	0.08693117298	0	-0.08693117298	0.9962143199	0	0	0	1
9.64	10.02489894	-0.4399685807	0	0.9997141091	0.02391025183	0	-0.02391025183	0.9997141091	0	0	0	1
9.65	10.03284272	-0.4391504533	0	0.9993890776	-0.03494955618	0	0.03494955618	0.9993890776	0	0	0	1
9.66	10.04171749	-0.43860323	0	0.996136144	-0.08782244935	0	0.08782244935	0.996136144	0	0	0	1
9.67	10.05150347	-0.4383083659	0	0.9911006297	-0.1331147694	0	0.1331147694	0.9911006297	0	0	0	1
9.68	10.06214659	-0.4382507786	0	0.9855211412	-0.1695525882	0	0.1695525882	0.9855211412	0	0	0	1
9.69	10.07357194	-0.4384284089	0	0.9805568534	-0.1962352088	0	0.1962352088	0.9805568534	0	0	0	1
9.7	10.0856884	-0.4388627221	0	0.9771201116	-0.21268824	0	0.21268824	0.9771201116	0	0	0	1
9.71	10.09838948	-0.4396065446	0	0.9757461357	-0.218905182	0	0.218905182	0.9757461357	0	0	0	1
9.72	10.11155444	-0.4407464277	0	0.976536806	-0.2153505664	0	0.2153505664	0.976536806	0	0	0	1
9.73	10.12504878	-0.442398287	0	0.9791921916	-0.2029350928	0	0.2029350928	0.9791921916	0	0	0	1
9.74	10.13872383	-0.444696543	0	0.9831211101	-0.1829559589	0	0.1829559589	0.9831211101	0	0	0	1
9.75	10.15241911	-0.4477725031	0	0.9876007418	-0.1569865436	0	0.1569865436	0.9876007418	0	0	0	1
9.76	10.16594672	-0.4516952523	0	0.9919285522	-0.1267980571	0	0.1267980571	0.9919285522	0	0	0	1
9.77	10.17907606	-0.4565038212	0	0.9955384508	-0.09435673208	0	0.09435673208	0.9955384508	0	0	0	1
9.78	10.19175764	-0.4622352357	0	0.9981502297	-0.06079571499	0	0.06079571499	0.9981502297	0	0	0	1
9.79	10.20410131	-0.4689150242	0	0.999648084	-0.02652749756	0	0.02652749756	0.999648084	0	0	0	1
9.8	10.21618703	-0.476570901	0	0.9999691986	0.007848689412	0	-0.007848689412	0.9999691986	0	0	0	1
9.81	10.22801618	-0.4852316301	0	0.9991455368	0.0413303325	0	-0.0413303325	0.9991455368	0	0	0	1
9.82	10.23955553	-0.4949162096	0	0.997346745	0.07279746056	0	-0.07279746056	0.997346745	0	0	0	1
9.83	10.25078528	-0.5055948265	0	0.9949680525	0.1001926872	0	-0.1001926872	0.9949680525	0	0	0	1
9.84	10.26335261	-0.5161070297	0	0.992067397	0.1257071191	0	-0.1257071191	0.992067397	0	0	0	1
9.85	10.27620083	-0.5259306339	0	0.9885656374	0.1507911821	0	-0.1507911821	0.9885656374	0	0	0	1
9.86	10.28758819	-0.5352299305	0	0.9850902508	0.1720383616	0	-0.1720383616	0.9850902508	0	0	0	1
9.87	10.29728994	-0.5438321774	0	0.9819316528	0.1892359089	0	-0.1892359089	0.9819316528	0	0	0	1
9.88	10.30544805	-0.5513953616	0	0.9787645363	0.2049877617	0	-0.2049877617	0.9787645363	0	0	0	1
9.89	10.31003823	-0.5570994654	0	0.976461307	0.2156926422	0	-0.2156926422	0.976461307	0	0	0	1
9.9	10.31235681	-0.5602235938	0	0.9756571612	0.2193013993	0	-0.2193013993	0.9756571612	0	0	0	1
9.91	10.31393967	-0.5607782704	0	0.9755305845	0.219863773	0	-0.219863773	0.9755305845	0	0	0	1
9.92	10.31517793	-0.5591981756	0	0.9757661116	0.2188161227	0	-0.2188161227	0.9757661116	0	0	0	1
9.93	10.31615139	-0.5560612203	0	0.9762237162	0.2167654397	0	-0.2167654397	0.9762237162	0	0	0	1
9.94	10.31713144	-0.5519262216	0	0.9767004838	0.2146070013	0	-0.2146070013	0.9767004838	0	0	0	1
9.95	10.31848875	-0.5472791301	0	0.976975357	0.213352178	0	-0.213352178	0.976975357	0	0	0	1
9.96	10.32047525	-0.5425105987	0	0.9769207861	0.2136019142	0	-0.2136019142	0.9769207861	0	0	0	1
9.97	10.3233643	-0.5378116899	0	0.9764144896	0.2159044799	0	-0.2159044799	0.9764144896	0	0	0	1
9.98	10.3270749	-0.5331832096	0	0.9755259184	0.2198844755	0	-0.2198844755	0.9755259184	0	0	0	1
9.99	10.33101783	-0.528609398	0	0.9745732054	0.2240693361	0	-0.2240693361	0.9745732054	0	0	0	1
10	10.33479377	-0.524074001	0	0.9737619429	0.2275690634	0	-0.2275690634	0.9737619429	0	0	0	1
