0	-0.043993603	-0.388086275	0	-0.043993603	-0.565139632	0
0.01	-0.021097074	-0.389121381	0	-0.021097074	-0.501954222	0
0.02	0.004776273	-0.391263745	0	0.004776273	-0.474086934	0
0.03	0.030704804	-0.394202149	0	0.030704804	-0.463166233	0
0.04	0.056674814	-0.398056706	0	0.056674814	-0.444237459	0
0.05	0.082959108	-0.402961803	0	0.082959108	-0.416279362	0
0.06	0.109319077	-0.408967136	0	0.109319077	-0.391104749	0
0.07	0.135373935	-0.416063398	0	0.135373935	-0.377214365	0
0.08	0.160944697	-0.424209732	0	0.160944697	-0.375676967	0
0.09	0.186104106	-0.433343923	0	0.186104106	-0.382478258	0
0.1	0.211087311	-0.443390267	0	0.211087311	-0.391847059	0
0.11	0.236195839	-0.454268212	0	0.236195839	-0.398804865	0
0.12	0.261734564	-0.465896566	0	0.261734564	-0.40071436	0
0.13	0.287976159	-0.47819157	0	0.287976159	-0.397866493	0
0.14	0.315139021	-0.491062442	0	0.315139021	-0.393161823	0
0.15	0.343369052	-0.5044098	0	0.343369052	-0.391087602	0
0.16	0.372661142	-0.517944932	0	0.372661142	-0.403780518	0
0.17	0.402467546	-0.529863002	0	0.402467546	-0.450500555	0
0.18	0.43306744	-0.539272673	0	0.43306744	-0.505085578	0
0.19	0.464982702	-0.544012481	0	0.464982702	-0.439677457	0
0.2	0.496654195	-0.543541869	0	0.496654195	-0.420537533	0
0.21	0.524877888	-0.539151157	0	0.524877888	-0.486896015	0
0.22	0.549639499	-0.532016956	0	0.549639499	-0.592631517	0
0.23	0.572621695	-0.522959187	0	0.572621695	-0.651543473	0
0.24	0.59529116	-0.512571061	0	0.59529116	-0.641324426	0
0.25	0.617295738	-0.501734131	0	0.617295738	-0.600986146	0
0.26	0.637351563	-0.491148142	0	0.637351563	-0.570413903	0
0.27	0.654845655	-0.481092336	0	0.654845655	-0.552757524	0
0.28	0.670073417	-0.471446347	0	0.670073417	-0.534028873	0
0.29	0.683595525	-0.461977032	0	0.683595525	-0.506619505	0
0.3	0.695748112	-0.452600322	0	0.695748112	-0.475194592	0
0.31	0.706630462	-0.443413194	0	0.706630462	-0.447969903	0
0.32	0.716331077	-0.43459336	0	0.716331077	-0.428544028	0
0.33	0.725047981	-0.426325342	0	0.725047981	-0.415780876	0
0.34	0.733039422	-0.418786043	0	0.733039422	-0.407642077	0
0.35	0.740538408	-0.412141992	0	0.740538408	-0.403246352	0
0.36	0.747725504	-0.406526439	0	0.747725504	-0.402572406	0
0.37	0.75472792	-0.401975725	0	0.75472792	-0.405672403	0
0.38	0.761714849	-0.398471486	0	0.761714849	-0.410716022	0
0.39	0.768882859	-0.395982571	0	0.768882859	-0.41645721	0
0.4	0.776387993	-0.394464358	0	0.776387993	-0.423094936	0
0.41	0.784328477	-0.393824939	0	0.784328477	-0.430671026	0
0.42	0.79274625	-0.393942974	0	0.79274625	-0.439632913	0
0.43	0.801624049	-0.394711554	0	0.801624049	-0.450421286	0
0.44	0.810948702	-0.39603857	0	0.810948702	-0.461759445	0
0.45	0.820720526	-0.397850073	0	0.820720526	-0.471659855	0
0.46	0.830931097	-0.400099684	0	0.830931097	-0.478471524	0
0.47	0.84155444	-0.402773529	0	0.84155444	-0.48122426	0
0.48	0.852553522	-0.405890635	0	0.852553522	-0.479641468	0
0.49	0.863888578	-0.409501279	0	0.863888578	-0.474098527	0
0.5	0.875519489	-0.413683761	0	0.875519489	-0.4655526	0
0.51	0.887403078	-0.418538522	0	0.887403078	-0.455378235	0
0.52	0.899488365	-0.424179138	0	0.899488365	-0.445126473	0
0.53	0.911710975	-0.430717744	0	0.911710975	-0.436280879	0
0.54	0.923982572	-0.438233383	0	0.923982572	-0.430265523	0
0.55	0.936195304	-0.446780153	0	0.936195304	-0.428570841	0
0.56	0.948300858	-0.456398308	0	0.948300858	-0.430152562	0
0.57	0.960287791	-0.467102553	0	0.960287791	-0.433980249	0
0.58	0.972081546	-0.478894445	0	0.972081546	-0.441053183	0
0.59	0.983520404	-0.491767752	0	0.983520404	-0.453281372	0
0.6	0.99447747	-0.505662338	0	0.99447747	-0.459621016	0
0.61	1.007267516	-0.518956046	0	1.007267516	-0.37985234	0
0.62	1.019369267	-0.531233095	0	1.019369267	-0.34402879	0
0.63	1.028415881	-0.542693815	0	1.028415881	-0.330660054	0
0.64	1.032816452	-0.552381194	0	1.032816452	-0.384140756	0
0.65	1.032897345	-0.558807157	0	1.032897345	-0.47009393	0
0.66	1.031047434	-0.561545266	0	1.031047434	-0.555201043	0
0.67	1.028398888	-0.560893975	0	1.028398888	-0.636815697	0
0.68	1.025687138	-0.557541586	0	1.025687138	-0.709679108	0
0.69	1.023710428	-0.552334781	0	1.023710428	-0.764584275	0
0.7	1.023194811	-0.546109709	0	1.023194811	-0.795993298	0
0.71	1.024524164	-0.539542738	0	1.024524164	-0.804075629	0
0.72	1.027962493	-0.532868878	0	1.027962493	-0.788155351	0
0.73	1.033222887	-0.526065829	0	1.033222887	-0.760888781	0
0.74	1.039705617	-0.519109472	0	1.039705617	-0.731106464	0
0.75	1.046968643	-0.511994706	0	1.046968643	-0.701990775	0
0.76	1.054776335	-0.504737426	0	1.054776335	-0.673988866	0
0.77	1.063022886	-0.497372698	0	1.063022886	-0.646548798	0
0.78	1.071661699	-0.489953567	0	1.071661699	-0.618871743	0
0.79	1.080657312	-0.482546528	0	1.080657312	-0.59029994	0
0.8	1.089956211	-0.47522491	0	1.089956211	-0.560524534	0
0.81	1.099471751	-0.468063656	0	1.099471751	-0.529675199	0
0.82	1.109076429	-0.461139376	0	1.109076429	-0.498416399	0
0.83	1.118605819	-0.454531085	0	1.118605819	-0.467904196	0
0.84	1.127875454	-0.448319576	0	1.127875454	-0.439616708	0
0.85	1.136716095	-0.442582648	0	1.136716095	-0.414904534	0
0.86	1.145013344	-0.437388716	0	1.145013344	-0.394637324	0
0.87	1.152738705	-0.432790826	0	1.152738705	-0.378970285	0
0.88	1.159963112	-0.42882214	0	1.159963112	-0.367357347	0
0.89	1.166849834	-0.425494038	0	1.166849834	-0.358752681	0
0.9	1.173631379	-0.422797779	0	1.173631379	-0.351879486	0
0.91	1.180576163	-0.420709209	0	1.180576163	-0.345509514	0
0.92	1.187952739	-0.419195233	0	1.187952739	-0.338710998	0
0.93	1.195994911	-0.41822115	0	1.195994911	-0.331067136	0
0.94	1.204875067	-0.417758388	0	1.204875067	-0.322785582	0
0.95	1.21468967	-0.417791781	0	1.21468967	-0.314689444	0
0.96	1.225455828	-0.418326023	0	1.225455828	-0.308109008	0
0.97	1.237118918	-0.419390041	0	1.237118918	-0.304683834	0
0.98	1.24956756	-0.421038723	0	1.24956756	-0.306120912	0
0.99	1.262654819	-0.423350968	0	1.262654819	-0.313927605	0
1	1.276222137	-0.426424426	0	1.276222137	-0.329203099	0
1.01	1.290123014	-0.430366548	0	1.290123014	-0.353081696	0
1.02	1.304244173	-0.435278707	0	1.304244173	-0.390164422	0
1.03	1.318734199	-0.441268217	0	1.318734199	-0.43204194	0
1.04	1.333804612	-0.448415606	0	1.333804612	-0.469690348	0
1.05	1.349406229	-0.456723755	0	1.349406229	-0.496547233	0
1.06	1.365125476	-0.466132265	0	1.365125476	-0.51513762	0
1.07	1.380510803	-0.476590922	0	1.380510803	-0.525921614	0
1.08	1.395253773	-0.488075278	0	1.395253773	-0.528370514	0
1.09	1.409173775	-0.500565373	0	1.409173775	-0.523317666	0
1.1	1.422184466	-0.513901574	0	1.422184466	-0.515760269	0
1.11	1.434165365	-0.526761082	0	1.434165365	-0.521776876	0
1.12	1.445718313	-0.538615056	0	1.445718313	-0.525983607	0
1.13	1.458003975	-0.549100472	0	1.458003975	-0.518039216	0
1.14	1.471583335	-0.556758301	0	1.471583335	-0.505822237	0
1.15	1.486423349	-0.561065405	0	1.486423349	-0.501110537	0
1.16	1.502076321	-0.562006977	0	1.502076321	-0.514492852	0
1.17	1.518286696	-0.55992981	0	1.518286696	-0.537770955	0
1.18	1.535088249	-0.555502922	0	1.535088249	-0.554967857	0
1.19	1.552555838	-0.549534532	0	1.552555838	-0.556188185	0
1.2	1.570616424	-0.542787839	0	1.570616424	-0.54214746	0
1.21	1.58905351	-0.53581669	0	1.58905351	-0.521752644	0
1.22	1.607595414	-0.528731475	0	1.607595414	-0.505547506	0
1.23	1.626154617	-0.521468761	0	1.626154617	-0.495043033	0
1.24	1.644801951	-0.513940835	0	1.644801951	-0.488140464	0
1.25	1.663574716	-0.506074763	0	1.663574716	-0.483819609	0
1.26	1.682383416	-0.497851247	0	1.682383416	-0.482411628	0
1.27	1.701052375	-0.489317739	0	1.701052375	-0.483568658	0
1.28	1.719402084	-0.480574784	0	1.719402084	-0.485302982	0
1.29	1.737289718	-0.471752614	0	1.737289718	-0.485039095	0
1.3	1.754599833	-0.462993844	0	1.754599833	-0.481216609	0
1.31	1.771227372	-0.454442323	0	1.771227372	-0.473959938	0
1.32	1.787080648	-0.446234449	0	1.787080648	-0.464571892	0
1.33	1.802097286	-0.438492674	0	1.802097286	-0.454729309	0
1.34	1.816252769	-0.431322963	0	1.816252769	-0.446056538	0
1.35	1.829554784	-0.424816191	0	1.829554784	-0.440001295	0
1.36	1.842032266	-0.419049285	0	1.842032266	-0.437700338	0
1.37	1.853727167	-0.414083508	0	1.853727167	-0.439784084	0
1.38	1.864688536	-0.409960563	0	1.864688536	-0.446272322	0
1.39	1.874966411	-0.406699319	0	1.874966411	-0.456601088	0
1.4	1.88460531	-0.404294695	0	1.88460531	-0.469729403	0
1.41	1.893639415	-0.402719327	0	1.893639415	-0.484279886	0
1.42	1.902091574	-0.401927585	0	1.902091574	-0.498648589	0
1.43	1.909975247	-0.401862191	0	1.909975247	-0.511193562	0
1.44	1.917301019	-0.402462597	0	1.917301019	-0.520418934	0
1.45	1.924085139	-0.403674032	0	1.924085139	-0.525176334	0
1.46	1.930356615	-0.405456647	0	1.930356615	-0.524862348	0
1.47	1.936160962	-0.407793071	0	1.936160962	-0.519529846	0
1.48	1.941559802	-0.410693051	0	1.941559802	-0.509879435	0
1.49	1.946626728	-0.414193917	0	1.946626728	-0.497104295	0
1.5	1.951441059	-0.418356149	0	1.951441059	-0.29786772	0
1.51	1.953474498	-0.423651083	0	1.953474498	-0.442086696	0
1.52	1.955741447	-0.429120378	0	1.955741447	-0.445510711	0
1.53	1.958832566	-0.434749581	0	1.958832566	-0.44876174	0
1.54	1.961956521	-0.44093984	0	1.961956521	-0.462840448	0
1.55	1.965100918	-0.447886501	0	1.965100918	-0.470814561	0
1.56	1.968413948	-0.45571053	0	1.968413948	-0.468242963	0
1.57	1.971942157	-0.464521638	0	1.971942157	-0.459537271	0
1.58	1.975789738	-0.474435418	0	1.975789738	-0.450471709	0
1.59	1.980157056	-0.485448931	0	1.980157056	-0.440767398	0
1.6	1.985011984	-0.497511815	0	1.985011984	-0.435758546	0
1.61	1.990182119	-0.510515236	0	1.990182119	-0.446979697	0
1.62	1.998006761	-0.523008234	0	1.998006761	-0.439062963	0
1.63	2.008835601	-0.534300078	0	2.008835601	-0.39304541	0
1.64	2.018097788	-0.544803227	0	2.018097788	-0.369472541	0
1.65	2.021977431	-0.553783471	0	2.021977431	-0.438902755	0
1.66	2.020910262	-0.559784747	0	2.020910262	-0.537716309	0
1.67	2.017592824	-0.562278755	0	2.017592824	-0.632146526	0
1.68	2.013008615	-0.561398667	0	2.013008615	-0.726308354	0
1.69	2.007775103	-0.557705984	0	2.007775103	-0.820356973	0
1.7	2.003133342	-0.552065946	0	2.003133342	-0.898762785	0
1.71	2.000691909	-0.545526726	0	2.000691909	-0.942362327	0
1.72	2.001565457	-0.539026927	0	2.001565457	-0.941768229	0
1.73	2.005959623	-0.532968157	0	2.005959623	-0.903712617	0
1.74	2.013037671	-0.527413818	0	2.013037671	-0.846889308	0
1.75	2.021900138	-0.522266315	0	2.021900138	-0.780072064	0
1.76	2.031907615	-0.517358335	0	2.031907615	-0.706972124	0
1.77	2.042482104	-0.512521769	0	2.042482104	-0.632841747	0
1.78	2.053008216	-0.507637494	0	2.053008216	-0.564635132	0
1.79	2.06293271	-0.502661279	0	2.06293271	-0.508125499	0
1.8	2.071904306	-0.497619048	0	2.071904306	-0.465919651	0
1.81	2.079839253	-0.49258024	0	2.079839253	-0.437317197	0
1.82	2.086893475	-0.487625766	0	2.086893475	-0.419378622	0
1.83	2.093369303	-0.482822204	0	2.093369303	-0.408428072	0
1.84	2.09960112	-0.478206633	0	2.09960112	-0.401357061	0
1.85	2.105860097	-0.47378183	0	2.105860097	-0.396337827	0
1.86	2.112296772	-0.469519719	0	2.112296772	-0.392911056	0
1.87	2.118921767	-0.465370606	0	2.118921767	-0.391650441	0
1.88	2.125614391	-0.461275165	0	2.125614391	-0.393674577	0
1.89	2.13214877	-0.457177036	0	2.13214877	-0.400196641	0
1.9	2.138235546	-0.453036357	0	2.138235546	-0.412192345	0
1.91	2.143584016	-0.448845971	0	2.143584016	-0.430233228	0
1.92	2.147996597	-0.444651603	0	2.147996597	-0.454397493	0
1.93	2.151490862	-0.44056638	0	2.151490862	-0.483910955	0
1.94	2.154392346	-0.43675309	0	2.154392346	-0.516155043	0
1.95	2.157291674	-0.433364491	0	2.157291674	-0.546676884	0
1.96	2.160896337	-0.430509784	0	2.160896337	-0.570969142	0
1.97	2.165913711	-0.428287217	0	2.165913711	-0.58462675	0
1.98	2.172915698	-0.426786708	0	2.172915698	-0.584262046	0
1.99	2.182176744	-0.426044579	0	2.182176744	-0.570706646	0
2	2.193686914	-0.426053672	0	2.193686914	-0.547308046	0
2.01	2.207244363	-0.426804002	0	2.207244363	-0.517324742	0
2.02	2.222476575	-0.428292861	0	2.222476575	-0.484887236	0
2.03	2.238867788	-0.430527743	0	2.238867788	-0.454957279	0
2.04	2.255839544	-0.433535746	0	2.255839544	-0.431852014	0
2.05	2.272843887	-0.43736641	0	2.272843887	-0.418670468	0
2.06	2.289436521	-0.442077535	0	2.289436521	-0.422145797	0
2.07	2.3055124	-0.447730681	0	2.3055124	-0.437382061	0
2.08	2.321435575	-0.454418467	0	2.321435575	-0.450361974	0
2.09	2.337307018	-0.462140272	0	2.337307018	-0.462841507	0
2.1	2.353067589	-0.470858373	0	2.353067589	-0.475358581	0
2.11	2.368721311	-0.480556811	0	2.368721311	-0.485937274	0
2.12	2.3843499	-0.49124241	0	2.3843499	-0.492353925	0
2.13	2.400027488	-0.502868052	0	2.400027488	-0.485995312	0
2.14	2.415620745	-0.514488918	0	2.415620745	-0.512509396	0
2.15	2.431852834	-0.52558206	0	2.431852834	-0.521336277	0
2.16	2.449088585	-0.536034761	0	2.449088585	-0.52069802	0
2.17	2.467085197	-0.545545586	0	2.467085197	-0.526194817	0
2.18	2.485763098	-0.553717008	0	2.485763098	-0.539114134	0
2.19	2.505099545	-0.559464645	0	2.505099545	-0.540149675	0
2.2	2.524563231	-0.56237691	0	2.524563231	-0.554354154	0
2.21	2.543767416	-0.562613087	0	2.543767416	-0.581000505	0
2.22	2.562774088	-0.560606918	0	2.562774088	-0.603076903	0
2.23	2.581736735	-0.556915793	0	2.581736735	-0.6087361	0
2.24	2.600606162	-0.552110171	0	2.600606162	-0.59785836	0
2.25	2.619138984	-0.546713135	0	2.619138984	-0.577299755	0
2.26	2.637052088	-0.541149513	0	2.637052088	-0.555722734	0
2.27	2.654115797	-0.535593554	0	2.654115797	-0.542265772	0
2.28	2.670341805	-0.530045059	0	2.670341805	-0.535006661	0
2.29	2.68598575	-0.524479477	0	2.68598575	-0.527697923	0
2.3	2.701246952	-0.518875171	0	2.701246952	-0.519615937	0
2.31	2.716135323	-0.513240806	0	2.716135323	-0.513618268	0
2.32	2.730557375	-0.507619923	0	2.730557375	-0.511494942	0
2.33	2.74443617	-0.502075824	0	2.74443617	-0.512406989	0
2.34	2.757753906	-0.496672826	0	2.757753906	-0.513831266	0
2.35	2.770523945	-0.491464285	0	2.770523945	-0.513187949	0
2.36	2.78274564	-0.486487817	0	2.78274564	-0.509098557	0
2.37	2.794381864	-0.481763226	0	2.794381864	-0.501826855	0
2.38	2.80537079	-0.477292095	0	2.80537079	-0.492718177	0
2.39	2.81565537	-0.473060259	0	2.81565537	-0.483180107	0
2.4	2.825205653	-0.469044933	0	2.825205653	-0.473971574	0
2.41	2.834020072	-0.465224972	0	2.834020072	-0.46519755	0
2.42	2.842112935	-0.461590195	0	2.842112935	-0.456736516	0
2.43	2.849505217	-0.458145377	0	2.849505217	-0.44861307	0
2.44	2.856229716	-0.454907975	0	2.856229716	-0.441072739	0
2.45	2.862348081	-0.45190215	0	2.862348081	-0.434482953	0
2.46	2.867968391	-0.449152485	0	2.867968391	-0.429283528	0
2.47	2.873253985	-0.446679756	0	2.873253985	-0.426035667	0
2.48	2.878421885	-0.444498984	0	2.878421885	-0.425378992	0
2.49	2.883728331	-0.442618989	0	2.883728331	-0.427790766	0
2.5	2.889436703	-0.441043628	0	2.889436703	-0.433357898	0
2.51	2.895770995	-0.439772888	0	2.895770995	-0.441891991	0
2.52	2.90288659	-0.438802817	0	2.90288659	-0.453061822	0
2.53	2.910873046	-0.438121312	0	2.910873046	-0.46617672	0
2.54	2.919770513	-0.437707441	0	2.919770513	-0.479933734	0
2.55	2.929573147	-0.437537979	0	2.929573147	-0.492791454	0
2.56	2.940233011	-0.437597582	0	2.940233011	-0.503377249	0
2.57	2.951673628	-0.437888867	0	2.951673628	-0.510539484	0
2.58	2.963800399	-0.438442023	0	2.963800399	-0.513517904	0
2.59	2.976503234	-0.43932167	0	2.976503234	-0.512195378	0
2.6	2.989657102	-0.440627839	0	2.989657102	-0.50715304	0
2.61	3.003122325	-0.442489418	0	3.003122325	-0.499543109	0
2.62	3.016744015	-0.445048908	0	3.016744015	-0.490940487	0
2.63	3.030354246	-0.448424261	0	3.030354246	-0.482004181	0
2.64	3.043722974	-0.452662735	0	3.043722974	-0.475010867	0
2.65	3.056659699	-0.457807034	0	3.056659699	-0.473457439	0
2.66	3.06921208	-0.46388819	0	3.06921208	-0.473870253	0
2.67	3.081505271	-0.470931125	0	3.081505271	-0.473744746	0
2.68	3.093589613	-0.478965772	0	3.093589613	-0.473537774	0
2.69	3.105446371	-0.488018854	0	3.105446371	-0.474792462	0
2.7	3.117037542	-0.498103782	0	3.117037542	-0.478873327	0
2.71	3.12863022	-0.509013625	0	3.12863022	-0.46367785	0
2.72	3.141770809	-0.519372611	0	3.141770809	-0.415426911	0
2.73	3.154322894	-0.52915256	0	3.154322894	-0.389975457	0
2.74	3.165123044	-0.538390123	0	3.165123044	-0.380178756	0
2.75	3.174276493	-0.546824513	0	3.174276493	-0.374178884	0
2.76	3.180883027	-0.553932811	0	3.180883027	-0.388124485	0
2.77	3.183929497	-0.558694179	0	3.183929497	-0.443458437	0
2.78	3.185519292	-0.560737543	0	3.185519292	-0.492473115	0
2.79	3.186578967	-0.560301054	0	3.186578967	-0.535418392	0
2.8	3.187281113	-0.557917322	0	3.187281113	-0.57664124	0
2.81	3.187823718	-0.554178551	0	3.187823718	-0.614025281	0
2.82	3.188609266	-0.549633147	0	3.188609266	-0.642009793	0
2.83	3.190019315	-0.544749409	0	3.190019315	-0.657605951	0
2.84	3.192322521	-0.539861595	0	3.192322521	-0.657190931	0
2.85	3.195739659	-0.535041272	0	3.195739659	-0.640395795	0
2.86	3.199798997	-0.530278803	0	3.199798997	-0.62119288	0
2.87	3.203917254	-0.525557344	0	3.203917254	-0.607416556	0
2.88	3.207859885	-0.520865249	0	3.207859885	-0.59899228	0
2.89	3.211656882	-0.516203712	0	3.211656882	-0.59366366	0
2.9	3.215415173	-0.511586157	0	3.215415173	-0.590036232	0
2.91	3.219244197	-0.507035215	0	3.219244197	-0.587316072	0
2.92	3.223249764	-0.502577061	0	3.223249764	-0.584677976	0
2.93	3.227527654	-0.49823216	0	3.227527654	-0.581360915	0
2.94	3.23214982	-0.494006654	0	3.23214982	-0.576950366	0
2.95	3.237153687	-0.489889265	0	3.237153687	-0.571450723	0
2.96	3.242538143	-0.485855058	0	3.242538143	-0.565214527	0
2.97	3.248263208	-0.481872476	0	3.248263208	-0.558862728	0
2.98	3.254255835	-0.477910317	0	3.254255835	-0.553154386	0
2.99	3.260423372	-0.473942732	0	3.260423372	-0.548777354	0
3	3.26667085	-0.469952963	0	3.26667085	-0.546130045	0
3.01	3.272913929	-0.465936135	0	3.272913929	-0.545226336	0
3.02	3.279083185	-0.461901056	0	3.279083185	-0.545765004	0
3.03	3.285122374	-0.45787065	0	3.285122374	-0.547297416	0
3.04	3.290988257	-0.453881363	0	3.290988257	-0.549369694	0
3.05	3.296657772	-0.449981596	0	3.296657772	-0.551569552	0
3.06	3.302141879	-0.446229179	0	3.302141879	-0.5534957	0
3.07	3.307500872	-0.442687568	0	3.307500872	-0.554680071	0
3.08	3.312853924	-0.43942023	0	3.312853924	-0.554509205	0
3.09	3.318375879	-0.436483997	0	3.318375879	-0.552220097	0
3.1	3.324284007	-0.433925332	0	3.324284007	-0.546962101	0
3.11	3.330813727	-0.431778324	0	3.330813727	-0.5379592	0
3.12	3.338192671	-0.430066353	0	3.338192671	-0.524675402	0
3.13	3.346613076	-0.428802681	0	3.346613076	-0.507024212	0
3.14	3.356212048	-0.427995139	0	3.356212048	-0.485427687	0
3.15	3.367058985	-0.427653305	0	3.367058985	-0.460785492	0
3.16	3.379145814	-0.427795579	0	3.379145814	-0.434499548	0
3.17	3.392378463	-0.428453438	0	3.392378463	-0.408450826	0
3.18	3.406586419	-0.429677924	0	3.406586419	-0.384772007	0
3.19	3.421532507	-0.431539182	0	3.421532507	-0.36565819	0
3.2	3.436938523	-0.434124019	0	3.436938523	-0.35317024	0
3.21	3.452513789	-0.437525295	0	3.452513789	-0.352026408	0
3.22	3.468037065	-0.441815154	0	3.468037065	-0.369484315	0
3.23	3.483818137	-0.447111691	0	3.483818137	-0.387238416	0
3.24	3.500033452	-0.453457918	0	3.500033452	-0.404877652	0
3.25	3.516529675	-0.460808915	0	3.516529675	-0.424748498	0
3.26	3.533123425	-0.469121805	0	3.533123425	-0.445957438	0
3.27	3.54971474	-0.478384247	0	3.54971474	-0.465893656	0
3.28	3.56625704	-0.488600737	0	3.56625704	-0.482368494	0
3.29	3.582710605	-0.499774721	0	3.582710605	-0.49414423	0
3.3	3.598792359	-0.51145928	0	3.598792359	-0.477173598	0
3.31	3.61374308	-0.522434914	0	3.61374308	-0.519185689	0
3.32	3.628752711	-0.532718311	0	3.628752711	-0.543418086	0
3.33	3.644825291	-0.542272496	0	3.644825291	-0.545527189	0
3.34	3.661977648	-0.550807669	0	3.661977648	-0.544485177	0
3.35	3.679999093	-0.557518442	0	3.679999093	-0.538639238	0
3.36	3.698377074	-0.561481217	0	3.698377074	-0.53818746	0
3.37	3.716552197	-0.562691037	0	3.716552197	-0.558105266	0
3.38	3.734469706	-0.561488966	0	3.734469706	-0.584731482	0
3.39	3.75235803	-0.558402459	0	3.75235803	-0.600987389	0
3.4	3.770323146	-0.554010322	0	3.770323146	-0.600423444	0
3.41	3.788216672	-0.548863069	0	3.788216672	-0.586643731	0
3.42	3.805763863	-0.543434798	0	3.805763863	-0.56689277	0
3.43	3.822711752	-0.538052005	0	3.822711752	-0.549264273	0
3.44	3.83890592	-0.532774249	0	3.83890592	-0.539419229	0
3.45	3.8544627	-0.527574611	0	3.8544627	-0.532692888	0
3.46	3.869618728	-0.522411985	0	3.869618728	-0.525112889	0
3.47	3.884479893	-0.51725941	0	3.884479893	-0.517930811	0
3.48	3.898990868	-0.512123201	0	3.898990868	-0.513869121	0
3.49	3.913047402	-0.507039285	0	3.913047402	-0.513671412	0
3.5	3.926584435	-0.502057517	0	3.926584435	-0.515747877	0
3.51	3.939586435	-0.497226812	0	3.939586435	-0.517485655	0
3.52	3.952051771	-0.492586225	0	3.952051771	-0.516714694	0
3.53	3.963958718	-0.488160297	0	3.963958718	-0.512607661	0
3.54	3.975257617	-0.483956247	0	3.975257617	-0.505749785	0
3.55	3.98588816	-0.479963669	0	3.98588816	-0.497464402	0
3.56	3.995803584	-0.476158208	0	3.995803584	-0.488957073	0
3.57	4.004984385	-0.472509816	0	4.004984385	-0.480820749	0
3.58	4.013435616	-0.46899244	0	4.013435616	-0.473096801	0
3.59	4.021176447	-0.465591881	0	4.021176447	-0.465588618	0
3.6	4.028233885	-0.462308544	0	4.028233885	-0.4581333	0
3.61	4.034646254	-0.459155262	0	4.034646254	-0.450680186	0
3.62	4.040472673	-0.456152324	0	4.040472673	-0.443311809	0
3.63	4.04580386	-0.453323282	0	4.04580386	-0.436333983	0
3.64	4.050769418	-0.45069129	0	4.050769418	-0.430349768	0
3.65	4.05554389	-0.4482771	0	4.05554389	-0.426185889	0
3.66	4.060347386	-0.446098155	0	4.060347386	-0.424602067	0
3.67	4.065429026	-0.444169223	0	4.065429026	-0.425992853	0
3.68	4.071028109	-0.442504244	0	4.071028109	-0.430387894	0
3.69	4.077331238	-0.441116412	0	4.077331238	-0.437704369	0
3.7	4.084457392	-0.44001387	0	4.084457392	-0.447746534	0
3.71	4.092472552	-0.439193937	0	4.092472552	-0.459801099	0
3.72	4.101399699	-0.438643123	0	4.101399699	-0.472687186	0
3.73	4.111219793	-0.438343153	0	4.111219793	-0.485154493	0
3.74	4.121879857	-0.438279337	0	4.121879857	-0.496043058	0
3.75	4.133305905	-0.438449993	0	4.133305905	-0.504248058	0
3.76	4.145408364	-0.438876667	0	4.145408364	-0.508939062	0
3.77	4.158082443	-0.439612021	0	4.158082443	-0.509801546	0
3.78	4.17120924	-0.440742204	0	4.17120924	-0.507094555	0
3.79	4.184656053	-0.442382751	0	4.184656053	-0.501619555	0
3.8	4.198276191	-0.444667833	0	4.198276191	-0.49459688	0
3.81	4.211911463	-0.447728777	0	4.211911463	-0.487381251	0
3.82	4.22537677	-0.451635724	0	4.22537677	-0.479991993	0
3.83	4.238442982	-0.456427729	0	4.238442982	-0.477057962	0
3.84	4.251058893	-0.462142061	0	4.251058893	-0.477455892	0
3.85	4.26333457	-0.468804365	0	4.26333457	-0.477810088	0
3.86	4.27535227	-0.47644234	0	4.27535227	-0.477559127	0
3.87	4.287115571	-0.485084829	0	4.287115571	-0.477994345	0
3.88	4.298592805	-0.494751013	0	4.298592805	-0.480605243	0
3.89	4.30975768	-0.505416268	0	4.30975768	-0.49250462	0
3.9	4.322245377	-0.515942448	0	4.322245377	-0.436956511	0
3.91	4.335099021	-0.52577187	0	4.335099021	-0.406095939	0
3.92	4.346521182	-0.535078116	0	4.346521182	-0.391505624	0
3.93	4.35625493	-0.543694973	0	4.35625493	-0.386482897	0
3.94	4.364458508	-0.551283278	0	4.364458508	-0.374877235	0
3.95	4.369109885	-0.557030794	0	4.369109885	-0.422769421	0
3.96	4.371447885	-0.560202983	0	4.371447885	-0.473296475	0
3.97	4.37302833	-0.560799729	0	4.37302833	-0.515434138	0
3.98	4.374253016	-0.559249972	0	4.374253016	-0.553867876	0
3.99	4.375202623	-0.556130338	0	4.375202623	-0.590411566	0
4	4.376149644	-0.55200088	0	4.376149644	-0.620803156	0
4.01	4.377471447	-0.547350389	0	4.377471447	-0.640741271	0
4.02	4.379428524	-0.542573185	0	4.379428524	-0.649021918	0
4.03	4.382298471	-0.537865431	0	4.382298471	-0.640018513	0
4.04	4.386009698	-0.533229626	0	4.386009698	-0.622003358	0
4.05	4.389972443	-0.528650219	0	4.389972443	-0.606868241	0
4.06	4.39378048	-0.524110626	0	4.39378048	-0.597968105	0
4.07	4.397372569	-0.51960393	0	4.397372569	-0.593368972	0
4.08	4.400853332	-0.515135608	0	4.400853332	-0.590914316	0
4.09	4.404350081	-0.51072108	0	4.404350081	-0.589487682	0
4.1	4.407978714	-0.506381578	0	4.407978714	-0.588312387	0
4.11	4.411843079	-0.502137085	0	4.411843079	-0.586617994	0
4.12	4.416026555	-0.49799756	0	4.416026555	-0.583860925	0
4.13	4.420581148	-0.493957134	0	4.420581148	-0.57990297	0
4.14	4.425523092	-0.48999476	0	4.425523092	-0.574973439	0
4.15	4.430833223	-0.486079964	0	4.430833223	-0.569567362	0
4.16	4.436460477	-0.48217999	0	4.436460477	-0.564343212	0
4.17	4.442331282	-0.478265798	0	4.442331282	-0.559965611	0
4.18	4.448363394	-0.47431597	0	4.448363394	-0.55691414	0
4.19	4.454479798	-0.470319684	0	4.454479798	-0.555333008	0
4.2	4.460615061	-0.466278628	0	4.460615061	-0.555032415	0
4.21	4.466714181	-0.462207829	0	4.466714181	-0.555614283	0
4.22	4.47272812	-0.458135376	0	4.47272812	-0.556647107	0
4.23	4.478614232	-0.454101655	0	4.478614232	-0.557765321	0
4.24	4.484345198	-0.450157839	0	4.484345198	-0.558678806	0
4.25	4.489924285	-0.446363605	0	4.489924285	-0.559116702	0
4.26	4.495401696	-0.442783572	0	4.495401696	-0.558730538	0
4.27	4.500884821	-0.439481716	0	4.500884821	-0.557007821	0
4.28	4.506536347	-0.436515174	0	4.506536347	-0.553260902	0
4.29	4.51256176	-0.433930658	0	4.51256176	-0.546695161	0
4.3	4.519186472	-0.431763226	0	4.519186472	-0.536571328	0
4.31	4.526630258	-0.430036588	0	4.526630258	-0.522384679	0
4.32	4.535080901	-0.428764239	0	4.535080901	-0.504059796	0
4.33	4.544675106	-0.427954108	0	4.544675106	-0.481996369	0
4.34	4.555485513	-0.42761548	0	4.555485513	-0.457054566	0
4.35	4.567509057	-0.427765492	0	4.567509057	-0.430599106	0
4.36	4.580661715	-0.428434756	0	4.580661715	-0.404446215	0
4.37	4.594781385	-0.429671972	0	4.594781385	-0.380689857	0
4.38	4.609640618	-0.431545269	0	4.609640618	-0.361480022	0
4.39	4.62496945	-0.434139532	0	4.62496945	-0.348873264	0
4.4	4.640482674	-0.437546033	0	4.640482674	-0.347677027	0
4.41	4.65596266	-0.441836055	0	4.65596266	-0.365127725	0
4.42	4.671720354	-0.447129214	0	4.671720354	-0.383066549	0
4.43	4.687930223	-0.453469647	0	4.687930223	-0.401101766	0
4.44	4.704438931	-0.460813106	0	4.704438931	-0.421513634	0
4.45	4.72106136	-0.469116877	0	4.72106136	-0.443379484	0
4.46	4.737692984	-0.478368477	0	4.737692984	-0.464076042	0
4.47	4.754281014	-0.488572229	0	4.754281014	-0.481386204	0
4.48	4.770779442	-0.499731408	0	4.770779442	-0.493927605	0
4.49	4.786884884	-0.511379402	0	4.786884884	-0.476601184	0
4.5	4.801807163	-0.522304082	0	4.801807163	-0.519877615	0
4.51	4.816764451	-0.532541984	0	4.816764451	-0.545094522	0
4.52	4.832794246	-0.542065991	0	4.832794246	-0.547252104	0
4.53	4.849922741	-0.550589881	0	4.849922741	-0.545562997	0
4.54	4.86793964	-0.557321783	0	4.86793964	-0.539173483	0
4.55	4.886340422	-0.561325934	0	4.886340422	-0.537366371	0
4.56	4.904556154	-0.562584144	0	4.904556154	-0.556138747	0
4.57	4.922523285	-0.561427572	0	4.922523285	-0.582157681	0
4.58	4.940467495	-0.55837656	0	4.940467495	-0.598339249	0
4.59	4.958494582	-0.554006151	0	4.958494582	-0.598126316	0
4.6	4.976455977	-0.548866781	0	4.976455977	-0.584994894	0
4.61	4.994076213	-0.543435804	0	4.994076213	-0.566062902	0
4.62	5.011101187	-0.538042836	0	5.011101187	-0.549351604	0
4.63	5.027379336	-0.532749581	0	5.027379336	-0.540181129	0
4.64	5.043033076	-0.52753216	0	5.043033076	-0.533642561	0
4.65	5.058299912	-0.522350481	0	5.058299912	-0.525858318	0
4.66	5.073281936	-0.517176821	0	5.073281936	-0.518269004	0
4.67	5.087919199	-0.512015567	0	5.087919199	-0.513755227	0
4.68	5.102103597	-0.506900407	0	5.102103597	-0.513184471	0
4.69	5.115766846	-0.501879523	0	5.115766846	-0.515052795	0
4.7	5.128890347	-0.497001463	0	5.128890347	-0.51677414	0
4.71	5.141469505	-0.492306547	0	5.141469505	-0.516141202	0
4.72	5.15347963	-0.487822115	0	5.15347963	-0.512241437	0
4.73	5.16486812	-0.483559101	0	5.16486812	-0.505572807	0
4.74	5.175571573	-0.479511064	0	5.175571573	-0.497390228	0
4.75	5.185540105	-0.475657051	0	5.185540105	-0.488865098	0
4.76	5.194751689	-0.471969405	0	5.194751689	-0.480585759	0
4.77	5.203209558	-0.468423368	0	5.203209558	-0.472612329	0
4.78	5.210931992	-0.465004989	0	5.210931992	-0.464799168	0
4.79	5.217946287	-0.461714352	0	5.217946287	-0.457044517	0
4.8	5.224292579	-0.458563587	0	5.224292579	-0.449361886	0
4.81	5.230034479	-0.45557242	0	5.230034479	-0.441902686	0
4.82	5.235269913	-0.452763586	0	5.235269913	-0.435023934	0
4.83	5.240139857	-0.45015954	0	5.240139857	-0.429357703	0
4.84	5.244833758	-0.44778025	0	5.244833758	-0.425715549	0
4.85	5.249587312	-0.445642354	0	5.249587312	-0.424789781	0
4.86	5.254660944	-0.443760032	0	5.254660944	-0.426880725	0
4.87	5.260296599	-0.442146856	0	5.260296599	-0.431946082	0
4.88	5.266675098	-0.440815331	0	5.266675098	-0.439874572	0
4.89	5.27390708	-0.43977191	0	5.27390708	-0.45040238	0
4.9	5.28205004	-0.439011419	0	5.28205004	-0.462748404	0
4.91	5.291120862	-0.438518224	0	5.291120862	-0.475623082	0
4.92	5.30109302	-0.438273533	0	5.30109302	-0.487770724	0
4.93	5.311906325	-0.43826432	0	5.311906325	-0.498078826	0
4.94	5.32348191	-0.438492659	0	5.32348191	-0.50548422	0
4.95	5.335726054	-0.438985901	0	5.335726054	-0.509248445	0
4.96	5.348529669	-0.439803783	0	5.348529669	-0.509195651	0
4.97	5.361769279	-0.441039507	0	5.361769279	-0.505726828	0
4.98	5.375307555	-0.442813952	0	5.375307555	-0.499756429	0
4.99	5.388993354	-0.445263298	0	5.388993354	-0.492573011	0
5	5.402664284	-0.448511551	0	5.402664284	-0.485245555	0
5.01	5.416117933	-0.452614039	0	5.416117933	-0.478541983	0
5.02	5.429141977	-0.457611083	0	5.429141977	-0.476757743	0
5.03	5.441734975	-0.463536755	0	5.441734975	-0.477460248	0
5.04	5.454013238	-0.470416095	0	5.454013238	-0.477733962	0
5.05	5.466039653	-0.478277768	0	5.466039653	-0.477592051	0
5.06	5.477804416	-0.487149362	0	5.477804416	-0.478472605	0
5.07	5.489272363	-0.497046965	0	5.489272363	-0.481798926	0
5.08	5.500567934	-0.507843903	0	5.500567934	-0.478157176	0
5.09	5.513434255	-0.518184269	0	5.513434255	-0.427996501	0
5.1	5.526062813	-0.527899722	0	5.526062813	-0.40107174	0
5.11	5.537087356	-0.537078165	0	5.537087356	-0.389626348	0
5.12	5.546488903	-0.545498566	0	5.546488903	-0.385265954	0
5.13	5.554070405	-0.552769722	0	5.554070405	-0.382594084	0
5.14	5.557990724	-0.557969837	0	5.557990724	-0.434442505	0
5.15	5.560075064	-0.560541769	0	5.560075064	-0.483026476	0
5.16	5.561572264	-0.560608776	0	5.561572264	-0.523747656	0
5.17	5.562737923	-0.558655999	0	5.562737923	-0.561721196	0
5.18	5.563674531	-0.55526574	0	5.563674531	-0.597163254	0
5.19	5.564695272	-0.550984335	0	5.564695272	-0.625278504	0
5.2	5.566161335	-0.546280275	0	5.566161335	-0.642510735	0
5.21	5.568303416	-0.54151746	0	5.568303416	-0.647354074	0
5.22	5.57139933	-0.536830787	0	5.57139933	-0.635140958	0
5.23	5.575211488	-0.532211772	0	5.575211488	-0.617137476	0
5.24	5.579145273	-0.527643708	0	5.579145273	-0.603591933	0
5.25	5.582878677	-0.523111716	0	5.582878677	-0.596141568	0
5.26	5.586408504	-0.518612122	0	5.586408504	-0.592450137	0
5.27	5.589855551	-0.514153401	0	5.589855551	-0.590566891	0
5.28	5.593348082	-0.509753167	0	5.593348082	-0.589491046	0
5.29	5.597001539	-0.505433422	0	5.597001539	-0.58843286	0
5.3	5.600916884	-0.50121271	0	5.600916884	-0.58664765	0
5.31	5.605171039	-0.497097683	0	5.605171039	-0.583681947	0
5.32	5.609807307	-0.493078579	0	5.609807307	-0.579499257	0
5.33	5.614832502	-0.489131417	0	5.614832502	-0.574410384	0
5.34	5.62021839	-0.485224436	0	5.62021839	-0.568968923	0
5.35	5.625906557	-0.48132522	0	5.625906557	-0.56385977	0
5.36	5.63181957	-0.477406265	0	5.63181957	-0.559724162	0
5.37	5.637875262	-0.473448471	0	5.637875262	-0.556973867	0
5.38	5.643999191	-0.469443839	0	5.643999191	-0.55567095	0
5.39	5.650129374	-0.465397212	0	5.650129374	-0.555558736	0
5.4	5.656213464	-0.461326634	0	5.656213464	-0.55621441	0
5.41	5.662204254	-0.457263088	0	5.662204254	-0.557215751	0
5.42	5.668062072	-0.453249336	0	5.668062072	-0.558216068	0
5.43	5.673764902	-0.449338253	0	5.673764902	-0.558941195	0
5.44	5.679324285	-0.445590494	0	5.679324285	-0.559119415	0
5.45	5.684800973	-0.44207048	0	5.684800973	-0.558382894	0
5.46	5.69031295	-0.438840617	0	5.69031295	-0.556192354	0
5.47	5.696031444	-0.43595561	0	5.696031444	-0.551840805	0
5.48	5.70216669	-0.43345945	0	5.70216669	-0.544537562	0
5.49	5.708944218	-0.431384569	0	5.708944218	-0.533579933	0
5.5	5.716578518	-0.429752233	0	5.716578518	-0.51854082	0
5.51	5.72524836	-0.428574367	0	5.72524836	-0.499433904	0
5.52	5.735079019	-0.427858724	0	5.735079019	-0.476745603	0
5.53	5.746129356	-0.427615834	0	5.746129356	-0.451428493	0
5.54	5.758381121	-0.42786533	0	5.758381121	-0.424937619	0
5.55	5.771734921	-0.428641437	0	5.771734921	-0.399154599	0
5.56	5.786014993	-0.429996992	0	5.786014993	-0.376198329	0
5.57	5.800983744	-0.432004054	0	5.800983744	-0.358202895	0
5.58	5.816366825	-0.434750273	0	5.816366825	-0.347230213	0
5.59	5.831873809	-0.438324182	0	5.831873809	-0.350369682	0
5.6	5.847370406	-0.442801509	0	5.847370406	-0.368849391	0
5.61	5.863215971	-0.448301767	0	5.863215971	-0.386580461	0
5.62	5.879499267	-0.454844307	0	5.879499267	-0.405046549	0
5.63	5.896040065	-0.462379476	0	5.896040065	-0.425948972	0
5.64	5.912666451	-0.470870303	0	5.912666451	-0.44783437	0
5.65	5.929288202	-0.480309313	0	5.929288202	-0.468021935	0
5.66	5.945856414	-0.490701842	0	5.945856414	-0.484516396	0
5.67	5.96232281	-0.502043954	0	5.96232281	-0.493361675	0
5.68	5.978204345	-0.513604225	0	5.978204345	-0.483375664	0
5.69	5.992988689	-0.52438117	0	5.992988689	-0.527895526	0
5.7	6.008106416	-0.534493414	0	6.008106416	-0.546816291	0
5.71	6.024357466	-0.543848647	0	6.024357466	-0.546835716	0
5.72	6.041672125	-0.55212246	0	6.041672125	-0.546137791	0
5.73	6.059810944	-0.558343857	0	6.059810944	-0.537159348	0
5.74	6.078196897	-0.561789107	0	6.078196897	-0.539504821	0
5.75	6.096343266	-0.562530713	0	6.096343266	-0.561221507	0
5.76	6.114279438	-0.560949889	0	6.114279438	-0.586410705	0
5.77	6.132234758	-0.557587133	0	6.132234758	-0.599441205	0
5.78	6.150263455	-0.553017746	0	6.150263455	-0.596185344	0
5.79	6.168176932	-0.547781669	0	6.168176932	-0.581336554	0
5.8	6.185695764	-0.542337214	0	6.185695764	-0.562153664	0
5.81	6.202576596	-0.536962102	0	6.202576596	-0.546980844	0
5.82	6.218714182	-0.531684256	0	6.218714182	-0.538893134	0
5.83	6.23427864	-0.526474978	0	6.23427864	-0.532215236	0
5.84	6.24949453	-0.521294063	0	6.24949453	-0.524206516	0
5.85	6.264425621	-0.516119237	0	6.264425621	-0.517012173	0
5.86	6.278991552	-0.510961457	0	6.278991552	-0.513288327	0
5.87	6.293087198	-0.505858495	0	6.293087198	-0.513378653	0
5.88	6.306655155	-0.500859553	0	6.306655155	-0.515437646	0
5.89	6.319682498	-0.496012121	0	6.319682498	-0.516847342	0
5.9	6.332162155	-0.491354442	0	6.332162155	-0.515602722	0
5.91	6.34406305	-0.486911054	0	6.34406305	-0.511088462	0
5.92	6.355327903	-0.482689669	0	6.355327903	-0.504020228	0
5.93	6.365893718	-0.47868074	0	6.365893718	-0.495698369	0
5.94	6.375715373	-0.474861369	0	6.375715373	-0.487195325	0
5.95	6.384776337	-0.471203784	0	6.384776337	-0.478975717	0
5.96	6.393083525	-0.467684909	0	6.393083525	-0.471033135	0
5.97	6.400657062	-0.464293445	0	6.400657062	-0.463217828	0
5.98	6.407526241	-0.461032064	0	6.407526241	-0.455456904	0
5.99	6.413735311	-0.4579147	0	6.413735311	-0.447792661	0
6	6.419354049	-0.45496168	0	6.419354049	-0.44040564	0
6.01	6.42448923	-0.452195901	0	6.42448923	-0.433712944	0
6.02	6.429292146	-0.44963931	0	6.429292146	-0.428401775	0
6.03	6.43396335	-0.447311055	0	6.43396335	-0.425286623	0
6.04	6.438747457	-0.445227022	0	6.438747457	-0.424988942	0
6.05	6.443906272	-0.443401075	0	6.443906272	-0.427715557	0
6.06	6.449672331	-0.441846771	0	6.449672331	-0.433394518	0
6.07	6.456211731	-0.440575922	0	6.456211731	-0.441904251	0
6.08	6.463622411	-0.439592881	0	6.463622411	-0.452906509	0
6.09	6.471953932	-0.438889993	0	6.471953932	-0.465463934	0
6.1	6.481213382	-0.438450297	0	6.481213382	-0.478264143	0
6.11	6.491365273	-0.438255589	0	6.491365273	-0.49010501	0
6.12	6.502344727	-0.438295137	0	6.502344727	-0.499869254	0
6.13	6.514069746	-0.438575503	0	6.514069746	-0.506531694	0
6.14	6.526443083	-0.439130481	0	6.526443083	-0.509471556	0
6.15	6.539352276	-0.440027032	0	6.539352276	-0.5086396	0
6.16	6.552670864	-0.441364865	0	6.552670864	-0.504550639	0
6.17	6.566258358	-0.443269368	0	6.566258358	-0.498215128	0
6.18	6.579960735	-0.445877685	0	6.579960735	-0.491002403	0
6.19	6.593612608	-0.449302493	0	6.593612608	-0.483518946	0
6.2	6.606995681	-0.453589185	0	6.606995681	-0.47771862	0
6.21	6.619929207	-0.458778904	0	6.619929207	-0.476820271	0
6.22	6.63245416	-0.464902683	0	6.63245416	-0.477592311	0
6.23	6.644684602	-0.471985716	0	6.644684602	-0.477718257	0
6.24	6.656665415	-0.480057353	0	6.656665415	-0.477675927	0
6.25	6.668377546	-0.489143427	0	6.668377546	-0.4789762	0
6.26	6.679784405	-0.499256999	0	6.679784405	-0.482964986	0
6.27	6.691300649	-0.510087392	0	6.691300649	-0.463923039	0
6.28	6.704331113	-0.520267135	0	6.704331113	-0.420960164	0
6.29	6.716677365	-0.529875054	0	6.716677365	-0.397550019	0
6.3	6.727331865	-0.538918749	0	6.727331865	-0.388523661	0
6.31	6.736446147	-0.547137325	0	6.736446147	-0.383878417	0
6.32	6.743309774	-0.554062485	0	6.743309774	-0.392361527	0
6.33	6.746672086	-0.558729001	0	6.746672086	-0.445343708	0
6.34	6.748578414	-0.56074915	0	6.748578414	-0.491992355	0
6.35	6.750006061	-0.560346829	0	6.750006061	-0.531702994	0
6.36	6.751114916	-0.558045836	0	6.751114916	-0.569323114	0
6.37	6.752044539	-0.554427778	0	6.752044539	-0.603606027	0
6.38	6.753138438	-0.550024424	0	6.753138438	-0.629556989	0
6.39	6.754735748	-0.545284933	0	6.754735748	-0.644401729	0
6.4	6.757057618	-0.540538899	0	6.757057618	-0.64570594	0
6.41	6.760347486	-0.535869947	0	6.760347486	-0.631117687	0
6.42	6.764227441	-0.531265542	0	6.764227441	-0.613536902	0
6.43	6.768128226	-0.526708344	0	6.768128226	-0.601405132	0
6.44	6.771806089	-0.522185349	0	6.771806089	-0.5950176	0
6.45	6.775300203	-0.517695601	0	6.775300203	-0.591889626	0
6.46	6.778738957	-0.513249818	0	6.778738957	-0.59030305	0
6.47	6.782248643	-0.508867038	0	6.782248643	-0.589349495	0
6.48	6.785942514	-0.504569273	0	6.785942514	-0.588235836	0
6.49	6.789917433	-0.500373158	0	6.789917433	-0.586258434	0
6.5	6.79424396	-0.496282003	0	6.79424396	-0.583050088	0
6.51	6.798957535	-0.492282612	0	6.798957535	-0.578659027	0
6.52	6.804057212	-0.488348698	0	6.804057212	-0.573457748	0
6.53	6.809507785	-0.484447826	0	6.809507785	-0.568038277	0
6.54	6.815245747	-0.48054817	0	6.815245747	-0.563093073	0
6.55	6.821191324	-0.476623662	0	6.821191324	-0.559231852	0
6.56	6.82726351	-0.472657407	0	6.82726351	-0.556794703	0
6.57	6.833390662	-0.468644009	0	6.833390662	-0.555768412	0
6.58	6.83951356	-0.46459106	0	6.83951356	-0.555845775	0
6.59	6.845581368	-0.460519363	0	6.845581368	-0.556591611	0
6.6	6.851548218	-0.456462445	0	6.851548218	-0.557595446	0
6.61	6.857376955	-0.452465185	0	6.857376955	-0.558530948	0
6.62	6.863050717	-0.448582205	0	6.863050717	-0.559134906	0
6.63	6.868589506	-0.444875238	0	6.868589506	-0.55912681	0
6.64	6.874064758	-0.441408669	0	6.874064758	-0.558112851	0
6.65	6.879605228	-0.438243693	0	6.879605228	-0.555520421	0
6.66	6.885391038	-0.435433022	0	6.885391038	-0.550616944	0
6.67	6.89163669	-0.433018247	0	6.89163669	-0.542621966	0
6.68	6.898567818	-0.431029593	0	6.898567818	-0.530865934	0
6.69	6.906393324	-0.429486238	0	6.906393324	-0.515000766	0
6.7	6.915282705	-0.428398785	0	6.915282705	-0.49513359	0
6.71	6.92534917	-0.427774993	0	6.92534917	-0.471840585	0
6.72	6.936637322	-0.427626729	0	6.936637322	-0.446168494	0
6.73	6.949113272	-0.427976119	0	6.949113272	-0.419664642	0
6.74	6.962662142	-0.428860824	0	6.962662142	-0.394274624	0
6.75	6.977094847	-0.430337529	0	6.977094847	-0.372134615	0
6.76	6.992164482	-0.432481789	0	6.992164482	-0.355359067	0
6.77	7.007593589	-0.435383357	0	7.007593589	-0.346068509	0
6.78	7.023088499	-0.439126157	0	7.023088499	-0.353621914	0
6.79	7.038622958	-0.443795348	0	7.038622958	-0.37237748	0
6.8	7.0545593	-0.449501383	0	7.0545593	-0.389993767	0
6.81	7.070908447	-0.456242	0	7.070908447	-0.408924115	0
6.82	7.087475831	-0.463965639	0	7.087475831	-0.43021935	0
6.83	7.104105376	-0.47264149	0	7.104105376	-0.451993532	0
6.84	7.120719102	-0.482266206	0	7.120719102	-0.471588946	0
6.85	7.137270417	-0.492845451	0	7.137270417	-0.487246527	0
6.86	7.153701725	-0.504346563	0	7.153701725	-0.484928666	0
6.87	7.169328347	-0.515769983	0	7.169328347	-0.491888586	0
6.88	7.184051868	-0.526407074	0	7.184051868	-0.534178049	0
6.89	7.19936631	-0.53638871	0	7.19936631	-0.547673835	0
6.9	7.215838081	-0.545562097	0	7.215838081	-0.546312469	0
6.91	7.233335907	-0.553543133	0	7.233335907	-0.545567801	0
6.92	7.251577254	-0.559237334	0	7.251577254	-0.535882148	0
6.93	7.269936437	-0.562136773	0	7.269936437	-0.542532315	0
6.94	7.288025083	-0.562387217	0	7.288025083	-0.566439975	0
6.95	7.305947834	-0.560413094	0	7.305947834	-0.590169186	0
6.96	7.323921504	-0.556769457	0	7.323921504	-0.599966697	0
6.97	7.341947875	-0.552028975	0	7.341947875	-0.593925479	0
6.98	7.359806054	-0.546719121	0	7.359806054	-0.577669128	0
6.99	7.377218161	-0.541276009	0	7.377218161	-0.558555502	0
7	7.393953699	-0.535920728	0	7.393953699	-0.54498497	0
7.01	7.409960722	-0.530659067	0	7.409960722	-0.537663829	0
7.02	7.425444576	-0.52545815	0	7.425444576	-0.530744924	0
7.03	7.440608037	-0.520279016	0	7.440608037	-0.522637745	0
7.04	7.455479132	-0.515105427	0	7.455479132	-0.515960431	0
7.05	7.469963216	-0.50995454	0	7.469963216	-0.513033614	0
7.06	7.483961275	-0.504867584	0	7.483961275	-0.513697526	0
7.07	7.497426674	-0.49989425	0	7.497426674	-0.515831932	0
7.08	7.51035077	-0.495080653	0	7.51035077	-0.516846092	0
7.09	7.522723284	-0.49046273	0	7.522723284	-0.514966154	0
7.1	7.534507112	-0.486061976	0	7.534507112	-0.509869386	0
7.11	7.545641758	-0.481882704	0	7.545641758	-0.50245496	0
7.12	7.55606605	-0.477912356	0	7.55606605	-0.494032302	0
7.13	7.565740104	-0.474126398	0	7.565740104	-0.485565856	0
7.14	7.574652596	-0.470497251	0	7.574652596	-0.4774066	0
7.15	7.582813779	-0.467003667	0	7.582813779	-0.469497776	0
7.16	7.590245642	-0.463637103	0	7.590245642	-0.46169332	0
7.17	7.596979759	-0.460402737	0	7.596979759	-0.453940125	0
7.18	7.603064364	-0.457316074	0	7.603064364	-0.446303832	0
7.19	7.60857602	-0.45439837	0	7.60857602	-0.439010716	0
7.2	7.613629796	-0.451672435	0	7.613629796	-0.432528705	0
7.21	7.618386694	-0.449159737	0	7.618386694	-0.427585781	0
7.22	7.623056962	-0.446878763	0	7.623056962	-0.424988685	0
7.23	7.627891627	-0.444844839	0	7.627891627	-0.425289633	0
7.24	7.633151113	-0.443071648	0	7.633151113	-0.428613777	0
7.25	7.639057153	-0.44157266	0	7.639057153	-0.434863226	0
7.26	7.645761675	-0.440358858	0	7.645761675	-0.443899809	0
7.27	7.653350439	-0.439432309	0	7.653350439	-0.455306988	0
7.28	7.661864992	-0.438783131	0	7.661864992	-0.468027843	0
7.29	7.671304429	-0.438393284	0	7.671304429	-0.48072438	0
7.3	7.681625852	-0.43824538	0	7.681625852	-0.492232533	0
7.31	7.692759872	-0.438331387	0	7.692759872	-0.501454268	0
7.32	7.704621629	-0.438662521	0	7.704621629	-0.507411861	0
7.33	7.717110974	-0.439278808	0	7.717110974	-0.50958748	0
7.34	7.730112477	-0.440253984	0	7.730112477	-0.508050906	0
7.35	7.743496952	-0.441693509	0	7.743496952	-0.503421378	0
7.36	7.757120907	-0.443726539	0	7.757120907	-0.496794254	0
7.37	7.770827966	-0.446489986	0	7.770827966	-0.489627896	0
7.38	7.784448195	-0.450082728	0	7.784448195	-0.482005957	0
7.39	7.797751249	-0.45454507	0	7.797751249	-0.477202188	0
7.4	7.810596316	-0.459917807	0	7.810596316	-0.476958257	0
7.41	7.823056412	-0.466229471	0	7.823056412	-0.477685454	0
7.42	7.835237949	-0.473505922	0	7.835237949	-0.477682398	0
7.43	7.847169403	-0.481776751	0	7.847169403	-0.477784824	0
7.44	7.858825197	-0.491065774	0	7.858825197	-0.479526684	0
7.45	7.870167751	-0.501382872	0	7.870167751	-0.485190781	0
7.46	7.881992564	-0.512163803	0	7.881992564	-0.452783848	0
7.47	7.895050907	-0.522210635	0	7.895050907	-0.415019025	0
7.48	7.907092851	-0.531717174	0	7.907092851	-0.394850029	0
7.49	7.917409004	-0.540622813	0	7.917409004	-0.387640786	0
7.5	7.926265937	-0.54863827	0	7.926265937	-0.375629394	0
7.51	7.932349358	-0.555189556	0	7.932349358	-0.402626591	0
7.52	7.935280004	-0.55933842	0	7.935280004	-0.455327964	0
7.53	7.937053365	-0.560847169	0	7.937053365	-0.500205268	0
7.54	7.938415792	-0.560022948	0	7.938415792	-0.539228187	0
7.55	7.93947162	-0.557415986	0	7.93947162	-0.576492688	0
7.56	7.940404214	-0.553602915	0	7.940404214	-0.6095041	0
7.57	7.941576355	-0.549100789	0	7.941576355	-0.633335813	0
7.58	7.943300105	-0.544339986	0	7.943300105	-0.646005094	0
7.59	7.945804891	-0.539610338	0	7.945804891	-0.643673922	0
7.6	7.949260033	-0.534955882	0	7.949260033	-0.627416459	0
7.61	7.953181326	-0.53036279	0	7.953181326	-0.610557403	0
7.62	7.957044454	-0.525813601	0	7.957044454	-0.599722533	0
7.63	7.960676302	-0.521297394	0	7.960676302	-0.594187279	0
7.64	7.964147277	-0.516815727	0	7.964147277	-0.591475994	0
7.65	7.967588913	-0.512381272	0	7.967588913	-0.590088838	0
7.66	7.971124931	-0.508014187	0	7.971124931	-0.589177486	0
7.67	7.974865975	-0.503736134	0	7.974865975	-0.587949472	0
7.68	7.97890471	-0.499561649	0	7.97890471	-0.5857495	0
7.69	7.98330508	-0.49549078	0	7.98330508	-0.582295536	0
7.7	7.98809525	-0.491507279	0	7.98809525	-0.577709427	0
7.71	7.993267236	-0.487583069	0	7.993267236	-0.572414916	0
7.72	7.998779469	-0.483685264	0	7.998779469	-0.567036391	0
7.73	8.004564094	-0.479782872	0	8.004564094	-0.562266204	0
7.74	8.010540026	-0.475851424	0	8.010540026	-0.558672622	0
7.75	8.016627419	-0.471876112	0	8.016627419	-0.556528961	0
7.76	8.022757312	-0.467854061	0	8.022757312	-0.555752439	0
7.77	8.028872652	-0.463795492	0	8.028872652	-0.555995901	0
7.78	8.034923719	-0.459723789	0	8.034923719	-0.556820309	0
7.79	8.040865854	-0.455674835	0	8.040865854	-0.55782923	0
7.8	8.046664755	-0.451695578	0	8.046664755	-0.558713	0
7.81	8.052309404	-0.447842233	0	8.052309404	-0.559213411	0
7.82	8.057828753	-0.444177391	0	8.057828753	-0.559037304	0
7.83	8.063305311	-0.440765371	0	8.063305311	-0.557757735	0
7.84	8.068878654	-0.437666029	0	8.068878654	-0.554767383	0
7.85	8.074737139	-0.43492995	0	8.074737139	-0.549314398	0
7.86	8.081099402	-0.432596478	0	8.081099402	-0.540625197	0
7.87	8.088189556	-0.430693634	0	8.088189556	-0.528078742	0
7.88	8.096210698	-0.42923864	0	8.096210698	-0.511408122	0
7.89	8.105322273	-0.428240974	0	8.105322273	-0.49081557	0
7.9	8.115625202	-0.427708701	0	8.115625202	-0.466962553	0
7.91	8.127149478	-0.427655247	0	8.127149478	-0.440992832	0
7.92	8.139845326	-0.428105371	0	8.139845326	-0.414546249	0
7.93	8.153582713	-0.429100234	0	8.153582713	-0.389621375	0
7.94	8.168159636	-0.430700377	0	8.168159636	-0.368366359	0
7.95	8.183320747	-0.432984674	0	8.183320747	-0.352872985	0
7.96	8.198786518	-0.436044526	0	8.198786518	-0.345451652	0
7.97	8.214267457	-0.439958188	0	8.214267457	-0.357214555	0
7.98	8.229857974	-0.444823444	0	8.229857974	-0.375852791	0
7.99	8.245884828	-0.450734025	0	8.245884828	-0.393485058	0
8	8.262291938	-0.45766979	0	8.262291938	-0.412908618	0
8.01	8.278880339	-0.465580046	0	8.278880339	-0.43450542	0
8.02	8.295510672	-0.474440198	0	8.295510672	-0.456051453	0
8.03	8.312115206	-0.484250196	0	8.312115206	-0.474981173	0
8.04	8.328648373	-0.495015504	0	8.328648373	-0.489775048	0
8.05	8.345020531	-0.506631425	0	8.345020531	-0.477306256	0
8.06	8.360384149	-0.5178956	0	8.360384149	-0.501121161	0
8.07	8.375115825	-0.528401006	0	8.375115825	-0.539001903	0
8.08	8.390646742	-0.538246344	0	8.390646742	-0.547948566	0
8.09	8.407332749	-0.54722606	0	8.407332749	-0.545798251	0
8.1	8.425006149	-0.554864197	0	8.425006149	-0.543810709	0
8.11	8.443323416	-0.560020754	0	8.443323416	-0.535383086	0
8.12	8.461641685	-0.562382708	0	8.461641685	-0.546276129	0
8.13	8.479679141	-0.562160788	0	8.479679141	-0.571644022	0
8.14	8.497598339	-0.559816557	0	8.497598339	-0.593381164	0
8.15	8.515590455	-0.555915307	0	8.515590455	-0.599910588	0
8.16	8.533605443	-0.551024945	0	8.533605443	-0.591326579	0
8.17	8.551397384	-0.545658701	0	8.551397384	-0.573942601	0
8.18	8.568693812	-0.540225766	0	8.568693812	-0.555250868	0
8.19	8.585281733	-0.534890235	0	8.585281733	-0.543256239	0
8.2	8.601166764	-0.529643692	0	8.601166764	-0.536426085	0
8.21	8.616577237	-0.524449834	0	8.616577237	-0.52921107	0
8.22	8.631687451	-0.519272145	0	8.631687451	-0.521127412	0
8.23	8.646492582	-0.51410082	0	8.646492582	-0.515066392	0
8.24	8.660888858	-0.508958813	0	8.660888858	-0.512929449	0
8.25	8.674785615	-0.503890199	0	8.674785615	-0.514081329	0
8.26	8.68814624	-0.498944709	0	8.68814624	-0.516189448	0
8.27	8.700964785	-0.494166856	0	8.700964785	-0.516740525	0
8.28	8.713226879	-0.489590094	0	8.713226879	-0.514215164	0
8.29	8.724889741	-0.485232718	0	8.724889741	-0.508572608	0
8.3	8.735890709	-0.481095627	0	8.735890709	-0.500862136	0
8.31	8.74617132	-0.477163382	0	8.74617132	-0.492374794	0
8.32	8.755697242	-0.473410097	0	8.755697242	-0.48395819	0
8.33	8.764462162	-0.469808738	0	8.764462162	-0.475858958	0
8.34	8.772479259	-0.466340181	0	8.772479259	-0.467979851	0
8.35	8.779772216	-0.46299862	0	8.779772216	-0.460185162	0
8.36	8.786375122	-0.459791615	0	8.786375122	-0.452445765	0
8.37	8.792340734	-0.456736092	0	8.792340734	-0.444851597	0
8.38	8.797752462	-0.453853926	0	8.797752462	-0.437669608	0
8.39	8.802733739	-0.45116784	0	8.802733739	-0.431422768	0
8.4	8.807455125	-0.448698814	0	8.807455125	-0.42687613	0
8.41	8.812136146	-0.446464673	0	8.812136146	-0.42481229	0
8.42	8.817032999	-0.444480271	0	8.817032999	-0.425700915	0
8.43	8.822402328	-0.442759221	0	8.822402328	-0.429599896	0
8.44	8.82845367	-0.441314958	0	8.82845367	-0.436400906	0
8.45	8.83532398	-0.440157026	0	8.83532398	-0.445956153	0
8.46	8.843090243	-0.439285393	0	8.843090243	-0.457719067	0
8.47	8.851786005	-0.438687932	0	8.851786005	-0.470524936	0
8.48	8.861400976	-0.438346185	0	8.861400976	-0.483079422	0
8.49	8.871885889	-0.43824383	0	8.871885889	-0.494234236	0
8.5	8.883168245	-0.43837569	0	8.883168245	-0.502887404	0
8.51	8.895160231	-0.438757919	0	8.895160231	-0.508131125	0
8.52	8.90775848	-0.439436932	0	8.90775848	-0.509562782	0
8.53	8.920844857	-0.440492954	0	8.920844857	-0.507361356	0
8.54	8.934287415	-0.442036957	0	8.934287415	-0.502248327	0
8.55	8.94794021	-0.444200923	0	8.94794021	-0.495383895	0
8.56	8.961644416	-0.447120232	0	8.961644416	-0.488244867	0
8.57	8.975222957	-0.450878548	0	8.975222957	-0.480661319	0
8.58	8.988440426	-0.455514508	0	8.988440426	-0.476896302	0
8.59	9.001201166	-0.461067443	0	9.001201166	-0.477126421	0
8.6	9.013600934	-0.467564027	0	9.013600934	-0.477741945	0
8.61	9.02573416	-0.475031022	0	9.02573416	-0.477649951	0
8.62	9.037614839	-0.483497817	0	9.037614839	-0.477952102	0
8.63	9.049212789	-0.492985936	0	9.049212789	-0.4801724	0
8.64	9.06048634	-0.503497333	0	9.06048634	-0.494046071	0
8.65	9.072679673	-0.514163467	0	9.072679673	-0.443622078	0
8.66	9.085669977	-0.524093393	0	9.085669977	-0.409826783	0
8.67	9.097389406	-0.533498026	0	9.097389406	-0.392735926	0
8.68	9.107388135	-0.542256913	0	9.107388135	-0.386869115	0
8.69	9.11594805	-0.550056896	0	9.11594805	-0.371517068	0
8.7	9.121248091	-0.556199014	0	9.121248091	-0.413009236	0
8.71	9.123836785	-0.559833317	0	9.123836785	-0.464746038	0
8.72	9.125505438	-0.560854113	0	9.125505438	-0.508029505	0
8.73	9.126804971	-0.559638392	0	9.126804971	-0.546569784	0
8.74	9.127815089	-0.556753978	0	9.127815089	-0.583378152	0
8.75	9.128764443	-0.552769505	0	9.128764443	-0.614947519	0
8.76	9.130024652	-0.548186769	0	9.130024652	-0.636634307	0
8.77	9.131876811	-0.5434172	0	9.131876811	-0.647112314	0
8.78	9.134572705	-0.538703384	0	9.134572705	-0.641166854	0
8.79	9.138168223	-0.534062366	0	9.138168223	-0.623832907	0
8.8	9.142109329	-0.529479403	0	9.142109329	-0.607923286	0
8.81	9.145930175	-0.524937408	0	9.145930175	-0.598303249	0
8.82	9.14952105	-0.520427711	0	9.14952105	-0.593493139	0
8.83	9.152975438	-0.515954249	0	9.152975438	-0.591126573	0
8.84	9.156425535	-0.51153147	0	9.156425535	-0.589896235	0
8.85	9.159992428	-0.507180391	0	9.159992428	-0.588988827	0
8.86	9.163784032	-0.502921993	0	9.163784032	-0.587617351	0
8.87	9.167888337	-0.498768455	0	9.167888337	-0.585185128	0
8.88	9.172362607	-0.494716565	0	9.172362607	-0.581493424	0
8.89	9.177227894	-0.490747303	0	9.177227894	-0.576731163	0
8.9	9.182469406	-0.486831072	0	9.182469406	-0.571369284	0
8.91	9.188039655	-0.482934869	0	9.188039655	-0.566058772	0
8.92	9.193867262	-0.479028729	0	9.193867262	-0.561480189	0
8.93	9.199870256	-0.475089793	0	9.199870256	-0.558158362	0
8.94	9.205970408	-0.471105408	0	9.205970408	-0.556297086	0
8.95	9.212101254	-0.467075183	0	9.212101254	-0.555751009	0
8.96	9.21820756	-0.463011945	0	9.21820756	-0.55614159	0
8.97	9.224240685	-0.458941554	0	9.224240685	-0.557028592	0
8.98	9.230157273	-0.454902088	0	9.230157273	-0.558033642	0
8.99	9.235926234	-0.45094248	0	9.235926234	-0.558861937	0
9	9.241542975	-0.447120459	0	9.241542975	-0.559255587	0
9.01	9.247045959	-0.443499397	0	9.247045959	-0.558902244	0
9.02	9.252528755	-0.440143204	0	9.252528755	-0.557342893	0
9.03	9.258141223	-0.437110208	0	9.258141223	-0.553937139	0
9.04	9.264079201	-0.434448914	0	9.264079201	-0.547917131	0
9.05	9.27056437	-0.432196487	0	9.27056437	-0.538524018	0
9.06	9.277818926	-0.430378786	0	9.277818926	-0.52518938	0
9.07	9.286038952	-0.429011167	0	9.286038952	-0.507733589	0
9.08	9.295373696	-0.428102299	0	9.295373696	-0.486447497	0
9.09	9.305911369	-0.427660777	0	9.305911369	-0.462081245	0
9.1	9.317667052	-0.427701757	0	9.317667052	-0.435879153	0
9.11	9.330575313	-0.428252788	0	9.330575313	-0.409562999	0
9.12	9.344491348	-0.429358655	0	9.344491348	-0.385176898	0
9.13	9.359201149	-0.431083635	0	9.359201149	-0.364872397	0
9.14	9.374442259	-0.433509616	0	9.374442259	-0.350719315	0
9.15	9.389933518	-0.43672888	0	9.389933518	-0.345697771	0
9.16	9.40540421	-0.44081463	0	9.40540421	-0.360880159	0
9.17	9.421064358	-0.445877306	0	9.421064358	-0.379231359	0
9.18	9.437177382	-0.451988689	0	9.437177382	-0.397011244	0
9.19	9.453633804	-0.459115058	0	9.453633804	-0.416930103	0
9.2	9.470238012	-0.467208677	0	9.470238012	-0.438732067	0
9.21	9.486867017	-0.476250845	0	9.486867017	-0.459953542	0
9.22	9.503461074	-0.486244003	0	9.503461074	-0.47816802	0
9.23	9.519974709	-0.497192974	0	9.519974709	-0.492093291	0
9.24	9.5362472	-0.508862706	0	9.5362472	-0.473928325	0
9.25	9.551372171	-0.519965695	0	9.551372171	-0.51024078	0
9.26	9.56617211	-0.530345875	0	9.56617211	-0.542544294	0
9.27	9.581926783	-0.540048114	0	9.581926783	-0.547835442	0
9.28	9.59881705	-0.548824047	0	9.59881705	-0.545386534	0
9.29	9.616653518	-0.556069826	0	9.616653518	-0.541575532	0
9.3	9.63501857	-0.560689199	0	9.63501857	-0.535731512	0
9.31	9.65328642	-0.562528824	0	9.65328642	-0.550549201	0
9.32	9.671281189	-0.561858393	0	9.671281189	-0.576623707	0
9.33	9.689205044	-0.559170133	0	9.689205044	-0.595953248	0
9.34	9.707213426	-0.555035979	0	9.707213426	-0.599282979	0
9.35	9.725207564	-0.550016951	0	9.725207564	-0.588439903	0
9.36	9.742923836	-0.544610683	0	9.742923836	-0.570212459	0
9.37	9.760097631	-0.53919351	0	9.760097631	-0.552295779	0
9.38	9.776540078	-0.533877076	0	9.776540078	-0.541750812	0
9.39	9.792314161	-0.528644081	0	9.792314161	-0.535168812	0
9.4	9.807658829	-0.523455805	0	9.807658829	-0.527654351	0
9.41	9.82271566	-0.518279224	0	9.82271566	-0.519717536	0
9.42	9.837451125	-0.513111085	0	9.837451125	-0.514339188	0
9.43	9.851756908	-0.507979578	0	9.851756908	-0.512955144	0
9.44	9.865552034	-0.502930978	0	9.865552034	-0.514499449	0
9.45	9.878808745	-0.498014708	0	9.878808745	-0.516484505	0
9.46	9.891522243	-0.493273474	0	9.891522243	-0.516518804	0
9.47	9.903673364	-0.488738096	0	9.903673364	-0.513355634	0
9.48	9.915214145	-0.484423638	0	9.915214145	-0.507215018	0
9.49	9.926080683	-0.480327639	0	9.926080683	-0.499262887	0
9.5	9.93621804	-0.476432062	0	9.93621804	-0.490743329	0
9.51	9.945597472	-0.472710013	0	9.945597472	-0.48238369	0
9.52	9.954217281	-0.469135329	0	9.954217281	-0.474340124	0
9.53	9.962093171	-0.465691216	0	9.962093171	-0.466484782	0
9.54	9.969250502	-0.46237457	0	9.969250502	-0.458699136	0
9.55	9.975726117	-0.459195119	0	9.975726117	-0.450975938	0
9.56	9.981577789	-0.456171088	0	9.981577789	-0.443433545	0
9.57	9.986895891	-0.453324754	0	9.986895891	-0.436380856	0
9.58	9.991812386	-0.450678674	0	9.991812386	-0.430394698	0
9.59	9.996507343	-0.448253304	0	9.996507343	-0.426268397	0
9.6	10.00120898	-0.446065826	0	10.00120898	-0.424747594	0
9.61	10.00617725	-0.4441307	0	10.00617725	-0.426213714	0
9.62	10.01166287	-0.442461539	0	10.01166287	-0.430674192	0
9.63	10.0178619	-0.441071408	0	10.0178619	-0.438028471	0
9.64	10.02489894	-0.439968581	0	10.02489894	-0.448082287	0
9.65	10.03284272	-0.439150453	0	10.03284272	-0.460133921	0
9.66	10.04171749	-0.43860323	0	10.04171749	-0.472968686	0
9.67	10.05150347	-0.438308366	0	10.05150347	-0.485349558	0
9.68	10.06214659	-0.438250779	0	10.06214659	-0.496117635	0
9.69	10.07357194	-0.438428409	0	10.07357194	-0.504169984	0
9.7	10.0856884	-0.438862722	0	10.0856884	-0.508694428	0
9.71	10.09838948	-0.439606545	0	10.09838948	-0.509403042	0
9.72	10.11155444	-0.440746428	0	10.11155444	-0.506576631	0
9.73	10.12504878	-0.442398287	0	10.12504878	-0.501030342	0
9.74	10.13872383	-0.444696543	0	10.13872383	-0.493991422	0
9.75	10.15241911	-0.447772503	0	10.15241911	-0.486806424	0
9.76	10.16594672	-0.451695252	0	10.16594672	-0.479514061	0
9.77	10.17907606	-0.456503821	0	10.17907606	-0.476754237	0
9.78	10.19175764	-0.462235236	0	10.19175764	-0.477295805	0
9.79	10.20410131	-0.468915024	0	10.20410131	-0.477764506	0
9.8	10.21618703	-0.476570901	0	10.21618703	-0.477628571	0
9.81	10.22801618	-0.48523163	0	10.22801618	-0.478185393	0
9.82	10.23955553	-0.49491621	0	10.23955553	-0.480919559	0
9.83	10.25078528	-0.505594827	0	10.25078528	-0.491024992	0
9.84	10.26335261	-0.51610703	0	10.26335261	-0.435679539	0
9.85	10.27620083	-0.525930634	0	10.27620083	-0.40530111	0
9.86	10.28758819	-0.535229931	0	10.28758819	-0.391080517	0
9.87	10.29728994	-0.543832177	0	10.29728994	-0.386134611	0
9.88	10.30544805	-0.551395362	0	10.30544805	-0.375046816	0
9.89	10.31003823	-0.557099465	0	10.31003823	-0.423322677	0
9.9	10.31235681	-0.560223594	0	10.31235681	-0.473668394	0
9.91	10.31393967	-0.56077827	0	10.31393967	-0.51557512	0
9.92	10.31517793	-0.559198176	0	10.31517793	-0.553769578	0
9.93	10.31615139	-0.55606122	0	10.31615139	-0.589979827	0
9.94	10.31713144	-0.551926222	0	10.31713144	-0.619945777	0
9.95	10.31848875	-0.54727913	0	10.31848875	-0.639478555	0
9.96	10.32047525	-0.542510599	0	10.32047525	-0.647448528	0
9.97	10.3233643	-0.53781169	0	10.3233643	-0.63827896	0
9.98	10.3270749	-0.53318321	0	10.3270749	-0.620396884	0
9.99	10.33101783	-0.528609398	0	10.33101783	-0.605590307	0
10	10.33479377	-0.524074001	0	10.33479377	-0.597092467	0
