0	-0.04399360314	-0.3880862754	0	0	0	0	0	0	-88.52667833
0.01	-0.02109707442	-0.389121381	0	0	0	0	0	0	-56.41642051
0.02	0.004776273249	-0.3912637454	0	0	0	0	0	0	-41.41159443
0.03	0.03070480387	-0.3942021494	0	0	0	0	0	0	-34.48204211
0.04	0.056674814	-0.3980567063	0	0	0	0	0	0	-23.09037639
0.05	0.08295910803	-0.4029618025	0	0	0	0	0	0	-6.658779554
0.06	0.1093190774	-0.4089671364	0	0	0	0	0	0	8.931193628
0.07	0.135373935	-0.4160633976	0	0	0	0	0	0	19.42451637
0.08	0.1609446965	-0.4242097319	0	0	0	0	0	0	24.26638245
0.09	0.1861041058	-0.4333439228	0	0	0	0	0	0	25.43283236
0.1	0.2110873112	-0.4433902671	0	0	0	0	0	0	25.771604
0.11	0.2361958385	-0.4542682123	0	0	0	0	0	0	27.73167344
0.12	0.2617345637	-0.4658965655	0	0	0	0	0	0	32.5911031
0.13	0.287976159	-0.4781915702	0	0	0	0	0	0	40.1625385
0.14	0.3151390212	-0.4910624416	0	0	0	0	0	0	48.95030949
0.15	0.3433690522	-0.5044098004	0	0	0	0	0	0	56.66109881
0.16	0.3726611419	-0.5179449324	0	0	0	0	0	0	57.08220705
0.17	0.4024675464	-0.5298630017	0	0	0	0	0	0	39.68122374
0.18	0.4330674404	-0.5392726725	0	0	0	0	0	0	17.09354758
0.19	0.464982702	-0.5440124807	0	0	0	0	0	0	52.16751202
0.2	0.4966541954	-0.543541869	0	0	0	0	0	0	61.50216796
0.21	0.5248778879	-0.5391511574	0	0	0	0	0	0	26.12757104
0.22	0.5496394992	-0.5320169558	0	0	0	0	0	0	-30.30728041
0.23	0.5726216945	-0.5229591872	0	0	0	0	0	0	-64.29214322
0.24	0.5952911599	-0.5125710605	0	0	0	0	0	0	-64.37668236
0.25	0.6172957382	-0.5017341305	0	0	0	0	0	0	-49.62600727
0.26	0.6373515634	-0.4911481415	0	0	0	0	0	0	-39.63288052
0.27	0.6548456548	-0.4810923362	0	0	0	0	0	0	-35.83259388
0.28	0.6700734167	-0.4714463474	0	0	0	0	0	0	-31.29126315
0.29	0.6835955251	-0.4619770319	0	0	0	0	0	0	-22.32123632
0.3	0.6957481118	-0.452600322	0	0	0	0	0	0	-11.2971352
0.31	0.7066304615	-0.4434131936	0	0	0	0	0	0	-2.278354349
0.32	0.716331077	-0.43459336	0	0	0	0	0	0	3.024666141
0.33	0.7250479809	-0.4263253424	0	0	0	0	0	0	5.272233028
0.34	0.7330394217	-0.4187860429	0	0	0	0	0	0	5.571982798
0.35	0.7405384082	-0.4121419924	0	0	0	0	0	0	4.447820217
0.36	0.7477255044	-0.4065264386	0	0	0	0	0	0	1.977016697
0.37	0.7547279195	-0.4019757253	0	0	0	0	0	0	-1.848338934
0.38	0.7617148494	-0.3984714858	0	0	0	0	0	0	-6.122267953
0.39	0.7688828587	-0.3959825709	0	0	0	0	0	0	-10.23731948
0.4	0.7763879929	-0.3944643578	0	0	0	0	0	0	-14.31528914
0.41	0.7843284772	-0.3938249387	0	0	0	0	0	0	-18.42304334
0.42	0.7927462495	-0.3939429741	0	0	0	0	0	0	-22.84496942
0.43	0.8016240487	-0.3947115544	0	0	0	0	0	0	-27.85486604
0.44	0.8109487022	-0.3960385702	0	0	0	0	0	0	-32.86043744
0.45	0.8207205263	-0.3978500731	0	0	0	0	0	0	-36.90489084
0.46	0.830931097	-0.4000996838	0	0	0	0	0	0	-39.18591999
0.47	0.8415544404	-0.4027735285	0	0	0	0	0	0	-39.22536565
0.48	0.8525535215	-0.4058906347	0	0	0	0	0	0	-36.87541653
0.49	0.8638885775	-0.4095012792	0	0	0	0	0	0	-32.29862381
0.5	0.8755194892	-0.4136837608	0	0	0	0	0	0	-25.93441938
0.51	0.8874030781	-0.4185385216	0	0	0	0	0	0	-18.41985642
0.52	0.8994883653	-0.4241791382	0	0	0	0	0	0	-10.4736675
0.53	0.9117109752	-0.4307177435	0	0	0	0	0	0	-2.781567675
0.54	0.9239825723	-0.4382333831	0	0	0	0	0	0	3.983929816
0.55	0.936195304	-0.4467801527	0	0	0	0	0	0	9.104655791
0.56	0.9483008578	-0.4563983076	0	0	0	0	0	0	13.12287286
0.57	0.9602877909	-0.4671025534	0	0	0	0	0	0	16.56115224
0.58	0.9720815455	-0.4788944452	0	0	0	0	0	0	18.92063088
0.59	0.9835204041	-0.4917677521	0	0	0	0	0	0	19.24319003
0.6	0.9944774698	-0.5056623376	0	0	0	0	0	0	23.0206611
0.61	1.007267516	-0.5189560464	0	0	0	0	0	0	69.55185324
0.62	1.019369267	-0.5312330947	0	0	0	0	0	0	93.60215228
0.63	1.028415881	-0.5426938147	0	0	0	0	0	0	106.0168807
0.64	1.032816452	-0.5523811937	0	0	0	0	0	0	84.120219
0.65	1.032897345	-0.5588071565	0	0	0	0	0	0	44.35661352
0.66	1.031047434	-0.5615452657	0	0	0	0	0	0	3.172111693
0.67	1.028398888	-0.5608939749	0	0	0	0	0	0	-37.96086075
0.68	1.025687138	-0.5575415857	0	0	0	0	0	0	-76.06876097
0.69	1.023710428	-0.5523347811	0	0	0	0	0	0	-106.1247471
0.7	1.023194811	-0.5461097092	0	0	0	0	0	0	-124.9417945
0.71	1.024524164	-0.5395427382	0	0	0	0	0	0	-132.2664455
0.72	1.027962493	-0.5328688784	0	0	0	0	0	0	-127.6432367
0.73	1.033222887	-0.5260658293	0	0	0	0	0	0	-117.4114758
0.74	1.039705617	-0.5191094722	0	0	0	0	0	0	-105.9984962
0.75	1.046968643	-0.5119947056	0	0	0	0	0	0	-94.99803472
0.76	1.054776335	-0.5047374263	0	0	0	0	0	0	-84.62571984
0.77	1.063022886	-0.4973726981	0	0	0	0	0	0	-74.58804992
0.78	1.071661699	-0.4899535673	0	0	0	0	0	0	-64.45908817
0.79	1.080657312	-0.4825465278	0	0	0	0	0	0	-53.87670597
0.8	1.089956211	-0.4752249099	0	0	0	0	0	0	-42.64981193
0.81	1.099471751	-0.4680636564	0	0	0	0	0	0	-30.80577138
0.82	1.109076429	-0.4611393757	0	0	0	0	0	0	-18.63851158
0.83	1.118605819	-0.4545310849	0	0	0	0	0	0	-6.686555552
0.84	1.127875454	-0.4483195763	0	0	0	0	0	0	4.351434092
0.85	1.136716095	-0.4425826475	0	0	0	0	0	0	13.83905676
0.86	1.145013344	-0.4373887157	0	0	0	0	0	0	21.37569618
0.87	1.152738705	-0.4327908255	0	0	0	0	0	0	26.91027035
0.88	1.159963112	-0.4288221395	0	0	0	0	0	0	30.7323966
0.89	1.166849834	-0.4254940379	0	0	0	0	0	0	33.37067868
0.9	1.173631379	-0.4227977791	0	0	0	0	0	0	35.45914645
0.91	1.180576163	-0.4207092094	0	0	0	0	0	0	37.59984725
0.92	1.187952739	-0.4191952329	0	0	0	0	0	0	40.2421177
0.93	1.195994911	-0.4182211499	0	0	0	0	0	0	43.57700685
0.94	1.204875067	-0.4177583883	0	0	0	0	0	0	47.48640321
0.95	1.21468967	-0.4177917811	0	0	0	0	0	0	51.55116856
0.96	1.225455828	-0.4183260231	0	0	0	0	0	0	55.10850751
0.97	1.237118918	-0.4193900409	0	0	0	0	0	0	57.35310371
0.98	1.24956756	-0.4210387231	0	0	0	0	0	0	57.45890566
0.99	1.262654819	-0.4233509676	0	0	0	0	0	0	54.71168172
1	1.276222137	-0.4264244259	0	0	0	0	0	0	48.61066368
1.01	1.290123014	-0.4303665478	0	0	0	0	0	0	38.64242604
1.02	1.304244173	-0.435278707	0	0	0	0	0	0	22.55714254
1.03	1.318734199	-0.4412682165	0	0	0	0	0	0	4.613138583
1.04	1.333804612	-0.4484156056	0	0	0	0	0	0	-10.63737075
1.05	1.349406229	-0.4567237553	0	0	0	0	0	0	-19.91173876
1.06	1.365125476	-0.466132265	0	0	0	0	0	0	-24.5026774
1.07	1.380510803	-0.476590922	0	0	0	0	0	0	-24.66534596
1.08	1.395253773	-0.4880752781	0	0	0	0	0	0	-20.14761778
1.09	1.409173775	-0.5005653728	0	0	0	0	0	0	-11.3761463
1.1	1.422184466	-0.5139015742	0	0	0	0	0	0	-0.9293472865
1.11	1.434165365	-0.5267610824	0	0	0	0	0	0	2.492102833
1.12	1.445718313	-0.5386150556	0	0	0	0	0	0	6.315724262
1.13	1.458003975	-0.5491004717	0	0	0	0	0	0	15.5306279
1.14	1.471583335	-0.5567583009	0	0	0	0	0	0	25.46803177
1.15	1.486423349	-0.561065405	0	0	0	0	0	0	29.97743378
1.16	1.502076321	-0.5620069774	0	0	0	0	0	0	23.75706243
1.17	1.518286696	-0.5599298101	0	0	0	0	0	0	11.07942742
1.18	1.535088249	-0.5555029216	0	0	0	0	0	0	0.2675324403
1.19	1.552555838	-0.5495345324	0	0	0	0	0	0	-3.326826259
1.2	1.570616424	-0.542787839	0	0	0	0	0	0	0.3201895606
1.21	1.58905351	-0.5358166904	0	0	0	0	0	0	7.03202303
1.22	1.607595414	-0.5287314752	0	0	0	0	0	0	11.59198446
1.23	1.626154617	-0.5214687614	0	0	0	0	0	0	13.21286378
1.24	1.644801951	-0.5139408354	0	0	0	0	0	0	12.90018551
1.25	1.663574716	-0.5060747634	0	0	0	0	0	0	11.12757692
1.26	1.682383416	-0.4978512472	0	0	0	0	0	0	7.719809526
1.27	1.701052375	-0.489317739	0	0	0	0	0	0	2.874540273
1.28	1.719402084	-0.4805747842	0	0	0	0	0	0	-2.364099165
1.29	1.737289718	-0.4717526144	0	0	0	0	0	0	-6.643240306
1.3	1.754599833	-0.4629938435	0	0	0	0	0	0	-9.111382259
1.31	1.771227372	-0.4544423226	0	0	0	0	0	0	-9.758807453
1.32	1.787080648	-0.4462344494	0	0	0	0	0	0	-9.168721619
1.33	1.802097286	-0.4384926738	0	0	0	0	0	0	-8.118317482
1.34	1.816252769	-0.4313229626	0	0	0	0	0	0	-7.366787496
1.35	1.829554784	-0.4248161909	0	0	0	0	0	0	-7.592552028
1.36	1.842032266	-0.4190492845	0	0	0	0	0	0	-9.325526258
1.37	1.853727167	-0.4140835077	0	0	0	0	0	0	-12.85028795
1.38	1.864688536	-0.4099605625	0	0	0	0	0	0	-18.15587932
1.39	1.874966411	-0.4066993192	0	0	0	0	0	0	-24.95088431
1.4	1.88460531	-0.4042946953	0	0	0	0	0	0	-32.71735379
1.41	1.893639415	-0.4027193271	0	0	0	0	0	0	-40.78027957
1.42	1.902091574	-0.4019275853	0	0	0	0	0	0	-48.36050183
1.43	1.909975247	-0.4018621905	0	0	0	0	0	0	-54.66568556
1.44	1.917301019	-0.4024625968	0	0	0	0	0	0	-58.97816867
1.45	1.924085139	-0.4036740315	0	0	0	0	0	0	-60.7511512
1.46	1.930356615	-0.4054566467	0	0	0	0	0	0	-59.70285064
1.47	1.936160962	-0.4077930714	0	0	0	0	0	0	-55.86838757
1.48	1.941559802	-0.4106930506	0	0	0	0	0	0	-49.59319221
1.49	1.946626728	-0.4141939168	0	0	0	0	0	0	-41.45518893
1.5	1.951441059	-0.4183561485	0	0	0	0	0	0	60.24421434
1.51	1.953474498	-0.4236510829	0	0	0	0	0	0	-9.217806253
1.52	1.955741447	-0.4291203784	0	0	0	0	0	0	-8.195166569
1.53	1.958832566	-0.4347495808	0	0	0	0	0	0	-7.006079624
1.54	1.961956521	-0.4409398398	0	0	0	0	0	0	-10.9503038
1.55	1.965100918	-0.4478865013	0	0	0	0	0	0	-11.46402986
1.56	1.968413948	-0.4557105303	0	0	0	0	0	0	-6.266216412
1.57	1.971942157	-0.4645216376	0	0	0	0	0	0	2.492183424
1.58	1.975789738	-0.4744354176	0	0	0	0	0	0	11.98185468
1.59	1.980157056	-0.4854489312	0	0	0	0	0	0	22.34076632
1.6	1.985011984	-0.4975118147	0	0	0	0	0	0	30.87663449
1.61	1.990182119	-0.510515236	0	0	0	0	0	0	31.76776947
1.62	1.998006761	-0.5230082343	0	0	0	0	0	0	41.97263531
1.63	2.008835601	-0.5343000777	0	0	0	0	0	0	70.62733389
1.64	2.018097788	-0.5448032272	0	0	0	0	0	0	87.66534291
1.65	2.021977431	-0.5537834712	0	0	0	0	0	0	57.44035807
1.66	2.020910262	-0.5597847468	0	0	0	0	0	0	11.03421921
1.67	2.017592824	-0.5622787545	0	0	0	0	0	0	-34.93388551
1.68	2.013008615	-0.5613986674	0	0	0	0	0	0	-82.45484374
1.69	2.007775103	-0.5577059838	0	0	0	0	0	0	-131.3254945
1.7	2.003133342	-0.5520659455	0	0	0	0	0	0	-173.3484197
1.71	2.000691909	-0.545526726	0	0	0	0	0	0	-198.4178005
1.72	2.001565457	-0.5390269265	0	0	0	0	0	0	-201.3706512
1.73	2.005959623	-0.5329681572	0	0	0	0	0	0	-185.3722302
1.74	2.013037671	-0.5274138182	0	0	0	0	0	0	-159.7377452
1.75	2.021900138	-0.5222663149	0	0	0	0	0	0	-128.9028745
1.76	2.031907615	-0.5173583351	0	0	0	0	0	0	-94.80689427
1.77	2.042482104	-0.5125217689	0	0	0	0	0	0	-60.15998909
1.78	2.053008216	-0.5076374936	0	0	0	0	0	0	-28.49881908
1.79	2.06293271	-0.5026612789	0	0	0	0	0	0	-2.732109916
1.8	2.071904306	-0.4976190484	0	0	0	0	0	0	15.84969844
1.81	2.079839253	-0.4925802404	0	0	0	0	0	0	27.63152147
1.82	2.086893475	-0.4876257664	0	0	0	0	0	0	34.12357178
1.83	2.093369303	-0.4828222036	0	0	0	0	0	0	37.1970661
1.84	2.09960112	-0.4782066329	0	0	0	0	0	0	38.42478604
1.85	2.105860097	-0.4737818299	0	0	0	0	0	0	38.72200142
1.86	2.112296772	-0.4695197194	0	0	0	0	0	0	38.30433146
1.87	2.118921767	-0.465370606	0	0	0	0	0	0	36.86008236
1.88	2.125614391	-0.4612751648	0	0	0	0	0	0	33.80029379
1.89	2.13214877	-0.4571770362	0	0	0	0	0	0	28.49019756
1.9	2.138235546	-0.4530363565	0	0	0	0	0	0	20.42200603
1.91	2.143584016	-0.4488459713	0	0	0	0	0	0	9.306371691
1.92	2.147996597	-0.4446516033	0	0	0	0	0	0	-4.872945225
1.93	2.151490862	-0.4405663804	0	0	0	0	0	0	-21.67228758
1.94	2.154392346	-0.4367530904	0	0	0	0	0	0	-39.70097629
1.95	2.157291674	-0.4333644914	0	0	0	0	0	0	-56.65619666
1.96	2.160896337	-0.4305097843	0	0	0	0	0	0	-70.22967909
1.97	2.165913711	-0.4282872165	0	0	0	0	0	0	-78.16976648
1.98	2.172915698	-0.4267867077	0	0	0	0	0	0	-78.73766876
1.99	2.182176744	-0.4260445789	0	0	0	0	0	0	-72.33103369
2	2.193686914	-0.4260536722	0	0	0	0	0	0	-60.6271868
2.01	2.207244363	-0.4268040019	0	0	0	0	0	0	-45.26037009
2.02	2.222476575	-0.4282928614	0	0	0	0	0	0	-28.29718727
2.03	2.238867788	-0.4305277428	0	0	0	0	0	0	-12.21476811
2.04	2.255839544	-0.433535746	0	0	0	0	0	0	0.8418660532
2.05	2.272843887	-0.4373664095	0	0	0	0	0	0	9.347971225
2.06	2.289436521	-0.4420775346	0	0	0	0	0	0	9.965868826
2.07	2.3055124	-0.447730681	0	0	0	0	0	0	5.174309836
2.08	2.321435575	-0.4544184669	0	0	0	0	0	0	2.02824646
2.09	2.337307018	-0.4621402719	0	0	0	0	0	0	-0.350617372
2.1	2.353067589	-0.4708583733	0	0	0	0	0	0	-2.25010398
2.11	2.368721311	-0.4805568108	0	0	0	0	0	0	-2.690231604
2.12	2.3843499	-0.4912424103	0	0	0	0	0	0	-0.5557574266
2.13	2.400027488	-0.5028680518	0	0	0	0	0	0	8.436369823
2.14	2.415620745	-0.5144889181	0	0	0	0	0	0	0.9897608224
2.15	2.431852834	-0.5255820595	0	0	0	0	0	0	2.122891276
2.16	2.449088585	-0.5360347608	0	0	0	0	0	0	7.668370476
2.17	2.467085197	-0.5455455857	0	0	0	0	0	0	9.67538468
2.18	2.485763098	-0.5537170078	0	0	0	0	0	0	7.301437069
2.19	2.505099545	-0.5594646445	0	0	0	0	0	0	9.657484756
2.2	2.524563231	-0.5623769098	0	0	0	0	0	0	4.011378236
2.21	2.543767416	-0.5626130868	0	0	0	0	0	0	-9.193708952
2.22	2.562774088	-0.5606069184	0	0	0	0	0	0	-21.2349924
2.23	2.581736735	-0.5569157927	0	0	0	0	0	0	-25.9101537
2.24	2.600606162	-0.5521101709	0	0	0	0	0	0	-22.87409438
2.25	2.619138984	-0.5467131351	0	0	0	0	0	0	-15.29330975
2.26	2.637052088	-0.5411495134	0	0	0	0	0	0	-7.286610569
2.27	2.654115797	-0.5355935538	0	0	0	0	0	0	-3.336108755
2.28	2.670341805	-0.5300450588	0	0	0	0	0	0	-2.480801088
2.29	2.68598575	-0.5244794767	0	0	0	0	0	0	-1.609223064
2.3	2.701246952	-0.5188751707	0	0	0	0	0	0	-0.3703831847
2.31	2.716135323	-0.5132408059	0	0	0	0	0	0	-0.1887309887
2.32	2.730557375	-0.5076199231	0	0	0	0	0	0	-1.937509669
2.33	2.74443617	-0.5020758241	0	0	0	0	0	0	-5.165582453
2.34	2.757753906	-0.4966728256	0	0	0	0	0	0	-8.579219813
2.35	2.770523945	-0.4914642851	0	0	0	0	0	0	-10.86183188
2.36	2.78274564	-0.4864878169	0	0	0	0	0	0	-11.30537
2.37	2.794381864	-0.4817632255	0	0	0	0	0	0	-10.03181443
2.38	2.80537079	-0.4772920947	0	0	0	0	0	0	-7.713040998
2.39	2.81565537	-0.4730602589	0	0	0	0	0	0	-5.059923794
2.4	2.825205653	-0.4690449326	0	0	0	0	0	0	-2.463320446
2.41	2.834020072	-0.4652249721	0	0	0	0	0	0	0.0137110915
2.42	2.842112935	-0.461590195	0	0	0	0	0	0	2.426839421
2.43	2.849505217	-0.4581453773	0	0	0	0	0	0	4.766153289
2.44	2.856229716	-0.4549079752	0	0	0	0	0	0	6.917618012
2.45	2.862348081	-0.4519021499	0	0	0	0	0	0	8.709598328
2.46	2.867968391	-0.4491524846	0	0	0	0	0	0	9.934478588
2.47	2.873253985	-0.4466797557	0	0	0	0	0	0	10.32204461
2.48	2.878421885	-0.4444989844	0	0	0	0	0	0	9.55999618
2.49	2.883728331	-0.4426189885	0	0	0	0	0	0	7.414111695
2.5	2.889436703	-0.4410436276	0	0	0	0	0	0	3.842864916
2.51	2.895770995	-0.439772888	0	0	0	0	0	0	-1.059551438
2.52	2.90288659	-0.4388028172	0	0	0	0	0	0	-7.129502521
2.53	2.910873046	-0.4381213117	0	0	0	0	0	0	-14.0277041
2.54	2.919770513	-0.4377074405	0	0	0	0	0	0	-21.11314628
2.55	2.929573147	-0.4375379788	0	0	0	0	0	0	-27.62673726
2.56	2.940233011	-0.4375975816	0	0	0	0	0	0	-32.88983342
2.57	2.951673628	-0.4378888667	0	0	0	0	0	0	-36.32530841
2.58	2.963800399	-0.4384420232	0	0	0	0	0	0	-37.5379403
2.59	2.976503234	-0.4393216697	0	0	0	0	0	0	-36.43685407
2.6	2.989657102	-0.4406278393	0	0	0	0	0	0	-33.26260049
2.61	3.003122325	-0.4424894184	0	0	0	0	0	0	-28.52684529
2.62	3.016744015	-0.4450489083	0	0	0	0	0	0	-22.94578938
2.63	3.030354246	-0.4484242608	0	0	0	0	0	0	-16.78995983
2.64	3.043722974	-0.4526627346	0	0	0	0	0	0	-11.1740662
2.65	3.056659699	-0.4578070338	0	0	0	0	0	0	-7.825202399
2.66	3.06921208	-0.4638881899	0	0	0	0	0	0	-4.991031369
2.67	3.081505271	-0.4709311249	0	0	0	0	0	0	-1.406810314
2.68	3.093589613	-0.4789657724	0	0	0	0	0	0	2.71399893
2.69	3.105446371	-0.4880188541	0	0	0	0	0	0	6.613196204
2.7	3.117037542	-0.4981037824	0	0	0	0	0	0	9.615227313
2.71	3.12863022	-0.5090136251	0	0	0	0	0	0	22.66788766
2.72	3.141770809	-0.5193726105	0	0	0	0	0	0	51.97285004
2.73	3.154322894	-0.5291525595	0	0	0	0	0	0	69.58855156
2.74	3.165123044	-0.5383901225	0	0	0	0	0	0	79.10568372
2.75	3.174276493	-0.546824513	0	0	0	0	0	0	86.32281451
2.76	3.180883027	-0.5539328111	0	0	0	0	0	0	82.90416288
2.77	3.183929497	-0.5586941791	0	0	0	0	0	0	57.61787091
2.78	3.185519292	-0.560737543	0	0	0	0	0	0	34.13221424
2.79	3.186578967	-0.560301054	0	0	0	0	0	0	12.44133112
2.8	3.187281113	-0.5579173217	0	0	0	0	0	0	-9.361959197
2.81	3.187823718	-0.5541785512	0	0	0	0	0	0	-29.92336506
2.82	3.188609266	-0.5496331467	0	0	0	0	0	0	-46.18832276
2.83	3.190019315	-0.5447494089	0	0	0	0	0	0	-56.42827098
2.84	3.192322521	-0.5398615945	0	0	0	0	0	0	-58.66466801
2.85	3.195739659	-0.5350412719	0	0	0	0	0	0	-52.6772614
2.86	3.199798997	-0.5302788027	0	0	0	0	0	0	-45.45703826
2.87	3.203917254	-0.5255573437	0	0	0	0	0	0	-40.92960596
2.88	3.207859885	-0.5208652493	0	0	0	0	0	0	-39.06351543
2.89	3.211656882	-0.516203712	0	0	0	0	0	0	-38.72997418
2.9	3.215415173	-0.5115861567	0	0	0	0	0	0	-39.22503748
2.91	3.219244197	-0.5070352147	0	0	0	0	0	0	-40.14042872
2.92	3.223249764	-0.5025770613	0	0	0	0	0	0	-41.05045755
2.93	3.227527654	-0.4982321596	0	0	0	0	0	0	-41.56437729
2.94	3.23214982	-0.494006654	0	0	0	0	0	0	-41.47185609
2.95	3.237153687	-0.4898892654	0	0	0	0	0	0	-40.78072915
2.96	3.242538143	-0.4858550577	0	0	0	0	0	0	-39.67973429
2.97	3.248263208	-0.4818724762	0	0	0	0	0	0	-38.49512599
2.98	3.254255835	-0.4779103169	0	0	0	0	0	0	-37.62203429
2.99	3.260423372	-0.4739427321	0	0	0	0	0	0	-37.41731122
3	3.26667085	-0.4699529627	0	0	0	0	0	0	-38.08854093
3.01	3.272913929	-0.4659361353	0	0	0	0	0	0	-39.64510074
3.02	3.279083185	-0.4619010558	0	0	0	0	0	0	-41.93197414
3.03	3.285122374	-0.4578706496	0	0	0	0	0	0	-44.713383
3.04	3.290988257	-0.4538813625	0	0	0	0	0	0	-47.74416557
3.05	3.296657772	-0.4499815955	0	0	0	0	0	0	-50.79397799
3.06	3.302141879	-0.4462291787	0	0	0	0	0	0	-53.63326057
3.07	3.307500872	-0.4426875681	0	0	0	0	0	0	-55.99625159
3.08	3.312853924	-0.4394202297	0	0	0	0	0	0	-57.5444873
3.09	3.318375879	-0.4364839974	0	0	0	0	0	0	-57.86804982
3.1	3.324284007	-0.4339253315	0	0	0	0	0	0	-56.51838425
3.11	3.330813727	-0.431778324	0	0	0	0	0	0	-53.09043822
3.12	3.338192671	-0.430066353	0	0	0	0	0	0	-47.30452443
3.13	3.346613076	-0.4288026809	0	0	0	0	0	0	-39.11076553
3.14	3.356212048	-0.427995139	0	0	0	0	0	0	-28.71627398
3.15	3.367058985	-0.4276533048	0	0	0	0	0	0	-16.56609351
3.16	3.379145814	-0.4277955789	0	0	0	0	0	0	-3.351984552
3.17	3.392378463	-0.4284534381	0	0	0	0	0	0	10.00130616
3.18	3.406586419	-0.4296779239	0	0	0	0	0	0	22.45295845
3.19	3.421532507	-0.4315391817	0	0	0	0	0	0	32.94049578
3.2	3.436938523	-0.4341240187	0	0	0	0	0	0	40.47688953
3.21	3.452513789	-0.4375252946	0	0	0	0	0	0	42.74944329
3.22	3.468037065	-0.4418151537	0	0	0	0	0	0	36.16541939
3.23	3.483818137	-0.4471116909	0	0	0	0	0	0	29.9366376
3.24	3.500033452	-0.4534579184	0	0	0	0	0	0	24.2901331
3.25	3.516529675	-0.4608089146	0	0	0	0	0	0	18.03020867
3.26	3.533123425	-0.4691218054	0	0	0	0	0	0	11.58218338
3.27	3.54971474	-0.4783842474	0	0	0	0	0	0	6.245295442
3.28	3.56625704	-0.4886007367	0	0	0	0	0	0	3.116121603
3.29	3.582710605	-0.4997747211	0	0	0	0	0	0	2.815245253
3.3	3.598792359	-0.5114592796	0	0	0	0	0	0	17.14284075
3.31	3.61374308	-0.5224349137	0	0	0	0	0	0	1.624612399
3.32	3.628752711	-0.5327183114	0	0	0	0	0	0	-5.349887407
3.33	3.644825291	-0.5422724962	0	0	0	0	0	0	-1.627346273
3.34	3.661977648	-0.5508076694	0	0	0	0	0	0	3.161246171
3.35	3.679999093	-0.5575184417	0	0	0	0	0	0	9.439601821
3.36	3.698377074	-0.5614812172	0	0	0	0	0	0	11.64687866
3.37	3.716552197	-0.5626910371	0	0	0	0	0	0	2.292885487
3.38	3.734469706	-0.5614889661	0	0	0	0	0	0	-11.62125777
3.39	3.75235803	-0.5584024589	0	0	0	0	0	0	-21.2924651
3.4	3.770323146	-0.5540103216	0	0	0	0	0	0	-23.2065612
3.41	3.788216672	-0.5488630691	0	0	0	0	0	0	-18.89033105
3.42	3.805763863	-0.5434347978	0	0	0	0	0	0	-11.72898581
3.43	3.822711752	-0.5380520047	0	0	0	0	0	0	-5.606134042
3.44	3.83890592	-0.5327742486	0	0	0	0	0	0	-3.322489882
3.45	3.8544627	-0.5275746112	0	0	0	0	0	0	-2.559138506
3.46	3.869618728	-0.5224119852	0	0	0	0	0	0	-1.350452064
3.47	3.884479893	-0.5172594102	0	0	0	0	0	0	-0.3357003065
3.48	3.898990868	-0.5121232009	0	0	0	0	0	0	-0.8729602416
3.49	3.913047402	-0.5070392849	0	0	0	0	0	0	-3.316063729
3.5	3.926584435	-0.5020575172	0	0	0	0	0	0	-6.845179874
3.51	3.939586435	-0.4972268118	0	0	0	0	0	0	-10.12942126
3.52	3.952051771	-0.4925862253	0	0	0	0	0	0	-12.06423425
3.53	3.963958718	-0.4881602967	0	0	0	0	0	0	-12.22368183
3.54	3.975257617	-0.4839562472	0	0	0	0	0	0	-10.89676894
3.55	3.98588816	-0.479963669	0	0	0	0	0	0	-8.750366415
3.56	3.995803584	-0.4761582077	0	0	0	0	0	0	-6.399432262
3.57	4.004984385	-0.4725098159	0	0	0	0	0	0	-4.155466302
3.58	4.013435616	-0.4689924396	0	0	0	0	0	0	-2.052180743
3.59	4.021176447	-0.465591881	0	0	0	0	0	0	0.001631416571
3.6	4.028233885	-0.4623085438	0	0	0	0	0	0	2.087622061
3.61	4.034646254	-0.4591552615	0	0	0	0	0	0	4.237537845
3.62	4.040472673	-0.4561523241	0	0	0	0	0	0	6.420257732
3.63	4.04580386	-0.4533232821	0	0	0	0	0	0	8.494649622
3.64	4.050769418	-0.4506912895	0	0	0	0	0	0	10.17076083
3.65	4.05554389	-0.4482771001	0	0	0	0	0	0	11.04560538
3.66	4.060347386	-0.4460981547	0	0	0	0	0	0	10.7480442
3.67	4.065429026	-0.4441692234	0	0	0	0	0	0	9.088185004
3.68	4.071028109	-0.4425042435	0	0	0	0	0	0	6.058175081
3.69	4.077331238	-0.4411164123	0	0	0	0	0	0	1.706021745
3.7	4.084457392	-0.4400138698	0	0	0	0	0	0	-3.866332171
3.71	4.092472552	-0.4391939373	0	0	0	0	0	0	-10.30358112
3.72	4.101399699	-0.4386431227	0	0	0	0	0	0	-17.02203139
3.73	4.111219793	-0.4383431525	0	0	0	0	0	0	-23.4056701
3.74	4.121879857	-0.4382793366	0	0	0	0	0	0	-28.88186047
3.75	4.133305905	-0.4384499928	0	0	0	0	0	0	-32.89903241
3.76	4.145408364	-0.4388766665	0	0	0	0	0	0	-35.03119771
3.77	4.158082443	-0.4396120209	0	0	0	0	0	0	-35.09476237
3.78	4.17120924	-0.4407422037	0	0	0	0	0	0	-33.17617561
3.79	4.184656053	-0.4423827511	0	0	0	0	0	0	-29.61840183
3.8	4.198276191	-0.4446678331	0	0	0	0	0	0	-24.96452367
3.81	4.211911463	-0.4477287766	0	0	0	0	0	0	-19.82623687
3.82	4.22537677	-0.4516357237	0	0	0	0	0	0	-14.17813425
3.83	4.238442982	-0.456427729	0	0	0	0	0	0	-10.31511671
3.84	4.251058893	-0.4621420605	0	0	0	0	0	0	-7.656915299
3.85	4.26333457	-0.468804365	0	0	0	0	0	0	-4.502861358
3.86	4.27535227	-0.4764423401	0	0	0	0	0	0	-0.5583932547
3.87	4.287115571	-0.4850848287	0	0	0	0	0	0	3.545241856
3.88	4.298592805	-0.4947510134	0	0	0	0	0	0	7.072884926
3.89	4.30975768	-0.5054162684	0	0	0	0	0	0	6.455823843
3.9	4.322245377	-0.515942448	0	0	0	0	0	0	39.49296832
3.91	4.335099021	-0.5257718703	0	0	0	0	0	0	59.83796528
3.92	4.346521182	-0.5350781158	0	0	0	0	0	0	71.78624617
3.93	4.35625493	-0.5436949731	0	0	0	0	0	0	78.60603788
3.94	4.364458508	-0.551283278	0	0	0	0	0	0	88.20302132
3.95	4.369109885	-0.5570307935	0	0	0	0	0	0	67.13068636
3.96	4.371447885	-0.5602029829	0	0	0	0	0	0	43.45325378
3.97	4.37302833	-0.560799729	0	0	0	0	0	0	22.68279552
3.98	4.374253016	-0.5592499718	0	0	0	0	0	0	2.691048216
3.99	4.375202623	-0.556130338	0	0	0	0	0	0	-17.14061382
4	4.376149644	-0.5520008799	0	0	0	0	0	0	-34.40113786
4.01	4.377471447	-0.5473503892	0	0	0	0	0	0	-46.69544078
4.02	4.379428524	-0.5425731845	0	0	0	0	0	0	-53.22436665
4.03	4.382298471	-0.5378654307	0	0	0	0	0	0	-51.07654106
4.04	4.386009698	-0.533229626	0	0	0	0	0	0	-44.38686589
4.05	4.389972443	-0.528650219	0	0	0	0	0	0	-39.10901117
4.06	4.39378048	-0.5241106262	0	0	0	0	0	0	-36.92873961
4.07	4.397372569	-0.51960393	0	0	0	0	0	0	-36.88252086
4.08	4.400853332	-0.515135608	0	0	0	0	0	0	-37.8893539
4.09	4.404350081	-0.5107210795	0	0	0	0	0	0	-39.3833012
4.1	4.407978714	-0.5063815776	0	0	0	0	0	0	-40.96540465
4.11	4.411843079	-0.5021370853	0	0	0	0	0	0	-42.24045458
4.12	4.416026555	-0.4979975599	0	0	0	0	0	0	-42.9316824
4.13	4.420581148	-0.4939571336	0	0	0	0	0	0	-42.97291779
4.14	4.425523092	-0.4899947595	0	0	0	0	0	0	-42.48933954
4.15	4.430833223	-0.4860799644	0	0	0	0	0	0	-41.74369906
4.16	4.436460477	-0.4821799902	0	0	0	0	0	0	-41.08161099
4.17	4.442331282	-0.4782657982	0	0	0	0	0	0	-40.84990654
4.18	4.448363394	-0.47431597	0	0	0	0	0	0	-41.29908496
4.19	4.454479798	-0.4703196844	0	0	0	0	0	0	-42.50666187
4.2	4.460615061	-0.4662786284	0	0	0	0	0	0	-44.37689368
4.21	4.466714181	-0.4622078293	0	0	0	0	0	0	-46.70322724
4.22	4.47272812	-0.4581353758	0	0	0	0	0	0	-49.25586562
4.23	4.478614232	-0.4541016547	0	0	0	0	0	0	-51.83183282
4.24	4.484345198	-0.4501578394	0	0	0	0	0	0	-54.26048348
4.25	4.489924285	-0.4463636049	0	0	0	0	0	0	-56.37654872
4.26	4.495401696	-0.4427835719	0	0	0	0	0	0	-57.97348321
4.27	4.500884821	-0.4394817156	0	0	0	0	0	0	-58.76305265
4.28	4.506536347	-0.4365151738	0	0	0	0	0	0	-58.37286378
4.29	4.51256176	-0.433930658	0	0	0	0	0	0	-56.38225173
4.3	4.519186472	-0.4317632261	0	0	0	0	0	0	-52.40405099
4.31	4.526630258	-0.4300365877	0	0	0	0	0	0	-46.17404553
4.32	4.535080901	-0.428764239	0	0	0	0	0	0	-37.64777841
4.33	4.544675106	-0.4279541083	0	0	0	0	0	0	-27.0211306
4.34	4.555485513	-0.4276154797	0	0	0	0	0	0	-14.71954278
4.35	4.567509057	-0.4277654922	0	0	0	0	0	0	-1.416807113
4.36	4.580661715	-0.4284347562	0	0	0	0	0	0	11.99427033
4.37	4.594781385	-0.429671972	0	0	0	0	0	0	24.49105774
4.38	4.609640618	-0.4315452693	0	0	0	0	0	0	35.03262327
4.39	4.62496945	-0.4341395315	0	0	0	0	0	0	42.63313412
4.4	4.640482674	-0.4375460327	0	0	0	0	0	0	44.93450286
4.41	4.65596266	-0.4418360549	0	0	0	0	0	0	38.35416516
4.42	4.671720354	-0.4471292144	0	0	0	0	0	0	32.03133263
4.43	4.687930223	-0.4534696472	0	0	0	0	0	0	26.18394032
4.44	4.704438931	-0.4608131055	0	0	0	0	0	0	19.6497362
4.45	4.72106136	-0.4691168768	0	0	0	0	0	0	12.86869663
4.46	4.737692984	-0.4783684769	0	0	0	0	0	0	7.146217725
4.47	4.754281014	-0.4885722288	0	0	0	0	0	0	3.593012443
4.48	4.770779442	-0.4997314083	0	0	0	0	0	0	2.901901461
4.49	4.786884884	-0.5113794018	0	0	0	0	0	0	17.38910882
4.5	4.801807163	-0.5223040817	0	0	0	0	0	0	1.213233403
4.51	4.816764451	-0.5325419835	0	0	0	0	0	0	-6.276268962
4.52	4.832794246	-0.5420659913	0	0	0	0	0	0	-2.59305669
4.53	4.849922741	-0.5505898807	0	0	0	0	0	0	2.513441875
4.54	4.86793964	-0.5573217833	0	0	0	0	0	0	9.074150131
4.55	4.886340422	-0.5613259336	0	0	0	0	0	0	11.97978153
4.56	4.904556154	-0.5625841441	0	0	0	0	0	0	3.222698671
4.57	4.922523285	-0.5614275715	0	0	0	0	0	0	-10.36505442
4.58	4.940467495	-0.5583765595	0	0	0	0	0	0	-19.98134436
4.59	4.958494582	-0.5540061513	0	0	0	0	0	0	-22.06008259
4.6	4.976455977	-0.5488667809	0	0	0	0	0	0	-18.06405673
4.61	4.994076213	-0.543435804	0	0	0	0	0	0	-11.31354917
4.62	5.011101187	-0.5380428363	0	0	0	0	0	0	-5.654384133
4.63	5.027379336	-0.5327495805	0	0	0	0	0	0	-3.715774243
4.64	5.043033076	-0.5275321602	0	0	0	0	0	0	-3.055200364
4.65	5.058299912	-0.5223504813	0	0	0	0	0	0	-1.753918294
4.66	5.073281936	-0.517176821	0	0	0	0	0	0	-0.5460913814
4.67	5.087919199	-0.5120155672	0	0	0	0	0	0	-0.8698297813
4.68	5.102103597	-0.5069004068	0	0	0	0	0	0	-3.142032175
4.69	5.115766846	-0.5018795225	0	0	0	0	0	0	-6.586636153
4.7	5.128890347	-0.4970014627	0	0	0	0	0	0	-9.886338709
4.71	5.141469505	-0.4923065466	0	0	0	0	0	0	-11.91732734
4.72	5.15347963	-0.4878221153	0	0	0	0	0	0	-12.20966112
4.73	5.16486812	-0.4835591007	0	0	0	0	0	0	-11.00685279
4.74	5.175571573	-0.4795110638	0	0	0	0	0	0	-8.939581948
4.75	5.185540105	-0.4756570514	0	0	0	0	0	0	-6.604023342
4.76	5.194751689	-0.4719694052	0	0	0	0	0	0	-4.308176857
4.77	5.203209558	-0.4684233675	0	0	0	0	0	0	-2.094480636
4.78	5.210931992	-0.4650049891	0	0	0	0	0	0	0.1029102963
4.79	5.217946287	-0.4617143521	0	0	0	0	0	0	2.334917346
4.8	5.224292579	-0.4585635868	0	0	0	0	0	0	4.600850456
4.81	5.230034479	-0.4555724196	0	0	0	0	0	0	6.834867008
4.82	5.235269913	-0.4527635863	0	0	0	0	0	0	8.869825988
4.83	5.240139857	-0.4501595399	0	0	0	0	0	0	10.40091874
4.84	5.244833758	-0.44778025	0	0	0	0	0	0	11.03235056
4.85	5.249587312	-0.4456423536	0	0	0	0	0	0	10.42628639
4.86	5.254660944	-0.4437600323	0	0	0	0	0	0	8.439653607
4.87	5.260296599	-0.4421468561	0	0	0	0	0	0	5.100386866
4.88	5.266675098	-0.4408153308	0	0	0	0	0	0	0.4703796694
4.89	5.27390708	-0.4397719098	0	0	0	0	0	0	-5.315234874
4.9	5.28205004	-0.439011419	0	0	0	0	0	0	-11.86849264
4.91	5.291120862	-0.4385182244	0	0	0	0	0	0	-18.55242914
4.92	5.30109302	-0.4382735326	0	0	0	0	0	0	-24.7485957
4.93	5.311906325	-0.4382643204	0	0	0	0	0	0	-29.90725316
4.94	5.32348191	-0.4384926594	0	0	0	0	0	0	-33.49578054
4.95	5.335726054	-0.4389859012	0	0	0	0	0	0	-35.13127219
4.96	5.348529669	-0.4398037834	0	0	0	0	0	0	-34.69593396
4.97	5.361769279	-0.441039507	0	0	0	0	0	0	-32.34366029
4.98	5.375307555	-0.4428139515	0	0	0	0	0	0	-28.47123872
4.99	5.388993354	-0.4452632982	0	0	0	0	0	0	-23.65485662
5	5.402664284	-0.4485115507	0	0	0	0	0	0	-18.36700194
5.01	5.416117933	-0.452614039	0	0	0	0	0	0	-12.96397187
5.02	5.429141977	-0.4576110827	0	0	0	0	0	0	-9.573329936
5.03	5.441734975	-0.4635367546	0	0	0	0	0	0	-6.961746295
5.04	5.454013238	-0.4704160952	0	0	0	0	0	0	-3.658933541
5.05	5.466039653	-0.4782777683	0	0	0	0	0	0	0.3428583615
5.06	5.477804416	-0.4871493618	0	0	0	0	0	0	4.338378301
5.07	5.489272363	-0.4970469654	0	0	0	0	0	0	7.624019431
5.08	5.500567934	-0.5078439027	0	0	0	0	0	0	14.84336352
5.09	5.513434255	-0.5181842687	0	0	0	0	0	0	45.09388414
5.1	5.526062813	-0.5278997221	0	0	0	0	0	0	63.41399112
5.11	5.537087356	-0.5370781649	0	0	0	0	0	0	73.72590861
5.12	5.546488903	-0.5454985657	0	0	0	0	0	0	80.11630582
5.13	5.554070405	-0.5527697219	0	0	0	0	0	0	85.08781895
5.14	5.557990724	-0.5579698374	0	0	0	0	0	0	61.76366582
5.15	5.560075064	-0.5605417688	0	0	0	0	0	0	38.7576466
5.16	5.561572264	-0.5606087755	0	0	0	0	0	0	18.43056001
5.17	5.562737923	-0.5586559991	0	0	0	0	0	0	-1.532598367
5.18	5.563674531	-0.5552657399	0	0	0	0	0	0	-20.94875681
5.19	5.564695272	-0.5509843348	0	0	0	0	0	0	-37.1470847
5.2	5.566161335	-0.5462802749	0	0	0	0	0	0	-48.11523001
5.21	5.568303416	-0.54151746	0	0	0	0	0	0	-52.91830684
5.22	5.57139933	-0.5368307869	0	0	0	0	0	0	-49.15508567
5.23	5.575211488	-0.5322117724	0	0	0	0	0	0	-42.46285216
5.24	5.579145273	-0.5276437082	0	0	0	0	0	0	-37.97411249
5.25	5.582878677	-0.5231117164	0	0	0	0	0	0	-36.51492597
5.26	5.586408504	-0.5186121218	0	0	0	0	0	0	-36.9190074
5.27	5.589855551	-0.5141534011	0	0	0	0	0	0	-38.20674475
5.28	5.593348082	-0.5097531673	0	0	0	0	0	0	-39.86893945
5.29	5.597001539	-0.5054334217	0	0	0	0	0	0	-41.49971888
5.3	5.600916884	-0.50121271	0	0	0	0	0	0	-42.71746993
5.31	5.605171039	-0.4970976828	0	0	0	0	0	0	-43.29213193
5.32	5.609807307	-0.4930785788	0	0	0	0	0	0	-43.21033891
5.33	5.614832502	-0.4891314168	0	0	0	0	0	0	-42.63948338
5.34	5.62021839	-0.4852244361	0	0	0	0	0	0	-41.87224352
5.35	5.625906557	-0.4813252204	0	0	0	0	0	0	-41.26727506
5.36	5.63181957	-0.4774062651	0	0	0	0	0	0	-41.15894856
5.37	5.637875262	-0.4734484712	0	0	0	0	0	0	-41.76269801
5.38	5.643999191	-0.4694438391	0	0	0	0	0	0	-43.11355562
5.39	5.650129374	-0.4653972124	0	0	0	0	0	0	-45.08076211
5.4	5.656213464	-0.4613266337	0	0	0	0	0	0	-47.44388783
5.41	5.662204254	-0.4572630881	0	0	0	0	0	0	-49.97633148
5.42	5.668062072	-0.4532493356	0	0	0	0	0	0	-52.48336613
5.43	5.673764902	-0.4493382528	0	0	0	0	0	0	-54.80147113
5.44	5.679324285	-0.4455904935	0	0	0	0	0	0	-56.76446039
5.45	5.684800973	-0.4420704801	0	0	0	0	0	0	-58.15620681
5.46	5.69031295	-0.4388406165	0	0	0	0	0	0	-58.67586865
5.47	5.696031444	-0.4359556098	0	0	0	0	0	0	-57.94259773
5.48	5.70216669	-0.4334594498	0	0	0	0	0	0	-55.53905601
5.49	5.708944218	-0.431384569	0	0	0	0	0	0	-51.09768204
5.5	5.716578518	-0.4297522328	0	0	0	0	0	0	-44.39429355
5.51	5.72524836	-0.428574367	0	0	0	0	0	0	-35.42976839
5.52	5.735079019	-0.4278587243	0	0	0	0	0	0	-24.44343942
5.53	5.746129356	-0.4276158338	0	0	0	0	0	0	-11.90632952
5.54	5.758381121	-0.4278653296	0	0	0	0	0	0	1.463855376
5.55	5.771734921	-0.4286414369	0	0	0	0	0	0	14.74341885
5.56	5.786014993	-0.4299969915	0	0	0	0	0	0	26.89933171
5.57	5.800983744	-0.4320040542	0	0	0	0	0	0	36.90057925
5.58	5.816366825	-0.4347502734	0	0	0	0	0	0	43.76003022
5.59	5.831873809	-0.4383241816	0	0	0	0	0	0	43.97725011
5.6	5.847370406	-0.4428015086	0	0	0	0	0	0	36.97605896
5.61	5.863215971	-0.4483017666	0	0	0	0	0	0	30.86065318
5.62	5.879499267	-0.4548443065	0	0	0	0	0	0	24.89887912
5.63	5.896040065	-0.4623794759	0	0	0	0	0	0	18.21525185
5.64	5.912666451	-0.4708703025	0	0	0	0	0	0	11.51796657
5.65	5.929288202	-0.4803093128	0	0	0	0	0	0	6.143688811
5.66	5.945856414	-0.4907018415	0	0	0	0	0	0	3.092723013
5.67	5.96232281	-0.5020439543	0	0	0	0	0	0	4.341139437
5.68	5.978204345	-0.5136042252	0	0	0	0	0	0	15.11428068
5.69	5.992988689	-0.5243811696	0	0	0	0	0	0	-1.757177773
5.7	6.008106416	-0.5344934143	0	0	0	0	0	0	-6.161438592
5.71	6.024357466	-0.5438486465	0	0	0	0	0	0	-1.493534298
5.72	6.041672125	-0.5521224604	0	0	0	0	0	0	2.992334646
5.73	6.059810944	-0.5583438566	0	0	0	0	0	0	10.59225465
5.74	6.078196897	-0.5617891065	0	0	0	0	0	0	11.14214281
5.75	6.096343266	-0.562530713	0	0	0	0	0	0	0.6546030392
5.76	6.114279438	-0.5609498888	0	0	0	0	0	0	-12.73040804
5.77	6.132234758	-0.5575871334	0	0	0	0	0	0	-20.92703618
5.78	6.150263455	-0.5530177463	0	0	0	0	0	0	-21.58379924
5.79	6.168176932	-0.5477816694	0	0	0	0	0	0	-16.77744231
5.8	6.185695764	-0.5423372141	0	0	0	0	0	0	-9.908224973
5.81	6.202576596	-0.5369621021	0	0	0	0	0	0	-5.00937108
5.82	6.218714182	-0.5316842556	0	0	0	0	0	0	-3.604438755
5.83	6.23427864	-0.526474978	0	0	0	0	0	0	-2.870128983
5.84	6.24949453	-0.521294063	0	0	0	0	0	0	-1.456226376
5.85	6.264425621	-0.5161192368	0	0	0	0	0	0	-0.4464677995
5.86	6.278991552	-0.510961457	0	0	0	0	0	0	-1.163434962
5.87	6.293087198	-0.5058584954	0	0	0	0	0	0	-3.760079028
5.88	6.306655155	-0.5008595531	0	0	0	0	0	0	-7.289046532
5.89	6.319682498	-0.4960121211	0	0	0	0	0	0	-10.41761028
5.9	6.332162155	-0.491354442	0	0	0	0	0	0	-12.12413977
5.91	6.34406305	-0.486911054	0	0	0	0	0	0	-12.08870386
5.92	6.355327903	-0.4826896685	0	0	0	0	0	0	-10.66527963
5.93	6.365893718	-0.4786807396	0	0	0	0	0	0	-8.508814513
5.94	6.375715373	-0.4748613691	0	0	0	0	0	0	-6.166977818
5.95	6.384776337	-0.4712037837	0	0	0	0	0	0	-3.88596672
5.96	6.393083525	-0.4676849093	0	0	0	0	0	0	-1.674113189
5.97	6.400657062	-0.4642934449	0	0	0	0	0	0	0.5378085736
5.98	6.407526241	-0.4610320641	0	0	0	0	0	0	2.787580168
5.99	6.413735311	-0.4579147003	0	0	0	0	0	0	5.061019451
6	6.419354049	-0.4549616796	0	0	0	0	0	0	7.278019759
6.01	6.42448923	-0.4521959005	0	0	0	0	0	0	9.241478501
6.02	6.429292146	-0.4496393097	0	0	0	0	0	0	10.6187673
6.03	6.43396335	-0.4473110554	0	0	0	0	0	0	11.01221585
6.04	6.438747457	-0.4452270218	0	0	0	0	0	0	10.11903986
6.05	6.443906272	-0.4434010754	0	0	0	0	0	0	7.842759066
6.06	6.449672331	-0.4418467713	0	0	0	0	0	0	4.226126428
6.07	6.456211731	-0.4405759215	0	0	0	0	0	0	-0.6641646442
6.08	6.463622411	-0.4395928809	0	0	0	0	0	0	-6.656813944
6.09	6.471953932	-0.4388899931	0	0	0	0	0	0	-13.28697042
6.1	6.481213382	-0.4384502968	0	0	0	0	0	0	-19.90692295
6.11	6.491365273	-0.4382555891	0	0	0	0	0	0	-25.92471034
6.12	6.502344727	-0.4382951374	0	0	0	0	0	0	-30.78705851
6.13	6.514069746	-0.4385755028	0	0	0	0	0	0	-33.97809546
6.14	6.526443083	-0.4391304808	0	0	0	0	0	0	-35.17053773
6.15	6.539352276	-0.4400270315	0	0	0	0	0	0	-34.30628424
6.16	6.552670864	-0.4413648649	0	0	0	0	0	0	-31.59288696
6.17	6.566258358	-0.4432693678	0	0	0	0	0	0	-27.47287978
6.18	6.579960735	-0.4458776854	0	0	0	0	0	0	-22.56235921
6.19	6.593612608	-0.4493024929	0	0	0	0	0	0	-17.10822656
6.2	6.606995681	-0.4535891848	0	0	0	0	0	0	-12.06471727
6.21	6.619929207	-0.4587789037	0	0	0	0	0	0	-9.020683327
6.22	6.63245416	-0.4649026831	0	0	0	0	0	0	-6.344813934
6.23	6.644684602	-0.471985716	0	0	0	0	0	0	-2.866270646
6.24	6.656665415	-0.4800573527	0	0	0	0	0	0	1.190713039
6.25	6.668377546	-0.4891434274	0	0	0	0	0	0	5.083613329
6.26	6.679784405	-0.4992569988	0	0	0	0	0	0	8.146006622
6.27	6.691300649	-0.5100873918	0	0	0	0	0	0	23.08217652
6.28	6.704331113	-0.5202671353	0	0	0	0	0	0	49.65348544
6.29	6.716677365	-0.5298750538	0	0	0	0	0	0	66.16251771
6.3	6.727331865	-0.5389187489	0	0	0	0	0	0	75.19754415
6.31	6.736446147	-0.5471373252	0	0	0	0	0	0	81.62945381
6.32	6.743309774	-0.5540624848	0	0	0	0	0	0	80.85047894
6.33	6.746672086	-0.5587290009	0	0	0	0	0	0	56.69264653
6.34	6.748578414	-0.5607491501	0	0	0	0	0	0	34.37839752
6.35	6.750006061	-0.5603468293	0	0	0	0	0	0	14.32191763
6.36	6.751114916	-0.5580458361	0	0	0	0	0	0	-5.63863922
6.37	6.752044539	-0.5544277778	0	0	0	0	0	0	-24.58912452
6.38	6.753138438	-0.5500244241	0	0	0	0	0	0	-39.76628258
6.39	6.754735748	-0.5452849329	0	0	0	0	0	0	-49.55839781
6.4	6.757057618	-0.540538899	0	0	0	0	0	0	-52.58352032
6.41	6.760347486	-0.5358699465	0	0	0	0	0	0	-47.6238702
6.42	6.764227441	-0.5312655419	0	0	0	0	0	0	-41.13568016
6.43	6.768128226	-0.5267083441	0	0	0	0	0	0	-37.34839412
6.44	6.771806089	-0.5221853494	0	0	0	0	0	0	-36.41612552
6.45	6.775300203	-0.5176956013	0	0	0	0	0	0	-37.09701226
6.46	6.778738957	-0.5132498175	0	0	0	0	0	0	-38.52661587
6.47	6.782248643	-0.5088670383	0	0	0	0	0	0	-40.24122831
6.48	6.785942514	-0.5045692733	0	0	0	0	0	0	-41.83328135
6.49	6.789917433	-0.5003731582	0	0	0	0	0	0	-42.94263802
6.5	6.79424396	-0.4962820031	0	0	0	0	0	0	-43.38404247
6.51	6.798957535	-0.4922826116	0	0	0	0	0	0	-43.18820753
6.52	6.804057212	-0.4883486982	0	0	0	0	0	0	-42.55452516
6.53	6.809507785	-0.4844478255	0	0	0	0	0	0	-41.7952253
6.54	6.815245747	-0.4805481704	0	0	0	0	0	0	-41.2724516
6.55	6.821191324	-0.4766236619	0	0	0	0	0	0	-41.30409515
6.56	6.82726351	-0.4726574073	0	0	0	0	0	0	-42.06864777
6.57	6.833390662	-0.4686440094	0	0	0	0	0	0	-43.56220126
6.58	6.83951356	-0.4645910603	0	0	0	0	0	0	-45.62735739
6.59	6.845581368	-0.460519363	0	0	0	0	0	0	-48.03612379
6.6	6.851548218	-0.4564624447	0	0	0	0	0	0	-50.56650031
6.61	6.857376955	-0.4524651846	0	0	0	0	0	0	-53.03288126
6.62	6.863050717	-0.4485822052	0	0	0	0	0	0	-55.2763505
6.63	6.868589506	-0.4448752383	0	0	0	0	0	0	-57.12578622
6.64	6.874064758	-0.4414086692	0	0	0	0	0	0	-58.35209108
6.65	6.879605228	-0.4382436934	0	0	0	0	0	0	-58.63836403
6.66	6.885391038	-0.4354330219	0	0	0	0	0	0	-57.59196117
6.67	6.89163669	-0.4330182466	0	0	0	0	0	0	-54.80185936
6.68	6.898567818	-0.431029593	0	0	0	0	0	0	-49.91817042
6.69	6.906393324	-0.4294862383	0	0	0	0	0	0	-42.75726383
6.7	6.915282705	-0.4283987849	0	0	0	0	0	0	-33.3674023
6.71	6.92534917	-0.4277749929	0	0	0	0	0	0	-22.03279576
6.72	6.936637322	-0.4276267286	0	0	0	0	0	0	-9.270882691
6.73	6.949113272	-0.4279761192	0	0	0	0	0	0	4.155738518
6.74	6.962662142	-0.4288608244	0	0	0	0	0	0	17.2930998
6.75	6.977094847	-0.4303375287	0	0	0	0	0	0	29.1014571
6.76	6.992164482	-0.4324817887	0	0	0	0	0	0	38.56136121
6.77	7.007593589	-0.4353833569	0	0	0	0	0	0	44.65742383
6.78	7.023088499	-0.4391261568	0	0	0	0	0	0	42.75212165
6.79	7.038622958	-0.4437953481	0	0	0	0	0	0	35.70893404
6.8	7.0545593	-0.4495013827	0	0	0	0	0	0	29.75380789
6.81	7.070908447	-0.456242	0	0	0	0	0	0	23.65894268
6.82	7.087475831	-0.463965639	0	0	0	0	0	0	16.87314449
6.83	7.104105376	-0.4726414904	0	0	0	0	0	0	10.32397905
6.84	7.120719102	-0.4822662059	0	0	0	0	0	0	5.338630085
6.85	7.137270417	-0.4928454514	0	0	0	0	0	0	2.799461899
6.86	7.153701725	-0.5043465631	0	0	0	0	0	0	9.708948321
6.87	7.169328347	-0.5157699827	0	0	0	0	0	0	11.94069837
6.88	7.184051868	-0.5264070735	0	0	0	0	0	0	-3.885487709
6.89	7.19936631	-0.5363887102	0	0	0	0	0	0	-5.642562612
6.9	7.215838081	-0.5455620972	0	0	0	0	0	0	-0.3751857581
6.91	7.233335907	-0.5535431326	0	0	0	0	0	0	3.987665753
6.92	7.251577254	-0.5592373337	0	0	0	0	0	0	11.67759283
6.93	7.269936437	-0.5621367727	0	0	0	0	0	0	9.802229239
6.94	7.288025083	-0.5623872171	0	0	0	0	0	0	-2.026379052
6.95	7.305947834	-0.5604130939	0	0	0	0	0	0	-14.87804619
6.96	7.323921504	-0.5567694568	0	0	0	0	0	0	-21.59862008
6.97	7.341947875	-0.5520289748	0	0	0	0	0	0	-20.94825175
6.98	7.359806054	-0.5467191212	0	0	0	0	0	0	-15.4750034
6.99	7.377218161	-0.5412760093	0	0	0	0	0	0	-8.639746676
7	7.393953699	-0.5359207278	0	0	0	0	0	0	-4.532120832
7.01	7.409960722	-0.5306590673	0	0	0	0	0	0	-3.502381098
7.02	7.425444576	-0.5254581497	0	0	0	0	0	0	-2.643386945
7.03	7.440608037	-0.5202790164	0	0	0	0	0	0	-1.179364291
7.04	7.455479132	-0.5151054274	0	0	0	0	0	0	-0.4275017661
7.05	7.469963216	-0.5099545396	0	0	0	0	0	0	-1.539537087
7.06	7.483961275	-0.5048675843	0	0	0	0	0	0	-4.414970918
7.07	7.497426674	-0.4998942497	0	0	0	0	0	0	-7.968840831
7.08	7.51035077	-0.4950806527	0	0	0	0	0	0	-10.88271932
7.09	7.522723284	-0.4904627297	0	0	0	0	0	0	-12.25171178
7.1	7.534507112	-0.4860619755	0	0	0	0	0	0	-11.90370521
7.11	7.545641758	-0.4818827042	0	0	0	0	0	0	-10.28612795
7.12	7.55606605	-0.4779123563	0	0	0	0	0	0	-8.059973215
7.13	7.565740104	-0.4741263977	0	0	0	0	0	0	-5.71972879
7.14	7.574652596	-0.4704972514	0	0	0	0	0	0	-3.454674325
7.15	7.582813779	-0.4670036673	0	0	0	0	0	0	-1.247054683
7.16	7.590245642	-0.4636371025	0	0	0	0	0	0	0.9718913816
7.17	7.596979759	-0.4604027371	0	0	0	0	0	0	3.231306039
7.18	7.603064364	-0.4573160744	0	0	0	0	0	0	5.506121151
7.19	7.60857602	-0.4543983696	0	0	0	0	0	0	7.693826966
7.2	7.613629796	-0.4516724349	0	0	0	0	0	0	9.571865156
7.21	7.618386694	-0.4491597374	0	0	0	0	0	0	10.78697784
7.22	7.623056962	-0.4468787625	0	0	0	0	0	0	10.9450392
7.23	7.627891627	-0.4448448386	0	0	0	0	0	0	9.777602846
7.24	7.633151113	-0.4430716477	0	0	0	0	0	0	7.228935307
7.25	7.639057153	-0.4415726604	0	0	0	0	0	0	3.354717137
7.26	7.645761675	-0.4403588576	0	0	0	0	0	0	-1.770475548
7.27	7.653350439	-0.4394323091	0	0	0	0	0	0	-7.937339596
7.28	7.661864992	-0.4387831305	0	0	0	0	0	0	-14.62235585
7.29	7.671304429	-0.4383932841	0	0	0	0	0	0	-21.16554788
7.3	7.681625852	-0.4382453795	0	0	0	0	0	0	-26.99357655
7.31	7.692759872	-0.4383313868	0	0	0	0	0	0	-31.56144074
7.32	7.704621629	-0.4386625213	0	0	0	0	0	0	-34.3746698
7.33	7.717110974	-0.4392788083	0	0	0	0	0	0	-35.15433592
7.34	7.730112477	-0.4402539844	0	0	0	0	0	0	-33.89846078
7.35	7.743496952	-0.4416935085	0	0	0	0	0	0	-30.86393462
7.36	7.757120907	-0.4437265389	0	0	0	0	0	0	-26.53385755
7.37	7.770827966	-0.4464899861	0	0	0	0	0	0	-21.56895511
7.38	7.784448195	-0.4500827277	0	0	0	0	0	0	-15.96161438
7.39	7.797751249	-0.4545450703	0	0	0	0	0	0	-11.32855898
7.4	7.810596316	-0.4599178069	0	0	0	0	0	0	-8.520224877
7.41	7.823056412	-0.4662294705	0	0	0	0	0	0	-5.727991277
7.42	7.835237949	-0.4735059222	0	0	0	0	0	0	-2.088237928
7.43	7.847169403	-0.481776751	0	0	0	0	0	0	1.995963558
7.44	7.858825197	-0.4910657735	0	0	0	0	0	0	5.769544998
7.45	7.870167751	-0.5013828723	0	0	0	0	0	0	8.096045394
7.46	7.881992564	-0.5121638031	0	0	0	0	0	0	29.68997728
7.47	7.895050907	-0.522210635	0	0	0	0	0	0	53.59580523
7.48	7.907092851	-0.5317171738	0	0	0	0	0	0	68.43357255
7.49	7.917409004	-0.5406228133	0	0	0	0	0	0	76.49101335
7.5	7.926265937	-0.5486382697	0	0	0	0	0	0	86.504438
7.51	7.932349358	-0.5551895564	0	0	0	0	0	0	76.28148256
7.52	7.935280004	-0.5593384199	0	0	0	0	0	0	52.00522807
7.53	7.937053365	-0.5608471692	0	0	0	0	0	0	30.32095032
7.54	7.938415792	-0.5600229479	0	0	0	0	0	0	10.39738049
7.55	7.93947162	-0.557415986	0	0	0	0	0	0	-9.538351218
7.56	7.940404214	-0.5536029152	0	0	0	0	0	0	-27.95059248
7.57	7.941576355	-0.5491007892	0	0	0	0	0	0	-42.11751195
7.58	7.943300105	-0.5443399864	0	0	0	0	0	0	-50.83255411
7.59	7.945804891	-0.5396103383	0	0	0	0	0	0	-52.03179188
7.6	7.949260033	-0.5349558823	0	0	0	0	0	0	-46.23028864
7.61	7.953181326	-0.5303627897	0	0	0	0	0	0	-40.0973067
7.62	7.957044454	-0.5258136008	0	0	0	0	0	0	-36.95446579
7.63	7.960676302	-0.5212973942	0	0	0	0	0	0	-36.44494248
7.64	7.964147277	-0.5168157268	0	0	0	0	0	0	-37.33013374
7.65	7.967588913	-0.5123812721	0	0	0	0	0	0	-38.85378293
7.66	7.971124931	-0.5080141872	0	0	0	0	0	0	-40.58164943
7.67	7.974865975	-0.5037361338	0	0	0	0	0	0	-42.1066692
7.68	7.97890471	-0.499561649	0	0	0	0	0	0	-43.09392574
7.69	7.98330508	-0.4954907795	0	0	0	0	0	0	-43.40237781
7.7	7.98809525	-0.4915072794	0	0	0	0	0	0	-43.10107424
7.71	7.993267236	-0.4875830686	0	0	0	0	0	0	-42.41592335
7.72	7.998779469	-0.4836852644	0	0	0	0	0	0	-41.67556331
7.73	8.004564094	-0.4797828722	0	0	0	0	0	0	-41.24166603
7.74	8.010540026	-0.4758514239	0	0	0	0	0	0	-41.41059915
7.75	8.016627419	-0.4718761122	0	0	0	0	0	0	-42.32642462
7.76	8.022757312	-0.4678540614	0	0	0	0	0	0	-43.94918892
7.77	8.028872652	-0.4637954916	0	0	0	0	0	0	-46.10020431
7.78	8.034923719	-0.459723789	0	0	0	0	0	0	-48.54826023
7.79	8.040865854	-0.4556748352	0	0	0	0	0	0	-51.07719737
7.8	8.046664755	-0.4516955777	0	0	0	0	0	0	-53.50871095
7.81	8.052309404	-0.4478422325	0	0	0	0	0	0	-55.68558907
7.82	8.057828753	-0.4441773911	0	0	0	0	0	0	-57.42995674
7.83	8.063305311	-0.4407653705	0	0	0	0	0	0	-58.496182
7.84	8.068878654	-0.4376660285	0	0	0	0	0	0	-58.5506769
7.85	8.074737139	-0.4349299504	0	0	0	0	0	0	-57.19222401
7.86	8.081099402	-0.4325964782	0	0	0	0	0	0	-54.01435974
7.87	8.088189556	-0.4306936338	0	0	0	0	0	0	-48.69255411
7.88	8.096210698	-0.42923864	0	0	0	0	0	0	-41.08474097
7.89	8.105322273	-0.4282409737	0	0	0	0	0	0	-31.28729777
7.9	8.115625202	-0.4277087014	0	0	0	0	0	0	-19.62692582
7.91	8.127149478	-0.4276552473	0	0	0	0	0	0	-6.668792669
7.92	8.139845326	-0.4281053709	0	0	0	0	0	0	6.779561151
7.93	8.153582713	-0.4291002341	0	0	0	0	0	0	19.7394297
7.94	8.168159636	-0.4307003771	0	0	0	0	0	0	31.16700875
7.95	8.183320747	-0.4329846742	0	0	0	0	0	0	40.05584431
7.96	8.198786518	-0.4360445255	0	0	0	0	0	0	45.29643712
7.97	8.214267457	-0.4399581879	0	0	0	0	0	0	41.37181674
7.98	8.229857974	-0.4448234443	0	0	0	0	0	0	34.48532629
7.99	8.245884828	-0.4507340245	0	0	0	0	0	0	28.62448365
8	8.262291938	-0.4576697904	0	0	0	0	0	0	22.38058591
8.01	8.278880339	-0.465580046	0	0	0	0	0	0	15.53731284
8.02	8.295510672	-0.4744401977	0	0	0	0	0	0	9.19437247
8.03	8.312115206	-0.4842501959	0	0	0	0	0	0	4.634511742
8.04	8.328648373	-0.4950155038	0	0	0	0	0	0	2.620227897
8.05	8.345020531	-0.5066314245	0	0	0	0	0	0	14.66258462
8.06	8.360384149	-0.5178955998	0	0	0	0	0	0	8.387219599
8.07	8.375115825	-0.5284010057	0	0	0	0	0	0	-5.3004486
8.08	8.390646742	-0.5382463443	0	0	0	0	0	0	-4.851111047
8.09	8.407332749	-0.5472260599	0	0	0	0	0	0	0.7139043255
8.1	8.425006149	-0.5548641968	0	0	0	0	0	0	5.526743998
8.11	8.443323416	-0.5600207536	0	0	0	0	0	0	12.31883412
8.12	8.461641685	-0.5623827077	0	0	0	0	0	0	8.053289487
8.13	8.479679141	-0.5621607884	0	0	0	0	0	0	-4.741617036
8.14	8.497598339	-0.5598165574	0	0	0	0	0	0	-16.78230349
8.15	8.515590455	-0.5559153073	0	0	0	0	0	0	-21.9976406
8.16	8.533605443	-0.5510249452	0	0	0	0	0	0	-20.15081682
8.17	8.551397384	-0.545658701	0	0	0	0	0	0	-14.14195016
8.18	8.568693812	-0.5402257664	0	0	0	0	0	0	-7.512551003
8.19	8.585281733	-0.5348902353	0	0	0	0	0	0	-4.183001953
8.2	8.601166764	-0.5296436919	0	0	0	0	0	0	-3.39119673
8.21	8.616577237	-0.5244498343	0	0	0	0	0	0	-2.380617821
8.22	8.631687451	-0.5192721446	0	0	0	0	0	0	-0.9276334199
8.23	8.646492582	-0.5141008204	0	0	0	0	0	0	-0.4827858616
8.24	8.660888858	-0.5089588134	0	0	0	0	0	0	-1.985318206
8.25	8.674785615	-0.5038901987	0	0	0	0	0	0	-5.095564934
8.26	8.68814624	-0.498944709	0	0	0	0	0	0	-8.622369261
8.27	8.700964785	-0.4941668556	0	0	0	0	0	0	-11.28683441
8.28	8.713226879	-0.4895900936	0	0	0	0	0	0	-12.31253519
8.29	8.724889741	-0.4852327182	0	0	0	0	0	0	-11.66994497
8.3	8.735890709	-0.4810956272	0	0	0	0	0	0	-9.88325469
8.31	8.74617132	-0.4771633823	0	0	0	0	0	0	-7.605706243
8.32	8.755697242	-0.4734100965	0	0	0	0	0	0	-5.27404659
8.33	8.764462162	-0.4698087378	0	0	0	0	0	0	-3.025109836
8.34	8.772479259	-0.4663401808	0	0	0	0	0	0	-0.8198349361
8.35	8.779772216	-0.4629986197	0	0	0	0	0	0	1.406728914
8.36	8.786375122	-0.4597916154	0	0	0	0	0	0	3.672924792
8.37	8.792340734	-0.4567360919	0	0	0	0	0	0	5.942247678
8.38	8.797752462	-0.4538539261	0	0	0	0	0	0	8.092159196
8.39	8.802733739	-0.4511678403	0	0	0	0	0	0	9.872535969
8.4	8.807455125	-0.4486988139	0	0	0	0	0	0	10.91134185
8.41	8.812136146	-0.4464646734	0	0	0	0	0	0	10.82619152
8.42	8.817032999	-0.4444802706	0	0	0	0	0	0	9.389677908
8.43	8.822402328	-0.4427592209	0	0	0	0	0	0	6.579662334
8.44	8.82845367	-0.4413149577	0	0	0	0	0	0	2.45702617
8.45	8.83532398	-0.4401570257	0	0	0	0	0	0	-2.899563318
8.46	8.843090243	-0.4392853932	0	0	0	0	0	0	-9.216837171
8.47	8.851786005	-0.4386879322	0	0	0	0	0	0	-15.91850199
8.48	8.861400976	-0.4383461849	0	0	0	0	0	0	-22.3666185
8.49	8.871885889	-0.4382438296	0	0	0	0	0	0	-27.99520322
8.5	8.883168245	-0.4383756898	0	0	0	0	0	0	-32.255857
8.51	8.895160231	-0.4387579189	0	0	0	0	0	0	-34.68660309
8.52	8.90775848	-0.4394369317	0	0	0	0	0	0	-35.06292484
8.53	8.920844857	-0.4404929537	0	0	0	0	0	0	-33.43420087
8.54	8.934287415	-0.4420369566	0	0	0	0	0	0	-30.10568487
8.55	8.94794021	-0.4442009228	0	0	0	0	0	0	-25.59148619
8.56	8.961644416	-0.4471202321	0	0	0	0	0	0	-20.5623177
8.57	8.975222957	-0.4508785476	0	0	0	0	0	0	-14.89138532
8.58	8.988440426	-0.4555145076	0	0	0	0	0	0	-10.69089691
8.59	9.001201166	-0.4610674429	0	0	0	0	0	0	-8.0294892
8.6	9.013600934	-0.4675640269	0	0	0	0	0	0	-5.088958981
8.61	9.02573416	-0.4750310216	0	0	0	0	0	0	-1.309464655
8.62	9.037614839	-0.4834978166	0	0	0	0	0	0	2.772857612
8.63	9.049212789	-0.492985936	0	0	0	0	0	0	6.406768188
8.64	9.06048634	-0.5034973325	0	0	0	0	0	0	4.725631105
8.65	9.072679673	-0.5141634668	0	0	0	0	0	0	35.27069446
8.66	9.085669977	-0.5240933925	0	0	0	0	0	0	57.13330511
8.67	9.097389406	-0.5334980255	0	0	0	0	0	0	70.38104986
8.68	9.107388135	-0.5422569129	0	0	0	0	0	0	77.69389882
8.69	9.11594805	-0.5500568963	0	0	0	0	0	0	89.26991415
8.7	9.121248091	-0.5561990139	0	0	0	0	0	0	71.59488884
8.71	9.123836785	-0.5598333168	0	0	0	0	0	0	47.54363945
8.72	9.125505438	-0.5608541129	0	0	0	0	0	0	26.41230398
8.73	9.126804971	-0.559638392	0	0	0	0	0	0	6.534303853
8.74	9.127815089	-0.5567539781	0	0	0	0	0	0	-13.31208706
8.75	9.128764443	-0.5527695051	0	0	0	0	0	0	-31.0890071
8.76	9.130024652	-0.5481867688	0	0	0	0	0	0	-44.22376895
8.77	9.131876811	-0.5434172001	0	0	0	0	0	0	-51.84755685
8.78	9.134572705	-0.5387033843	0	0	0	0	0	0	-51.23173481
8.79	9.138168223	-0.5340623655	0	0	0	0	0	0	-44.88527038
8.8	9.142109329	-0.5294794026	0	0	0	0	0	0	-39.22194162
8.81	9.145930175	-0.5249374076	0	0	0	0	0	0	-36.68292037
8.82	9.14952105	-0.5204277114	0	0	0	0	0	0	-36.53271408
8.83	9.152975438	-0.5159542493	0	0	0	0	0	0	-37.58616211
8.84	9.156425535	-0.5115314704	0	0	0	0	0	0	-39.18238249
8.85	9.159992428	-0.5071803906	0	0	0	0	0	0	-40.90421794
8.86	9.163784032	-0.5029219925	0	0	0	0	0	0	-42.34767906
8.87	9.167888337	-0.4987684549	0	0	0	0	0	0	-43.20833641
8.88	9.172362607	-0.4947165646	0	0	0	0	0	0	-43.38842933
8.89	9.177227894	-0.4907473026	0	0	0	0	0	0	-42.99193001
8.9	9.182469406	-0.4868310723	0	0	0	0	0	0	-42.26910624
8.91	9.188039655	-0.482934869	0	0	0	0	0	0	-41.56195155
8.92	9.193867262	-0.4790287287	0	0	0	0	0	0	-41.22572988
8.93	9.199870256	-0.4750897933	0	0	0	0	0	0	-41.53428425
8.94	9.205970408	-0.4711054083	0	0	0	0	0	0	-42.5958391
8.95	9.212101254	-0.4670751829	0	0	0	0	0	0	-44.33791282
8.96	9.21820756	-0.4630119449	0	0	0	0	0	0	-46.56482228
8.97	9.224240685	-0.4589415539	0	0	0	0	0	0	-49.04351892
8.98	9.230157273	-0.4549020884	0	0	0	0	0	0	-51.56577719
8.99	9.235926234	-0.4509424802	0	0	0	0	0	0	-53.95972829
9	9.241542975	-0.4471204587	0	0	0	0	0	0	-56.06756386
9.01	9.247045959	-0.4434993966	0	0	0	0	0	0	-57.70142356
9.02	9.252528755	-0.4401432037	0	0	0	0	0	0	-58.59984465
9.03	9.258141223	-0.4371102084	0	0	0	0	0	0	-58.41346533
9.04	9.264079201	-0.4344489137	0	0	0	0	0	0	-56.73410842
9.05	9.27056437	-0.4321964865	0	0	0	0	0	0	-53.16376558
9.06	9.277818926	-0.4303787862	0	0	0	0	0	0	-47.40529705
9.07	9.286038952	-0.4290111669	0	0	0	0	0	0	-39.36121079
9.08	9.295373696	-0.4281022989	0	0	0	0	0	0	-29.17259899
9.09	9.305911369	-0.427660777	0	0	0	0	0	0	-17.21023416
9.1	9.317667052	-0.4277017568	0	0	0	0	0	0	-4.088698111
9.11	9.330575313	-0.4282527876	0	0	0	0	0	0	9.344894444
9.12	9.344491348	-0.4293586554	0	0	0	0	0	0	22.09087825
9.13	9.359201149	-0.4310836354	0	0	0	0	0	0	33.10561902
9.14	9.374442259	-0.4335096164	0	0	0	0	0	0	41.39515064
9.15	9.389933518	-0.4367288797	0	0	0	0	0	0	45.51555428
9.16	9.40540421	-0.4408146298	0	0	0	0	0	0	39.96723571
9.17	9.421064358	-0.4458773061	0	0	0	0	0	0	33.32297365
9.18	9.437177382	-0.4519886885	0	0	0	0	0	0	27.48872261
9.19	9.453633804	-0.4591150578	0	0	0	0	0	0	21.09247739
9.2	9.470238012	-0.4672086774	0	0	0	0	0	0	14.238305
9.21	9.486867017	-0.4762508451	0	0	0	0	0	0	8.148651592
9.22	9.503461074	-0.4862440031	0	0	0	0	0	0	4.037991274
9.23	9.519974709	-0.4971929743	0	0	0	0	0	0	2.549841463
9.24	9.5362472	-0.5088627055	0	0	0	0	0	0	17.4671904
9.25	9.551372171	-0.5199656953	0	0	0	0	0	0	4.862457673
9.26	9.56617211	-0.5303458753	0	0	0	0	0	0	-6.099209697
9.27	9.581926783	-0.5400481139	0	0	0	0	0	0	-3.893664022
9.28	9.59881705	-0.5488240467	0	0	0	0	0	0	1.718756526
9.29	9.616653518	-0.5560698256	0	0	0	0	0	0	7.247146804
9.3	9.63501857	-0.5606891989	0	0	0	0	0	0	12.47884367
9.31	9.65328642	-0.5625288244	0	0	0	0	0	0	5.989811462
9.32	9.671281189	-0.5618583926	0	0	0	0	0	0	-7.382656957
9.33	9.689205044	-0.5591701334	0	0	0	0	0	0	-18.39155752
9.34	9.707213426	-0.5550359789	0	0	0	0	0	0	-22.12349977
9.35	9.725207564	-0.550016951	0	0	0	0	0	0	-19.21147585
9.36	9.742923836	-0.5446106825	0	0	0	0	0	0	-12.80088822
9.37	9.760097631	-0.5391935101	0	0	0	0	0	0	-6.551134661
9.38	9.776540078	-0.5338770755	0	0	0	0	0	0	-3.936868127
9.39	9.792314161	-0.5286440808	0	0	0	0	0	0	-3.262365321
9.4	9.807658829	-0.5234558052	0	0	0	0	0	0	-2.099272755
9.41	9.82271566	-0.5182792238	0	0	0	0	0	0	-0.7191559992
9.42	9.837451125	-0.5131110849	0	0	0	0	0	0	-0.6140512554
9.43	9.851756908	-0.5079795775	0	0	0	0	0	0	-2.48778285
9.44	9.865552034	-0.5029309775	0	0	0	0	0	0	-5.784235699
9.45	9.878808745	-0.4980147081	0	0	0	0	0	0	-9.234898263
9.46	9.891522243	-0.4932734744	0	0	0	0	0	0	-11.62266477
9.47	9.903673364	-0.4887380957	0	0	0	0	0	0	-12.30876887
9.48	9.915214145	-0.4844236383	0	0	0	0	0	0	-11.39568979
9.49	9.926080683	-0.4803276386	0	0	0	0	0	0	-9.467624226
9.5	9.93621804	-0.4764320615	0	0	0	0	0	0	-7.155633741
9.51	9.945597472	-0.4727100134	0	0	0	0	0	0	-4.836838489
9.52	9.954217281	-0.4691353291	0	0	0	0	0	0	-2.602397515
9.53	9.962093171	-0.4656912156	0	0	0	0	0	0	-0.3967828762
9.54	9.969250502	-0.4623745695	0	0	0	0	0	0	1.83771717
9.55	9.975726117	-0.4591951188	0	0	0	0	0	0	4.109590725
9.56	9.981577789	-0.4561710878	0	0	0	0	0	0	6.368771424
9.57	9.986895891	-0.4533247537	0	0	0	0	0	0	8.471948901
9.58	9.991812386	-0.4506786741	0	0	0	0	0	0	10.14198793
9.59	9.996507343	-0.4482533039	0	0	0	0	0	0	10.99245346
9.6	10.00120898	-0.4460658263	0	0	0	0	0	0	10.65911603
9.61	10.00617725	-0.4441307001	0	0	0	0	0	0	8.958493145
9.62	10.01166287	-0.4424615391	0	0	0	0	0	0	5.893673376
9.63	10.0178619	-0.4410714079	0	0	0	0	0	0	1.521468482
9.64	10.02489894	-0.4399685807	0	0	0	0	0	0	-4.056852846
9.65	10.03284272	-0.4391504533	0	0	0	0	0	0	-10.49173386
9.66	10.04171749	-0.43860323	0	0	0	0	0	0	-17.18272789
9.67	10.05150347	-0.4383083659	0	0	0	0	0	0	-23.5205959
9.68	10.06214659	-0.4382507786	0	0	0	0	0	0	-28.93342817
9.69	10.07357194	-0.4384284089	0	0	0	0	0	0	-32.87078762
9.7	10.0856884	-0.4388627221	0	0	0	0	0	0	-34.91585292
9.71	10.09838948	-0.4396065446	0	0	0	0	0	0	-34.89824843
9.72	10.11155444	-0.4407464277	0	0	0	0	0	0	-32.91510173
9.73	10.12504878	-0.442398287	0	0	0	0	0	0	-29.31602746
9.74	10.13872383	-0.444696543	0	0	0	0	0	0	-24.64743968
9.75	10.15241911	-0.4477725031	0	0	0	0	0	0	-19.51696072
9.76	10.16594672	-0.4516952523	0	0	0	0	0	0	-13.90940471
9.77	10.17907606	-0.4565038212	0	0	0	0	0	0	-10.12520814
9.78	10.19175764	-0.4622352357	0	0	0	0	0	0	-7.530284413
9.79	10.20410131	-0.4689150242	0	0	0	0	0	0	-4.42474093
9.8	10.21618703	-0.476570901	0	0	0	0	0	0	-0.5288348575
9.81	10.22801618	-0.4852316301	0	0	0	0	0	0	3.523118672
9.82	10.23955553	-0.4949162096	0	0	0	0	0	0	6.998325551
9.83	10.25078528	-0.5055948265	0	0	0	0	0	0	7.284917385
9.84	10.26335261	-0.5161070297	0	0	0	0	0	0	40.21374568
9.85	10.27620083	-0.5259306339	0	0	0	0	0	0	60.31476181
9.86	10.28758819	-0.5352299305	0	0	0	0	0	0	72.07470683
9.87	10.29728994	-0.5438321774	0	0	0	0	0	0	78.84878309
9.88	10.30544805	-0.5513953616	0	0	0	0	0	0	88.17427307
9.89	10.31003823	-0.5570994654	0	0	0	0	0	0	66.88839391
9.9	10.31235681	-0.5602235938	0	0	0	0	0	0	43.27759993
9.91	10.31393967	-0.5607782704	0	0	0	0	0	0	22.60157484
9.92	10.31517793	-0.5591981756	0	0	0	0	0	0	2.714298833
9.93	10.31615139	-0.5560612203	0	0	0	0	0	0	-16.95930362
9.94	10.31713144	-0.5519262216	0	0	0	0	0	0	-34.0097773
9.95	10.31848875	-0.5472791301	0	0	0	0	0	0	-46.09971252
9.96	10.32047525	-0.5425105987	0	0	0	0	0	0	-52.46896425
9.97	10.3233643	-0.5378116899	0	0	0	0	0	0	-50.23363477
9.98	10.3270749	-0.5331832096	0	0	0	0	0	0	-43.60683676
9.99	10.33101783	-0.528609398	0	0	0	0	0	0	-38.49045469
10	10.33479377	-0.524074001	0	0	0	0	0	0	-36.50923279
