0	0.09468442194	-0.3799882347	0	0	0	0	0	0	-54.57290757
0.01	0.1160238663	-0.3799897657	0	0	0	0	0	0	-39.80852992
0.02	0.1390654184	-0.3808051422	0	0	0	0	0	0	-32.34312236
0.03	0.1626276673	-0.3828866196	0	0	0	0	0	0	-20.82201385
0.04	0.1868367044	-0.3861088128	0	0	0	0	0	0	-2.017602861
0.05	0.2114368331	-0.3903749107	0	0	0	0	0	0	16.16795411
0.06	0.2359456597	-0.3956516594	0	0	0	0	0	0	27.63583119
0.07	0.260012759	-0.4018986383	0	0	0	0	0	0	30.92480351
0.08	0.2833978421	-0.4090936119	0	0	0	0	0	0	26.78045851
0.09	0.3058786971	-0.4172673826	0	0	0	0	0	0	16.99428318
0.1	0.3272393738	-0.4265014143	0	0	0	0	0	0	4.105801655
0.11	0.3472839985	-0.4369020807	0	0	0	0	0	0	-9.203205999
0.12	0.3658362978	-0.4485688148	0	0	0	0	0	0	-20.83120954
0.13	0.3827355275	-0.4615654229	0	0	0	0	0	0	-29.63462112
0.14	0.3978450224	-0.4759023623	0	0	0	0	0	0	-35.36566655
0.15	0.4110743445	-0.4915352538	0	0	0	0	0	0	-38.3411913
0.16	0.4231628809	-0.5079771609	0	0	0	0	0	0	11.01753941
0.17	0.435332071	-0.5230772881	0	0	0	0	0	0	47.67164324
0.18	0.4441292745	-0.5369177172	0	0	0	0	0	0	59.59706513
0.19	0.4465478347	-0.5479863701	0	0	0	0	0	0	11.4551785
0.2	0.4464409404	-0.5544924594	0	0	0	0	0	0	-33.07404108
0.21	0.4472463523	-0.5562249491	0	0	0	0	0	0	-59.32460762
0.22	0.4498434455	-0.5541254993	0	0	0	0	0	0	-72.32064544
0.23	0.4537367752	-0.549550174	0	0	0	0	0	0	-81.5915172
0.24	0.4584007575	-0.5435821117	0	0	0	0	0	0	-91.57298384
0.25	0.464069984	-0.5368149027	0	0	0	0	0	0	-96.0911155
0.26	0.4716630405	-0.5292362442	0	0	0	0	0	0	-87.49812238
0.27	0.4813209048	-0.5208007737	0	0	0	0	0	0	-69.37006133
0.28	0.4924456543	-0.5116076443	0	0	0	0	0	0	-47.577795
0.29	0.5042470636	-0.5018247226	0	0	0	0	0	0	-26.799769
0.3	0.5160621253	-0.4916430366	0	0	0	0	0	0	-9.576566204
0.31	0.5274423214	-0.4812779955	0	0	0	0	0	0	3.208354827
0.32	0.5381055437	-0.4709788444	0	0	0	0	0	0	11.42370758
0.33	0.5478805196	-0.4610131716	0	0	0	0	0	0	15.22664531
0.34	0.5567021515	-0.4516332152	0	0	0	0	0	0	15.08401424
0.35	0.5646312074	-0.4430476652	0	0	0	0	0	0	11.2565382
0.36	0.5718637496	-0.4354094559	0	0	0	0	0	0	2.686982157
0.37	0.5788495113	-0.4287711444	0	0	0	0	0	0	-3.584189339
0.38	0.5859139852	-0.4231394536	0	0	0	0	0	0	-6.371027104
0.39	0.5931714251	-0.4185117277	0	0	0	0	0	0	-6.535409945
0.4	0.6007047296	-0.4148728655	0	0	0	0	0	0	-3.842085168
0.41	0.6084933237	-0.412150491	0	0	0	0	0	0	-2.82929176
0.42	0.6167849723	-0.4102842758	0	0	0	0	0	0	-0.6611600497
0.43	0.6258804664	-0.4092211457	0	0	0	0	0	0	3.190908592
0.44	0.6359192644	-0.4088963261	0	0	0	0	0	0	8.015851267
0.45	0.6469433813	-0.4092466844	0	0	0	0	0	0	13.00694686
0.46	0.6589662462	-0.4102278878	0	0	0	0	0	0	17.64858289
0.47	0.6719908781	-0.4118242464	0	0	0	0	0	0	21.62651737
0.48	0.6859940449	-0.4140507418	0	0	0	0	0	0	24.63290215
0.49	0.7009069392	-0.4169508418	0	0	0	0	0	0	26.27415724
0.5	0.7166091772	-0.4205925453	0	0	0	0	0	0	26.10860366
0.51	0.732938596	-0.4250626896	0	0	0	0	0	0	23.743667
0.52	0.7497122264	-0.4304587922	0	0	0	0	0	0	18.81368181
0.53	0.7667462319	-0.4368746626	0	0	0	0	0	0	9.061131961
0.54	0.7840606486	-0.4443924075	0	0	0	0	0	0	-2.359323187
0.55	0.8018814945	-0.4530613309	0	0	0	0	0	0	-8.928876806
0.56	0.8199937128	-0.4628447432	0	0	0	0	0	0	-11.94838518
0.57	0.8380331362	-0.4736891967	0	0	0	0	0	0	-12.03778617
0.58	0.8557489553	-0.4855611579	0	0	0	0	0	0	-8.725640374
0.59	0.8730190035	-0.4984371627	0	0	0	0	0	0	-1.805410124
0.6	0.8898066503	-0.5122644911	0	0	0	0	0	0	7.662602474
0.61	0.9059867136	-0.5259342997	0	0	0	0	0	0	10.52275576
0.62	0.9218941536	-0.5384563125	0	0	0	0	0	0	11.51661942
0.63	0.9385332525	-0.5495822161	0	0	0	0	0	0	18.49612944
0.64	0.9563495202	-0.5582173065	0	0	0	0	0	0	23.01447888
0.65	0.9752646705	-0.5631416261	0	0	0	0	0	0	23.47678568
0.66	0.994899702	-0.564277823	0	0	0	0	0	0	15.65012447
0.67	1.014839283	-0.5619394563	0	0	0	0	0	0	1.868843605
0.68	1.034934593	-0.5568108694	0	0	0	0	0	0	-10.35029486
0.69	1.055176377	-0.5497815428	0	0	0	0	0	0	-15.05158899
0.7	1.075477183	-0.5417441188	0	0	0	0	0	0	-11.53748481
0.71	1.09561912	-0.5334274041	0	0	0	0	0	0	-3.619777558
0.72	1.115291482	-0.5251104229	0	0	0	0	0	0	2.389522109
0.73	1.134351266	-0.5167735738	0	0	0	0	0	0	4.964857511
0.74	1.152902711	-0.508343652	0	0	0	0	0	0	5.538261249
0.75	1.17107578	-0.4997508018	0	0	0	0	0	0	5.106773674
0.76	1.18887512	-0.4909825817	0	0	0	0	0	0	3.469194512
0.77	1.206196099	-0.482100444	0	0	0	0	0	0	0.3878609515
0.78	1.222918243	-0.473219568	0	0	0	0	0	0	-3.461229427
0.79	1.238963641	-0.4644779139	0	0	0	0	0	0	-6.774402516
0.8	1.254291263	-0.4560157478	0	0	0	0	0	0	-8.53574644
0.81	1.268869956	-0.4479644047	0	0	0	0	0	0	-8.575020971
0.82	1.282670966	-0.4404396789	0	0	0	0	0	0	-7.415192594
0.83	1.295682664	-0.4335350242	0	0	0	0	0	0	-5.828793886
0.84	1.307923433	-0.4273203727	0	0	0	0	0	0	-4.559248699
0.85	1.319439549	-0.4218456634	0	0	0	0	0	0	-4.252589839
0.86	1.330294826	-0.4171457028	0	0	0	0	0	0	-5.413516434
0.87	1.340562161	-0.4132418291	0	0	0	0	0	0	-8.324700459
0.88	1.350317866	-0.4101404284	0	0	0	0	0	0	-12.99036548
0.89	1.359635589	-0.4078308254	0	0	0	0	0	0	-19.15232131
0.9	1.36858007	-0.4062844406	0	0	0	0	0	0	-26.33732878
0.91	1.377202107	-0.4054561568	0	0	0	0	0	0	-33.92045545
0.92	1.385537284	-0.4052878029	0	0	0	0	0	0	-41.17113658
0.93	1.393607955	-0.4057143381	0	0	0	0	0	0	-47.33435533
0.94	1.401429076	-0.406672005	0	0	0	0	0	0	-51.71323135
0.95	1.409015607	-0.4081074965	0	0	0	0	0	0	-53.76379368
0.96	1.416388927	-0.4099873942	0	0	0	0	0	0	-53.18919086
0.97	1.423580596	-0.4123057047	0	0	0	0	0	0	-49.98988132
0.98	1.430632278	-0.4150883318	0	0	0	0	0	0	-44.46550905
0.99	1.437591889	-0.4183929393	0	0	0	0	0	0	-37.14623203
1	1.444507879	-0.4223041361	0	0	0	0	0	0	-28.68216972
1.01	1.45142291	-0.426924103	0	0	0	0	0	0	-19.71767488
1.02	1.458367675	-0.4323544136	0	0	0	0	0	0	-10.77742805
1.03	1.465350138	-0.4386741483	0	0	0	0	0	0	-2.43543526
1.04	1.472369874	-0.4459605107	0	0	0	0	0	0	4.909874845
1.05	1.479473621	-0.4542760149	0	0	0	0	0	0	11.60429475
1.06	1.486754751	-0.463656147	0	0	0	0	0	0	18.27257089
1.07	1.494267787	-0.4741098568	0	0	0	0	0	0	24.59643181
1.08	1.501954361	-0.4856282103	0	0	0	0	0	0	29.22853623
1.09	1.50965019	-0.4981880065	0	0	0	0	0	0	30.70242138
1.1	1.517459471	-0.511565708	0	0	0	0	0	0	28.02522628
1.11	1.528509709	-0.5239518005	0	0	0	0	0	0	71.51587953
1.12	1.538932611	-0.5354712803	0	0	0	0	0	0	91.80967178
1.13	1.545818382	-0.5461023475	0	0	0	0	0	0	95.37184167
1.14	1.547115909	-0.5544017447	0	0	0	0	0	0	57.01325271
1.15	1.545361512	-0.5593508723	0	0	0	0	0	0	15.41079308
1.16	1.542260094	-0.5608543537	0	0	0	0	0	0	-26.73632038
1.17	1.538539393	-0.5593381929	0	0	0	0	0	0	-69.02582255
1.18	1.534877242	-0.5555093035	0	0	0	0	0	0	-107.5464014
1.19	1.53208927	-0.5501863642	0	0	0	0	0	0	-137.2252352
1.2	1.530856636	-0.5441434711	0	0	0	0	0	0	-155.6179404
1.21	1.531549423	-0.5379418478	0	0	0	0	0	0	-162.0855782
1.22	1.5343705	-0.5317015428	0	0	0	0	0	0	-157.832609
1.23	1.538951488	-0.5253746571	0	0	0	0	0	0	-148.6449435
1.24	1.544784103	-0.5189101796	0	0	0	0	0	0	-137.7309518
1.25	1.551518895	-0.5122799949	0	0	0	0	0	0	-126.2135612
1.26	1.558963466	-0.5054821142	0	0	0	0	0	0	-114.2883423
1.27	1.567020583	-0.4985375969	0	0	0	0	0	0	-101.7748963
1.28	1.575636583	-0.4914862276	0	0	0	0	0	0	-88.37315707
1.29	1.584763594	-0.4843797408	0	0	0	0	0	0	-73.83826864
1.3	1.594332423	-0.4772758847	0	0	0	0	0	0	-58.10460474
1.31	1.604234499	-0.4702365941	0	0	0	0	0	0	-41.36615274
1.32	1.614312561	-0.4633305332	0	0	0	0	0	0	-24.12280173
1.33	1.624364078	-0.4566364287	0	0	0	0	0	0	-7.149395153
1.34	1.634163643	-0.4502427006	0	0	0	0	0	0	8.651051799
1.35	1.643501825	-0.4442424878	0	0	0	0	0	0	22.46771368
1.36	1.652229329	-0.4387253242	0	0	0	0	0	0	33.78615455
1.37	1.660291346	-0.4337680297	0	0	0	0	0	0	42.49888104
1.38	1.667742368	-0.4294266477	0	0	0	0	0	0	48.89744811
1.39	1.674738113	-0.4257318752	0	0	0	0	0	0	53.55623656
1.4	1.681509298	-0.4226890052	0	0	0	0	0	0	57.15884381
1.41	1.688324466	-0.4202826804	0	0	0	0	0	0	60.33213076
1.42	1.695453256	-0.4184846693	0	0	0	0	0	0	63.53546417
1.43	1.703131122	-0.4172626177	0	0	0	0	0	0	66.96266612
1.44	1.71153079	-0.4165890699	0	0	0	0	0	0	70.48632083
1.45	1.720747174	-0.4164494949	0	0	0	0	0	0	73.66866236
1.46	1.730795441	-0.4168488666	0	0	0	0	0	0	75.83250375
1.47	1.741621247	-0.417815812	0	0	0	0	0	0	76.17763069
1.48	1.753119162	-0.4194036975	0	0	0	0	0	0	73.91367023
1.49	1.765156373	-0.4216880121	0	0	0	0	0	0	68.37662429
1.5	1.777596042	-0.4247594614	0	0	0	0	0	0	215.2862742
1.51	1.786433996	-0.427716254	0	0	0	0	0	0	89.40037427
1.52	1.794648843	-0.431403917	0	0	0	0	0	0	62.33483317
1.53	1.803468188	-0.436075561	0	0	0	0	0	0	38.02366405
1.54	1.812773887	-0.4416313576	0	0	0	0	0	0	11.51057184
1.55	1.822558765	-0.4480448076	0	0	0	0	0	0	-13.44707936
1.56	1.832997806	-0.4553768533	0	0	0	0	0	0	-32.80316105
1.57	1.844290432	-0.4637435176	0	0	0	0	0	0	-39.02467688
1.58	1.856077293	-0.4732410186	0	0	0	0	0	0	-35.87849415
1.59	1.867655735	-0.4838519708	0	0	0	0	0	0	-30.0761757
1.6	1.878653494	-0.495552427	0	0	0	0	0	0	-21.80493827
1.61	1.888919621	-0.5082673414	0	0	0	0	0	0	-6.498177926
1.62	1.897694609	-0.5207374833	0	0	0	0	0	0	7.790573295
1.63	1.904909987	-0.5321641868	0	0	0	0	0	0	-13.56118517
1.64	1.913340729	-0.5428253754	0	0	0	0	0	0	-11.90083425
1.65	1.924337881	-0.5518392659	0	0	0	0	0	0	12.53539287
1.66	1.937368653	-0.5579109524	0	0	0	0	0	0	38.39626371
1.67	1.951485477	-0.5606699861	0	0	0	0	0	0	47.98543488
1.68	1.966502147	-0.5602209684	0	0	0	0	0	0	46.6866055
1.69	1.982546133	-0.5570645615	0	0	0	0	0	0	40.66142294
1.7	1.999548776	-0.5519787516	0	0	0	0	0	0	29.58966915
1.71	2.017268858	-0.5458844229	0	0	0	0	0	0	11.76576327
1.72	2.035597548	-0.5396082025	0	0	0	0	0	0	-9.273023641
1.73	2.054677071	-0.5335112883	0	0	0	0	0	0	-24.76953977
1.74	2.074812535	-0.5276951823	0	0	0	0	0	0	-27.63535595
1.75	2.09610208	-0.5220900998	0	0	0	0	0	0	-19.20937056
1.76	2.11826913	-0.51651873	0	0	0	0	0	0	-6.313125559
1.77	2.140846595	-0.5107903732	0	0	0	0	0	0	4.292382675
1.78	2.163403189	-0.5047658418	0	0	0	0	0	0	8.898442498
1.79	2.18561449	-0.4983899859	0	0	0	0	0	0	7.015959805
1.8	2.207212325	-0.4917021945	0	0	0	0	0	0	0.2274616251
1.81	2.227921341	-0.4848308349	0	0	0	0	0	0	-9.039252677
1.82	2.247438989	-0.4779730092	0	0	0	0	0	0	-18.35521391
1.83	2.26545393	-0.4713611473	0	0	0	0	0	0	-25.75176116
1.84	2.281674754	-0.465223019	0	0	0	0	0	0	-29.93913207
1.85	2.29584942	-0.4597451197	0	0	0	0	0	0	-30.38507338
1.86	2.307774092	-0.4550476663	0	0	0	0	0	0	-27.25599288
1.87	2.317297229	-0.4511760034	0	0	0	0	0	0	-21.21287489
1.88	2.324323104	-0.4481078173	0	0	0	0	0	0	-13.15788112
1.89	2.328816931	-0.445770614	0	0	0	0	0	0	-4.123066879
1.9	2.330820834	-0.4440607027	0	0	0	0	0	0	4.56725114
1.91	2.330507812	-0.4428535812	0	0	0	0	0	0	10.90510091
1.92	2.328325432	-0.4419986713	0	0	0	0	0	0	12.18337735
1.93	2.3252005	-0.4413157579	0	0	0	0	0	0	6.611563068
1.94	2.322544042	-0.4406376533	0	0	0	0	0	0	-3.425857527
1.95	2.321621609	-0.4399212699	0	0	0	0	0	0	-12.70899916
1.96	2.322801712	-0.439291706	0	0	0	0	0	0	-20.75229114
1.97	2.325866471	-0.4389052989	0	0	0	0	0	0	-29.93036134
1.98	2.330759329	-0.4388193128	0	0	0	0	0	0	-37.16482751
1.99	2.337501338	-0.4390361043	0	0	0	0	0	0	-38.7848361
2	2.345929726	-0.4395701019	0	0	0	0	0	0	-35.58707549
2.01	2.355845089	-0.4404479116	0	0	0	0	0	0	-29.09505839
2.02	2.367113818	-0.4417153489	0	0	0	0	0	0	-20.29839442
2.03	2.379609021	-0.4434558014	0	0	0	0	0	0	-10.66450398
2.04	2.393173302	-0.4457875396	0	0	0	0	0	0	-1.73908174
2.05	2.40761836	-0.4488439344	0	0	0	0	0	0	5.344160936
2.06	2.422728351	-0.4527449188	0	0	0	0	0	0	9.935640946
2.07	2.438251871	-0.4575433902	0	0	0	0	0	0	12.33222747
2.08	2.453897486	-0.4632548236	0	0	0	0	0	0	11.06098051
2.09	2.469543069	-0.4699012128	0	0	0	0	0	0	7.663832891
2.1	2.485198228	-0.4775053614	0	0	0	0	0	0	4.538982705
2.11	2.500816005	-0.4860929143	0	0	0	0	0	0	2.447457604
2.12	2.516261531	-0.4956888343	0	0	0	0	0	0	1.094891657
2.13	2.531611114	-0.5062194088	0	0	0	0	0	0	32.80188872
2.14	2.546935308	-0.5167362676	0	0	0	0	0	0	59.21431218
2.15	2.560017742	-0.5268807225	0	0	0	0	0	0	69.37641761
2.16	2.571038852	-0.5364596234	0	0	0	0	0	0	74.94767444
2.17	2.580708065	-0.545149444	0	0	0	0	0	0	81.46470632
2.18	2.588942435	-0.552635603	0	0	0	0	0	0	90.12273342
2.19	2.593423801	-0.5581137095	0	0	0	0	0	0	67.744938
2.2	2.59570969	-0.5609923045	0	0	0	0	0	0	43.75853524
2.21	2.597257924	-0.5613436442	0	0	0	0	0	0	22.49411548
2.22	2.598469488	-0.559611256	0	0	0	0	0	0	2.249572302
2.23	2.599473356	-0.5563550194	0	0	0	0	0	0	-17.1002981
2.24	2.600542088	-0.5521123979	0	0	0	0	0	0	-33.38700022
2.25	2.601992881	-0.5473524944	0	0	0	0	0	0	-44.87752084
2.26	2.604045151	-0.5424472024	0	0	0	0	0	0	-50.49353934
2.27	2.607012799	-0.5375371687	0	0	0	0	0	0	-47.39449908
2.28	2.610661289	-0.5326179389	0	0	0	0	0	0	-41.59641333
2.29	2.614388662	-0.5276791482	0	0	0	0	0	0	-38.43999529
2.3	2.617900687	-0.5227178128	0	0	0	0	0	0	-38.5462328
2.31	2.621247224	-0.5177470853	0	0	0	0	0	0	-40.40836011
2.32	2.624600257	-0.5127937351	0	0	0	0	0	0	-42.80740414
2.33	2.628121739	-0.507892169	0	0	0	0	0	0	-45.12875912
2.34	2.631940769	-0.503078069	0	0	0	0	0	0	-46.95273164
2.35	2.63615546	-0.4983799093	0	0	0	0	0	0	-47.94467927
2.36	2.640827926	-0.4938105972	0	0	0	0	0	0	-47.95983761
2.37	2.645978956	-0.4893640089	0	0	0	0	0	0	-47.07888669
2.38	2.651588287	-0.4850188663	0	0	0	0	0	0	-45.55364149
2.39	2.657596959	-0.4807466024	0	0	0	0	0	0	-43.75297807
2.4	2.663913336	-0.4765192015	0	0	0	0	0	0	-42.10531397
2.41	2.670426018	-0.472314621	0	0	0	0	0	0	-41.00455923
2.42	2.677021786	-0.4681203185	0	0	0	0	0	0	-40.69951568
2.43	2.68360014	-0.4639356031	0	0	0	0	0	0	-41.23665747
2.44	2.690079331	-0.459773196	0	0	0	0	0	0	-42.48799103
2.45	2.696395788	-0.4556597587	0	0	0	0	0	0	-44.23866959
2.46	2.702505244	-0.4516349561	0	0	0	0	0	0	-46.26191536
2.47	2.708390878	-0.4477490988	0	0	0	0	0	0	-48.34307814
2.48	2.714077979	-0.4440599831	0	0	0	0	0	0	-50.25300523
2.49	2.719648553	-0.4406286031	0	0	0	0	0	0	-51.70397449
2.5	2.725247386	-0.4375138405	0	0	0	0	0	0	-52.32364176
2.51	2.731074636	-0.4347662061	0	0	0	0	0	0	-51.67407425
2.52	2.737367443	-0.4324255092	0	0	0	0	0	0	-49.30513251
2.53	2.744374168	-0.4305200052	0	0	0	0	0	0	-44.83256641
2.54	2.752326002	-0.4290678089	0	0	0	0	0	0	-38.02784881
2.55	2.76140891	-0.4280794987	0	0	0	0	0	0	-28.91152581
2.56	2.771743293	-0.4275637874	0	0	0	0	0	0	-17.77797472
2.57	2.783369966	-0.4275349636	0	0	0	0	0	0	-5.189999034
2.58	2.796240417	-0.4280195591	0	0	0	0	0	0	8.02304965
2.59	2.810215327	-0.4290614817	0	0	0	0	0	0	20.81998469
2.6	2.825073543	-0.4307248828	0	0	0	0	0	0	32.06390395
2.61	2.840534285	-0.4330930954	0	0	0	0	0	0	40.63909248
2.62	2.856288645	-0.4362600912	0	0	0	0	0	0	44.84406419
2.63	2.872036366	-0.4403005542	0	0	0	0	0	0	38.77477894
2.64	2.888001127	-0.4453310896	0	0	0	0	0	0	31.75574405
2.65	2.904447185	-0.4514228985	0	0	0	0	0	0	25.62239905
2.66	2.921244497	-0.4585362085	0	0	0	0	0	0	18.9032429
2.67	2.938178796	-0.4666186134	0	0	0	0	0	0	11.73016523
2.68	2.955117488	-0.4756496559	0	0	0	0	0	0	5.4126733
2.69	2.971997668	-0.4856317531	0	0	0	0	0	0	1.232312637
2.7	2.988773681	-0.4965701932	0	0	0	0	0	0	-0.1434939131
2.71	3.005326766	-0.5083047833	0	0	0	0	0	0	13.61683312
2.72	3.020799336	-0.5195836595	0	0	0	0	0	0	3.698141404
2.73	3.035857736	-0.530131949	0	0	0	0	0	0	-7.380233104
2.74	3.051841564	-0.5400010778	0	0	0	0	0	0	-4.62410353
2.75	3.068964483	-0.5489416699	0	0	0	0	0	0	1.975369968
2.76	3.087020775	-0.556265353	0	0	0	0	0	0	9.084748382
2.77	3.105525836	-0.5608623564	0	0	0	0	0	0	14.23362354
2.78	3.123862043	-0.5626121435	0	0	0	0	0	0	6.895989079
2.79	3.141903699	-0.561796849	0	0	0	0	0	0	-7.070310474
2.8	3.159875706	-0.5589198387	0	0	0	0	0	0	-18.22949625
2.81	3.177925849	-0.5545686653	0	0	0	0	0	0	-21.89978757
2.82	3.195940633	-0.5493263192	0	0	0	0	0	0	-18.9264009
2.83	3.213649093	-0.5437131627	0	0	0	0	0	0	-12.60674036
2.84	3.23078701	-0.5381093111	0	0	0	0	0	0	-6.87628252
2.85	3.247185397	-0.532608158	0	0	0	0	0	0	-4.692666678
2.86	3.262953866	-0.5271901955	0	0	0	0	0	0	-3.748501333
2.87	3.278343809	-0.5218118168	0	0	0	0	0	0	-2.002110276
2.88	3.293478123	-0.5164378728	0	0	0	0	0	0	-0.2019231352
2.89	3.308303639	-0.5110666508	0	0	0	0	0	0	0.01729092447
2.9	3.322704037	-0.5057298063	0	0	0	0	0	0	-1.975855601
2.91	3.336597785	-0.5004779225	0	0	0	0	0	0	-5.499468799
2.92	3.349956087	-0.4953656437	0	0	0	0	0	0	-9.170442503
2.93	3.362768322	-0.4904420722	0	0	0	0	0	0	-11.69355896
2.94	3.375004388	-0.4857450797	0	0	0	0	0	0	-12.41792845
2.95	3.386603095	-0.4812964596	0	0	0	0	0	0	-11.47673345
2.96	3.397489294	-0.4770990558	0	0	0	0	0	0	-9.477244398
2.97	3.4076011	-0.4731381239	0	0	0	0	0	0	-7.041982886
2.98	3.416906729	-0.4693883878	0	0	0	0	0	0	-4.525383103
2.99	3.425402906	-0.4658243074	0	0	0	0	0	0	-2.023835408
3	3.433104067	-0.4624293471	0	0	0	0	0	0	0.4676090867
3.01	3.440035893	-0.4592003204	0	0	0	0	0	0	2.932271991
3.02	3.446240119	-0.4561460638	0	0	0	0	0	0	5.306958849
3.03	3.451786924	-0.4532828457	0	0	0	0	0	0	7.482984117
3.04	3.45678807	-0.4506295956	0	0	0	0	0	0	9.272524131
3.05	3.461406297	-0.4482041234	0	0	0	0	0	0	10.37437031
3.06	3.46585915	-0.446020753	0	0	0	0	0	0	10.42580765
3.07	3.470411564	-0.4440897504	0	0	0	0	0	0	9.157305105
3.08	3.475345797	-0.4424189285	0	0	0	0	0	0	6.516584633
3.09	3.480909214	-0.4410160529	0	0	0	0	0	0	2.579108417
3.1	3.487276681	-0.4398878695	0	0	0	0	0	0	-2.556680088
3.11	3.494548873	-0.4390339106	0	0	0	0	0	0	-8.694169055
3.12	3.502777038	-0.4384429209	0	0	0	0	0	0	-15.30832543
3.13	3.511966858	-0.4380962232	0	0	0	0	0	0	-21.71345208
3.14	3.522079318	-0.4379767466	0	0	0	0	0	0	-27.31287303
3.15	3.533045671	-0.438077972	0	0	0	0	0	0	-31.56854878
3.16	3.544780508	-0.438413902	0	0	0	0	0	0	-34.00656801
3.17	3.557181196	-0.4390275847	0	0	0	0	0	0	-34.41375076
3.18	3.570132926	-0.4399964053	0	0	0	0	0	0	-32.80053366
3.19	3.583504765	-0.4414295322	0	0	0	0	0	0	-29.47951349
3.2	3.597150811	-0.4434590584	0	0	0	0	0	0	-24.9678214
3.21	3.610911879	-0.4462237342	0	0	0	0	0	0	-19.93965056
3.22	3.624614619	-0.4498230396	0	0	0	0	0	0	-14.37447941
3.23	3.638024407	-0.454297353	0	0	0	0	0	0	-9.910825908
3.24	3.650999416	-0.4596867783	0	0	0	0	0	0	-7.355377177
3.25	3.66361294	-0.4660187495	0	0	0	0	0	0	-4.846291494
3.26	3.675968696	-0.4733182024	0	0	0	0	0	0	-1.501410662
3.27	3.688089711	-0.4816140039	0	0	0	0	0	0	2.284752278
3.28	3.699943769	-0.4909293875	0	0	0	0	0	0	5.76740193
3.29	3.711486322	-0.5012738084	0	0	0	0	0	0	7.885620412
3.3	3.723502286	-0.5120885012	0	0	0	0	0	0	31.44825736
3.31	3.736598861	-0.522185018	0	0	0	0	0	0	55.12677603
3.32	3.748583565	-0.5317422635	0	0	0	0	0	0	69.55476356
3.33	3.758818805	-0.5406857358	0	0	0	0	0	0	77.38150874
3.34	3.767596197	-0.5487200669	0	0	0	0	0	0	87.64830517
3.35	3.77355388	-0.5552612257	0	0	0	0	0	0	76.47695636
3.36	3.776411621	-0.5593793364	0	0	0	0	0	0	52.12138805
3.37	3.778158458	-0.560852791	0	0	0	0	0	0	30.46703118
3.38	3.779534377	-0.5600001888	0	0	0	0	0	0	10.69901492
3.39	3.7806448	-0.5573788522	0	0	0	0	0	0	-8.891920473
3.4	3.781667427	-0.5535676451	0	0	0	0	0	0	-26.79082379
3.41	3.782947169	-0.5490813559	0	0	0	0	0	0	-40.39366121
3.42	3.784770572	-0.5443450797	0	0	0	0	0	0	-48.646385
3.43	3.787339066	-0.539643645	0	0	0	0	0	0	-49.680772
3.44	3.790811605	-0.5350179177	0	0	0	0	0	0	-43.92842961
3.45	3.794708132	-0.5304522686	0	0	0	0	0	0	-38.00933417
3.46	3.798507697	-0.5259295042	0	0	0	0	0	0	-35.24652508
3.47	3.80204391	-0.5214398167	0	0	0	0	0	0	-35.24628233
3.48	3.805399902	-0.516986388	0	0	0	0	0	0	-36.6827206
3.49	3.808721928	-0.5125836273	0	0	0	0	0	0	-38.71288358
3.5	3.81214557	-0.5082528797	0	0	0	0	0	0	-40.84966759
3.51	3.8157883	-0.5040159906	0	0	0	0	0	0	-42.66860385
3.52	3.819744726	-0.4998866171	0	0	0	0	0	0	-43.84232725
3.53	3.824076473	-0.4958631585	0	0	0	0	0	0	-44.2546842
3.54	3.828806958	-0.4919274485	0	0	0	0	0	0	-44.00753432
3.55	3.833922616	-0.4880496099	0	0	0	0	0	0	-43.35903577
3.56	3.839377285	-0.4841953832	0	0	0	0	0	0	-42.66071225
3.57	3.845101086	-0.480333007	0	0	0	0	0	0	-42.28160763
3.58	3.851013757	-0.4764376996	0	0	0	0	0	0	-42.5128639
3.59	3.857039578	-0.4724948105	0	0	0	0	0	0	-43.48088712
3.6	3.863115579	-0.4685016326	0	0	0	0	0	0	-45.12608235
3.61	3.869191482	-0.4644683836	0	0	0	0	0	0	-47.25191676
3.62	3.87522377	-0.4604177892	0	0	0	0	0	0	-49.6149653
3.63	3.881171097	-0.4563844314	0	0	0	0	0	0	-51.99939531
3.64	3.886998306	-0.4524132086	0	0	0	0	0	0	-54.23757216
3.65	3.892687997	-0.4485578211	0	0	0	0	0	0	-56.19571382
3.66	3.898257055	-0.4448784775	0	0	0	0	0	0	-57.73133351
3.67	3.903771561	-0.4414377359	0	0	0	0	0	0	-58.64433897
3.68	3.909353372	-0.4382949645	0	0	0	0	0	0	-58.64510372
3.69	3.915175224	-0.435501437	0	0	0	0	0	0	-57.36398068
3.7	3.921445284	-0.4330979762	0	0	0	0	0	0	-54.40286443
3.71	3.928384944	-0.4311145578	0	0	0	0	0	0	-49.41608828
3.72	3.936200675	-0.4295703795	0	0	0	0	0	0	-42.22069185
3.73	3.945062211	-0.4284765222	0	0	0	0	0	0	-32.85094578
3.74	3.95508534	-0.4278414388	0	0	0	0	0	0	-21.57086112
3.75	3.966318409	-0.4276775597	0	0	0	0	0	0	-8.882533796
3.76	3.978732214	-0.428007353	0	0	0	0	0	0	4.469963527
3.77	3.992217151	-0.4288686787	0	0	0	0	0	0	17.5508301
3.78	4.006589152	-0.4303182025	0	0	0	0	0	0	29.33132146
3.79	4.021605331	-0.4324313971	0	0	0	0	0	0	38.79639396
3.8	4.036990866	-0.4352980483	0	0	0	0	0	0	44.94271002
3.81	4.052454168	-0.4390029812	0	0	0	0	0	0	43.31166987
3.82	4.067950746	-0.4436297876	0	0	0	0	0	0	36.20239024
3.83	4.083844195	-0.4492910725	0	0	0	0	0	0	30.15841848
3.84	4.100156527	-0.4559880685	0	0	0	0	0	0	24.01280011
3.85	4.11669439	-0.4636696311	0	0	0	0	0	0	17.16450084
3.86	4.133298177	-0.4723041115	0	0	0	0	0	0	10.50832953
3.87	4.14988698	-0.4818876608	0	0	0	0	0	0	5.375919992
3.88	4.166412893	-0.4924260246	0	0	0	0	0	0	2.670886755
3.89	4.182820353	-0.5038945701	0	0	0	0	0	0	8.418663748
3.9	4.198457552	-0.5153393158	0	0	0	0	0	0	12.42955565
3.91	4.213135404	-0.5259947277	0	0	0	0	0	0	-3.8366723
3.92	4.228358018	-0.5359964737	0	0	0	0	0	0	-6.082549098
3.93	4.244741736	-0.5452042085	0	0	0	0	0	0	-0.8072238986
3.94	4.262164864	-0.5532467522	0	0	0	0	0	0	3.667378628
3.95	4.280353646	-0.5590455869	0	0	0	0	0	0	11.58442337
3.96	4.298689371	-0.5620534551	0	0	0	0	0	0	10.2990808
3.97	4.316765248	-0.5624014235	0	0	0	0	0	0	-1.204663031
3.98	4.334673979	-0.5605049022	0	0	0	0	0	0	-14.11314734
3.99	4.352635169	-0.5569156428	0	0	0	0	0	0	-21.10135668
4	4.370659252	-0.5522069913	0	0	0	0	0	0	-20.73451237
4.01	4.388530154	-0.5469096649	0	0	0	0	0	0	-15.47146561
4.02	4.40596933	-0.5414654135	0	0	0	0	0	0	-8.744628845
4.03	4.422744029	-0.5361057571	0	0	0	0	0	0	-4.627301489
4.04	4.43879447	-0.530840272	0	0	0	0	0	0	-3.614346655
4.05	4.454321938	-0.5256371932	0	0	0	0	0	0	-2.785272582
4.06	4.46953265	-0.5204571791	0	0	0	0	0	0	-1.289641065
4.07	4.484458733	-0.5152823675	0	0	0	0	0	0	-0.4376127467
4.08	4.499005641	-0.5101280837	0	0	0	0	0	0	-1.433442384
4.09	4.513071331	-0.5050342647	0	0	0	0	0	0	-4.233960598
4.1	4.526605614	-0.5000500938	0	0	0	0	0	0	-7.785311802
4.11	4.539597455	-0.4952220054	0	0	0	0	0	0	-10.76410534
4.12	4.552035537	-0.4905868918	0	0	0	0	0	0	-12.23512237
4.13	4.563882312	-0.486167692	0	0	0	0	0	0	-11.98742174
4.14	4.575076389	-0.4819704166	0	0	0	0	0	0	-10.44024926
4.15	4.585554823	-0.4779840621	0	0	0	0	0	0	-8.247064898
4.16	4.595275572	-0.4741851367	0	0	0	0	0	0	-5.908944308
4.17	4.604225449	-0.4705464521	0	0	0	0	0	0	-3.625912662
4.18	4.612413496	-0.4670464937	0	0	0	0	0	0	-1.388989247
4.19	4.61986116	-0.4636760409	0	0	0	0	0	0	0.8651727569
4.2	4.626599848	-0.4604394866	0	0	0	0	0	0	3.161081361
4.21	4.632677902	-0.4573516723	0	0	0	0	0	0	5.468838194
4.22	4.638171999	-0.4544332484	0	0	0	0	0	0	7.683175587
4.23	4.643198006	-0.4517066871	0	0	0	0	0	0	9.577347954
4.24	4.647918899	-0.4491932099	0	0	0	0	0	0	10.79656675
4.25	4.652548024	-0.4469110814	0	0	0	0	0	0	10.94770614
4.26	4.657340562	-0.4448755131	0	0	0	0	0	0	9.766730648
4.27	4.662561152	-0.4431002492	0	0	0	0	0	0	7.205582058
4.28	4.668434159	-0.4415990419	0	0	0	0	0	0	3.319428547
4.29	4.675112554	-0.4403831455	0	0	0	0	0	0	-1.818576587
4.3	4.682683519	-0.4394550421	0	0	0	0	0	0	-7.990122629
4.31	4.691188409	-0.4388048897	0	0	0	0	0	0	-14.66438261
4.32	4.700624828	-0.4384148525	0	0	0	0	0	0	-21.19060374
4.33	4.710949059	-0.4382675582	0	0	0	0	0	0	-26.99733133
4.34	4.722091407	-0.4383548484	0	0	0	0	0	0	-31.53353312
4.35	4.733966128	-0.4386880133	0	0	0	0	0	0	-34.31255411
4.36	4.746472254	-0.4393071598	0	0	0	0	0	0	-35.06351056
4.37	4.759493643	-0.4402861338	0	0	0	0	0	0	-33.78710701
4.38	4.772900317	-0.4417305835	0	0	0	0	0	0	-30.7439659
4.39	4.786548093	-0.4437696399	0	0	0	0	0	0	-26.41729386
4.4	4.800279753	-0.4465401177	0	0	0	0	0	0	-21.46801714
4.41	4.813924478	-0.4501402362	0	0	0	0	0	0	-15.87912759
4.42	4.827250939	-0.4546101056	0	0	0	0	0	0	-11.28759502
4.43	4.840119398	-0.4599904407	0	0	0	0	0	0	-8.510989868
4.44	4.85260333	-0.4663097036	0	0	0	0	0	0	-5.735896546
4.45	4.864808159	-0.4735938116	0	0	0	0	0	0	-2.109331027
4.46	4.876761286	-0.4818723451	0	0	0	0	0	0	1.96151097
4.47	4.888436487	-0.4911690718	0	0	0	0	0	0	5.72071929
4.48	4.899795758	-0.5014937024	0	0	0	0	0	0	7.938609254
4.49	4.911656521	-0.5122664706	0	0	0	0	0	0	30.01449419
4.5	4.924719376	-0.5223041972	0	0	0	0	0	0	53.75840761
4.51	4.936746136	-0.5318028778	0	0	0	0	0	0	68.48564162
4.52	4.947047102	-0.5406979864	0	0	0	0	0	0	76.49769333
4.53	4.955894368	-0.5486992819	0	0	0	0	0	0	86.63328227
4.54	4.961954731	-0.5552302785	0	0	0	0	0	0	76.12434084
4.55	4.964878941	-0.5593563494	0	0	0	0	0	0	51.88096779
4.56	4.966657602	-0.5608449827	0	0	0	0	0	0	30.25969781
4.57	4.968030464	-0.5600061563	0	0	0	0	0	0	10.40000432
4.58	4.969099645	-0.5573908547	0	0	0	0	0	0	-9.462412532
4.59	4.970047906	-0.5535750497	0	0	0	0	0	0	-27.78658541
4.6	4.971235872	-0.5490744489	0	0	0	0	0	0	-41.86846917
4.61	4.972972291	-0.5443179082	0	0	0	0	0	0	-50.52555076
4.62	4.975484969	-0.5395932057	0	0	0	0	0	0	-51.68465202
4.63	4.978940561	-0.5349431271	0	0	0	0	0	0	-45.90222847
4.64	4.982853913	-0.5303536955	0	0	0	0	0	0	-39.83503805
4.65	4.986703529	-0.5258075186	0	0	0	0	0	0	-36.7761336
4.66	4.990319376	-0.521293853	0	0	0	0	0	0	-36.35219862
4.67	4.993774231	-0.5168144709	0	0	0	0	0	0	-37.31585437
4.68	4.99720129	-0.5123822452	0	0	0	0	0	0	-38.90582039
4.69	5.000725297	-0.5080174492	0	0	0	0	0	0	-40.68469834
4.7	5.004457375	-0.5037417447	0	0	0	0	0	0	-42.24475147
4.71	5.008490066	-0.4995695486	0	0	0	0	0	0	-43.25355435
4.72	5.012886828	-0.4955006874	0	0	0	0	0	0	-43.57386383
4.73	5.017675022	-0.4915187612	0	0	0	0	0	0	-43.27874543
4.74	5.022845975	-0.4875956224	0	0	0	0	0	0	-42.59678477
4.75	5.028357496	-0.4836983321	0	0	0	0	0	0	-41.85881102
4.76	5.03414144	-0.4797959904	0	0	0	0	0	0	-41.42596678
4.77	5.040116688	-0.4758642537	0	0	0	0	0	0	-41.59378267
4.78	5.046203524	-0.4718884664	0	0	0	0	0	0	-42.50484737
4.79	5.052333371	-0.4678659412	0	0	0	0	0	0	-44.11713292
4.8	5.058449587	-0.4638070568	0	0	0	0	0	0	-46.25098974
4.81	5.064502774	-0.4597353431	0	0	0	0	0	0	-48.67508408
4.82	5.070448538	-0.4556866388	0	0	0	0	0	0	-51.17411557
4.83	5.076252492	-0.4517078535	0	0	0	0	0	0	-53.57175746
4.84	5.081903334	-0.447855114	0	0	0	0	0	0	-55.7127044
4.85	5.087429529	-0.4441908889	0	0	0	0	0	0	-57.4209347
4.86	5.092912691	-0.4407792225	0	0	0	0	0	0	-58.45478889
4.87	5.098491422	-0.4376798376	0	0	0	0	0	0	-58.48320469
4.88	5.104353062	-0.4349432481	0	0	0	0	0	0	-57.1078134
4.89	5.110715952	-0.4326088818	0	0	0	0	0	0	-53.92146832
4.9	5.117803649	-0.4307045275	0	0	0	0	0	0	-48.60243367
4.91	5.125819264	-0.4292475628	0	0	0	0	0	0	-41.00491927
4.92	5.134922871	-0.4282475512	0	0	0	0	0	0	-31.22245934
4.93	5.145216028	-0.4277125576	0	0	0	0	0	0	-19.58004324
4.94	5.156729654	-0.427656023	0	0	0	0	0	0	-6.639153137
4.95	5.169415036	-0.4281026984	0	0	0	0	0	0	6.797354048
4.96	5.183143057	-0.4290936985	0	0	0	0	0	0	19.7521559
4.97	5.197712461	-0.4306894785	0	0	0	0	0	0	31.18178715
4.98	5.212868381	-0.432968855	0	0	0	0	0	0	40.07957775
4.99	5.2283316	-0.4360231729	0	0	0	0	0	0	45.33995658
5	5.243811973	-0.4399309577	0	0	0	0	0	0	41.45749218
5.01	5.259400624	-0.4447896497	0	0	0	0	0	0	34.55321341
5.02	5.275425607	-0.450693571	0	0	0	0	0	0	28.67780311
5.03	5.291832386	-0.457623043	0	0	0	0	0	0	22.42411604
5.04	5.308421694	-0.4655272881	0	0	0	0	0	0	15.56729229
5.05	5.325053442	-0.4743815173	0	0	0	0	0	0	9.202262767
5.06	5.341659345	-0.484185602	0	0	0	0	0	0	4.615795868
5.07	5.35819361	-0.4949450216	0	0	0	0	0	0	2.573492677
5.08	5.374568113	-0.5065582186	0	0	0	0	0	0	14.48224266
5.09	5.389938539	-0.5178276098	0	0	0	0	0	0	8.447767271
5.1	5.404666375	-0.5283372446	0	0	0	0	0	0	-5.331686737
5.11	5.420188133	-0.5381876089	0	0	0	0	0	0	-4.933741851
5.12	5.436866289	-0.5471746809	0	0	0	0	0	0	0.652642739
5.13	5.454533774	-0.5548248048	0	0	0	0	0	0	5.484964124
5.14	5.472848358	-0.5599972922	0	0	0	0	0	0	12.34171672
5.15	5.491166971	-0.5623744434	0	0	0	0	0	0	8.15448026
5.16	5.509205406	-0.5621650975	0	0	0	0	0	0	-4.609709278
5.17	5.527125245	-0.5598298295	0	0	0	0	0	0	-16.66853089
5.18	5.545118256	-0.5559335606	0	0	0	0	0	0	-21.92558438
5.19	5.563135544	-0.5510445973	0	0	0	0	0	0	-20.11871122
5.2	5.580931562	-0.5456770544	0	0	0	0	0	0	-14.14008418
5.21	5.598233673	-0.540241166	0	0	0	0	0	0	-7.528718694
5.22	5.614828408	-0.5349023738	0	0	0	0	0	0	-4.207404806
5.23	5.630720846	-0.5296526013	0	0	0	0	0	0	-3.419886207
5.24	5.646139323	-0.5244556511	0	0	0	0	0	0	-2.405628027
5.25	5.661258635	-0.5192748723	0	0	0	0	0	0	-0.9381625494
5.26	5.67607418	-0.5141002195	0	0	0	0	0	0	-0.4731648751
5.27	5.690481912	-0.5089544326	0	0	0	0	0	0	-1.958377085
5.28	5.704390696	-0.5038814478	0	0	0	0	0	0	-5.061387259
5.29	5.717763397	-0.4989310339	0	0	0	0	0	0	-8.592521927
5.3	5.730593723	-0.4941478509	0	0	0	0	0	0	-11.26974292
5.31	5.742867099	-0.4895655838	0	0	0	0	0	0	-12.31246451
5.32	5.754540525	-0.4852028853	0	0	0	0	0	0	-11.68427269
5.33	5.765551008	-0.4810610041	0	0	0	0	0	0	-9.906086594
5.34	5.775839667	-0.4771247946	0	0	0	0	0	0	-7.630978943
5.35	5.785371825	-0.4733685228	0	0	0	0	0	0	-5.29660961
5.36	5.794140942	-0.469765271	0	0	0	0	0	0	-3.040183752
5.37	5.802159946	-0.4662958828	0	0	0	0	0	0	-0.8239711231
5.38	5.809452405	-0.4629544436	0	0	0	0	0	0	1.413325706
5.39	5.816052408	-0.4597483873	0	0	0	0	0	0	3.68792346
5.4	5.822012905	-0.4566945163	0	0	0	0	0	0	5.962096842
5.41	5.827417633	-0.4538146002	0	0	0	0	0	0	8.111685825
5.42	5.832390717	-0.4511312893	0	0	0	0	0	0	9.885626589
5.43	5.837103571	-0.4486654536	0	0	0	0	0	0	10.9115954
5.44	5.841776908	-0.4464348192	0	0	0	0	0	0	10.80899706
5.45	5.846668012	-0.4444541429	0	0	0	0	0	0	9.353348407
5.46	5.852034127	-0.4427369745	0	0	0	0	0	0	6.524042311
5.47	5.858084685	-0.4412965931	0	0	0	0	0	0	2.380035499
5.48	5.864957209	-0.4401426128	0	0	0	0	0	0	-2.990736423
5.49	5.872728123	-0.43927479	0	0	0	0	0	0	-9.310587956
5.5	5.881429861	-0.4386810024	0	0	0	0	0	0	-16.01204287
5.51	5.891051791	-0.4383426943	0	0	0	0	0	0	-22.45149309
5.52	5.901544626	-0.4382435626	0	0	0	0	0	0	-28.06046204
5.53	5.912835545	-0.4383786196	0	0	0	0	0	0	-32.29170788
5.54	5.92483619	-0.4387644319	0	0	0	0	0	0	-34.68974449
5.55	5.937442924	-0.4394478449	0	0	0	0	0	0	-35.033135
5.56	5.950537365	-0.4405095449	0	0	0	0	0	0	-33.3747769
5.57	5.963987257	-0.4420608637	0	0	0	0	0	0	-30.02385642
5.58	5.977646177	-0.4442341147	0	0	0	0	0	0	-25.49891784
5.59	5.991355252	-0.4471642947	0	0	0	0	0	0	-20.46496178
5.6	6.004936433	-0.4509341243	0	0	0	0	0	0	-14.79732914
5.61	6.018154117	-0.4555822032	0	0	0	0	0	0	-10.63170976
5.62	6.030915696	-0.4611477012	0	0	0	0	0	0	-7.983560201
5.63	6.043318139	-0.4676571815	0	0	0	0	0	0	-5.038698913
5.64	6.055454899	-0.4751374713	0	0	0	0	0	0	-1.255886118
5.65	6.067338822	-0.4836179233	0	0	0	0	0	0	2.819918519
5.66	6.07893934	-0.4931198907	0	0	0	0	0	0	6.439068319
5.67	6.090214169	-0.5036443095	0	0	0	0	0	0	4.287287943
5.68	6.102440567	-0.5143004023	0	0	0	0	0	0	35.66614108
5.69	6.115424536	-0.5242229491	0	0	0	0	0	0	57.38871966
5.7	6.127120593	-0.5336207059	0	0	0	0	0	0	70.52001872
5.71	6.137097379	-0.5423690724	0	0	0	0	0	0	77.78646126
5.72	6.145632823	-0.5501531141	0	0	0	0	0	0	89.30264636
5.73	6.150880538	-0.5562652027	0	0	0	0	0	0	71.27982697
5.74	6.153448717	-0.5598634981	0	0	0	0	0	0	47.25532937
5.75	6.155111856	-0.5608509602	0	0	0	0	0	0	26.16352571
5.76	6.156408833	-0.5596090204	0	0	0	0	0	0	6.294794361
5.77	6.15741847	-0.5567065156	0	0	0	0	0	0	-13.53133849
5.78	6.158372166	-0.5527114486	0	0	0	0	0	0	-31.24883151
5.79	6.159641239	-0.5481243806	0	0	0	0	0	0	-44.30218682
5.8	6.16150409	-0.543355207	0	0	0	0	0	0	-51.84037297
5.81	6.164213859	-0.5386429521	0	0	0	0	0	0	-51.10849904
5.82	6.167817541	-0.5340031786	0	0	0	0	0	0	-44.74151888
5.83	6.171757801	-0.529421064	0	0	0	0	0	0	-39.12437852
5.84	6.175573347	-0.5248795867	0	0	0	0	0	0	-36.63909104
5.85	6.179158857	-0.52037028	0	0	0	0	0	0	-36.52693166
5.86	6.182609509	-0.5158972918	0	0	0	0	0	0	-37.60582766
5.87	6.186057778	-0.5114752333	0	0	0	0	0	0	-39.21924717
5.88	6.189624848	-0.5071252093	0	0	0	0	0	0	-40.94982166
5.89	6.193418551	-0.5028681566	0	0	0	0	0	0	-42.3937716
5.9	6.19752652	-0.4987160699	0	0	0	0	0	0	-43.24939826
5.91	6.202005454	-0.4946655114	0	0	0	0	0	0	-43.42243488
5.92	6.206875818	-0.4906972436	0	0	0	0	0	0	-43.01987567
5.93	6.212122206	-0.4867815636	0	0	0	0	0	0	-42.29409447
5.94	6.217696625	-0.4828854626	0	0	0	0	0	0	-41.58833906
5.95	6.223527255	-0.4789790171	0	0	0	0	0	0	-41.25839811
5.96	6.229532239	-0.4750395752	0	0	0	0	0	0	-41.57472016
5.97	6.235633544	-0.4710546431	0	0	0	0	0	0	-42.64323264
5.98	6.241764765	-0.4670239926	0	0	0	0	0	0	-44.39031434
5.99	6.247870895	-0.462960678	0	0	0	0	0	0	-46.61782147
6	6.253903529	-0.4588906086	0	0	0	0	0	0	-49.09328756
6.01	6.25981926	-0.4548520795	0	0	0	0	0	0	-51.60973313
6.02	6.265587295	-0.4508941261	0	0	0	0	0	0	-53.99524267
6.03	6.27120347	-0.4470745645	0	0	0	0	0	0	-56.09207881
6.04	6.276706824	-0.4434567865	0	0	0	0	0	0	-57.71228628
6.05	6.282191495	-0.4401045895	0	0	0	0	0	0	-58.59381713
6.06	6.287807813	-0.4370761707	0	0	0	0	0	0	-58.38701175
6.07	6.293752059	-0.4344199173	0	0	0	0	0	0	-56.68293253
6.08	6.300245978	-0.4321728122	0	0	0	0	0	0	-53.08518463
6.09	6.307511415	-0.4303605591	0	0	0	0	0	0	-47.29883116
6.1	6.315744106	-0.4289984346	0	0	0	0	0	0	-39.22809827
6.11	6.325092694	-0.4280950771	0	0	0	0	0	0	-29.01713126
6.12	6.335644644	-0.4276591315	0	0	0	0	0	0	-17.03914964
6.13	6.347414234	-0.4277058936	0	0	0	0	0	0	-3.910888807
6.14	6.360335155	-0.4282631107	0	0	0	0	0	0	9.518357323
6.15	6.374261762	-0.4293758141	0	0	0	0	0	0	22.24785396
6.16	6.3889794	-0.4311085077	0	0	0	0	0	0	33.23409786
6.17	6.404225094	-0.4335433175	0	0	0	0	0	0	41.48364306
6.18	6.419717614	-0.4367725144	0	0	0	0	0	0	45.51458588
6.19	6.435188161	-0.4408690639	0	0	0	0	0	0	39.88271632
6.2	6.450853505	-0.4459441368	0	0	0	0	0	0	33.25310872
6.21	6.46697237	-0.4520680107	0	0	0	0	0	0	27.41619531
6.22	6.483432293	-0.4592062376	0	0	0	0	0	0	21.00793463
6.23	6.50003797	-0.4673113035	0	0	0	0	0	0	14.15199129
6.24	6.516667395	-0.4763648764	0	0	0	0	0	0	8.077709308
6.25	6.533261238	-0.4863695257	0	0	0	0	0	0	3.993875125
6.26	6.54977398	-0.4973300208	0	0	0	0	0	0	2.537447363
6.27	6.56603886	-0.5090009599	0	0	0	0	0	0	17.53564116
6.28	6.581150316	-0.5200940872	0	0	0	0	0	0	4.633313471
6.29	6.595956427	-0.5304666736	0	0	0	0	0	0	-6.14525874
6.3	6.61172563	-0.5401599093	0	0	0	0	0	0	-3.838604525
6.31	6.628628902	-0.5489230147	0	0	0	0	0	0	1.771983923
6.32	6.646475598	-0.5561423754	0	0	0	0	0	0	7.358485179
6.33	6.664843079	-0.5607276658	0	0	0	0	0	0	12.47884859
6.34	6.683107783	-0.5625344723	0	0	0	0	0	0	5.857664527
6.35	6.701100567	-0.5618360308	0	0	0	0	0	0	-7.536686493
6.36	6.719025556	-0.5591263133	0	0	0	0	0	0	-18.47131948
6.37	6.737035556	-0.5549775438	0	0	0	0	0	0	-22.10929499
6.38	6.755028737	-0.5499503496	0	0	0	0	0	0	-19.13525903
6.39	6.772740532	-0.5445414191	0	0	0	0	0	0	-12.70726289
6.4	6.789906988	-0.5391246474	0	0	0	0	0	0	-6.493606949
6.41	6.806341013	-0.5338086141	0	0	0	0	0	0	-3.928263492
6.42	6.822109409	-0.5285756031	0	0	0	0	0	0	-3.258944374
6.43	6.837451627	-0.5233867508	0	0	0	0	0	0	-2.0834899
6.44	6.852506873	-0.5182092957	0	0	0	0	0	0	-0.7065668989
6.45	6.867239792	-0.5130403913	0	0	0	0	0	0	-0.6218324334
6.46	6.88154178	-0.5079085496	0	0	0	0	0	0	-2.517800088
6.47	6.895332525	-0.5028601636	0	0	0	0	0	0	-5.824470201
6.48	6.908584779	-0.4979446275	0	0	0	0	0	0	-9.269331661
6.49	6.921293703	-0.4932045573	0	0	0	0	0	0	-11.63962546
6.5	6.933439709	-0.4886706576	0	0	0	0	0	0	-12.30514753
6.51	6.944974378	-0.4843578302	0	0	0	0	0	0	-11.37686044
6.52	6.95583371	-0.4802634446	0	0	0	0	0	0	-9.441790241
6.53	6.965963002	-0.4763693834	0	0	0	0	0	0	-7.127841328
6.54	6.975333766	-0.4726487256	0	0	0	0	0	0	-4.808852182
6.55	6.98394454	-0.4690753963	0	0	0	0	0	0	-2.573427024
6.56	6.991811146	-0.4656327649	0	0	0	0	0	0	-0.3652453294
6.57	6.99895906	-0.4623179001	0	0	0	0	0	0	1.872233406
6.58	7.005425263	-0.4591406254	0	0	0	0	0	0	4.146790132
6.59	7.011267953	-0.4561192605	0	0	0	0	0	0	6.405542329
6.6	7.016578238	-0.453276104	0	0	0	0	0	0	8.503770815
6.61	7.021488879	-0.4506336531	0	0	0	0	0	0	10.16315381
6.62	7.02618082	-0.4482123071	0	0	0	0	0	0	10.99624139
6.63	7.030883183	-0.4460291998	0	0	0	0	0	0	10.64087995
6.64	7.035856015	-0.4440987295	0	0	0	0	0	0	8.913215657
6.65	7.041350101	-0.4424344401	0	0	0	0	0	0	5.820928736
6.66	7.047561081	-0.4410493189	0	0	0	0	0	0	1.429815619
6.67	7.054612082	-0.4399515543	0	0	0	0	0	0	-4.159761402
6.68	7.062569906	-0.4391384757	0	0	0	0	0	0	-10.60709713
6.69	7.071458712	-0.4385960811	0	0	0	0	0	0	-17.30863171
6.7	7.081259509	-0.4383055356	0	0	0	0	0	0	-23.6307352
6.71	7.091917084	-0.4382520411	0	0	0	0	0	0	-29.01599688
6.72	7.103355405	-0.4384340086	0	0	0	0	0	0	-32.92384892
6.73	7.115483299	-0.4388733526	0	0	0	0	0	0	-34.93327017
6.74	7.128194224	-0.4396234741	0	0	0	0	0	0	-34.87707111
6.75	7.141367153	-0.4407714906	0	0	0	0	0	0	-32.85932617
6.76	7.154867208	-0.4424337731	0	0	0	0	0	0	-29.2346658
6.77	7.168545446	-0.4447449452	0	0	0	0	0	0	-24.55173929
6.78	7.182241146	-0.4478357999	0	0	0	0	0	0	-19.40963702
6.79	7.195765189	-0.4517741242	0	0	0	0	0	0	-13.81551304
6.8	7.208887989	-0.4565990336	0	0	0	0	0	0	-10.06980745
6.81	7.2215643	-0.462347305	0	0	0	0	0	0	-7.478945685
6.82	7.23390485	-0.4690443961	0	0	0	0	0	0	-4.359255106
6.83	7.245988134	-0.4767181102	0	0	0	0	0	0	-0.455038756
6.84	7.257814415	-0.4853971307	0	0	0	0	0	0	3.591411125
6.85	7.269350193	-0.4951002122	0	0	0	0	0	0	7.049669533
6.86	7.280582739	-0.5057919966	0	0	0	0	0	0	7.872692107
6.87	7.293183039	-0.5162890042	0	0	0	0	0	0	40.66586799
6.88	7.30601511	-0.5261030305	0	0	0	0	0	0	60.60497695
6.89	7.317370944	-0.535392177	0	0	0	0	0	0	72.22943397
6.9	7.327045744	-0.5439791097	0	0	0	0	0	0	78.96207713
6.91	7.335159666	-0.5515183843	0	0	0	0	0	0	87.96752066
6.92	7.339687421	-0.5571796243	0	0	0	0	0	0	66.44697038
6.93	7.341983644	-0.5602555219	0	0	0	0	0	0	42.88577005
6.94	7.343559257	-0.5607669753	0	0	0	0	0	0	22.24773952
6.95	7.344791977	-0.5591535117	0	0	0	0	0	0	2.358045238
6.96	7.345762711	-0.5559937907	0	0	0	0	0	0	-17.29382546
6.97	7.346746564	-0.5518454672	0	0	0	0	0	0	-34.27078934
6.98	7.348113664	-0.5471930123	0	0	0	0	0	0	-46.26144081
6.99	7.350113417	-0.5424248846	0	0	0	0	0	0	-52.50369041
7	7.353020667	-0.5377272037	0	0	0	0	0	0	-50.12639891
7.01	7.356740858	-0.5330996418	0	0	0	0	0	0	-43.48672313
7.02	7.36068294	-0.5285263476	0	0	0	0	0	0	-38.42763383
7.03	7.364454295	-0.5239911796	0	0	0	0	0	0	-36.49959103
7.04	7.368005618	-0.519488078	0	0	0	0	0	0	-36.68546675
7.05	7.371448103	-0.5150234534	0	0	0	0	0	0	-37.89460364
7.06	7.37491289	-0.5106135244	0	0	0	0	0	0	-39.5521687
7.07	7.378518349	-0.5062799727	0	0	0	0	0	0	-41.24922652
7.08	7.382369047	-0.5020426665	0	0	0	0	0	0	-42.59066632
7.09	7.386547413	-0.497910962	0	0	0	0	0	0	-43.30968093
7.1	7.391103308	-0.4938781411	0	0	0	0	0	0	-43.3544916
7.11	7.396050125	-0.4899224015	0	0	0	0	0	0	-42.86456622
7.12	7.401365821	-0.4860128495	0	0	0	0	0	0	-42.1138253
7.13	7.406996976	-0.4821166741	0	0	0	0	0	0	-41.45490293
7.14	7.412868657	-0.4782050685	0	0	0	0	0	0	-41.23474845
7.15	7.418898548	-0.4742571015	0	0	0	0	0	0	-41.69770757
7.16	7.425010609	-0.470262582	0	0	0	0	0	0	-42.91206615
7.17	7.431140968	-0.4662238573	0	0	0	0	0	0	-44.77345552
7.18	7.437236232	-0.4621564776	0	0	0	0	0	0	-47.0708666
7.19	7.443248611	-0.4580889839	0	0	0	0	0	0	-49.57395851
7.2	7.449136505	-0.4540618982	0	0	0	0	0	0	-52.0815147
7.21	7.454873073	-0.4501261788	0	0	0	0	0	0	-54.42758145
7.22	7.460461395	-0.4463410486	0	0	0	0	0	0	-56.45242883
7.23	7.465950762	-0.4427704513	0	0	0	0	0	0	-57.95605635
7.24	7.471446852	-0.4394776048	0	0	0	0	0	0	-58.65806364
7.25	7.477110383	-0.4365190506	0	0	0	0	0	0	-58.19294776
7.26	7.483144664	-0.4339411092	0	0	0	0	0	0	-56.14691919
7.27	7.489773643	-0.4317782327	0	0	0	0	0	0	-52.1373147
7.28	7.497216097	-0.4300540813	0	0	0	0	0	0	-45.89954303
7.29	7.505659826	-0.4287822131	0	0	0	0	0	0	-37.38518224
7.3	7.515242243	-0.4279706532	0	0	0	0	0	0	-26.78661644
7.31	7.526037057	-0.4276288587	0	0	0	0	0	0	-14.52373656
7.32	7.538042961	-0.4277741759	0	0	0	0	0	0	-1.260604696
7.33	7.551177533	-0.4284374293	0	0	0	0	0	0	12.11439216
7.34	7.565280173	-0.4296674498	0	0	0	0	0	0	24.58232253
7.35	7.580124861	-0.4315324222	0	0	0	0	0	0	35.104908
7.36	7.595442276	-0.4341173964	0	0	0	0	0	0	42.69682329
7.37	7.610947654	-0.4375138776	0	0	0	0	0	0	45.03653712
7.38	7.626420854	-0.4417932666	0	0	0	0	0	0	38.44876088
7.39	7.64216996	-0.4470750681	0	0	0	0	0	0	32.08612176
7.4	7.658372221	-0.4534043917	0	0	0	0	0	0	26.21242058
7.41	7.674875007	-0.4607372812	0	0	0	0	0	0	19.65558175
7.42	7.691492187	-0.4690308308	0	0	0	0	0	0	12.84499476
7.43	7.708118153	-0.4782723858	0	0	0	0	0	0	7.086076813
7.44	7.724699624	-0.4884662495	0	0	0	0	0	0	3.493725283
7.45	7.741190441	-0.4996158521	0	0	0	0	0	0	2.737134281
7.46	7.757295388	-0.5112676677	0	0	0	0	0	0	17.36661227
7.47	7.772212008	-0.5222013279	0	0	0	0	0	0	1.253758124
7.48	7.787146031	-0.5324469909	0	0	0	0	0	0	-6.395347075
7.49	7.803150201	-0.5419812834	0	0	0	0	0	0	-2.725594967
7.5	7.820256959	-0.5505193218	0	0	0	0	0	0	2.471826173
7.51	7.838255892	-0.557274056	0	0	0	0	0	0	9.067271455
7.52	7.856644219	-0.5613023622	0	0	0	0	0	0	12.09754926
7.53	7.874850981	-0.5625819609	0	0	0	0	0	0	3.428443897
7.54	7.892810028	-0.5614417375	0	0	0	0	0	0	-10.15313866
7.55	7.910746928	-0.5584011455	0	0	0	0	0	0	-19.82281015
7.56	7.928769036	-0.5540355466	0	0	0	0	0	0	-21.97084811
7.57	7.946729024	-0.5488964686	0	0	0	0	0	0	-18.03395084
7.58	7.96435166	-0.5434626853	0	0	0	0	0	0	-11.32460606
7.59	7.981382502	-0.5380658691	0	0	0	0	0	0	-5.682459224
7.6	7.99766918	-0.5327690528	0	0	0	0	0	0	-3.749876642
7.61	8.013333233	-0.5275486138	0	0	0	0	0	0	-3.090798965
7.62	8.028612485	-0.5223643668	0	0	0	0	0	0	-1.778243284
7.63	8.043609536	-0.5171882276	0	0	0	0	0	0	-0.5467531431
7.64	8.058264337	-0.5120241481	0	0	0	0	0	0	-0.8438524285
7.65	8.072468052	-0.506905467	0	0	0	0	0	0	-3.098628809
7.66	8.086151388	-0.501880233	0	0	0	0	0	0	-6.542151098
7.67	8.099294868	-0.4969970721	0	0	0	0	0	0	-9.857442522
7.68	8.111893254	-0.4922965877	0	0	0	0	0	0	-11.9142861
7.69	8.123921454	-0.4878065612	0	0	0	0	0	0	-12.23299382
7.7	8.135326288	-0.4835384302	0	0	0	0	0	0	-11.05014462
7.71	8.146043719	-0.4794861683	0	0	0	0	0	0	-8.994329494
7.72	8.156023341	-0.4756291565	0	0	0	0	0	0	-6.660557494
7.73	8.165242573	-0.4719398498	0	0	0	0	0	0	-4.359433891
7.74	8.173704286	-0.4683934631	0	0	0	0	0	0	-2.136539039
7.75	8.181426576	-0.4649758909	0	0	0	0	0	0	0.07230779182
7.76	8.188436711	-0.4616869792	0	0	0	0	0	0	2.316195013
7.77	8.194774946	-0.4585386195	0	0	0	0	0	0	4.592632825
7.78	8.200505089	-0.4555502879	0	0	0	0	0	0	6.834637832
7.79	8.205725764	-0.4527445898	0	0	0	0	0	0	8.873528099
7.8	8.210578742	-0.450143775	0	0	0	0	0	0	10.40449429
7.81	8.215254511	-0.4477676457	0	0	0	0	0	0	11.03096482
7.82	8.219990023	-0.4456326978	0	0	0	0	0	0	10.41361807
7.83	8.225047627	-0.4437530034	0	0	0	0	0	0	8.415627232
7.84	8.230670319	-0.4421421134	0	0	0	0	0	0	5.068717945
7.85	8.237038988	-0.4408126251	0	0	0	0	0	0	0.4332453678
7.86	8.244263788	-0.4397709988	0	0	0	0	0	0	-5.362984057
7.87	8.252403285	-0.4390120495	0	0	0	0	0	0	-11.91522814
7.88	8.261473659	-0.4385201181	0	0	0	0	0	0	-18.58582736
7.89	8.271447208	-0.4382765887	0	0	0	0	0	0	-24.76858704
7.9	8.282263488	-0.4382684879	0	0	0	0	0	0	-29.91014932
7.91	8.293843722	-0.4384979496	0	0	0	0	0	0	-33.47564055
7.92	8.306093812	-0.4389925388	0	0	0	0	0	0	-35.08755795
7.93	8.318904252	-0.4398122354	0	0	0	0	0	0	-34.63313831
7.94	8.332151282	-0.4410504515	0	0	0	0	0	0	-32.2678617
7.95	8.345697299	-0.442828201	0	0	0	0	0	0	-28.390296
7.96	8.359390831	-0.4452817563	0	0	0	0	0	0	-23.57712497
7.97	8.373069336	-0.4485347334	0	0	0	0	0	0	-18.29464763
7.98	8.38652971	-0.4526421932	0	0	0	0	0	0	-12.91147769
7.99	8.399560107	-0.4576444633	0	0	0	0	0	0	-9.54380056
8	8.412160171	-0.4635755084	0	0	0	0	0	0	-6.943170213
8.01	8.424445999	-0.470460352	0	0	0	0	0	0	-3.646981699
8.02	8.436479777	-0.4783276832	0	0	0	0	0	0	0.3464836399
8.03	8.448251224	-0.4872050123	0	0	0	0	0	0	4.331855852
8.04	8.459724914	-0.4971083684	0	0	0	0	0	0	7.606432982
8.05	8.47103195	-0.5079069097	0	0	0	0	0	0	15.10716993
8.06	8.483908004	-0.5182418776	0	0	0	0	0	0	45.23625296
8.07	8.496527956	-0.5279538564	0	0	0	0	0	0	63.4853909
8.08	8.507539835	-0.5371278855	0	0	0	0	0	0	73.74915395
8.09	8.51693148	-0.5455415547	0	0	0	0	0	0	80.12886469
8.1	8.524497227	-0.5528026072	0	0	0	0	0	0	84.9946134
8.11	8.528405044	-0.5579885472	0	0	0	0	0	0	61.65327195
8.12	8.530487575	-0.5605463827	0	0	0	0	0	0	38.67787212
8.13	8.531988004	-0.5606019551	0	0	0	0	0	0	18.38466092
8.14	8.533159462	-0.5586414877	0	0	0	0	0	0	-1.541544924
8.15	8.53410425	-0.5552474905	0	0	0	0	0	0	-20.90667017
8.16	8.535135019	-0.5509657244	0	0	0	0	0	0	-37.04365309
8.17	8.536610924	-0.5462637312	0	0	0	0	0	0	-47.95711076
8.18	8.538760623	-0.5415043963	0	0	0	0	0	0	-52.71886841
8.19	8.541860451	-0.5368213395	0	0	0	0	0	0	-48.94274516
8.2	8.545671109	-0.5322058349	0	0	0	0	0	0	-42.27266391
8.21	8.549598822	-0.5276411324	0	0	0	0	0	0	-37.82511492
8.22	8.553323483	-0.5231124201	0	0	0	0	0	0	-36.41252778
8.23	8.556843443	-0.5186161241	0	0	0	0	0	0	-36.86240483
8.24	8.56028058	-0.5141608186	0	0	0	0	0	0	-38.19153384
8.25	8.563764028	-0.5097641893	0	0	0	0	0	0	-39.88742686
8.26	8.567409633	-0.5054482192	0	0	0	0	0	0	-41.54321321
8.27	8.571318433	-0.5012313696	0	0	0	0	0	0	-42.77792097
8.28	8.575567312	-0.4971201366	0	0	0	0	0	0	-43.36306719
8.29	8.58019911	-0.4931045771	0	0	0	0	0	0	-43.28823784
8.3	8.585220193	-0.4891605749	0	0	0	0	0	0	-42.72321172
8.31	8.590601962	-0.4852562937	0	0	0	0	0	0	-41.96207216
8.32	8.596285873	-0.481359315	0	0	0	0	0	0	-41.363826
8.33	8.602194404	-0.4774421033	0	0	0	0	0	0	-41.26291688
8.34	8.608245581	-0.4734856244	0	0	0	0	0	0	-41.87313472
8.35	8.61436553	-0.4694819975	0	0	0	0	0	0	-43.22675062
8.36	8.62049271	-0.46543614	0	0	0	0	0	0	-45.19215586
8.37	8.62657522	-0.4613661379	0	0	0	0	0	0	-47.54771433
8.38	8.632566121	-0.4573029778	0	0	0	0	0	0	-50.06702486
8.39	8.638425765	-0.4532893218	0	0	0	0	0	0	-52.55635699
8.4	8.644131801	-0.4493779446	0	0	0	0	0	0	-54.85398116
8.41	8.649695094	-0.4456293416	0	0	0	0	0	0	-56.79616856
8.42	8.655175421	-0.4421078107	0	0	0	0	0	0	-58.16957134
8.43	8.660689666	-0.4388757006	0	0	0	0	0	0	-58.67616089
8.44	8.666408164	-0.4359878409	0	0	0	0	0	0	-57.93636499
8.45	8.672540068	-0.433487978	0	0	0	0	0	0	-55.53717588
8.46	8.679310382	-0.4314087475	0	0	0	0	0	0	-51.10926228
8.47	8.686933835	-0.4297715714	0	0	0	0	0	0	-44.42539949
8.48	8.695589435	-0.4285884352	0	0	0	0	0	0	-35.48529378
8.49	8.705403441	-0.4278671299	0	0	0	0	0	0	-24.52312262
8.5	8.716435798	-0.4276181643	0	0	0	0	0	0	-12.00549995
8.51	8.72866964	-0.4278610443	0	0	0	0	0	0	1.354835047
8.52	8.742006823	-0.4286298032	0	0	0	0	0	0	14.63593506
8.53	8.756272816	-0.4299770297	0	0	0	0	0	0	26.8069129
8.54	8.771230907	-0.431974586	0	0	0	0	0	0	36.8366752
8.55	8.786607441	-0.4347098826	0	0	0	0	0	0	43.73930124
8.56	8.802112063	-0.4382718679	0	0	0	0	0	0	44.0935031
8.57	8.817604264	-0.4427357654	0	0	0	0	0	0	37.10045916
8.58	8.833441488	-0.4482213875	0	0	0	0	0	0	30.96466645
8.59	8.849717937	-0.454749678	0	0	0	0	0	0	25.00245347
8.6	8.866254844	-0.4622712925	0	0	0	0	0	0	18.31975431
8.61	8.882879213	-0.4707488583	0	0	0	0	0	0	11.60570465
8.62	8.899499701	-0.4801745808	0	0	0	0	0	0	6.197360571
8.63	8.916067077	-0.4905537571	0	0	0	0	0	0	3.103030107
8.64	8.932533244	-0.5018833819	0	0	0	0	0	0	4.144069155
8.65	8.948428518	-0.5134511789	0	0	0	0	0	0	15.29700425
8.66	8.963215387	-0.5242375049	0	0	0	0	0	0	-1.605439066
8.67	8.978315623	-0.5343581247	0	0	0	0	0	0	-6.215675088
8.68	8.99454681	-0.5437253263	0	0	0	0	0	0	-1.594133865
8.69	9.011844846	-0.5520178664	0	0	0	0	0	0	2.94203941
8.7	9.02997247	-0.5582753744	0	0	0	0	0	0	10.51110267
8.71	9.048356836	-0.5617590011	0	0	0	0	0	0	11.23874079
8.72	9.066505024	-0.5625356237	0	0	0	0	0	0	0.8653757169
8.73	9.084440801	-0.5609831659	0	0	0	0	0	0	-12.53984923
8.74	9.102393767	-0.5576408451	0	0	0	0	0	0	-20.83619058
8.75	9.120421672	-0.5530840162	0	0	0	0	0	0	-21.59175884
8.76	9.138338355	-0.547853537	0	0	0	0	0	0	-16.84498518
8.77	9.155864434	-0.5424092548	0	0	0	0	0	0	-9.990470495
8.78	9.17275582	-0.5370326571	0	0	0	0	0	0	-5.049890334
8.79	9.18890402	-0.5317535701	0	0	0	0	0	0	-3.620765449
8.8	9.204476431	-0.5265436354	0	0	0	0	0	0	-2.894053796
8.81	9.219698725	-0.5213625959	0	0	0	0	0	0	-1.482629122
8.82	9.234637037	-0.5161877315	0	0	0	0	0	0	-0.4527964165
8.83	9.249211996	-0.5110294888	0	0	0	0	0	0	-1.138978475
8.84	9.263317962	-0.5059253288	0	0	0	0	0	0	-3.712695548
8.85	9.276896667	-0.5009243513	0	0	0	0	0	0	-7.237777526
8.86	9.289934685	-0.4960741287	0	0	0	0	0	0	-10.3816165
8.87	9.302424991	-0.4914131041	0	0	0	0	0	0	-12.11420349
8.88	9.314336744	-0.4869660879	0	0	0	0	0	0	-12.10472621
8.89	9.325612846	-0.4827411071	0	0	0	0	0	0	-10.69883967
8.9	9.336190102	-0.4787289114	0	0	0	0	0	0	-8.550016989
8.91	9.34602296	-0.4749067891	0	0	0	0	0	0	-6.208996553
8.92	9.355094435	-0.4712470335	0	0	0	0	0	0	-3.925141723
8.93	9.363411112	-0.4677263872	0	0	0	0	0	0	-1.710522526
8.94	9.370993011	-0.4643333669	0	0	0	0	0	0	0.5024287619
8.95	9.377869348	-0.4610704257	0	0	0	0	0	0	2.753569961
8.96	9.384084133	-0.4579513175	0	0	0	0	0	0	5.03010766
8.97	9.389707058	-0.4549964037	0	0	0	0	0	0	7.250217568
8.98	9.394844321	-0.452228439	0	0	0	0	0	0	9.22007524
8.99	9.3996468	-0.449669389	0	0	0	0	0	0	10.60851808
9	9.404314534	-0.4473384341	0	0	0	0	0	0	11.01636788
9.01	9.409091917	-0.4452514671	0	0	0	0	0	0	10.13756737
9.02	9.414241349	-0.4434223402	0	0	0	0	0	0	7.876828788
9.03	9.419996191	-0.4418646259	0	0	0	0	0	0	4.277355979
9.04	9.426523219	-0.4405902379	0	0	0	0	0	0	-0.5986012084
9.05	9.433921204	-0.4396036761	0	0	0	0	0	0	-6.581891589
9.06	9.442240386	-0.4388974051	0	0	0	0	0	0	-13.20627291
9.07	9.451488127	-0.4384545734	0	0	0	0	0	0	-19.82766332
9.08	9.461629239	-0.4382569577	0	0	0	0	0	0	-25.85452227
9.09	9.472599127	-0.4382936593	0	0	0	0	0	0	-30.73193194
9.1	9.484315977	-0.438570959	0	0	0	0	0	0	-33.94328634
9.11	9.496682663	-0.4391222811	0	0	0	0	0	0	-35.15907412
9.12	9.50958686	-0.4400141712	0	0	0	0	0	0	-34.31830966
9.13	9.522902234	-0.4413459877	0	0	0	0	0	0	-31.62530051
9.14	9.536488476	-0.4432428134	0	0	0	0	0	0	-27.51979949
9.15	9.550191626	-0.445841806	0	0	0	0	0	0	-22.61511161
9.16	9.56384649	-0.4492563878	0	0	0	0	0	0	-17.17383863
9.17	9.577235622	-0.4535324025	0	0	0	0	0	0	-12.10965176
9.18	9.590176081	-0.4587109651	0	0	0	0	0	0	-9.050725981
9.19	9.60270655	-0.464823284	0	0	0	0	0	0	-6.382906202
9.2	9.614941354	-0.4718945172	0	0	0	0	0	0	-2.916582184
9.21	9.626926358	-0.4799539807	0	0	0	0	0	0	1.136332545
9.22	9.638642917	-0.4890276351	0	0	0	0	0	0	5.034343431
9.23	9.650054481	-0.4991287097	0	0	0	0	0	0	8.108713267
9.24	9.661555617	-0.5099594665	0	0	0	0	0	0	22.63930976
9.25	9.674580687	-0.5201476674	0	0	0	0	0	0	49.39964407
9.26	9.686943816	-0.5297615285	0	0	0	0	0	0	66.00824767
9.27	9.69761876	-0.5388129466	0	0	0	0	0	0	75.10933279
9.28	9.706748495	-0.5470430815	0	0	0	0	0	0	81.45665697
9.29	9.713657725	-0.5539893051	0	0	0	0	0	0	81.12100565
9.3	9.717050254	-0.5586872178	0	0	0	0	0	0	56.98938741
9.31	9.718966584	-0.5607393161	0	0	0	0	0	0	34.63887255
9.32	9.720399559	-0.5603639639	0	0	0	0	0	0	14.57774715
9.33	9.721513602	-0.5580830273	0	0	0	0	0	0	-5.373247907
9.34	9.722445526	-0.5544783217	0	0	0	0	0	0	-24.34298999
9.35	9.723536946	-0.5500823957	0	0	0	0	0	0	-39.57174775
9.36	9.725128139	-0.5453454336	0	0	0	0	0	0	-49.42470956
9.37	9.727439825	-0.5405993285	0	0	0	0	0	0	-52.55977566
9.38	9.730718425	-0.5359304057	0	0	0	0	0	0	-47.66658228
9.39	9.734594049	-0.5313262381	0	0	0	0	0	0	-41.16596864
9.4	9.738495577	-0.5267695136	0	0	0	0	0	0	-37.34327329
9.41	9.742174542	-0.5222471035	0	0	0	0	0	0	-36.39045901
9.42	9.745668033	-0.5177578998	0	0	0	0	0	0	-37.06642687
9.43	9.749104316	-0.5133124947	0	0	0	0	0	0	-38.49823561
9.44	9.752610055	-0.508929847	0	0	0	0	0	0	-40.21876567
9.45	9.756298768	-0.5046319626	0	0	0	0	0	0	-41.82042514
9.46	9.760267612	-0.5004355758	0	0	0	0	0	0	-42.94176441
9.47	9.764587509	-0.4963441702	0	0	0	0	0	0	-43.39515114
9.48	9.769294318	-0.4923447432	0	0	0	0	0	0	-43.20901934
9.49	9.774387525	-0.4884111111	0	0	0	0	0	0	-42.58116965
9.5	9.779832255	-0.4845108198	0	0	0	0	0	0	-41.82336277
9.51	9.785565304	-0.480612015	0	0	0	0	0	0	-41.29746036
9.52	9.791507061	-0.4766885308	0	0	0	0	0	0	-41.32240062
9.53	9.797576505	-0.472723341	0	0	0	0	0	0	-42.07877933
9.54	9.803701992	-0.4687109011	0	0	0	0	0	0	-43.56426166
9.55	9.809824222	-0.464658662	0	0	0	0	0	0	-45.62309621
9.56	9.815892462	-0.4605872459	0	0	0	0	0	0	-48.02710591
9.57	9.821860808	-0.4565299594	0	0	0	0	0	0	-50.5543294
9.58	9.82769187	-0.4525315227	0	0	0	0	0	0	-53.01895354
9.59	9.83336831	-0.4486464178	0	0	0	0	0	0	-55.26211247
9.6	9.838909282	-0.4449362459	0	0	0	0	0	0	-57.11413904
9.61	9.844385272	-0.4414654512	0	0	0	0	0	0	-58.34683112
9.62	9.849924015	-0.438295254	0	0	0	0	0	0	-58.64565759
9.63	9.855704478	-0.4354784256	0	0	0	0	0	0	-57.62077302
9.64	9.861940603	-0.4330567924	0	0	0	0	0	0	-54.86049326
9.65	9.868858048	-0.4310608531	0	0	0	0	0	0	-50.01108969
9.66	9.876666518	-0.4295098744	0	0	0	0	0	0	-42.88762898
9.67	9.885535866	-0.4284144951	0	0	0	0	0	0	-33.53512854
9.68	9.89558067	-0.4277825628	0	0	0	0	0	0	-22.22924663
9.69	9.906846783	-0.4276258116	0	0	0	0	0	0	-9.485464258
9.7	9.919301622	-0.4279660897	0	0	0	0	0	0	3.935421272
9.71	9.932831872	-0.4288407396	0	0	0	0	0	0	17.08453948
9.72	9.947249738	-0.4303061484	0	0	0	0	0	0	28.92338887
9.73	9.962309208	-0.4324375752	0	0	0	0	0	0	38.43125232
9.74	9.977733215	-0.4353245973	0	0	0	0	0	0	44.59772654
9.75	9.993228198	-0.4390516365	0	0	0	0	0	0	42.88414708
9.76	10.0087572	-0.443702795	0	0	0	0	0	0	35.83257492
9.77	10.02468406	-0.4493897242	0	0	0	0	0	0	29.86345396
9.78	10.04102642	-0.4561120105	0	0	0	0	0	0	23.77970403
9.79	10.05759061	-0.4638181647	0	0	0	0	0	0	17.00003624
9.8	10.07421901	-0.4724768044	0	0	0	0	0	0	10.43289948
9.81	10.09083257	-0.4820842363	0	0	0	0	0	0	5.408228851
9.82	10.10738448	-0.4926461202	0	0	0	0	0	0	2.8192975
9.83	10.12381868	-0.5041339724	0	0	0	0	0	0	9.187373675
9.84	10.1394684	-0.5155711895	0	0	0	0	0	0	12.25805804
9.85	10.15419276	-0.5262206327	0	0	0	0	0	0	-3.723974461
9.86	10.16948604	-0.5362143679	0	0	0	0	0	0	-5.709120307
9.87	10.18593581	-0.5454049394	0	0	0	0	0	0	-0.482204108
9.88	10.20341534	-0.5534150854	0	0	0	0	0	0	3.86641985
9.89	10.22164681	-0.559158706	0	0	0	0	0	0	11.59726878
9.9	10.24000782	-0.5621084816	0	0	0	0	0	0	9.949827404
9.91	10.25810043	-0.5624037673	0	0	0	0	0	0	-1.768540858
9.92	10.27602301	-0.5604652742	0	0	0	0	0	0	-14.68133826
9.93	10.29399412	-0.5568467792	0	0	0	0	0	0	-21.54147528
9.94	10.31202042	-0.5521214049	0	0	0	0	0	0	-21.00953908
9.95	10.32988373	-0.5468177925	0	0	0	0	0	0	-15.59453463
9.96	10.34730581	-0.5413743374	0	0	0	0	0	0	-8.75113531
9.97	10.36405485	-0.5360174411	0	0	0	0	0	0	-4.571017592
9.98	10.38007374	-0.5307545905	0	0	0	0	0	0	-3.512816681
9.99	10.39556499	-0.5255532724	0	0	0	0	0	0	-2.66735097
10	10.41073367	-0.5203743536	0	0	0	0	0	0	-1.205661423
