0	0	0.75	0
0.01	0.018568335	0.75	0
0.02	0.036911342	0.75	0
0.03	0.055271696	0.75	0
0.04	0.073624658	0.75	0
0.05	0.091936661	0.75	0
0.06	0.110214954	0.75	0
0.07	0.128476737	0.75	0
0.08	0.146735639	0.75	0
0.09	0.16500299	0.75	0
0.1	0.183289188	0.75	0
0.11	0.201603063	0.75	0
0.12	0.219951103	0.75	0
0.13	0.238337267	0.75	0
0.14	0.256763206	0.75	0
0.15	0.27522855	0.75	0
0.16	0.293678996	0.75	0
0.17	0.311867106	0.75	0
0.18	0.329844418	0.75	0
0.19	0.347285941	0.75	0
0.2	0.36408276	0.75	0
0.21	0.380334984	0.75	0
0.22	0.396087508	0.75	0
0.23	0.411373063	0.75	0
0.24	0.426239752	0.75	0
0.25	0.440755676	0.75	0
0.26	0.454966966	0.75	0
0.27	0.468916952	0.75	0
0.28	0.482648018	0.75	0
0.29	0.496208447	0.75	0
0.3	0.50965567	0.75	0
0.31	0.523048823	0.75	0
0.32	0.536438871	0.75	0
0.33	0.549863562	0.75	0
0.34	0.563346498	0.75	0
0.35	0.576896958	0.75	0
0.36	0.590506395	0.75	0
0.37	0.604151367	0.75	0
0.38	0.617815969	0.75	0
0.39	0.631491987	0.75	0
0.4	0.645172068	0.75	0
0.41	0.658853456	0.75	0
0.42	0.672518345	0.75	0
0.43	0.686153179	0.75	0
0.44	0.699756008	0.75	0
0.45	0.713330954	0.75	0
0.46	0.726884278	0.75	0
0.47	0.740423118	0.75	0
0.48	0.75395525	0.75	0
0.49	0.767488421	0.75	0
0.5	0.78102886	0.75	0
0.51	0.794579225	0.75	0
0.52	0.808136778	0.75	0
0.53	0.821691993	0.75	0
0.54	0.835221509	0.75	0
0.55	0.848705306	0.75	0
0.56	0.862151874	0.75	0
0.57	0.875577637	0.75	0
0.58	0.888995716	0.75	0
0.59	0.902417038	0.75	0
0.6	0.915846557	0.75	0
0.61	0.92911237	0.75	0
0.62	0.942328179	0.75	0
0.63	0.955592491	0.75	0
0.64	0.968792308	0.75	0
0.65	0.981704806	0.75	0
0.66	0.99428317	0.75	0
0.67	1.006573468	0.75	0
0.68	1.018617442	0.75	0
0.69	1.030423621	0.75	0
0.7	1.041983348	0.75	0
0.71	1.053286511	0.75	0
0.72	1.06433108	0.75	0
0.73	1.075139664	0.75	0
0.74	1.085735518	0.75	0
0.75	1.096137162	0.75	0
0.76	1.106368015	0.75	0
0.77	1.116458626	0.75	0
0.78	1.126442316	0.75	0
0.79	1.136351562	0.75	0
0.8	1.146217396	0.75	0
0.81	1.156069275	0.75	0
0.82	1.165934785	0.75	0
0.83	1.17583874	0.75	0
0.84	1.185802856	0.75	0
0.85	1.195845387	0.75	0
0.86	1.205980698	0.75	0
0.87	1.216218751	0.75	0
0.88	1.226564809	0.75	0
0.89	1.237019593	0.75	0
0.9	1.247579899	0.75	0
0.91	1.258239599	0.75	0
0.92	1.268990941	0.75	0
0.93	1.279826106	0.75	0
0.94	1.290738648	0.75	0
0.95	1.301724464	0.75	0
0.96	1.312782045	0.75	0
0.97	1.323911747	0.75	0
0.98	1.335114155	0.75	0
0.99	1.346387765	0.75	0
1	1.357726528	0.75	0
1.01	1.369117935	0.75	0
1.02	1.38054088	0.75	0
1.03	1.391959376	0.75	0
1.04	1.403339409	0.75	0
1.05	1.414669144	0.75	0
1.06	1.42596008	0.75	0
1.07	1.437226863	0.75	0
1.08	1.448480381	0.75	0
1.09	1.459730918	0.75	0
1.1	1.470962257	0.75	0
1.11	1.482010642	0.75	0
1.12	1.493124535	0.75	0
1.13	1.504388172	0.75	0
1.14	1.515636344	0.75	0
1.15	1.526705955	0.75	0
1.16	1.537594786	0.75	0
1.17	1.548333774	0.75	0
1.18	1.558914455	0.75	0
1.19	1.569296314	0.75	0
1.2	1.579437365	0.75	0
1.21	1.589308682	0.75	0
1.22	1.598909424	0.75	0
1.23	1.608261151	0.75	0
1.24	1.617380708	0.75	0
1.25	1.626283491	0.75	0
1.26	1.634992897	0.75	0
1.27	1.64354059	0.75	0
1.28	1.651962037	0.75	0
1.29	1.66029348	0.75	0
1.3	1.668571358	0.75	0
1.31	1.67683166	0.75	0
1.32	1.6851087	0.75	0
1.33	1.693434067	0.75	0
1.34	1.701835939	0.75	0
1.35	1.710338572	0.75	0
1.36	1.71896153	0.75	0
1.37	1.727718896	0.75	0
1.38	1.736618793	0.75	0
1.39	1.745663515	0.75	0
1.4	1.754850169	0.75	0
1.41	1.7641717	0.75	0
1.42	1.773618233	0.75	0
1.43	1.783178876	0.75	0
1.44	1.79284365	0.75	0
1.45	1.802604954	0.75	0
1.46	1.812458228	0.75	0
1.47	1.822401444	0.75	0
1.48	1.832433481	0.75	0
1.49	1.842551621	0.75	0
1.5	1.852748806	0.75	0
1.51	1.863430344	0.75	0
1.52	1.874272981	0.75	0
1.53	1.885121973	0.75	0
1.54	1.896021663	0.75	0
1.55	1.906960185	0.75	0
1.56	1.917900892	0.75	0
1.57	1.928809071	0.75	0
1.58	1.939670653	0.75	0
1.59	1.950489832	0.75	0
1.6	1.961267679	0.75	0
1.61	1.972001198	0.75	0
1.62	1.982593799	0.75	0
1.63	1.993151354	0.75	0
1.64	2.003769596	0.75	0
1.65	2.01444413	0.75	0
1.66	2.025088353	0.75	0
1.67	2.035694186	0.75	0
1.68	2.046273444	0.75	0
1.69	2.056803035	0.75	0
1.7	2.067213196	0.75	0
1.71	2.077405393	0.75	0
1.72	2.087292686	0.75	0
1.73	2.096853544	0.75	0
1.74	2.106118846	0.75	0
1.75	2.115131903	0.75	0
1.76	2.123944214	0.75	0
1.77	2.132616322	0.75	0
1.78	2.141211012	0.75	0
1.79	2.149785678	0.75	0
1.8	2.15838926	0.75	0
1.81	2.167062349	0.75	0
1.82	2.175837995	0.75	0
1.83	2.184742663	0.75	0
1.84	2.193797733	0.75	0
1.85	2.203021371	0.75	0
1.86	2.21243015	0.75	0
1.87	2.222039988	0.75	0
1.88	2.231866357	0.75	0
1.89	2.241923683	0.75	0
1.9	2.252223377	0.75	0
1.91	2.262769147	0.75	0
1.92	2.273546702	0.75	0
1.93	2.284509787	0.75	0
1.94	2.295575871	0.75	0
1.95	2.306658316	0.75	0
1.96	2.317710994	0.75	0
1.97	2.328718678	0.75	0
1.98	2.339663652	0.75	0
1.99	2.350536676	0.75	0
2	2.361348853	0.75	0
2.01	2.37211612	0.75	0
2.02	2.382850843	0.75	0
2.03	2.393563785	0.75	0
2.04	2.404263104	0.75	0
2.05	2.414952147	0.75	0
2.06	2.425629332	0.75	0
2.07	2.436285741	0.75	0
2.08	2.446912675	0.75	0
2.09	2.457516216	0.75	0
2.1	2.468104712	0.75	0
2.11	2.478683441	0.75	0
2.12	2.489255082	0.75	0
2.13	2.499815869	0.75	0
2.14	2.510378228	0.75	0
2.15	2.520967724	0.75	0
2.16	2.531567142	0.75	0
2.17	2.542182228	0.75	0
2.18	2.552832867	0.75	0
2.19	2.563473437	0.75	0
2.2	2.574031761	0.75	0
2.21	2.584497449	0.75	0
2.22	2.594874445	0.75	0
2.23	2.605162686	0.75	0
2.24	2.615357988	0.75	0
2.25	2.625454118	0.75	0
2.26	2.635440815	0.75	0
2.27	2.645310002	0.75	0
2.28	2.655079323	0.75	0
2.29	2.664768405	0.75	0
2.3	2.674385882	0.75	0
2.31	2.68393803	0.75	0
2.32	2.693433775	0.75	0
2.33	2.702882248	0.75	0
2.34	2.712290452	0.75	0
2.35	2.721664735	0.75	0
2.36	2.731013653	0.75	0
2.37	2.740349009	0.75	0
2.38	2.749684701	0.75	0
2.39	2.759035035	0.75	0
2.4	2.76841374	0.75	0
2.41	2.777833873	0.75	0
2.42	2.787307788	0.75	0
2.43	2.79684666	0.75	0
2.44	2.806459499	0.75	0
2.45	2.816152109	0.75	0
2.46	2.82592633	0.75	0
2.47	2.835779836	0.75	0
2.48	2.845706433	0.75	0
2.49	2.855697034	0.75	0
2.5	2.865741679	0.75	0
2.51	2.875832196	0.75	0
2.52	2.885964207	0.75	0
2.53	2.896137016	0.75	0
2.54	2.906352743	0.75	0
2.55	2.916615811	0.75	0
2.56	2.926932102	0.75	0
2.57	2.937307452	0.75	0
2.58	2.947746419	0.75	0
2.59	2.958251469	0.75	0
2.6	2.968822191	0.75	0
2.61	2.979454677	0.75	0
2.62	2.990141256	0.75	0
2.63	3.00087034	0.75	0
2.64	3.011620228	0.75	0
2.65	3.02238212	0.75	0
2.66	3.03315878	0.75	0
2.67	3.043951935	0.75	0
2.68	3.054759481	0.75	0
2.69	3.065576629	0.75	0
2.7	3.076398864	0.75	0
2.71	3.087202285	0.75	0
2.72	3.097941859	0.75	0
2.73	3.108697739	0.75	0
2.74	3.119454353	0.75	0
2.75	3.130214737	0.75	0
2.76	3.140986849	0.75	0
2.77	3.151691185	0.75	0
2.78	3.162285001	0.75	0
2.79	3.172768591	0.75	0
2.8	3.18314663	0.75	0
2.81	3.193417875	0.75	0
2.82	3.203577589	0.75	0
2.83	3.213618813	0.75	0
2.84	3.223530635	0.75	0
2.85	3.233312331	0.75	0
2.86	3.242985598	0.75	0
2.87	3.252567504	0.75	0
2.88	3.262067637	0.75	0
2.89	3.271496611	0.75	0
2.9	3.280867271	0.75	0
2.91	3.290190963	0.75	0
2.92	3.29947621	0.75	0
2.93	3.308730995	0.75	0
2.94	3.317965381	0.75	0
2.95	3.327191959	0.75	0
2.96	3.336424588	0.75	0
2.97	3.345677042	0.75	0
2.98	3.354962381	0.75	0
2.99	3.364292976	0.75	0
3	3.373680409	0.75	0
3.01	3.38313495	0.75	0
3.02	3.392664675	0.75	0
3.03	3.402274644	0.75	0
3.04	3.411966307	0.75	0
3.05	3.421737089	0.75	0
3.06	3.43158032	0.75	0
3.07	3.441485851	0.75	0
3.08	3.451441981	0.75	0
3.09	3.461438573	0.75	0
3.1	3.471469478	0.75	0
3.11	3.481532871	0.75	0
3.12	3.491630329	0.75	0
3.13	3.501766399	0.75	0
3.14	3.511947946	0.75	0
3.15	3.522182447	0.75	0
3.16	3.532476535	0.75	0
3.17	3.542835007	0.75	0
3.18	3.553260139	0.75	0
3.19	3.563750938	0.75	0
3.2	3.574302696	0.75	0
3.21	3.58490716	0.75	0
3.22	3.595551348	0.75	0
3.23	3.606214897	0.75	0
3.24	3.616892851	0.75	0
3.25	3.627588174	0.75	0
3.26	3.638301877	0.75	0
3.27	3.649031414	0.75	0
3.28	3.659772267	0.75	0
3.29	3.670520861	0.75	0
3.3	3.681227458	0.75	0
3.31	3.691899853	0.75	0
3.32	3.702584093	0.75	0
3.33	3.713261131	0.75	0
3.34	3.723939336	0.75	0
3.35	3.73461731	0.75	0
3.36	3.745211414	0.75	0
3.37	3.755690432	0.75	0
3.38	3.766057646	0.75	0
3.39	3.776318747	0.75	0
3.4	3.786474295	0.75	0
3.41	3.7965226	0.75	0
3.42	3.806459915	0.75	0
3.43	3.81627796	0.75	0
3.44	3.825978599	0.75	0
3.45	3.835582957	0.75	0
3.46	3.845105898	0.75	0
3.47	3.854554972	0.75	0
3.48	3.863938487	0.75	0
3.49	3.873266493	0.75	0
3.5	3.882547643	0.75	0
3.51	3.891788431	0.75	0
3.52	3.900995502	0.75	0
3.53	3.910177902	0.75	0
3.54	3.919347271	0.75	0
3.55	3.928516499	0.75	0
3.56	3.937698448	0.75	0
3.57	3.946905331	0.75	0
3.58	3.956148763	0.75	0
3.59	3.965439642	0.75	0
3.6	3.9747878	0.75	0
3.61	3.984201275	0.75	0
3.62	3.99368569	0.75	0
3.63	4.003243862	0.75	0
3.64	4.012875422	0.75	0
3.65	4.022576606	0.75	0
3.66	4.032340391	0.75	0
3.67	4.042157635	0.75	0
3.68	4.052019438	0.75	0
3.69	4.06191971	0.75	0
3.7	4.071856264	0.75	0
3.71	4.081830321	0.75	0
3.72	4.09184597	0.75	0
3.73	4.101909697	0.75	0
3.74	4.112029143	0.75	0
3.75	4.122211551	0.75	0
3.76	4.132462733	0.75	0
3.77	4.142786327	0.75	0
3.78	4.153183012	0.75	0
3.79	4.163649939	0.75	0
3.8	4.174180542	0.75	0
3.81	4.184765137	0.75	0
3.82	4.195386378	0.75	0
3.83	4.206027555	0.75	0
3.84	4.216687967	0.75	0
3.85	4.227369692	0.75	0
3.86	4.238071685	0.75	0
3.87	4.248789658	0.75	0
3.88	4.259518372	0.75	0
3.89	4.270250517	0.75	0
3.9	4.280908736	0.75	0
3.91	4.291566708	0.75	0
3.92	4.302228151	0.75	0
3.93	4.312883626	0.75	0
3.94	4.323548804	0.75	0
3.95	4.33419133	0.75	0
3.96	4.344735629	0.75	0
3.97	4.355169137	0.75	0
3.98	4.365497854	0.75	0
3.99	4.375724569	0.75	0
4	4.385847058	0.75	0
4.01	4.395861216	0.75	0
4.02	4.405760039	0.75	0
4.03	4.41553424	0.75	0
4.04	4.42519532	0.75	0
4.05	4.434764041	0.75	0
4.06	4.4442519	0.75	0
4.07	4.45366694	0.75	0
4.08	4.463019608	0.75	0
4.09	4.472320961	0.75	0
4.1	4.481579696	0.75	0
4.11	4.490802764	0.75	0
4.12	4.499998108	0.75	0
4.13	4.509176278	0.75	0
4.14	4.518349923	0.75	0
4.15	4.527532351	0.75	0
4.16	4.536736475	0.75	0
4.17	4.545974494	0.75	0
4.18	4.555257988	0.75	0
4.19	4.564597673	0.75	0
4.2	4.574002838	0.75	0
4.21	4.583480536	0.75	0
4.22	4.593034994	0.75	0
4.23	4.602667112	0.75	0
4.24	4.612374084	0.75	0
4.25	4.622149354	0.75	0
4.26	4.631983313	0.75	0
4.27	4.641865346	0.75	0
4.28	4.651786811	0.75	0
4.29	4.661743067	0.75	0
4.3	4.671733523	0.75	0
4.31	4.68176077	0.75	0
4.32	4.69183027	0.75	0
4.33	4.701949515	0.75	0
4.34	4.712126274	0.75	0
4.35	4.722367246	0.75	0
4.36	4.732677276	0.75	0
4.37	4.743058561	0.75	0
4.38	4.753509911	0.75	0
4.39	4.76402639	0.75	0
4.4	4.774599553	0.75	0
4.41	4.78521629	0.75	0
4.42	4.795856176	0.75	0
4.43	4.806514024	0.75	0
4.44	4.81719234	0.75	0
4.45	4.827891601	0.75	0
4.46	4.838608711	0.75	0
4.47	4.849338601	0.75	0
4.48	4.860077101	0.75	0
4.49	4.870770776	0.75	0
4.5	4.881428681	0.75	0
4.51	4.892098575	0.75	0
4.52	4.902761707	0.75	0
4.53	4.91342676	0.75	0
4.54	4.924094387	0.75	0
4.55	4.934682149	0.75	0
4.56	4.9451584	0.75	0
4.57	4.955526421	0.75	0
4.58	4.965791438	0.75	0
4.59	4.975953028	0.75	0
4.6	4.986008218	0.75	0
4.61	4.995951907	0.75	0
4.62	5.005774697	0.75	0
4.63	5.015478388	0.75	0
4.64	5.025084107	0.75	0
4.65	5.034606703	0.75	0
4.66	5.044054119	0.75	0
4.67	5.053435413	0.75	0
4.68	5.062761452	0.75	0
4.69	5.072041584	0.75	0
4.7	5.081282841	0.75	0
4.71	5.090492279	0.75	0
4.72	5.099679305	0.75	0
4.73	5.108855822	0.75	0
4.74	5.118034942	0.75	0
4.75	5.127229739	0.75	0
4.76	5.136452603	0.75	0
4.77	5.145715283	0.75	0
4.78	5.155028843	0.75	0
4.79	5.164403172	0.75	0
4.8	5.173846255	0.75	0
4.81	5.183363505	0.75	0
4.82	5.192957242	0.75	0
4.83	5.20262632	0.75	0
4.84	5.212365927	0.75	0
4.85	5.222167892	0.75	0
4.86	5.23202212	0.75	0
4.87	5.241919229	0.75	0
4.88	5.251853144	0.75	0
4.89	5.261821946	0.75	0
4.9	5.271827166	0.75	0
4.91	5.281873147	0.75	0
4.92	5.291966666	0.75	0
4.93	5.302115533	0.75	0
4.94	5.312326904	0.75	0
4.95	5.322606348	0.75	0
4.96	5.332957132	0.75	0
4.97	5.343379424	0.75	0
4.98	5.353869752	0.75	0
4.99	5.36442094	0.75	0
5	5.375022616	0.75	0
5.01	5.385655315	0.75	0
5.02	5.396306278	0.75	0
5.03	5.406976642	0.75	0
5.04	5.417668138	0.75	0
5.05	5.428379041	0.75	0
5.06	5.439104726	0.75	0
5.07	5.449840261	0.75	0
5.08	5.460567764	0.75	0
5.09	5.471223241	0.75	0
5.1	5.481890806	0.75	0
5.11	5.492556792	0.75	0
5.12	5.503218599	0.75	0
5.13	5.513892056	0.75	0
5.14	5.524521301	0.75	0
5.15	5.535044898	0.75	0
5.16	5.545457854	0.75	0
5.17	5.555766546	0.75	0
5.18	5.565972575	0.75	0
5.19	5.576073455	0.75	0
5.2	5.586064965	0.75	0
5.21	5.595939317	0.75	0
5.22	5.60568974	0.75	0
5.23	5.615332643	0.75	0
5.24	5.624887103	0.75	0
5.25	5.634362902	0.75	0
5.26	5.643768228	0.75	0
5.27	5.653113754	0.75	0
5.28	5.66240995	0.75	0
5.29	5.671664774	0.75	0
5.3	5.680885021	0.75	0
5.31	5.690079043	0.75	0
5.32	5.699257902	0.75	0
5.33	5.708434463	0.75	0
5.34	5.717621971	0.75	0
5.35	5.726833154	0.75	0
5.36	5.73608003	0.75	0
5.37	5.74537399	0.75	0
5.38	5.75472551	0.75	0
5.39	5.764143447	0.75	0
5.4	5.773634294	0.75	0
5.41	5.783201646	0.75	0
5.42	5.792845704	0.75	0
5.43	5.802563	0.75	0
5.44	5.812346448	0.75	0
5.45	5.822186272	0.75	0
5.46	5.832072281	0.75	0
5.47	5.841996744	0.75	0
5.48	5.851956033	0.75	0
5.49	5.861950363	0.75	0
5.5	5.871982997	0.75	0
5.51	5.882059883	0.75	0
5.52	5.89218865	0.75	0
5.53	5.902376875	0.75	0
5.54	5.912630874	0.75	0
5.55	5.922954948	0.75	0
5.56	5.933350587	0.75	0
5.57	5.943815803	0.75	0
5.58	5.954344855	0.75	0
5.59	5.964928704	0.75	0
5.6	5.975552041	0.75	0
5.61	5.98619603	0.75	0
5.62	5.996858319	0.75	0
5.63	6.007541376	0.75	0
5.64	6.018244928	0.75	0
5.65	6.028965267	0.75	0
5.66	6.039697248	0.75	0
5.67	6.050436387	0.75	0
5.68	6.061112286	0.75	0
5.69	6.07177379	0.75	0
5.7	6.082442653	0.75	0
5.71	6.093104611	0.75	0
5.72	6.10377276	0.75	0
5.73	6.114430951	0.75	0
5.74	6.1249971	0.75	0
5.75	6.135451266	0.75	0
5.76	6.145798687	0.75	0
5.77	6.15604342	0.75	0
5.78	6.166184158	0.75	0
5.79	6.17621752	0.75	0
5.8	6.18613761	0.75	0
5.81	6.195934758	0.75	0
5.82	6.205616166	0.75	0
5.83	6.215203203	0.75	0
5.84	6.224708724	0.75	0
5.85	6.234140486	0.75	0
5.86	6.243508198	0.75	0
5.87	6.252822758	0.75	0
5.88	6.26209305	0.75	0
5.89	6.271325932	0.75	0
5.9	6.280528852	0.75	0
5.91	6.289711795	0.75	0
5.92	6.298887075	0.75	0
5.93	6.308067905	0.75	0
5.94	6.31726725	0.75	0
5.95	6.32649738	0.75	0
5.96	6.33576992	0.75	0
5.97	6.345095738	0.75	0
5.98	6.354484426	0.75	0
5.99	6.36394348	0.75	0
6	6.373477683	0.75	0
6.01	6.383088671	0.75	0
6.02	6.3927745	0.75	0
6.03	6.40252954	0.75	0
6.04	6.412344971	0.75	0
6.05	6.422210518	0.75	0
6.06	6.432117246	0.75	0
6.07	6.442059891	0.75	0
6.08	6.452037286	0.75	0
6.09	6.462051529	0.75	0
6.1	6.472107554	0.75	0
6.11	6.482212529	0.75	0
6.12	6.492374236	0.75	0
6.13	6.502599573	0.75	0
6.14	6.512893727	0.75	0
6.15	6.523259405	0.75	0
6.16	6.533696059	0.75	0
6.17	6.544199448	0.75	0
6.18	6.554761688	0.75	0
6.19	6.565371282	0.75	0
6.2	6.576007564	0.75	0
6.21	6.586661722	0.75	0
6.22	6.597335832	0.75	0
6.23	6.608031025	0.75	0
6.24	6.618744842	0.75	0
6.25	6.62947236	0.75	0
6.26	6.640208991	0.75	0
6.27	6.650920616	0.75	0
6.28	6.661574667	0.75	0
6.29	6.672243445	0.75	0
6.3	6.682907321	0.75	0
6.31	6.693569712	0.75	0
6.32	6.704241803	0.75	0
6.33	6.714850458	0.75	0
6.34	6.725349665	0.75	0
6.35	6.735739391	0.75	0
6.36	6.746025632	0.75	0
6.37	6.756208845	0.75	0
6.38	6.766286221	0.75	0
6.39	6.776253105	0.75	0
6.4	6.786100757	0.75	0
6.41	6.795826165	0.75	0
6.42	6.805448889	0.75	0
6.43	6.814985959	0.75	0
6.44	6.824446048	0.75	0
6.45	6.833837781	0.75	0
6.46	6.843172048	0.75	0
6.47	6.852458822	0.75	0
6.48	6.861705571	0.75	0
6.49	6.870919171	0.75	0
6.5	6.880108512	0.75	0
6.51	6.889285121	0.75	0
6.52	6.898462039	0.75	0
6.53	6.907652411	0.75	0
6.54	6.916868812	0.75	0
6.55	6.926123146	0.75	0
6.56	6.935426621	0.75	0
6.57	6.944789435	0.75	0
6.58	6.954220009	0.75	0
6.59	6.963724298	0.75	0
6.6	6.97330524	0.75	0
6.61	6.982962332	0.75	0
6.62	6.992691399	0.75	0
6.63	7.002484744	0.75	0
6.64	7.012332349	0.75	0
6.65	7.022224341	0.75	0
6.66	7.032153772	0.75	0
6.67	7.042117893	0.75	0
6.68	7.052117593	0.75	0
6.69	7.062156699	0.75	0
6.7	7.072241613	0.75	0
6.71	7.082380099	0.75	0
6.72	7.092579547	0.75	0
6.73	7.102845921	0.75	0
6.74	7.113183024	0.75	0
6.75	7.123591694	0.75	0
6.76	7.134069201	0.75	0
6.77	7.144609075	0.75	0
6.78	7.155201686	0.75	0
6.79	7.165829472	0.75	0
6.8	7.176476352	0.75	0
6.81	7.187142075	0.75	0
6.82	7.197828829	0.75	0
6.83	7.208535605	0.75	0
6.84	7.219258186	0.75	0
6.85	7.229991487	0.75	0
6.86	7.240727113	0.75	0
6.87	7.251388904	0.75	0
6.88	7.262053484	0.75	0
6.89	7.272720506	0.75	0
6.9	7.283381508	0.75	0
6.91	7.294052381	0.75	0
6.92	7.304696719	0.75	0
6.93	7.315240694	0.75	0
6.94	7.325673034	0.75	0
6.95	7.335999941	0.75	0
6.96	7.34622425	0.75	0
6.97	7.35634402	0.75	0
6.98	7.366355512	0.75	0
6.99	7.376251968	0.75	0
7	7.386024544	0.75	0
7.01	7.3956855	0.75	0
7.02	7.405255377	0.75	0
7.03	7.414745299	0.75	0
7.04	7.424163101	0.75	0
7.05	7.433519002	0.75	0
7.06	7.442823724	0.75	0
7.07	7.452085644	0.75	0
7.08	7.461311513	0.75	0
7.09	7.470509197	0.75	0
7.1	7.479689232	0.75	0
7.11	7.48886423	0.75	0
7.12	7.498047428	0.75	0
7.13	7.507251662	0.75	0
7.14	7.516489071	0.75	0
7.15	7.525771178	0.75	0
7.16	7.535108646	0.75	0
7.17	7.544510702	0.75	0
7.18	7.553984352	0.75	0
7.19	7.56353381	0.75	0
7.2	7.573159999	0.75	0
7.21	7.582860237	0.75	0
7.22	7.592628188	0.75	0
7.23	7.602454553	0.75	0
7.24	7.612329055	0.75	0
7.25	7.622243327	0.75	0
7.26	7.63219294	0.75	0
7.27	7.642177456	0.75	0
7.28	7.652199549	0.75	0
7.29	7.662264634	0.75	0
7.3	7.672380168	0.75	0
7.31	7.682553881	0.75	0
7.32	7.692792373	0.75	0
7.33	7.7031004	0.75	0
7.34	7.71348009	0.75	0
7.35	7.723930196	0.75	0
7.36	7.734445737	0.75	0
7.37	7.745018226	0.75	0
7.38	7.75563456	0.75	0
7.39	7.766274219	0.75	0
7.4	7.776931846	0.75	0
7.41	7.787609896	0.75	0
7.42	7.798308833	0.75	0
7.43	7.809025544	0.75	0
7.44	7.819754929	0.75	0
7.45	7.830492781	0.75	0
7.46	7.841186591	0.75	0
7.47	7.851843203	0.75	0
7.48	7.862512055	0.75	0
7.49	7.873174334	0.75	0
7.5	7.883838541	0.75	0
7.51	7.894505785	0.75	0
7.52	7.905093777	0.75	0
7.53	7.915570472	0.75	0
7.54	7.925939041	0.75	0
7.55	7.936204662	0.75	0
7.56	7.946366827	0.75	0
7.57	7.956422433	0.75	0
7.58	7.966366265	0.75	0
7.59	7.976188841	0.75	0
7.6	7.98589183	0.75	0
7.61	7.995496369	0.75	0
7.62	8.005017411	0.75	0
7.63	8.014462994	0.75	0
7.64	8.023842279	0.75	0
7.65	8.03316625	0.75	0
7.66	8.04244437	0.75	0
7.67	8.051683755	0.75	0
7.68	8.060891514	0.75	0
7.69	8.070077074	0.75	0
7.7	8.079252378	0.75	0
7.71	8.088430573	0.75	0
7.72	8.097624738	0.75	0
7.73	8.106847293	0.75	0
7.74	8.116110002	0.75	0
7.75	8.12542393	0.75	0
7.76	8.134798976	0.75	0
7.77	8.144243123	0.75	0
7.78	8.153761774	0.75	0
7.79	8.163357218	0.75	0
7.8	8.173028249	0.75	0
7.81	8.182769977	0.75	0
7.82	8.192574134	0.75	0
7.83	8.202430491	0.75	0
7.84	8.212329568	0.75	0
7.85	8.222265247	0.75	0
7.86	8.23223558	0.75	0
7.87	8.242242027	0.75	0
7.88	8.252288957	0.75	0
7.89	8.262383199	0.75	0
7.9	8.27253257	0.75	0
7.91	8.282744224	0.75	0
7.92	8.293023763	0.75	0
7.93	8.303374478	0.75	0
7.94	8.313796547	0.75	0
7.95	8.324286503	0.75	0
7.96	8.334837165	0.75	0
7.97	8.345438166	0.75	0
7.98	8.356070021	0.75	0
7.99	8.366720089	0.75	0
8	8.377389555	0.75	0
8.01	8.388080156	0.75	0
8.02	8.398790158	0.75	0
8.03	8.409514952	0.75	0
8.04	8.420249634	0.75	0
8.05	8.43097593	0.75	0
8.06	8.441630618	0.75	0
8.07	8.452297585	0.75	0
8.08	8.462962786	0.75	0
8.09	8.473623758	0.75	0
8.1	8.484296263	0.75	0
8.11	8.494923983	0.75	0
8.12	8.505445801	0.75	0
8.13	8.515856841	0.75	0
8.14	8.52616351	0.75	0
8.15	8.536367444	0.75	0
8.16	8.546466234	0.75	0
8.17	8.556455748	0.75	0
8.18	8.566328266	0.75	0
8.19	8.576077102	0.75	0
8.2	8.585718704	0.75	0
8.21	8.595272102	0.75	0
8.22	8.604747027	0.75	0
8.23	8.614151613	0.75	0
8.24	8.623496468	0.75	0
8.25	8.632791993	0.75	0
8.26	8.642046085	0.75	0
8.27	8.651265491	0.75	0
8.28	8.660458555	0.75	0
8.29	8.669636312	0.75	0
8.3	8.678811606	0.75	0
8.31	8.687997659	0.75	0
8.32	8.697207169	0.75	0
8.33	8.706452151	0.75	0
8.34	8.715743989	0.75	0
8.35	8.725093125	0.75	0
8.36	8.734508416	0.75	0
8.37	8.743996354	0.75	0
8.38	8.753560552	0.75	0
8.39	8.763201254	0.75	0
8.4	8.772915053	0.75	0
8.41	8.782694944	0.75	0
8.42	8.792531234	0.75	0
8.43	8.802413789	0.75	0
8.44	8.812334923	0.75	0
8.45	8.822291021	0.75	0
8.46	8.832282303	0.75	0
8.47	8.842311984	0.75	0
8.48	8.852386004	0.75	0
8.49	8.862512009	0.75	0
8.5	8.872697572	0.75	0
8.51	8.882949	0.75	0
8.52	8.893270617	0.75	0
8.53	8.903663941	0.75	0
8.54	8.914127012	0.75	0
8.55	8.924654135	0.75	0
8.56	8.935236278	0.75	0
8.57	8.945858274	0.75	0
8.58	8.956501129	0.75	0
8.59	8.967162306	0.75	0
8.6	8.977844263	0.75	0
8.61	8.988546767	0.75	0
8.62	8.999266134	0.75	0
8.63	9.009997205	0.75	0
8.64	9.020735563	0.75	0
8.65	9.031411729	0.75	0
8.66	9.042072008	0.75	0
8.67	9.052740001	0.75	0
8.68	9.06340109	0.75	0
8.69	9.074068107	0.75	0
8.7	9.08472622	0.75	0
8.71	9.095293044	0.75	0
8.72	9.105747957	0.75	0
8.73	9.116096093	0.75	0
8.74	9.126341569	0.75	0
8.75	9.136483096	0.75	0
8.76	9.146517284	0.75	0
8.77	9.156438258	0.75	0
8.78	9.166236312	0.75	0
8.79	9.175918294	0.75	0
8.8	9.185505598	0.75	0
8.81	9.195011215	0.75	0
8.82	9.204442927	0.75	0
8.83	9.21381043	0.75	0
8.84	9.223124657	0.75	0
8.85	9.232394546	0.75	0
8.86	9.241626981	0.75	0
8.87	9.250829393	0.75	0
8.88	9.260011749	0.75	0
8.89	9.269186336	0.75	0
8.9	9.278366372	0.75	0
8.91	9.287564832	0.75	0
8.92	9.296793978	0.75	0
8.93	9.306065468	0.75	0
8.94	9.31539019	0.75	0
8.95	9.324777735	0.75	0
8.96	9.33423563	0.75	0
8.97	9.343768702	0.75	0
8.98	9.353378602	0.75	0
8.99	9.363063427	0.75	0
9	9.372817584	0.75	0
9.01	9.382632265	0.75	0
9.02	9.392497162	0.75	0
9.03	9.402403291	0.75	0
9.04	9.412345337	0.75	0
9.05	9.422322071	0.75	0
9.06	9.432335541	0.75	0
9.07	9.442390666	0.75	0
9.08	9.452494602	0.75	0
9.09	9.462655134	0.75	0
9.1	9.472879182	0.75	0
9.11	9.483171969	0.75	0
9.12	9.493536243	0.75	0
9.13	9.503971503	0.75	0
9.14	9.514473561	0.75	0
9.15	9.525034578	0.75	0
9.16	9.53564314	0.75	0
9.17	9.546278621	0.75	0
9.18	9.556931988	0.75	0
9.19	9.56760528	0.75	0
9.2	9.578299666	0.75	0
9.21	9.589012737	0.75	0
9.22	9.599739585	0.75	0
9.23	9.610475602	0.75	0
9.24	9.621187721	0.75	0
9.25	9.631841204	0.75	0
9.26	9.642509438	0.75	0
9.27	9.653172899	0.75	0
9.28	9.663834663	0.75	0
9.29	9.674506332	0.75	0
9.3	9.685115616	0.75	0
9.31	9.695615576	0.75	0
9.32	9.706005934	0.75	0
9.33	9.716292733	0.75	0
9.34	9.726476509	0.75	0
9.35	9.736554497	0.75	0
9.36	9.746522102	0.75	0
9.37	9.756370656	0.75	0
9.38	9.766096887	0.75	0
9.39	9.7757202	0.75	0
9.4	9.78525775	0.75	0
9.41	9.79471826	0.75	0
9.42	9.804110307	0.75	0
9.43	9.81344475	0.75	0
9.44	9.822731579	0.75	0
9.45	9.831978279	0.75	0
9.46	9.841191707	0.75	0
9.47	9.850380711	0.75	0
9.48	9.859556772	0.75	0
9.49	9.868732919	0.75	0
9.5	9.877922307	0.75	0
9.51	9.887137505	0.75	0
9.52	9.89639042	0.75	0
9.53	9.90569227	0.75	0
9.54	9.915053261	0.75	0
9.55	9.924481849	0.75	0
9.56	9.933984013	0.75	0
9.57	9.943562749	0.75	0
9.58	9.953217621	0.75	0
9.59	9.962944516	0.75	0
9.6	9.972735799	0.75	0
9.61	9.982581473	0.75	0
9.62	9.992471681	0.75	0
9.63	10.00239945	0.75	0
9.64	10.01236195	0.75	0
9.65	10.02235995	0.75	0
9.66	10.03239729	0.75	0
9.67	10.04248043	0.75	0
9.68	10.05261706	0.75	0
9.69	10.06281455	0.75	0
9.7	10.07307892	0.75	0
9.71	10.08341403	0.75	0
9.72	10.09382077	0.75	0
9.73	10.10429647	0.75	0
9.74	10.1148347	0.75	0
9.75	10.12542591	0.75	0
9.76	10.13605272	0.75	0
9.77	10.14669876	0.75	0
9.78	10.1573636	0.75	0
9.79	10.16804947	0.75	0
9.8	10.17875542	0.75	0
9.81	10.18947727	0.75	0
9.82	10.20020992	0.75	0
9.83	10.21094559	0.75	0
9.84	10.22160783	0.75	0
9.85	10.23227158	0.75	0
9.86	10.2429382	0.75	0
9.87	10.25359868	0.75	0
9.88	10.26426874	0.75	0
9.89	10.27491392	0.75	0
9.9	10.28545938	0.75	0
9.91	10.29589316	0.75	0
9.92	10.3062214	0.75	0
9.93	10.31644704	0.75	0
9.94	10.3265682	0.75	0
9.95	10.33658115	0.75	0
9.96	10.34647924	0.75	0
9.97	10.35625348	0.75	0
9.98	10.36591569	0.75	0
9.99	10.37548653	0.75	0
10	10.38497726	0.75	0
