0	-0.1534353447	-0.8633463775	0	0	0	0	0	0	0
0.01	-0.136930755	-0.8613629828	0	0	0	0	0	0	0
0.02	-0.1257032473	-0.8579780151	0	0	0	0	0	0	0
0.03	-0.1175495545	-0.8535765982	0	0	0	0	0	0	0
0.04	-0.1116626837	-0.8480609338	0	0	0	0	0	0	0
0.05	-0.1070751284	-0.8414322437	0	0	0	0	0	0	0
0.06	-0.1023905346	-0.8341650976	0	0	0	0	0	0	0
0.07	-0.09636036533	-0.8270574745	0	0	0	0	0	0	0
0.08	-0.08826262393	-0.8208719534	0	0	0	0	0	0	0
0.09	-0.07787453372	-0.8161080113	0	0	0	0	0	0	0
0.1	-0.06524090813	-0.8129988646	0	0	0	0	0	0	0
0.11	-0.05042521652	-0.8116507471	0	0	0	0	0	0	0
0.12	-0.03333332848	-0.8122107664	0	0	0	0	0	0	0
0.13	-0.01364029842	-0.8149833332	0	0	0	0	0	0	0
0.14	0.009179194395	-0.8204504038	0	0	0	0	0	0	0
0.15	0.03574680301	-0.8291869378	0	0	0	0	0	0	0
0.16	0.06671707471	-0.841673135	0	0	0	0	0	0	0
0.17	0.1031988577	-0.8575260655	0	0	0	0	0	0	0
0.18	0.228515305	-0.9517536535	0	-21.26731864	106.3365932	0	0	0	0
0.19	0.277489671	-0.9594935058	0	-83.63136458	418.1568229	0	0	0	0
0.2	0.3251634826	-0.9621815009	0	-46.65715874	233.2857937	0	0	0	0
0.21	0.3760935833	-0.9633515855	0	-20.49968959	102.4984479	0	0	0	0
0.22	0.3306586099	-0.9082089999	0	0	0	0	0	0	0
0.23	0.3807464745	-0.9117908287	0	0	0	0	0	0	0
0.24	0.4281563529	-0.9104214036	0	0	0	0	0	0	0
0.25	0.4716077701	-0.9054713184	0	0	0	0	0	0	0
0.26	0.5115546056	-0.8989759367	0	0	0	0	0	0	0
0.27	0.5486378857	-0.8919228247	0	0	0	0	0	0	0
0.28	0.5831733344	-0.8843487164	0	0	0	0	0	0	0
0.29	0.6155115657	-0.8761170728	0	0	0	0	0	0	0
0.3	0.6463366403	-0.8673416455	0	0	0	0	0	0	0
0.31	0.6765204968	-0.8582822363	0	0	0	0	0	0	0
0.32	0.7067759566	-0.8491155916	0	0	0	0	0	0	0
0.33	0.7374756345	-0.8398791392	0	0	0	0	0	0	0
0.34	0.7686999132	-0.8305476353	0	0	0	0	0	0	0
0.35	0.8003524001	-0.821096208	0	0	0	0	0	0	0
0.36	0.8322215788	-0.8115084876	0	0	0	0	0	0	0
0.37	0.8639835194	-0.8017362625	0	0	0	0	0	0	0
0.38	0.8951926169	-0.7917968087	0	0	0	0	0	0	0
0.39	0.925378644	-0.7818506124	0	0	0	0	0	0	0
0.4	0.9541310029	-0.7721592689	0	0	0	0	0	0	0
0.41	0.9810854956	-0.7630194228	0	0	0	0	0	0	0
0.42	1.005913179	-0.7547539907	0	0	0	0	0	0	0
0.43	1.028304584	-0.7477301083	0	0	0	0	0	0	0
0.44	1.047943482	-0.7423871758	0	0	0	0	0	0	0
0.45	1.064542177	-0.7391972519	0	0	0	0	0	0	0
0.46	1.07789145	-0.7385697028	0	0	0	0	0	0	0
0.47	1.08789025	-0.7407615339	0	0	0	0	0	0	0
0.48	1.094559986	-0.745827184	0	0	0	0	0	0	0
0.49	1.098054765	-0.7536119966	0	0	0	0	0	0	0
0.5	1.098669096	-0.7637856995	0	0	0	0	0	0	0
0.51	1.096836531	-0.7759073809	0	0	0	0	0	0	0
0.52	1.093111397	-0.7895072663	0	0	0	0	0	0	0
0.53	1.088130645	-0.8041616698	0	0	0	0	0	0	0
0.54	1.082563235	-0.8195250281	0	0	0	0	0	0	0
0.55	1.077039686	-0.8353726837	0	0	0	0	0	0	0
0.56	1.072077208	-0.8516475519	0	0	0	0	0	0	0
0.57	1.068092337	-0.8683812025	0	0	0	0	0	0	0
0.58	1.06545639	-0.8856181572	0	0	0	0	0	0	0
0.59	1.06446099	-0.9034112196	0	0	0	0	0	0	0
0.6	0.9572047055	-0.9559453917	0	47.798321	868.363574	0	0	0	0
0.61	0.9571919219	-0.9682611692	0	-18.98232153	1265.065876	0	0	0	0
0.62	0.9572049609	-0.9792854074	0	-43.45065763	1407.276264	0	0	0	0
0.63	1.036936831	-0.977240012	0	-478.034046	2330.970085	0	0	0	0
0.64	1.035095006	-0.986691817	0	-227.9241341	2756.976939	0	0	0	0
0.65	1.038085623	-0.9932624527	0	-136.9255795	2753.592907	0	0	0	0
0.66	1.042207623	-0.9970153306	0	-65.54351878	2535.8369	0	0	0	0
0.67	1.047766555	-0.9979836591	0	-5.06972612	2149.260265	0	0	0	0
0.68	1.057399472	-0.9964955885	0	46.37084222	1667.322239	0	0	0	0
0.69	1.080231265	-0.9930620869	0	78.61803734	1183.808778	0	0	0	0
0.7	1.142069844	-0.9890315094	0	81.08038039	776.1289185	0	0	0	0
0.71	1.182810969	-0.9884209192	0	82.82836361	653.5587332	0	0	0	0
0.72	1.182763238	-0.9888739049	0	65.66819705	684.0946615	0	0	0	0
0.73	1.182732248	-0.9894464579	0	38.16855433	711.7523541	0	0	0	0
0.74	1.182716988	-0.9900208385	0	15.91118126	726.2763219	0	0	0	0
0.75	1.182712285	-0.9904735268	0	1.870695352	726.0856927	0	0	0	0
0.76	1.182713588	-0.9907211578	0	-5.418396009	712.0949747	0	0	0	0
0.77	1.182717853	-0.9907189811	0	-8.400455232	685.8418422	0	0	0	0
0.78	1.182723491	-0.9904513689	0	-9.585043229	649.1690703	0	0	0	0
0.79	1.182730216	-0.9899221506	0	-10.85988703	603.9531941	0	0	0	0
0.8	1.18273897	-0.9891468611	0	-13.79548014	552.1086624	0	0	0	0
0.81	1.182751878	-0.9881483045	0	-19.04979892	495.7294895	0	0	0	0
0.82	1.18277233	-0.986957267	0	-27.00231003	437.5258101	0	0	0	0
0.83	1.182804882	-0.9856150704	0	-36.70948896	380.7257171	0	0	0	0
0.84	1.182854779	-0.9841765366	0	-47.46158407	329.1607864	0	0	0	0
0.85	1.182926815	-0.9827101326	0	-57.38791889	286.4244972	0	0	0	0
0.86	1.183023194	-0.9812942887	0	-65.31905345	255.5117859	0	0	0	0
0.87	1.183141058	-0.9800101737	0	-70.55813187	238.0773105	0	0	0	0
0.88	1.18327168	-0.9789311012	0	-73.06440144	234.034363	0	0	0	0
0.89	1.183403704	-0.9781111144	0	-73.362853	241.5600293	0	0	0	0
0.9	1.183528355	-0.9775761912	0	-72.39460102	257.495487	0	0	0	0
0.91	1.183642209	-0.9773197752	0	-71.25847903	277.8732128	0	0	0	0
0.92	1.18374635	-0.9773024108	0	-70.9046234	298.3735543	0	0	0	0
0.93	1.183844329	-0.9774552177	0	-71.8939479	314.7195986	0	0	0	0
0.94	1.183940633	-0.9776872014	0	-74.31192724	323.0790443	0	0	0	0
0.95	1.184040019	-0.9778955632	0	-77.81764998	320.473582	0	0	0	0
0.96	1.184147572	-0.9779783475	0	-81.73736605	305.1457186	0	0	0	0
0.97	1.184269267	-0.9778467559	0	-85.16461683	276.8078248	0	0	0	0
0.98	1.184413062	-0.9774352241	0	-87.03425211	236.714338	0	0	0	0
0.99	1.184591622	-0.9767075531	0	-86.15227217	187.471941	0	0	0	0
1	1.184830324	-0.9756584805	0	-80.96706213	132.7202224	0	0	0	0
1.01	1.185216498	-0.9743117342	0	-61.2266953	76.53658009	0	0	0	0
1.02	1.186361914	-0.9727556704	0	-28.03340855	35.3558112	0	0	0	0
1.03	1.188624563	-0.9711624961	0	-4.950272955	6.355556872	0	0	0	0
1.04	1.122156597	-0.8798836283	0	0	0	0	0	0	0
1.05	1.124244064	-0.8782861703	0	0	0	0	0	0	0
1.06	1.125284886	-0.8760692487	0	0	0	0	0	0	0
1.07	1.124997122	-0.8730925074	0	0	0	0	0	0	0
1.08	1.123406589	-0.8693684975	0	0	0	0	0	0	0
1.09	1.120855357	-0.8651160505	0	0	0	0	0	0	0
1.1	1.118008021	-0.8607638653	0	0	0	0	0	0	0
1.11	1.116266409	-0.8565389612	0	0	0	0	0	0	0
1.12	1.116321489	-0.8524382987	0	0	0	0	0	0	0
1.13	1.118950618	-0.8482730185	0	0	0	0	0	0	0
1.14	1.125802822	-0.8443032047	0	0	0	0	0	0	0
1.15	1.137634646	-0.8414553346	0	0	0	0	0	0	0
1.16	1.154311408	-0.840521574	0	0	0	0	0	0	0
1.17	1.175144976	-0.8413161452	0	0	0	0	0	0	0
1.18	1.199164391	-0.8429381924	0	0	0	0	0	0	0
1.19	1.22541491	-0.8445768667	0	0	0	0	0	0	0
1.2	1.253234321	-0.8460302333	0	0	0	0	0	0	0
1.21	1.282430492	-0.8476570888	0	0	0	0	0	0	0
1.22	1.313320651	-0.8499085368	0	0	0	0	0	0	0
1.23	1.346368171	-0.8528844517	0	0	0	0	0	0	0
1.24	1.381925643	-0.8563328927	0	0	0	0	0	0	0
1.25	1.420148478	-0.8598545243	0	0	0	0	0	0	0
1.26	1.460953883	-0.8630351493	0	0	0	0	0	0	0
1.27	1.50400973	-0.8654693866	0	0	0	0	0	0	0
1.28	1.548771321	-0.8667797184	0	0	0	0	0	0	0
1.29	1.594585274	-0.8666834226	0	0	0	0	0	0	0
1.3	1.640826487	-0.8650562346	0	0	0	0	0	0	0
1.31	1.68701687	-0.8619294544	0	0	0	0	0	0	0
1.32	1.732867268	-0.8574190537	0	0	0	0	0	0	0
1.33	1.77823961	-0.8516415508	0	0	0	0	0	0	0
1.34	1.823067577	-0.8446636579	0	0	0	0	0	0	0
1.35	1.867269192	-0.8364967195	0	0	0	0	0	0	0
1.36	1.910670716	-0.8271256384	0	0	0	0	0	0	0
1.37	1.952954478	-0.8165614557	0	0	0	0	0	0	0
1.38	1.993643962	-0.8049062068	0	0	0	0	0	0	0
1.39	2.032130418	-0.7924131495	0	0	0	0	0	0	0
1.4	2.067733769	-0.7795226487	0	0	0	0	0	0	0
1.41	2.099783203	-0.7668579939	0	0	0	0	0	0	0
1.42	2.127688013	-0.755180083	0	0	0	0	0	0	0
1.43	2.150992058	-0.745305891	0	0	0	0	0	0	0
1.44	2.169403403	-0.7380047802	0	0	0	0	0	0	0
1.45	2.182795112	-0.7338959444	0	0	0	0	0	0	0
1.46	2.191191227	-0.7333648098	0	0	0	0	0	0	0
1.47	2.194747807	-0.736516192	0	0	0	0	0	0	0
1.48	2.193740499	-0.7431726911	0	0	0	0	0	0	0
1.49	2.188560285	-0.7529185121	0	0	0	0	0	0	0
1.5	2.179711033	-0.7651789426	0	0	0	0	0	0	0
1.51	2.170401893	-0.7775879941	0	0	0	0	0	0	0
1.52	2.160036188	-0.7896792154	0	0	0	0	0	0	0
1.53	2.148321899	-0.8025542543	0	0	0	0	0	0	0
1.54	2.13551604	-0.8159321093	0	0	0	0	0	0	0
1.55	2.121403402	-0.8300695667	0	0	0	0	0	0	0
1.56	2.10593568	-0.8450821344	0	0	0	0	0	0	0
1.57	2.089544685	-0.8607862633	0	0	0	0	0	0	0
1.58	2.072997058	-0.8769989408	0	0	0	0	0	0	0
1.59	2.057141942	-0.8935998604	0	0	0	0	0	0	0
1.6	2.04295665	-0.9104809084	0	0	0	0	0	0	0
1.61	1.922334832	-0.9568724227	0	512.9641516	875.3976993	0	0	0	0
1.62	1.921059031	-0.9680835497	0	133.8503036	1142.556576	0	0	0	0
1.63	1.921026552	-0.9776537324	0	64.40706666	1207.878736	0	0	0	0
1.64	2.009875256	-0.9742536213	0	-326.3753557	2113.892812	0	0	0	0
1.65	2.004596667	-0.9834191034	0	-65.89957338	2527.150925	0	0	0	0
1.66	2.005749794	-0.9902486364	0	39.06048781	2575.842806	0	0	0	0
1.67	2.010063203	-0.994386281	0	98.40588092	2412.570814	0	0	0	0
1.68	2.016170437	-0.995908817	0	145.4820595	2072.135211	0	0	0	0
1.69	2.027200478	-0.9949770903	0	200.1403891	1596.154251	0	0	0	0
1.7	2.057690774	-0.9919292486	0	250.0423864	1077.297672	0	0	0	0
1.71	2.135268327	-0.9889042464	0	268.4177347	639.0342617	0	0	0	0
1.72	2.146283976	-0.988451994	0	285.0405044	575.5052442	0	0	0	0
1.73	2.146077382	-0.9881120722	0	247.205155	580.4027712	0	0	0	0
1.74	2.14591702	-0.9879835029	0	188.2203697	597.7961235	0	0	0	0
1.75	2.145807684	-0.9880416856	0	123.8775976	614.4769329	0	0	0	0
1.76	2.145746331	-0.9881985051	0	57.52271202	624.8078734	0	0	0	0
1.77	2.145729574	-0.9883502159	0	-6.220863037	624.1807659	0	0	0	0
1.78	2.145752852	-0.9883911982	0	-60.42123422	609.8798501	0	0	0	0
1.79	2.145810046	-0.9882430129	0	-99.86657022	583.5685199	0	0	0	0
1.8	2.145893786	-0.9878836299	0	-123.2604932	550.997141	0	0	0	0
1.81	2.145995765	-0.9873540058	0	-132.8421024	519.5814288	0	0	0	0
1.82	2.146107298	-0.9867414681	0	-132.8513835	495.8436227	0	0	0	0
1.83	2.146220507	-0.986151587	0	-127.7638782	483.7491871	0	0	0	0
1.84	2.146329567	-0.985679809	0	-120.950304	484.0834238	0	0	0	0
1.85	2.146431157	-0.9853896665	0	-114.0306462	494.6926922	0	0	0	0
1.86	2.146523902	-0.9853002272	0	-107.0200595	511.284311	0	0	0	0
1.87	2.146607336	-0.9853840852	0	-98.93651852	528.5326976	0	0	0	0
1.88	2.146681015	-0.9855755212	0	-88.48192733	541.2358935	0	0	0	0
1.89	2.146744007	-0.9857866284	0	-74.5129873	545.392315	0	0	0	0
1.9	2.146794569	-0.9859284073	0	-56.19447423	539.1196137	0	0	0	0
1.91	2.146829858	-0.9859323554	0	-32.93563251	523.1483677	0	0	0	0
1.92	2.146845269	-0.9857656087	0	-4.261626698	500.3471497	0	0	0	0
1.93	2.146834541	-0.9854323141	0	29.82133324	474.1078305	0	0	0	0
1.94	2.146790272	-0.9849613377	0	67.69354656	447.4716947	0	0	0	0
1.95	2.146706202	-0.9844026833	0	105.5234038	424.7414934	0	0	0	0
1.96	2.146580873	-0.9838333791	0	138.428973	410.6550347	0	0	0	0
1.97	2.146421158	-0.9833352551	0	161.2291648	405.9793209	0	0	0	0
1.98	2.146242381	-0.9829511977	0	169.7232028	405.9300621	0	0	0	0
1.99	2.146061453	-0.9826506243	0	164.0052355	401.2188527	0	0	0	0
2	2.145889057	-0.9823265815	0	146.8633478	382.525378	0	0	0	0
2.01	2.145730755	-0.9818354009	0	120.0101328	344.6809813	0	0	0	0
2.02	2.14559191	-0.9810418075	0	85.29779206	286.7650031	0	0	0	0
2.03	2.145481068	-0.9798500581	0	46.35189021	212.4304189	0	0	0	0
2.04	2.145417587	-0.9782317941	0	8.266616213	130.3711055	0	0	0	0
2.05	2.145466296	-0.9762432892	0	-20.3891136	52.73001547	0	0	0	0
2.06	2.14614237	-0.9740448302	0	-1.739197744	2.188007389	0	0	0	0
2.07	2.148612287	-0.9720602631	0	-2.638472431	3.43030231	0	0	0	0
2.08	2.152137832	-0.970456521	0	-6.837111418	9.049508824	0	0	0	0
2.09	2.155952325	-0.9691306382	0	-8.180315135	10.85467805	0	0	0	0
2.1	2.159705745	-0.9679959525	0	-7.591947872	10.01590858	0	0	0	0
2.11	2.163225674	-0.9669988744	0	-6.599212278	8.631114843	0	0	0	0
2.12	2.166478142	-0.9661226804	0	-7.556374534	9.81336355	0	0	0	0
2.13	2.169527293	-0.9653969668	0	-16.40371378	21.21702782	0	0	0	0
2.14	2.111708165	-0.8695541217	0	0	0	0	0	0	0
2.15	2.117940264	-0.8679600522	0	0	0	0	0	0	0
2.16	2.126119414	-0.8658452811	0	0	0	0	0	0	0
2.17	2.136635185	-0.8637363163	0	0	0	0	0	0	0
2.18	2.149766315	-0.8618969818	0	0	0	0	0	0	0
2.19	2.165939125	-0.8602406463	0	0	0	0	0	0	0
2.2	2.185041809	-0.8592512546	0	0	0	0	0	0	0
2.21	2.20643235	-0.858890966	0	0	0	0	0	0	0
2.22	2.229145977	-0.8583450951	0	0	0	0	0	0	0
2.23	2.25221731	-0.8568188067	0	0	0	0	0	0	0
2.24	2.274961759	-0.8541305006	0	0	0	0	0	0	0
2.25	2.297092232	-0.8507250842	0	0	0	0	0	0	0
2.26	2.318664168	-0.8473527458	0	0	0	0	0	0	0
2.27	2.339975367	-0.8446815571	0	0	0	0	0	0	0
2.28	2.361386303	-0.8429235412	0	0	0	0	0	0	0
2.29	2.383190795	-0.8419312182	0	0	0	0	0	0	0
2.3	2.405615435	-0.841570967	0	0	0	0	0	0	0
2.31	2.428795838	-0.841833189	0	0	0	0	0	0	0
2.32	2.452739742	-0.8427031277	0	0	0	0	0	0	0
2.33	2.477314035	-0.8440483246	0	0	0	0	0	0	0
2.34	2.502277561	-0.8456346262	0	0	0	0	0	0	0
2.35	2.527359727	-0.8472264045	0	0	0	0	0	0	0
2.36	2.552352512	-0.8486777417	0	0	0	0	0	0	0
2.37	2.577179034	-0.8499630704	0	0	0	0	0	0	0
2.38	2.601903759	-0.851141443	0	0	0	0	0	0	0
2.39	2.626691424	-0.8522928906	0	0	0	0	0	0	0
2.4	2.651747921	-0.8534698586	0	0	0	0	0	0	0
2.41	2.677277803	-0.854684014	0	0	0	0	0	0	0
2.42	2.70346818	-0.8559154959	0	0	0	0	0	0	0
2.43	2.730489509	-0.8571206918	0	0	0	0	0	0	0
2.44	2.758496244	-0.8582241458	0	0	0	0	0	0	0
2.45	2.787618012	-0.8591007101	0	0	0	0	0	0	0
2.46	2.817939018	-0.8595614353	0	0	0	0	0	0	0
2.47	2.849467898	-0.8593572038	0	0	0	0	0	0	0
2.48	2.882100452	-0.8582066661	0	0	0	0	0	0	0
2.49	2.915585755	-0.8558502283	0	0	0	0	0	0	0
2.5	2.949516497	-0.8521216794	0	0	0	0	0	0	0
2.51	2.98335531	-0.8470093906	0	0	0	0	0	0	0
2.52	3.01648151	-0.8406857235	0	0	0	0	0	0	0
2.53	3.048234921	-0.833503539	0	0	0	0	0	0	0
2.54	3.077963585	-0.8259741793	0	0	0	0	0	0	0
2.55	3.105086471	-0.8187158213	0	0	0	0	0	0	0
2.56	3.129145908	-0.8123746861	0	0	0	0	0	0	0
2.57	3.14983497	-0.8075428494	0	0	0	0	0	0	0
2.58	3.167010554	-0.8046845311	0	0	0	0	0	0	0
2.59	3.180693277	-0.8040829411	0	0	0	0	0	0	0
2.6	3.191057553	-0.8058213292	0	0	0	0	0	0	0
2.61	3.198410899	-0.8098038404	0	0	0	0	0	0	0
2.62	3.203168304	-0.8158024841	0	0	0	0	0	0	0
2.63	3.205801391	-0.823511542	0	0	0	0	0	0	0
2.64	3.206828221	-0.8325382747	0	0	0	0	0	0	0
2.65	3.206737744	-0.842560249	0	0	0	0	0	0	0
2.66	3.205836043	-0.8534833962	0	0	0	0	0	0	0
2.67	3.204366393	-0.865293606	0	0	0	0	0	0	0
2.68	3.202647521	-0.8779450245	0	0	0	0	0	0	0
2.69	3.20106611	-0.8913782947	0	0	0	0	0	0	0
2.7	3.200001559	-0.9055630999	0	0	0	0	0	0	0
2.71	3.09418155	-0.958965581	0	51.53195207	994.4498002	0	0	0	0
2.72	3.094174149	-0.968331818	0	-10.2257133	1007.937988	0	0	0	0
2.73	3.094182454	-0.9768587704	0	-23.40430259	1101.801482	0	0	0	0
2.74	3.094186592	-0.9847670417	0	5.584354322	1250.374469	0	0	0	0
2.75	3.126689157	-0.9861002896	0	-116.6238748	1588.974144	0	0	0	0
2.76	3.171297328	-0.9850498557	0	-160.291012	2226.831931	0	0	0	0
2.77	3.175397194	-0.989411141	0	-91.35324527	2219.967667	0	0	0	0
2.78	3.180261655	-0.9919394394	0	-52.56564621	2045.998231	0	0	0	0
2.79	3.187046026	-0.9925249979	0	-34.59606119	1768.94601	0	0	0	0
2.8	3.196431429	-0.9915688651	0	-19.68918981	1443.292863	0	0	0	0
2.81	3.213234446	-0.9893830299	0	-8.514871703	1111.911589	0	0	0	0
2.82	3.24811052	-0.9865586297	0	-9.07994231	811.079642	0	0	0	0
2.83	3.30972964	-0.9847790856	0	-22.45959431	569.021259	0	0	0	0
2.84	3.319759143	-0.9851178004	0	-16.16778081	543.1113866	0	0	0	0
2.85	3.319776031	-0.9854917695	0	-30.83970396	554.4729107	0	0	0	0
2.86	3.319805944	-0.9858649066	0	-48.3250067	564.8338421	0	0	0	0
2.87	3.319844805	-0.9861866772	0	-55.24987701	566.8294524	0	0	0	0
2.88	3.319885213	-0.9864040994	0	-53.09559376	562.5751446	0	0	0	0
2.89	3.319922629	-0.986514364	0	-46.9168886	556.7643306	0	0	0	0
2.9	3.319955162	-0.9865485326	0	-39.44161375	552.2206671	0	0	0	0
2.91	3.319982078	-0.9865449744	0	-31.71205561	550.1831924	0	0	0	0
2.92	3.320003335	-0.9865400667	0	-24.61272025	551.6322386	0	0	0	0
2.93	3.320019624	-0.9865678876	0	-18.9587761	557.4148254	0	0	0	0
2.94	3.320032145	-0.9866571791	0	-15.06904665	567.6087281	0	0	0	0
2.95	3.32004216	-0.9868238602	0	-12.66228022	581.1086919	0	0	0	0
2.96	3.320050538	-0.9870648783	0	-10.97637589	595.810144	0	0	0	0
2.97	3.320057517	-0.987357237	0	-8.993174128	609.1445746	0	0	0	0
2.98	3.320062608	-0.9876627327	0	-5.65962177	618.6947729	0	0	0	0
2.99	3.320064705	-0.9879360317	0	-0.1726756366	622.6356338	0	0	0	0
3	3.320062291	-0.9881333481	0	7.75801644	619.9541304	0	0	0	0
3.01	3.320053702	-0.9882194084	0	17.85025336	610.4795799	0	0	0	0
3.02	3.320037374	-0.9881718865	0	29.42242976	594.8273862	0	0	0	0
3.03	3.320011982	-0.9879834825	0	41.68817196	574.3277829	0	0	0	0
3.04	3.31997644	-0.9876626306	0	53.95918701	550.9300331	0	0	0	0
3.05	3.31992992	-0.987233066	0	65.76256378	527.0337158	0	0	0	0
3.06	3.319871966	-0.9867317066	0	76.78329528	505.169749	0	0	0	0
3.07	3.319802689	-0.9862044886	0	86.75447857	487.5857737	0	0	0	0
3.08	3.319723024	-0.9857002932	0	95.31452371	475.8374114	0	0	0	0
3.09	3.319634986	-0.9852634179	0	101.9299972	470.4570127	0	0	0	0
3.1	3.319541607	-0.9849260244	0	105.9021038	470.7213344	0	0	0	0
3.11	3.319446514	-0.9846996051	0	106.5248644	474.477309	0	0	0	0
3.12	3.319353439	-0.9845693003	0	103.2221754	478.3109306	0	0	0	0
3.13	3.319265644	-0.9844908664	0	95.6765792	477.9154045	0	0	0	0
3.14	3.319185805	-0.9843933147	0	83.77288505	468.7209103	0	0	0	0
3.15	3.319116372	-0.9841868847	0	67.47167658	446.6667929	0	0	0	0
3.16	3.31906038	-0.9837755075	0	46.85089488	409.002646	0	0	0	0
3.17	3.319022573	-0.9830713441	0	22.33656536	355.0125138	0	0	0	0
3.18	3.319011752	-0.9820107834	0	-5.17534172	286.7390456	0	0	0	0
3.19	3.319046117	-0.9805681536	0	-33.85093407	209.0376923	0	0	0	0
3.2	3.319171359	-0.978765564	0	-59.92044642	129.3252875	0	0	0	0
3.21	3.319646391	-0.9766803102	0	-47.11864875	59.0339213	0	0	0	0
3.22	3.321987184	-0.9746292482	0	-33.35169473	43.73366138	0	0	0	0
3.23	3.32623495	-0.972942071	0	-33.60231462	46.48831621	0	0	0	0
3.24	3.331527866	-0.9715632689	0	-32.52827442	46.65087237	0	0	0	0
3.25	3.337361427	-0.9703911163	0	-29.43893293	43.00413985	0	0	0	0
3.26	3.343368269	-0.9693469661	0	-24.67873959	36.06616588	0	0	0	0
3.27	3.349247312	-0.968381733	0	-19.60617309	28.2796312	0	0	0	0
3.28	3.35480104	-0.9674837245	0	-16.11964541	22.79930108	0	0	0	0
3.29	3.359934483	-0.9666685765	0	-15.5249938	21.50837975	0	0	0	0
3.3	3.364539627	-0.9660856903	0	-33.71505368	45.98681559	0	0	0	0
3.31	3.369870234	-0.9654692627	0	-1.53625218	2.277743499	0	0	0	0
3.32	3.313510409	-0.8703975116	0	0	0	0	0	0	0
3.33	3.321792506	-0.8685634757	0	0	0	0	0	0	0
3.34	3.331920963	-0.8660611713	0	0	0	0	0	0	0
3.35	3.344596367	-0.8632732894	0	0	0	0	0	0	0
3.36	3.360363604	-0.8609018654	0	0	0	0	0	0	0
3.37	3.378969616	-0.8595570228	0	0	0	0	0	0	0
3.38	3.399645998	-0.8587865095	0	0	0	0	0	0	0
3.39	3.421395412	-0.8576373614	0	0	0	0	0	0	0
3.4	3.443325546	-0.8555025348	0	0	0	0	0	0	0
3.41	3.464871642	-0.8524432554	0	0	0	0	0	0	0
3.42	3.485845431	-0.849002284	0	0	0	0	0	0	0
3.43	3.506358425	-0.8458633931	0	0	0	0	0	0	0
3.44	3.526722431	-0.8434996681	0	0	0	0	0	0	0
3.45	3.547252571	-0.8419536117	0	0	0	0	0	0	0
3.46	3.568206978	-0.8410828219	0	0	0	0	0	0	0
3.47	3.58977727	-0.8408342982	0	0	0	0	0	0	0
3.48	3.612052534	-0.8412314883	0	0	0	0	0	0	0
3.49	3.634987299	-0.8422333698	0	0	0	0	0	0	0
3.5	3.658403966	-0.8436721023	0	0	0	0	0	0	0
3.51	3.682042223	-0.8453072027	0	0	0	0	0	0	0
3.52	3.705643065	-0.8469266068	0	0	0	0	0	0	0
3.53	3.729032123	-0.8484166746	0	0	0	0	0	0	0
3.54	3.752167629	-0.8497704613	0	0	0	0	0	0	0
3.55	3.775134307	-0.8510453519	0	0	0	0	0	0	0
3.56	3.798097935	-0.8523075383	0	0	0	0	0	0	0
3.57	3.821250437	-0.8535953586	0	0	0	0	0	0	0
3.58	3.844774135	-0.8549133317	0	0	0	0	0	0	0
3.59	3.868828238	-0.8562425341	0	0	0	0	0	0	0
3.6	3.89355391	-0.8575509664	0	0	0	0	0	0	0
3.61	3.91908308	-0.8587914359	0	0	0	0	0	0	0
3.62	3.945544796	-0.8598900899	0	0	0	0	0	0	0
3.63	3.973064498	-0.8607336479	0	0	0	0	0	0	0
3.64	4.00174655	-0.8611565959	0	0	0	0	0	0	0
3.65	4.03163896	-0.8609406883	0	0	0	0	0	0	0
3.66	4.062685489	-0.8598358626	0	0	0	0	0	0	0
3.67	4.094687495	-0.8576098241	0	0	0	0	0	0	0
3.68	4.127298814	-0.8541123988	0	0	0	0	0	0	0
3.69	4.160051591	-0.8493248598	0	0	0	0	0	0	0
3.7	4.192389162	-0.8433804378	0	0	0	0	0	0	0
3.71	4.223695314	-0.8365685518	0	0	0	0	0	0	0
3.72	4.253347034	-0.8293225859	0	0	0	0	0	0	0
3.73	4.28077133	-0.8221800954	0	0	0	0	0	0	0
3.74	4.305492127	-0.8157232726	0	0	0	0	0	0	0
3.75	4.327158321	-0.8105140869	0	0	0	0	0	0	0
3.76	4.345562948	-0.8070275504	0	0	0	0	0	0	0
3.77	4.360648713	-0.8055960981	0	0	0	0	0	0	0
3.78	4.3725029	-0.8063795602	0	0	0	0	0	0	0
3.79	4.381343507	-0.8093676529	0	0	0	0	0	0	0
3.8	4.387497194	-0.8144116422	0	0	0	0	0	0	0
3.81	4.391364846	-0.8212725368	0	0	0	0	0	0	0
3.82	4.393386524	-0.829630675	0	0	0	0	0	0	0
3.83	4.394036648	-0.8391312013	0	0	0	0	0	0	0
3.84	4.393664593	-0.849597142	0	0	0	0	0	0	0
3.85	4.392501758	-0.8609960617	0	0	0	0	0	0	0
3.86	4.390819891	-0.8732893754	0	0	0	0	0	0	0
3.87	4.388979178	-0.8864090156	0	0	0	0	0	0	0
3.88	4.387370811	-0.9003005516	0	0	0	0	0	0	0
3.89	4.281143014	-0.955681152	0	60.15065364	634.7374228	0	0	0	0
3.9	4.281123571	-0.9654182573	0	12.16057468	995.0044477	0	0	0	0
3.91	4.281126371	-0.9741252256	0	-18.12947206	1055.847162	0	0	0	0
3.92	4.28113159	-0.9821630607	0	-2.951754608	1188.014159	0	0	0	0
3.93	4.281126401	-0.9894875233	0	36.88385865	1341.334497	0	0	0	0
3.94	4.355534978	-0.982960716	0	-201.3413814	2089.758679	0	0	0	0
3.95	4.35899094	-0.9878259242	0	-111.1448889	2216.316913	0	0	0	0
3.96	4.363451719	-0.9910272929	0	-59.31029812	2108.439134	0	0	0	0
3.97	4.369290699	-0.9923132245	0	-36.67732199	1872.231645	0	0	0	0
3.98	4.377528624	-0.9918755208	0	-25.32697915	1567.12691	0	0	0	0
3.99	4.38966293	-0.9901730743	0	-14.60928175	1242.283912	0	0	0	0
4	4.413702191	-0.9874971686	0	-11.46803858	933.7410337	0	0	0	0
4.01	4.46042492	-0.9848671681	0	-20.79975486	671.4638186	0	0	0	0
4.02	4.506665118	-0.9843127696	0	-27.07823895	529.9501431	0	0	0	0
4.03	4.506685402	-0.9847688879	0	-29.4326457	537.45409	0	0	0	0
4.04	4.506714519	-0.9852035649	0	-46.96721821	550.9424945	0	0	0	0
4.05	4.506754862	-0.985616191	0	-58.54895672	558.9472953	0	0	0	0
4.06	4.506799344	-0.985947308	0	-59.08889249	559.2293948	0	0	0	0
4.07	4.506841585	-0.9861694608	0	-53.13860666	555.9541786	0	0	0	0
4.08	4.50687859	-0.9863015481	0	-45.04269825	553.0947243	0	0	0	0
4.09	4.506909397	-0.9863814675	0	-36.59175468	552.4514272	0	0	0	0
4.1	4.506933906	-0.986446604	0	-28.59510464	554.8522783	0	0	0	0
4.11	4.506952667	-0.9865303828	0	-21.82736757	561.0460379	0	0	0	0
4.12	4.506966791	-0.9866619369	0	-16.7779342	571.4110792	0	0	0	0
4.13	4.506977591	-0.9868613066	0	-13.3616548	585.3823187	0	0	0	0
4.14	4.506986134	-0.9871328367	0	-10.99580294	601.3308771	0	0	0	0
4.15	4.506992933	-0.9874619102	0	-8.743598781	616.9431436	0	0	0	0
4.16	4.506997831	-0.9878170051	0	-5.597518725	629.7676577	0	0	0	0
4.17	4.507000025	-0.9881562242	0	-0.6805563432	637.7256503	0	0	0	0
4.18	4.506998262	-0.9884352738	0	6.495805602	639.4062331	0	0	0	0
4.19	4.506991049	-0.9886149503	0	15.8748448	634.1661299	0	0	0	0
4.2	4.506976901	-0.9886661643	0	26.91378879	622.0974377	0	0	0	0
4.21	4.50695453	-0.9885727341	0	38.82771	603.9629294	0	0	0	0
4.22	4.506922904	-0.9883323456	0	50.84446793	581.1470705	0	0	0	0
4.23	4.50688121	-0.9879569817	0	62.38702572	555.6080036	0	0	0	0
4.24	4.506828867	-0.9874725354	0	73.10853941	529.7252574	0	0	0	0
4.25	4.506765629	-0.9869169872	0	82.82758564	506.0084662	0	0	0	0
4.26	4.506691758	-0.9863367627	0	91.40139711	486.7052511	0	0	0	0
4.27	4.50660829	-0.9857811137	0	98.5702911	473.4024348	0	0	0	0
4.28	4.506517278	-0.9852950506	0	103.8703914	466.6889454	0	0	0	0
4.29	4.506421749	-0.9849116561	0	106.6564522	465.8846581	0	0	0	0
4.3	4.506325352	-0.9846439613	0	106.2528819	468.8997672	0	0	0	0
4.31	4.506231752	-0.9844786165	0	102.111286	472.3661444	0	0	0	0
4.32	4.506144145	-0.9843731199	0	93.91924537	472.0301516	0	0	0	0
4.33	4.506065154	-0.98425819	0	81.53944884	463.358249	0	0	0	0
4.34	4.505997216	-0.9840453815	0	64.90426622	442.2813147	0	0	0	0
4.35	4.505943344	-0.9836390727	0	44.08447639	405.9687629	0	0	0	0
4.36	4.505908427	-0.9829510174	0	19.45537745	353.5936318	0	0	0	0
4.37	4.505901363	-0.9819158563	0	-8.09584443	286.978338	0	0	0	0
4.38	4.505940526	-0.9805051746	0	-36.80303446	210.7644551	0	0	0	0
4.39	4.506071753	-0.9787375338	0	-62.95110528	132.1415502	0	0	0	0
4.4	4.506557134	-0.9766865527	0	-49.96450705	62.60833207	0	0	0	0
4.41	4.508917883	-0.9746689724	0	-36.31019602	47.6436346	0	0	0	0
4.42	4.513192714	-0.973008835	0	-36.14146332	50.08354691	0	0	0	0
4.43	4.518536531	-0.9716499037	0	-34.63920637	49.84811038	0	0	0	0
4.44	4.524452196	-0.9704915111	0	-31.15598313	45.75812179	0	0	0	0
4.45	4.530571594	-0.9694556424	0	-26.0380979	38.31847045	0	0	0	0
4.46	4.536587439	-0.9684934876	0	-20.61254377	29.96161708	0	0	0	0
4.47	4.542291804	-0.9675934556	0	-16.73932343	23.85647138	0	0	0	0
4.48	4.547577579	-0.9667714214	0	-15.7388878	21.95242742	0	0	0	0
4.49	4.552314629	-0.9661871403	0	-34.75217663	47.62509092	0	0	0	0
4.5	4.557732156	-0.9655693581	0	-1.810293491	2.693007413	0	0	0	0
4.51	4.501514161	-0.8704028856	0	0	0	0	0	0	0
4.52	4.509732666	-0.868512134	0	0	0	0	0	0	0
4.53	4.519737054	-0.8658821414	0	0	0	0	0	0	0
4.54	4.532245193	-0.8629092671	0	0	0	0	0	0	0
4.55	4.547835829	-0.8603134937	0	0	0	0	0	0	0
4.56	4.566291307	-0.8587598131	0	0	0	0	0	0	0
4.57	4.586874973	-0.8578455422	0	0	0	0	0	0	0
4.58	4.608613144	-0.8566410907	0	0	0	0	0	0	0
4.59	4.630623168	-0.8545386935	0	0	0	0	0	0	0
4.6	4.652332877	-0.8515842037	0	0	0	0	0	0	0
4.61	4.67353195	-0.8482972269	0	0	0	0	0	0	0
4.62	4.694302795	-0.8453340422	0	0	0	0	0	0	0
4.63	4.714929491	-0.8431356256	0	0	0	0	0	0	0
4.64	4.735707047	-0.8417189675	0	0	0	0	0	0	0
4.65	4.756886059	-0.8409346049	0	0	0	0	0	0	0
4.66	4.778662248	-0.8407373826	0	0	0	0	0	0	0
4.67	4.801137067	-0.8411645952	0	0	0	0	0	0	0
4.68	4.824280573	-0.8421886166	0	0	0	0	0	0	0
4.69	4.847928442	-0.8436508205	0	0	0	0	0	0	0
4.7	4.871827187	-0.8453143005	0	0	0	0	0	0	0
4.71	4.89571675	-0.8469656819	0	0	0	0	0	0	0
4.72	4.91941336	-0.8484863651	0	0	0	0	0	0	0
4.73	4.942862412	-0.8498644953	0	0	0	0	0	0	0
4.74	4.966135299	-0.8511539658	0	0	0	0	0	0	0
4.75	4.989388213	-0.8524201828	0	0	0	0	0	0	0
4.76	5.012809178	-0.853703017	0	0	0	0	0	0	0
4.77	5.036582426	-0.8550099417	0	0	0	0	0	0	0
4.78	5.060875743	-0.8563258589	0	0	0	0	0	0	0
4.79	5.085842176	-0.8576207391	0	0	0	0	0	0	0
4.8	5.111626363	-0.8588458261	0	0	0	0	0	0	0
4.81	5.138368116	-0.8599214968	0	0	0	0	0	0	0
4.82	5.166196419	-0.8607223663	0	0	0	0	0	0	0
4.83	5.195209203	-0.8610674704	0	0	0	0	0	0	0
4.84	5.225435124	-0.8607235632	0	0	0	0	0	0	0
4.85	5.256786589	-0.8594331629	0	0	0	0	0	0	0
4.86	5.289027597	-0.8569707808	0	0	0	0	0	0	0
4.87	5.321776878	-0.8532085524	0	0	0	0	0	0	0
4.88	5.354539783	-0.8481607255	0	0	0	0	0	0	0
4.89	5.386741332	-0.8419981865	0	0	0	0	0	0	0
4.9	5.417761212	-0.8350471752	0	0	0	0	0	0	0
4.91	5.446982453	-0.8277726138	0	0	0	0	0	0	0
4.92	5.473851654	-0.8207313672	0	0	0	0	0	0	0
4.93	5.497922512	-0.8145081386	0	0	0	0	0	0	0
4.94	5.518878928	-0.8096508114	0	0	0	0	0	0	0
4.95	5.536550507	-0.8066059259	0	0	0	0	0	0	0
4.96	5.55091666	-0.8056669817	0	0	0	0	0	0	0
4.97	5.562098676	-0.8069523514	0	0	0	0	0	0	0
4.98	5.570343793	-0.8104154882	0	0	0	0	0	0	0
4.99	5.576000176	-0.8158826564	0	0	0	0	0	0	0
5	5.579481031	-0.8230988859	0	0	0	0	0	0	0
5.01	5.581237042	-0.8317255841	0	0	0	0	0	0	0
5.02	5.581729438	-0.8414326012	0	0	0	0	0	0	0
5.03	5.581267077	-0.8520909561	0	0	0	0	0	0	0
5.04	5.580074297	-0.8636783116	0	0	0	0	0	0	0
5.05	5.57843909	-0.876149038	0	0	0	0	0	0	0
5.06	5.576731215	-0.889435123	0	0	0	0	0	0	0
5.07	5.57533487	-0.9034902601	0	0	0	0	0	0	0
5.08	5.469469284	-0.9579826562	0	58.66898882	924.9009632	0	0	0	0
5.09	5.4694569	-0.9674411666	0	0.1565670034	1000.442579	0	0	0	0
5.1	5.469462235	-0.975988185	0	-18.98419694	1081.869196	0	0	0	0
5.11	5.469465962	-0.9838885068	0	4.463300158	1223.053298	0	0	0	0
5.12	5.469458135	-0.9910195363	0	45.81118554	1375.187636	0	0	0	0
5.13	5.544677647	-0.9841732612	0	-178.2544592	2166.312809	0	0	0	0
5.14	5.548257071	-0.9887138404	0	-97.3501039	2207.080259	0	0	0	0
5.15	5.552858766	-0.9915026341	0	-52.62361381	2064.342829	0	0	0	0
5.16	5.559237152	-0.9923532359	0	-34.48009507	1807.325046	0	0	0	0
5.17	5.568033985	-0.9915984068	0	-23.39970053	1494.012905	0	0	0	0
5.18	5.581924209	-0.9896376167	0	-13.7868411	1170.067814	0	0	0	0
5.19	5.610182554	-0.9868376728	0	-13.51439298	869.9376359	0	0	0	0
5.2	5.662707519	-0.9844773131	0	-25.5894006	621.5081072	0	0	0	0
5.21	5.695007422	-0.9844109177	0	-26.38480933	530.4529928	0	0	0	0
5.22	5.695029612	-0.9848583492	0	-34.30610743	540.4750906	0	0	0	0
5.23	5.695062542	-0.9852944496	0	-51.69154683	553.4789155	0	0	0	0
5.24	5.695105318	-0.9856953471	0	-60.48125968	559.5626221	0	0	0	0
5.25	5.69515034	-0.9860031239	0	-58.78251519	558.5333158	0	0	0	0
5.26	5.69519195	-0.9862019954	0	-51.75425989	554.9944776	0	0	0	0
5.27	5.695227767	-0.9863180345	0	-43.19575058	552.4680261	0	0	0	0
5.28	5.695257108	-0.9863905385	0	-34.55209932	552.428305	0	0	0	0
5.29	5.695280067	-0.9864565112	0	-26.6025162	555.6590809	0	0	0	0
5.3	5.695297399	-0.9865488351	0	-20.12482642	562.8639232	0	0	0	0
5.31	5.695310354	-0.986695191	0	-15.45439702	574.2219761	0	0	0	0
5.32	5.695320269	-0.9869124304	0	-12.36167245	588.8932493	0	0	0	0
5.33	5.695328121	-0.98720039	0	-10.13580648	605.0322525	0	0	0	0
5.34	5.695334286	-0.9875398649	0	-7.803778798	620.2265383	0	0	0	0
5.35	5.695338456	-0.9878960089	0	-4.357900609	632.0833691	0	0	0	0
5.36	5.695339691	-0.9882256176	0	1.015167341	638.6704407	0	0	0	0
5.37	5.695336658	-0.9884850876	0	8.685146891	638.7677015	0	0	0	0
5.38	5.695327847	-0.9886373416	0	18.46969269	631.9246258	0	0	0	0
5.39	5.695311805	-0.9886563896	0	29.74297493	618.4081274	0	0	0	0
5.4	5.695287324	-0.9885294408	0	41.68889303	599.1262998	0	0	0	0
5.41	5.695253422	-0.9882576274	0	53.57598648	575.6003874	0	0	0	0
5.42	5.695209352	-0.9878562524	0	64.87766744	549.8854994	0	0	0	0
5.43	5.69515463	-0.9873540472	0	75.29476646	524.3966104	0	0	0	0
5.44	5.695089116	-0.9867910565	0	84.67341918	501.598617	0	0	0	0
5.45	5.695013234	-0.9862145604	0	92.86428589	483.6074905	0	0	0	0
5.46	5.694928232	-0.9856731389	0	99.58313547	471.8043108	0	0	0	0
5.47	5.694836369	-0.9852095724	0	104.3284012	466.5208123	0	0	0	0
5.48	5.694740804	-0.9848530535	0	106.450431	466.7873308	0	0	0	0
5.49	5.694645191	-0.984611336	0	105.2885382	470.2377842	0	0	0	0
5.5	5.694553084	-0.9844649998	0	100.341502	473.295431	0	0	0	0
5.51	5.694467517	-0.9843656976	0	91.33535714	471.6109716	0	0	0	0
5.52	5.69439101	-0.9842395657	0	78.14250932	460.6954429	0	0	0	0
5.53	5.694326034	-0.9839957943	0	60.70974834	436.6755734	0	0	0	0
5.54	5.694275862	-0.9835392097	0	39.14452444	397.0705469	0	0	0	0
5.55	5.694245937	-0.9827851147	0	13.89903919	341.5501875	0	0	0	0
5.56	5.694246463	-0.9816747095	0	-14.00391447	272.5025024	0	0	0	0
5.57	5.69429905	-0.9801884097	0	-42.54952563	195.1053222	0	0	0	0
5.58	5.694461184	-0.9783550731	0	-67.0709187	117.0265289	0	0	0	0
5.59	5.695177556	-0.9762689711	0	-44.01165727	55.42229778	0	0	0	0
5.6	5.697994806	-0.9743137891	0	-36.14736288	48.00463433	0	0	0	0
5.61	5.702539621	-0.9727213203	0	-35.98157167	50.30967626	0	0	0	0
5.62	5.708030938	-0.9714086162	0	-34.0559289	49.28130492	0	0	0	0
5.63	5.714015134	-0.9702789986	0	-30.18183956	44.40616571	0	0	0	0
5.64	5.720133866	-0.9692593539	0	-24.84637731	36.50274903	0	0	0	0
5.65	5.726096583	-0.9683081168	0	-19.57277475	28.34113555	0	0	0	0
5.66	5.731716652	-0.9674205462	0	-16.17673298	22.94733557	0	0	0	0
5.67	5.736902299	-0.9666168586	0	-16.81162581	23.32285805	0	0	0	0
5.68	5.74157947	-0.9660895548	0	-29.74277892	41.15642697	0	0	0	0
5.69	5.684201696	-0.8712384551	0	0	0	0	0	0	0
5.7	5.691294205	-0.8701022459	0	0	0	0	0	0	0
5.71	5.699798832	-0.8680186906	0	0	0	0	0	0	0
5.72	5.71020102	-0.8652787265	0	0	0	0	0	0	0
5.73	5.723283515	-0.8622804814	0	0	0	0	0	0	0
5.74	5.739461008	-0.8598579044	0	0	0	0	0	0	0
5.75	5.758397047	-0.858485647	0	0	0	0	0	0	0
5.76	5.779280931	-0.8575836458	0	0	0	0	0	0	0
5.77	5.801133062	-0.8562288951	0	0	0	0	0	0	0
5.78	5.823120052	-0.853938065	0	0	0	0	0	0	0
5.79	5.844742015	-0.8508752624	0	0	0	0	0	0	0
5.8	5.865852359	-0.847613015	0	0	0	0	0	0	0
5.81	5.886582341	-0.8447929265	0	0	0	0	0	0	0
5.82	5.907231319	-0.8427705546	0	0	0	0	0	0	0
5.83	5.928084711	-0.8414979087	0	0	0	0	0	0	0
5.84	5.949384194	-0.8408340294	0	0	0	0	0	0	0
5.85	5.971310904	-0.8407612192	0	0	0	0	0	0	0
5.86	5.993942803	-0.8413159057	0	0	0	0	0	0	0
5.87	6.017222347	-0.8424458679	0	0	0	0	0	0	0
5.88	6.040962185	-0.8439698783	0	0	0	0	0	0	0
5.89	6.064899919	-0.8456476542	0	0	0	0	0	0	0
5.9	6.088783594	-0.847280499	0	0	0	0	0	0	0
5.91	6.112451777	-0.8487721324	0	0	0	0	0	0	0
5.92	6.135875717	-0.8501279885	0	0	0	0	0	0	0
5.93	6.159147316	-0.8514085101	0	0	0	0	0	0	0
5.94	6.18243268	-0.8526760075	0	0	0	0	0	0	0
5.95	6.205921123	-0.8539637574	0	0	0	0	0	0	0
5.96	6.229794165	-0.8552739338	0	0	0	0	0	0	0
5.97	6.254216653	-0.8565882494	0	0	0	0	0	0	0
5.98	6.279340623	-0.8578739972	0	0	0	0	0	0	0
5.99	6.305310636	-0.8590772216	0	0	0	0	0	0	0
6	6.332265328	-0.8601093176	0	0	0	0	0	0	0
6.01	6.360330432	-0.860834084	0	0	0	0	0	0	0
6.02	6.389593404	-0.8610581895	0	0	0	0	0	0	0
6.03	6.420062322	-0.8605393889	0	0	0	0	0	0	0
6.04	6.45161978	-0.8590209965	0	0	0	0	0	0	0
6.05	6.483997134	-0.8562926395	0	0	0	0	0	0	0
6.06	6.516786056	-0.852253994	0	0	0	0	0	0	0
6.07	6.549471942	-0.8469521664	0	0	0	0	0	0	0
6.08	6.581467755	-0.8405916812	0	0	0	0	0	0	0
6.09	6.612148838	-0.8335310226	0	0	0	0	0	0	0
6.1	6.640907158	-0.8262595889	0	0	0	0	0	0	0
6.11	6.667210462	-0.8193451843	0	0	0	0	0	0	0
6.12	6.690638811	-0.8133698717	0	0	0	0	0	0	0
6.13	6.710906235	-0.8088650797	0	0	0	0	0	0	0
6.14	6.727874838	-0.8062477862	0	0	0	0	0	0	0
6.15	6.741555349	-0.8057747347	0	0	0	0	0	0	0
6.16	6.752097416	-0.8075273423	0	0	0	0	0	0	0
6.17	6.759772135	-0.8114283376	0	0	0	0	0	0	0
6.18	6.764944726	-0.8172838434	0	0	0	0	0	0	0
6.19	6.768035509	-0.8248239952	0	0	0	0	0	0	0
6.2	6.769505676	-0.833695344	0	0	0	0	0	0	0
6.21	6.769793845	-0.8436019809	0	0	0	0	0	0	0
6.22	6.769176421	-0.8544530246	0	0	0	0	0	0	0
6.23	6.767881117	-0.8662275332	0	0	0	0	0	0	0
6.24	6.766215561	-0.8788721531	0	0	0	0	0	0	0
6.25	6.764558042	-0.8923202343	0	0	0	0	0	0	0
6.26	6.763285053	-0.906533859	0	0	0	0	0	0	0
6.27	6.657645148	-0.9600775263	0	50.09268846	1012.681894	0	0	0	0
6.28	6.657638128	-0.9692990034	0	-7.902415665	1010.224265	0	0	0	0
6.29	6.657644592	-0.9777031653	0	-17.07851686	1108.413459	0	0	0	0
6.3	6.657646272	-0.9854628458	0	12.61283058	1255.612869	0	0	0	0
6.31	6.671884772	-0.9897693844	0	-16.32435632	1479.349597	0	0	0	0
6.32	6.733146336	-0.9853081147	0	-153.8420272	2194.936479	0	0	0	0
6.33	6.737325101	-0.989454005	0	-85.29549317	2189.51774	0	0	0	0
6.34	6.742134811	-0.9918436697	0	-47.15777992	2017.710523	0	0	0	0
6.35	6.749039807	-0.9923081231	0	-32.19011539	1744.270954	0	0	0	0
6.36	6.758449741	-0.9912795817	0	-21.11798065	1425.565746	0	0	0	0
6.37	6.774400907	-0.9890940405	0	-12.8668717	1104.038088	0	0	0	0
6.38	6.807088652	-0.9862371449	0	-15.28721689	812.9136976	0	0	0	0
6.39	6.865000764	-0.9842307311	0	-29.52441115	577.8930785	0	0	0	0
6.4	6.883192846	-0.9844987659	0	-26.26701415	531.449395	0	0	0	0
6.41	6.883216803	-0.9849412377	0	-38.26818267	543.2385661	0	0	0	0
6.42	6.883252483	-0.9853757908	0	-54.75163524	555.3180685	0	0	0	0
6.43	6.883296542	-0.9857620786	0	-61.04916297	559.6724768	0	0	0	0
6.44	6.883341337	-0.986047427	0	-57.73238833	557.7332903	0	0	0	0
6.45	6.883381954	-0.9862267075	0	-50.10907647	554.2117416	0	0	0	0
6.46	6.883416495	-0.9863310432	0	-41.39830886	552.1495495	0	0	0	0
6.47	6.883444486	-0.9864000021	0	-32.79988304	552.7645014	0	0	0	0
6.48	6.883466173	-0.9864697788	0	-25.08534553	556.8206509	0	0	0	0
6.49	6.883482447	-0.9865723734	0	-18.95374769	564.9548655	0	0	0	0
6.5	6.883494625	-0.9867337843	0	-14.64154182	577.1579566	0	0	0	0
6.51	6.883504006	-0.9869676314	0	-11.80249249	592.3529577	0	0	0	0
6.52	6.883511465	-0.987269659	0	-9.640164802	608.5310099	0	0	0	0
6.53	6.883517223	-0.9876169365	0	-7.16004607	623.241503	0	0	0	0
6.54	6.88352083	-0.9879721723	0	-3.365700152	634.1530775	0	0	0	0
6.55	6.88352126	-0.9882913401	0	2.478973761	639.4734703	0	0	0	0
6.56	6.883517112	-0.9885317885	0	10.62655989	638.1483572	0	0	0	0
6.57	6.883506873	-0.9886585144	0	20.78472839	629.8856489	0	0	0	0
6.58	6.883489132	-0.9886482416	0	32.26430455	615.0896561	0	0	0	0
6.59	6.883462732	-0.988491052	0	44.2457733	594.7987038	0	0	0	0
6.6	6.883426744	-0.9881910478	0	56.03145382	570.6469454	0	0	0	0
6.61	6.883380488	-0.9877663404	0	67.14748648	544.7742793	0	0	0	0
6.62	6.883323537	-0.9872481468	0	77.33532776	519.6303382	0	0	0	0
6.63	6.883255847	-0.9866783203	0	86.45723062	497.6396662	0	0	0	0
6.64	6.883177996	-0.9861048336	0	94.34958631	480.796134	0	0	0	0
6.65	6.883091427	-0.98557564	0	100.6887776	470.294195	0	0	0	0
6.66	6.882998583	-0.9851314321	0	104.9418933	466.2249447	0	0	0	0
6.67	6.882902764	-0.984797682	0	106.445696	467.3440058	0	0	0	0
6.68	6.882807637	-0.9845771538	0	104.5557761	471.027738	0	0	0	0
6.69	6.88271667	-0.9844447304	0	98.81674789	473.5073478	0	0	0	0
6.7	6.882632775	-0.9843466213	0	88.99197715	470.3534037	0	0	0	0
6.71	6.882558404	-0.9842048409	0	74.97075465	457.139928	0	0	0	0
6.72	6.882496116	-0.9839267047	0	56.71551688	430.2061821	0	0	0	0
6.73	6.882449469	-0.9834178996	0	34.38622983	387.4367759	0	0	0	0
6.74	6.882424566	-0.9825976578	0	8.525479884	329.0004027	0	0	0	0
6.75	6.882433108	-0.981413932	0	-19.69491376	257.8393322	0	0	0	0
6.76	6.882500633	-0.9798560027	0	-47.96165438	179.6409372	0	0	0	0
6.77	6.882700851	-0.9779629545	0	-69.95830049	102.5477303	0	0	0	0
6.78	6.883728091	-0.9758613475	0	-40.32445575	51.16521961	0	0	0	0
6.79	6.886961071	-0.9739764291	0	-36.17629194	48.59352596	0	0	0	0
6.8	6.891738738	-0.9724474364	0	-35.79122168	50.44769563	0	0	0	0
6.81	6.897357234	-0.9711774517	0	-33.46545688	48.65625633	0	0	0	0
6.82	6.903394731	-0.9700742538	0	-29.23046451	43.0523335	0	0	0	0
6.83	6.909503132	-0.9690699451	0	-23.75246357	34.8250456	0	0	0	0
6.84	6.915410236	-0.9681303329	0	-18.71091352	26.99202539	0	0	0	0
6.85	6.920950068	-0.9672568047	0	-15.83041532	22.36071308	0	0	0	0
6.86	6.926035414	-0.9664812602	0	-23.05617661	31.73279349	0	0	0	0
6.87	6.930744927	-0.9659862724	0	-23.12542284	32.44839183	0	0	0	0
6.88	6.873666015	-0.8710793966	0	0	0	0	0	0	0
6.89	6.881009514	-0.8697670581	0	0	0	0	0	0	0
6.9	6.889835547	-0.8675156266	0	0	0	0	0	0	0
6.91	6.900683659	-0.8646900927	0	0	0	0	0	0	0
6.92	6.914363793	-0.8617178811	0	0	0	0	0	0	0
6.93	6.9311199	-0.8594951003	0	0	0	0	0	0	0
6.94	6.9505069	-0.8582816609	0	0	0	0	0	0	0
6.95	6.971653913	-0.8573560286	0	0	0	0	0	0	0
6.96	6.993588367	-0.855834695	0	0	0	0	0	0	0
6.97	7.015532678	-0.8533636379	0	0	0	0	0	0	0
6.98	7.037058949	-0.850212606	0	0	0	0	0	0	0
6.99	7.058080399	-0.8469934333	0	0	0	0	0	0	0
7	7.078774197	-0.8443196896	0	0	0	0	0	0	0
7.01	7.099446456	-0.8424591862	0	0	0	0	0	0	0
7.02	7.120373628	-0.841316102	0	0	0	0	0	0	0
7.03	7.141787981	-0.8407667484	0	0	0	0	0	0	0
7.04	7.163854201	-0.8408158611	0	0	0	0	0	0	0
7.05	7.186625617	-0.8414921836	0	0	0	0	0	0	0
7.06	7.210017462	-0.84271742	0	0	0	0	0	0	0
7.07	7.233822056	-0.8442910386	0	0	0	0	0	0	0
7.08	7.257772204	-0.8459737219	0	0	0	0	0	0	0
7.09	7.28162768	-0.847583658	0	0	0	0	0	0	0
7.1	7.305251193	-0.8490463971	0	0	0	0	0	0	0
7.11	7.328639872	-0.8503825608	0	0	0	0	0	0	0
7.12	7.351904098	-0.8516566354	0	0	0	0	0	0	0
7.13	7.375217835	-0.8529266544	0	0	0	0	0	0	0
7.14	7.39877054	-0.8542193576	0	0	0	0	0	0	0
7.15	7.4227411	-0.855532281	0	0	0	0	0	0	0
7.16	7.447291378	-0.8568441348	0	0	0	0	0	0	0
7.17	7.47257153	-0.8581187836	0	0	0	0	0	0	0
7.18	7.498725096	-0.8592965395	0	0	0	0	0	0	0
7.19	7.525889887	-0.8602809055	0	0	0	0	0	0	0
7.2	7.554186469	-0.8609242778	0	0	0	0	0	0	0
7.21	7.583690283	-0.861022223	0	0	0	0	0	0	0
7.22	7.614388085	-0.8603258969	0	0	0	0	0	0	0
7.23	7.646133595	-0.8585823107	0	0	0	0	0	0	0
7.24	7.678628239	-0.8555982135	0	0	0	0	0	0	0
7.25	7.711439495	-0.8513006392	0	0	0	0	0	0	0
7.26	7.744036065	-0.8457680155	0	0	0	0	0	0	0
7.27	7.775820135	-0.83923572	0	0	0	0	0	0	0
7.28	7.806165779	-0.832091021	0	0	0	0	0	0	0
7.29	7.834475367	-0.8248440965	0	0	0	0	0	0	0
7.3	7.860236658	-0.8180708777	0	0	0	0	0	0	0
7.31	7.883055426	-0.8123482246	0	0	0	0	0	0	0
7.32	7.902674602	-0.8081894658	0	0	0	0	0	0	0
7.33	7.918985953	-0.80598266	0	0	0	0	0	0	0
7.34	7.93202886	-0.8059498936	0	0	0	0	0	0	0
7.35	7.941978494	-0.8081387859	0	0	0	0	0	0	0
7.36	7.949127381	-0.8124449784	0	0	0	0	0	0	0
7.37	7.953855229	-0.8186575708	0	0	0	0	0	0	0
7.38	7.956588344	-0.8264910973	0	0	0	0	0	0	0
7.39	7.957796882	-0.8355837278	0	0	0	0	0	0	0
7.4	7.957890851	-0.845679046	0	0	0	0	0	0	0
7.41	7.957122484	-0.856714563	0	0	0	0	0	0	0
7.42	7.955729486	-0.8686662275	0	0	0	0	0	0	0
7.43	7.954037397	-0.881474416	0	0	0	0	0	0	0
7.44	7.952430464	-0.8950754356	0	0	0	0	0	0	0
7.45	7.846170023	-0.9518587049	0	73.921374	94.25137681	0	0	0	0
7.46	7.845811683	-0.9619930803	0	34.62165838	1001.016993	0	0	0	0
7.47	7.845809023	-0.9710182409	0	-13.483829	1023.384258	0	0	0	0
7.48	7.845815748	-0.9792940865	0	-13.56293964	1135.35652	0	0	0	0
7.49	7.845815211	-0.9869124357	0	20.76262892	1286.274125	0	0	0	0
7.5	7.908440274	-0.9825297633	0	-251.9597852	1851.619841	0	0	0	0
7.51	7.9220806	-0.9862500638	0	-138.1800632	2210.301533	0	0	0	0
7.52	7.926367898	-0.9900789089	0	-75.21049839	2166.385828	0	0	0	0
7.53	7.931457694	-0.9920830809	0	-42.99840602	1969.699441	0	0	0	0
7.54	7.938848769	-0.9922061561	0	-30.07288016	1683.101785	0	0	0	0
7.55	7.948992956	-0.9909320528	0	-19.00258678	1360.956142	0	0	0	0
7.56	7.967331495	-0.9885508471	0	-12.36191224	1042.983479	0	0	0	0
7.57	8.004621403	-0.9857029136	0	-17.33135319	761.3232258	0	0	0	0
7.58	8.067553858	-0.9841248779	0	-33.30168007	539.3888343	0	0	0	0
7.59	8.071367043	-0.9845863784	0	-27.13174772	533.0668973	0	0	0	0
7.6	8.071393004	-0.9850263098	0	-41.95876758	545.9724361	0	0	0	0
7.61	8.071430958	-0.9854566396	0	-57.003322	556.8266003	0	0	0	0
7.62	8.071475765	-0.9858261018	0	-61.02573642	559.6117033	0	0	0	0
7.63	8.071520032	-0.9860894441	0	-56.44453313	557.0055651	0	0	0	0
7.64	8.071559548	-0.9862509787	0	-48.43433018	553.6119926	0	0	0	0
7.65	8.071592815	-0.9863453741	0	-39.67378657	552.0188144	0	0	0	0
7.66	8.071619519	-0.9864119155	0	-31.17055289	553.2613508	0	0	0	0
7.67	8.071640041	-0.9864859411	0	-23.72364246	558.0936575	0	0	0	0
7.68	8.07165539	-0.9865986249	0	-17.95399393	567.0758931	0	0	0	0
7.69	8.071666916	-0.9867740437	0	-13.98184998	580.0012472	0	0	0	0
7.7	8.071675866	-0.987022598	0	-11.34859278	595.5831012	0	0	0	0
7.71	8.071682984	-0.9873362221	0	-9.20728929	611.6790243	0	0	0	0
7.72	8.071688371	-0.987688589	0	-6.538703108	625.8101909	0	0	0	0
7.73	8.071691444	-0.9880404209	0	-2.382351118	635.7381809	0	0	0	0
7.74	8.07169108	-0.9883473919	0	3.917110029	639.8046836	0	0	0	0
7.75	8.071685841	-0.9885678958	0	12.50389524	637.1095587	0	0	0	0
7.76	8.071674217	-0.9886690597	0	22.98741672	627.5053856	0	0	0	0
7.77	8.071654845	-0.9886301773	0	34.6280203	611.525223	0	0	0	0
7.78	8.071626611	-0.988444078	0	46.61902586	590.3281952	0	0	0	0
7.79	8.071588637	-0.9881176606	0	58.30011751	565.6569411	0	0	0	0
7.8	8.071540286	-0.9876717326	0	69.24343901	539.7314679	0	0	0	0
7.81	8.071481203	-0.9871398315	0	79.22442014	515.0241554	0	0	0	0
7.82	8.071411453	-0.9865653729	0	88.11399612	493.9043297	0	0	0	0
7.83	8.071331754	-0.9859968784	0	95.7270828	478.2381232	0	0	0	0
7.84	8.071243736	-0.9854814682	0	101.7029479	469.0263688	0	0	0	0
7.85	8.07115004	-0.9850574852	0	105.4644508	466.1140331	0	0	0	0
7.86	8.07105408	-0.9847464922	0	106.3462207	467.981307	0	0	0	0
7.87	8.070959524	-0.984546077	0	103.7315379	471.7531292	0	0	0	0
7.88	8.070869746	-0.9844254374	0	97.20614773	473.4906175	0	0	0	0
7.89	8.070787542	-0.9843255587	0	86.57337681	468.708324	0	0	0	0
7.9	8.070715325	-0.9841647227	0	71.72776326	453.072038	0	0	0	0
7.91	8.070655771	-0.983848846	0	52.65750905	423.1596433	0	0	0	0
7.92	8.070612785	-0.9832850376	0	29.58385301	377.244246	0	0	0	0
7.93	8.070593251	-0.9823969421	0	3.147540982	316.0088981	0	0	0	0
7.94	8.070610607	-0.9811397245	0	-25.31223614	242.9530279	0	0	0	0
7.95	8.070695269	-0.9795118297	0	-53.12383583	164.2553784	0	0	0	0
7.96	8.070946121	-0.9775629355	0	-69.63500554	88.48942168	0	0	0	0
7.97	8.072359557	-0.9754657735	0	-38.13140773	48.85231838	0	0	0	0
7.98	8.075968717	-0.9736537162	0	-36.21481923	49.17116169	0	0	0	0
7.99	8.080951683	-0.9721835094	0	-35.50002666	50.40640796	0	0	0	0
8	8.086680889	-0.9709524707	0	-32.78764891	47.86099882	0	0	0	0
8.01	8.092757595	-0.9698729469	0	-28.22237409	41.58185466	0	0	0	0
8.02	8.098844527	-0.9688826659	0	-22.67648877	33.16486802	0	0	0	0
8.03	8.104689577	-0.9679548584	0	-17.93887262	25.77702716	0	0	0	0
8.04	8.110146466	-0.9670963601	0	-15.60878438	21.95432153	0	0	0	0
8.05	8.11511158	-0.9663695323	0	-31.21043424	42.63219624	0	0	0	0
8.06	8.119954128	-0.9658676576	0	-16.01395698	22.84322774	0	0	0	0
8.07	8.06316076	-0.8708964897	0	0	0	0	0	0	0
8.08	8.070761377	-0.8693956269	0	0	0	0	0	0	0
8.09	8.079931781	-0.8669960072	0	0	0	0	0	0	0
8.1	8.091264557	-0.8640988023	0	0	0	0	0	0	0
8.11	8.105549965	-0.8611989638	0	0	0	0	0	0	0
8.12	8.122868667	-0.8591891558	0	0	0	0	0	0	0
8.13	8.142673625	-0.8581065397	0	0	0	0	0	0	0
8.14	8.164046845	-0.8571236955	0	0	0	0	0	0	0
8.15	8.186033959	-0.8554236783	0	0	0	0	0	0	0
8.16	8.207918652	-0.8527837534	0	0	0	0	0	0	0
8.17	8.229344428	-0.8495671819	0	0	0	0	0	0	0
8.18	8.250281098	-0.8464125995	0	0	0	0	0	0	0
8.19	8.270947147	-0.8438914414	0	0	0	0	0	0	0
8.2	8.291648965	-0.8421841018	0	0	0	0	0	0	0
8.21	8.312654525	-0.8411625914	0	0	0	0	0	0	0
8.22	8.334185892	-0.8407264215	0	0	0	0	0	0	0
8.23	8.356389455	-0.840897563	0	0	0	0	0	0	0
8.24	8.379292704	-0.841691352	0	0	0	0	0	0	0
8.25	8.402784156	-0.8430028756	0	0	0	0	0	0	0
8.26	8.426638349	-0.8446158722	0	0	0	0	0	0	0
8.27	8.450586784	-0.8462958639	0	0	0	0	0	0	0
8.28	8.474403879	-0.8478797078	0	0	0	0	0	0	0
8.29	8.497977839	-0.8493141865	0	0	0	0	0	0	0
8.3	8.521330736	-0.850632932	0	0	0	0	0	0	0
8.31	8.544589617	-0.851902586	0	0	0	0	0	0	0
8.32	8.567934653	-0.8531760412	0	0	0	0	0	0	0
8.33	8.591554535	-0.8544736435	0	0	0	0	0	0	0
8.34	8.615624814	-0.8557884806	0	0	0	0	0	0	0
8.35	8.640304577	-0.8570964937	0	0	0	0	0	0	0
8.36	8.665742491	-0.8583580353	0	0	0	0	0	0	0
8.37	8.692081056	-0.8595071917	0	0	0	0	0	0	0
8.38	8.719456196	-0.8604386713	0	0	0	0	0	0	0
8.39	8.74798248	-0.8609938492	0	0	0	0	0	0	0
8.4	8.77772192	-0.8609579406	0	0	0	0	0	0	0
8.41	8.808638487	-0.8600771898	0	0	0	0	0	0	0
8.42	8.840556598	-0.8581048168	0	0	0	0	0	0	0
8.43	8.873149275	-0.8548669491	0	0	0	0	0	0	0
8.44	8.905962244	-0.8503187592	0	0	0	0	0	0	0
8.45	8.938448581	-0.8445686693	0	0	0	0	0	0	0
8.46	8.970001939	-0.8378828085	0	0	0	0	0	0	0
8.47	8.999996037	-0.8306757209	0	0	0	0	0	0	0
8.48	9.027847442	-0.8234749067	0	0	0	0	0	0	0
8.49	9.053064379	-0.8168615036	0	0	0	0	0	0	0
8.5	9.075277786	-0.8114052838	0	0	0	0	0	0	0
8.51	9.094258865	-0.807599731	0	0	0	0	0	0	0
8.52	9.109928526	-0.8058028619	0	0	0	0	0	0	0
8.53	9.122353675	-0.8062025049	0	0	0	0	0	0	0
8.54	9.131734109	-0.8088141949	0	0	0	0	0	0	0
8.55	9.13838146	-0.8135089758	0	0	0	0	0	0	0
8.56	9.142688882	-0.8200606528	0	0	0	0	0	0	0
8.57	9.145088547	-0.8281671473	0	0	0	0	0	0	0
8.58	9.146055034	-0.8374667305	0	0	0	0	0	0	0
8.59	9.145965669	-0.8477455903	0	0	0	0	0	0	0
8.6	9.145055841	-0.858961554	0	0	0	0	0	0	0
8.61	9.143577041	-0.8710847179	0	0	0	0	0	0	0
8.62	9.141871054	-0.8840509243	0	0	0	0	0	0	0
8.63	9.140324952	-0.8978008999	0	0	0	0	0	0	0
8.64	9.034013697	-0.9538681437	0	281.2211198	351.5572445	0	0	0	0
8.65	9.033973702	-0.9638198083	0	21.19292818	995.8022433	0	0	0	0
8.66	9.033974495	-0.9726732649	0	-17.10563112	1039.64	0	0	0	0
8.67	9.033980803	-0.9808268582	0	-8.731548308	1163.175433	0	0	0	0
8.68	9.033977937	-0.9882971002	0	28.95856959	1316.017388	0	0	0	0
8.69	9.108372845	-0.9818599459	0	-240.7090713	2006.915233	0	0	0	0
8.7	9.111047218	-0.9871160659	0	-123.9497782	2217.18195	0	0	0	0
8.71	9.115408997	-0.9906202924	0	-66.58573968	2138.034052	0	0	0	0
8.72	9.120855594	-0.9922425628	0	-39.69504585	1919.310169	0	0	0	0
8.73	9.128701469	-0.9920552097	0	-27.96345618	1621.968749	0	0	0	0
8.74	9.139774669	-0.9905488358	0	-17.07957568	1297.906507	0	0	0	0
8.75	9.160887065	-0.9879975341	0	-12.3125948	984.6366573	0	0	0	0
8.76	9.202979675	-0.985226874	0	-19.74339331	713.1281532	0	0	0	0
8.77	9.259513768	-0.9841968785	0	-31.75211569	529.7160714	0	0	0	0
8.78	9.25953553	-0.9846714377	0	-28.89918599	535.0963054	0	0	0	0
8.79	9.259563736	-0.9851103899	0	-45.48175445	548.5568142	0	0	0	0
8.8	9.259603646	-0.9855341443	0	-58.70905125	557.9800545	0	0	0	0
8.81	9.259648867	-0.9858851979	0	-60.64746151	559.3553381	0	0	0	0
8.82	9.259692449	-0.9861271708	0	-55.05622417	556.2827074	0	0	0	0
8.83	9.259730831	-0.9862726755	0	-46.76442798	553.1090156	0	0	0	0
8.84	9.259762835	-0.9863588013	0	-37.99161482	552.0089297	0	0	0	0
8.85	9.259788298	-0.9864242633	0	-29.63334495	553.8932704	0	0	0	0
8.86	9.25980773	-0.9865036056	0	-22.46986211	559.5059882	0	0	0	0
8.87	9.259822233	-0.9866270225	0	-17.05351944	569.306059	0	0	0	0
8.88	9.259833175	-0.9868164712	0	-13.38261569	582.8841574	0	0	0	0
8.89	9.259841725	-0.9870789935	0	-10.92519483	598.7518793	0	0	0	0
8.9	9.259848523	-0.9874027816	0	-8.763463973	614.6620863	0	0	0	0
8.91	9.259853534	-0.9877584617	0	-5.875311358	628.1455706	0	0	0	0
8.92	9.259856043	-0.9881051956	0	-1.342510263	637.0487021	0	0	0	0
8.93	9.259854852	-0.9883985728	0	5.406680697	639.8553026	0	0	0	0
8.94	9.259848494	-0.9885982908	0	14.40588668	635.8145622	0	0	0	0
8.95	9.25983547	-0.9886736343	0	25.17730686	624.916756	0	0	0	0
8.96	9.259814455	-0.9886064585	0	36.94453794	607.8202424	0	0	0	0
8.97	9.259784393	-0.9883923076	0	48.92315785	585.8009511	0	0	0	0
8.98	9.259744458	-0.9880407726	0	60.48696259	560.7007699	0	0	0	0
8.99	9.259694053	-0.9875752555	0	71.25676372	534.8126629	0	0	0	0
9	9.259632888	-0.9870314852	0	81.03493665	510.6203174	0	0	0	0
9.01	9.259561134	-0.9864543061	0	89.69559061	490.4267769	0	0	0	0
9.02	9.259479668	-0.9858924994	0	97.02356332	475.9563297	0	0	0	0
9.03	9.259390323	-0.9853920794	0	102.6185662	468.007698	0	0	0	0
9.04	9.259295909	-0.9849887752	0	105.8788099	466.175704	0	0	0	0
9.05	9.259199938	-0.9847000473	0	106.1290708	468.6702215	0	0	0	0
9.06	9.259106059	-0.98451825	0	102.7847193	472.3817509	0	0	0	0
9.07	9.259017542	-0.9844069799	0	95.47982186	473.2197388	0	0	0	0
9.08	9.258937081	-0.9843022746	0	84.04163526	466.6706016	0	0	0	0
9.09	9.258867081	-0.9841191117	0	68.37946283	448.5144924	0	0	0	0
9.1	9.258810353	-0.9837624941	0	48.51178203	415.5956591	0	0	0	0
9.11	9.258771219	-0.983141511	0	24.72693866	366.5990072	0	0	0	0
9.12	9.258757428	-0.9821847734	0	-2.228943302	302.7356053	0	0	0	0
9.13	9.258784492	-0.9808550084	0	-30.83160735	228.0439632	0	0	0	0
9.14	9.258888987	-0.9791599211	0	-58.00622497	149.1738445	0	0	0	0
9.15	9.259217106	-0.9771594358	0	-59.81102397	74.78074454	0	0	0	0
9.16	9.261066406	-0.9750880861	0	-36.9598891	47.86888357	0	0	0	0
9.17	9.265008436	-0.97334794	0	-36.22427219	49.67640807	0	0	0	0
9.18	9.270171757	-0.9719316328	0	-35.13509345	50.22044007	0	0	0	0
9.19	9.275995714	-0.970735782	0	-32.04690067	46.93129755	0	0	0	0
9.2	9.282098457	-0.9696772923	0	-27.18814254	40.04630899	0	0	0	0
9.21	9.288155025	-0.9686998955	0	-21.64586654	31.56798771	0	0	0	0
9.22	9.293933555	-0.9677840854	0	-17.2713497	24.71888735	0	0	0	0
9.23	9.299306594	-0.9669413609	0	-15.50965873	21.72446016	0	0	0	0
9.24	9.304146217	-0.9662785864	0	-35.74691794	48.7075214	0	0	0	0
9.25	9.309210475	-0.9657350026	0	-9.09537051	13.21120483	0	0	0	0
9.26	9.252680474	-0.8706852112	0	0	0	0	0	0	0
9.27	9.260546108	-0.8689940874	0	0	0	0	0	0	0
9.28	9.270077819	-0.8664667326	0	0	0	0	0	0	0
9.29	9.281925306	-0.8635124145	0	0	0	0	0	0	0
9.3	9.296809661	-0.8607250943	0	0	0	0	0	0	0
9.31	9.314663444	-0.8589267257	0	0	0	0	0	0	0
9.32	9.334846219	-0.8579397409	0	0	0	0	0	0	0
9.33	9.356406895	-0.8568685764	0	0	0	0	0	0	0
9.34	9.378419108	-0.8549841354	0	0	0	0	0	0	0
9.35	9.40023179	-0.852191947	0	0	0	0	0	0	0
9.36	9.421557326	-0.8489350512	0	0	0	0	0	0	0
9.37	9.442418554	-0.8458662239	0	0	0	0	0	0	0
9.38	9.463068367	-0.8435015273	0	0	0	0	0	0	0
9.39	9.483808806	-0.8419389803	0	0	0	0	0	0	0
9.4	9.504899566	-0.8410332582	0	0	0	0	0	0	0
9.41	9.526551471	-0.8407099799	0	0	0	0	0	0	0
9.42	9.548891102	-0.8410023538	0	0	0	0	0	0	0
9.43	9.57191969	-0.8419080185	0	0	0	0	0	0	0
9.44	9.595500462	-0.8432964085	0	0	0	0	0	0	0
9.45	9.619392754	-0.8449392202	0	0	0	0	0	0	0
9.46	9.643330078	-0.8466101985	0	0	0	0	0	0	0
9.47	9.667104388	-0.848166299	0	0	0	0	0	0	0
9.48	9.690629697	-0.8495742126	0	0	0	0	0	0	0
9.49	9.71395159	-0.8508783495	0	0	0	0	0	0	0
9.5	9.737211429	-0.8521455869	0	0	0	0	0	0	0
9.51	9.76059389	-0.8534231097	0	0	0	0	0	0	0
9.52	9.784286329	-0.8547252933	0	0	0	0	0	0	0
9.53	9.808460608	-0.8560410987	0	0	0	0	0	0	0
9.54	9.833273458	-0.8573438891	0	0	0	0	0	0	0
9.55	9.858872096	-0.8585900139	0	0	0	0	0	0	0
9.56	9.885398211	-0.8597071837	0	0	0	0	0	0	0
9.57	9.912985139	-0.8605806483	0	0	0	0	0	0	0
9.58	9.941740401	-0.8610408758	0	0	0	0	0	0	0
9.59	9.971711039	-0.8608634984	0	0	0	0	0	0	0
9.6	10.00283694	-0.8597916358	0	0	0	0	0	0	0
9.61	10.03491303	-0.8575871676	0	0	0	0	0	0	0
9.62	10.06758549	-0.8540975231	0	0	0	0	0	0	0
9.63	10.10038013	-0.849306057	0	0	0	0	0	0	0
9.64	10.13273692	-0.8433514834	0	0	0	0	0	0	0
9.65	10.16404012	-0.8365297038	0	0	0	0	0	0	0
9.66	10.19366653	-0.8292809103	0	0	0	0	0	0	0
9.67	10.22104843	-0.8221471017	0	0	0	0	0	0	0
9.68	10.24571551	-0.8157122356	0	0	0	0	0	0	0
9.69	10.26732392	-0.8105369564	0	0	0	0	0	0	0
9.7	10.28567323	-0.8070928397	0	0	0	0	0	0	0
9.71	10.30071326	-0.8057067127	0	0	0	0	0	0	0
9.72	10.31253743	-0.8065327532	0	0	0	0	0	0	0
9.73	10.3213687	-0.8095560253	0	0	0	0	0	0	0
9.74	10.32753701	-0.8146251063	0	0	0	0	0	0	0
9.75	10.33144559	-0.8215000857	0	0	0	0	0	0	0
9.76	10.33353441	-0.8298614598	0	0	0	0	0	0	0
9.77	10.3342757	-0.8393573847	0	0	0	0	0	0	0
9.78	10.33401275	-0.8498164107	0	0	0	0	0	0	0
9.79	10.3329716	-0.8612094305	0	0	0	0	0	0	0
9.8	10.33141997	-0.8734993161	0	0	0	0	0	0	0
9.81	10.32971405	-0.8866190744	0	0	0	0	0	0	0
9.82	10.32824053	-0.9005151226	0	0	0	0	0	0	0
9.83	10.22215221	-0.9558627599	0	57.46548364	662.077459	0	0	0	0
9.84	10.22213405	-0.9655796701	0	9.994283639	995.6889175	0	0	0	0
9.85	10.22213745	-0.9742795942	0	-18.97538121	1058.593378	0	0	0	0
9.86	10.22214278	-0.9823130519	0	-2.883541807	1191.627851	0	0	0	0
9.87	10.22213755	-0.9896265001	0	37.07887351	1344.845719	0	0	0	0
9.88	10.29654405	-0.983079462	0	-199.9372592	2097.549181	0	0	0	0
9.89	10.30001146	-0.9879161791	0	-110.6756224	2216.120998	0	0	0	0
9.9	10.30446748	-0.9910836778	0	-59.27903205	2105.03283	0	0	0	0
9.91	10.31033516	-0.9923306758	0	-37.00407798	1866.771338	0	0	0	0
9.92	10.31862244	-0.991859696	0	-25.83427559	1560.811347	0	0	0	0
9.93	10.33087152	-0.9901309138	0	-15.41534062	1236.179685	0	0	0	0
9.94	10.35515496	-0.9874400113	0	-12.73691169	928.7020314	0	0	0	0
9.95	10.4021711	-0.9848201799	0	-22.50259457	667.9759722	0	0	0	0
9.96	10.44767986	-0.9842954093	0	-28.67881513	529.6480122	0	0	0	0
9.97	10.44770157	-0.9847550034	0	-31.36905678	537.4299092	0	0	0	0
9.98	10.44773215	-0.9851934423	0	-48.76291119	550.9310548	0	0	0	0
9.99	10.4477737	-0.9856081918	0	-59.9272017	558.8034176	0	0	0	0
10	10.44781906	-0.9859396318	0	-59.98595536	558.9444456	0	0	0	0
