0	0.3136936206	-0.7333292498	0	0	0	0	0	0	0
0.01	0.3300930326	-0.7348008584	0	0	0	0	0	0	0
0.02	0.3430797523	-0.7404147878	0	0	0	0	0	0	0
0.03	0.3533823049	-0.7491178168	0	0	0	0	0	0	0
0.04	0.3617634491	-0.7600821065	0	0	0	0	0	0	0
0.05	0.3696616781	-0.7721633766	0	0	0	0	0	0	0
0.06	0.3786936219	-0.7844453079	0	0	0	0	0	0	0
0.07	0.3900146633	-0.796571299	0	0	0	0	0	0	0
0.08	0.4040727093	-0.8086049757	0	0	0	0	0	0	0
0.09	0.4206302561	-0.8208209634	0	0	0	0	0	0	0
0.1	0.438914149	-0.8335739222	0	0	0	0	0	0	0
0.11	0.4578465573	-0.847222683	0	0	0	0	0	0	0
0.12	0.4762933055	-0.8620776735	0	0	0	0	0	0	0
0.13	0.4932582654	-0.8783594992	0	0	0	0	0	0	0
0.14	0.5079872137	-0.8961748523	0	0	0	0	0	0	0
0.15	0.5199842699	-0.9155205357	0	0	0	0	0	0	0
0.16	0.415877604	-0.9605801144	0	6.78752054	1588.671016	0	0	0	0
0.17	0.4158867603	-0.9751977003	0	-56.92431599	1631.877341	0	0	0	0
0.18	0.5003203789	-0.9781217258	0	-552.4448437	3063.862753	0	0	0	0
0.19	0.5020401265	-0.9888156292	0	-402.313991	3126.273562	0	0	0	0
0.2	0.5096706714	-0.9952535719	0	-291.1648781	2906.850331	0	0	0	0
0.21	0.5214491248	-0.9976865186	0	-239.7517434	2496.95122	0	0	0	0
0.22	0.5394893195	-0.9972776058	0	-222.3779883	2007.00311	0	0	0	0
0.23	0.5732976198	-0.9956483741	0	-211.0078635	1524.103954	0	0	0	0
0.24	0.630094116	-0.9955242149	0	-196.4820263	1087.675097	0	0	0	0
0.25	0.6422675204	-0.9967305017	0	-167.123572	1032.59249	0	0	0	0
0.26	0.6423336989	-0.9974383367	0	-163.5559876	1034.475633	0	0	0	0
0.27	0.6424025799	-0.9978251549	0	-174.4275504	1015.364557	0	0	0	0
0.28	0.6424785263	-0.9977697523	0	-182.0609054	960.7327509	0	0	0	0
0.29	0.6425616644	-0.9971208272	0	-177.7845129	865.5324256	0	0	0	0
0.3	0.6426512254	-0.9957754087	0	-161.5261429	733.9327942	0	0	0	0
0.31	0.6427476191	-0.9937166852	0	-137.7532075	577.7875594	0	0	0	0
0.32	0.6428541512	-0.9910192601	0	-111.1096232	413.4361775	0	0	0	0
0.33	0.6429793134	-0.9878320539	0	-84.28110382	257.8861797	0	0	0	0
0.34	0.6431452016	-0.9843520137	0	-57.79578495	125.5502687	0	0	0	0
0.35	0.6434558353	-0.9807859652	0	-17.01677676	21.27118622	0	0	0	0
0.36	0.5479142604	-0.918105504	0	0	0	0	0	0	0
0.37	0.5513259728	-0.9123452553	0	0	0	0	0	0	0
0.38	0.5545310249	-0.9074052009	0	0	0	0	0	0	0
0.39	0.5572200015	-0.9032910792	0	0	0	0	0	0	0
0.4	0.6497218721	-0.9682360569	0	-2.925449437	42.79900713	0	0	0	0
0.41	0.6497286858	-0.9677285403	0	-0.9263085442	87.53826208	0	0	0	0
0.42	0.6497365943	-0.9677336315	0	-4.115075174	137.1666207	0	0	0	0
0.43	0.6497548276	-0.9681965614	0	-10.64541571	184.6583063	0	0	0	0
0.44	0.6497841256	-0.9690015806	0	-18.29933271	223.3467433	0	0	0	0
0.45	0.6498222972	-0.9699931395	0	-24.98291548	249.2334898	0	0	0	0
0.46	0.6498672512	-0.9710085564	0	-29.96739077	260.6972975	0	0	0	0
0.47	0.6499183632	-0.9718998674	0	-33.50855617	257.2495068	0	0	0	0
0.48	0.6499769088	-0.9725433128	0	-36.13947861	238.9518171	0	0	0	0
0.49	0.6500467097	-0.9728439009	0	-38.21299192	206.5888192	0	0	0	0
0.5	0.6501357936	-0.9727392148	0	-39.71343026	162.1324445	0	0	0	0
0.51	0.6502626125	-0.9722031463	0	-39.99070932	109.0141593	0	0	0	0
0.52	0.6504866686	-0.9712483869	0	-35.27805984	52.16458036	0	0	0	0
0.53	0.6512456468	-0.9699388986	0	-2.872063468	3.607953049	0	0	0	0
0.54	0.5819458009	-0.8803799113	0	0	0	0	0	0	0
0.55	0.5844502883	-0.8786748688	0	0	0	0	0	0	0
0.56	0.5867753921	-0.876624481	0	0	0	0	0	0	0
0.57	0.5887347891	-0.8741850767	0	0	0	0	0	0	0
0.58	0.5903366871	-0.8714273612	0	0	0	0	0	0	0
0.59	0.5918096326	-0.8685663778	0	0	0	0	0	0	0
0.6	0.5936151704	-0.8660140419	0	0	0	0	0	0	0
0.61	0.5969005841	-0.8640381021	0	0	0	0	0	0	0
0.62	0.6025493271	-0.8625534836	0	0	0	0	0	0	0
0.63	0.6109976308	-0.8613242292	0	0	0	0	0	0	0
0.64	0.6233738987	-0.8604937425	0	0	0	0	0	0	0
0.65	0.6407282801	-0.8603961524	0	0	0	0	0	0	0
0.66	0.6628865861	-0.8614011456	0	0	0	0	0	0	0
0.67	0.6890499287	-0.8632467114	0	0	0	0	0	0	0
0.68	0.7180396538	-0.8650845877	0	0	0	0	0	0	0
0.69	0.748646192	-0.8661504144	0	0	0	0	0	0	0
0.7	0.779987197	-0.8663025578	0	0	0	0	0	0	0
0.71	0.8117264375	-0.8660191792	0	0	0	0	0	0	0
0.72	0.8441268	-0.8659358277	0	0	0	0	0	0	0
0.73	0.8776901152	-0.866311414	0	0	0	0	0	0	0
0.74	0.9128034363	-0.8669835684	0	0	0	0	0	0	0
0.75	0.9496682928	-0.8676244273	0	0	0	0	0	0	0
0.76	0.9882859735	-0.8679348282	0	0	0	0	0	0	0
0.77	1.028448861	-0.8676692904	0	0	0	0	0	0	0
0.78	1.069756577	-0.8666085595	0	0	0	0	0	0	0
0.79	1.111695519	-0.8645839482	0	0	0	0	0	0	0
0.8	1.153766428	-0.8615319908	0	0	0	0	0	0	0
0.81	1.19560664	-0.8575040858	0	0	0	0	0	0	0
0.82	1.237034565	-0.8526111507	0	0	0	0	0	0	0
0.83	1.27801479	-0.8469456588	0	0	0	0	0	0	0
0.84	1.318576166	-0.8405349272	0	0	0	0	0	0	0
0.85	1.358723836	-0.8333385758	0	0	0	0	0	0	0
0.86	1.398364836	-0.8252807518	0	0	0	0	0	0	0
0.87	1.437258006	-0.8163032576	0	0	0	0	0	0	0
0.88	1.474997095	-0.8064289061	0	0	0	0	0	0	0
0.89	1.511034253	-0.7958204597	0	0	0	0	0	0	0
0.9	1.544735555	-0.7848173338	0	0	0	0	0	0	0
0.91	1.5754549	-0.7739367164	0	0	0	0	0	0	0
0.92	1.602603506	-0.7638362651	0	0	0	0	0	0	0
0.93	1.625707171	-0.7552421484	0	0	0	0	0	0	0
0.94	1.644440162	-0.748855498	0	0	0	0	0	0	0
0.95	1.658633618	-0.7452568907	0	0	0	0	0	0	0
0.96	1.668269908	-0.7448254787	0	0	0	0	0	0	0
0.97	1.673468576	-0.7476914388	0	0	0	0	0	0	0
0.98	1.674475705	-0.7537299751	0	0	0	0	0	0	0
0.99	1.671657081	-0.7625982211	0	0	0	0	0	0	0
1	1.665493545	-0.7738058222	0	0	0	0	0	0	0
1.01	1.656568815	-0.7868025723	0	0	0	0	0	0	0
1.02	1.645550856	-0.8010552826	0	0	0	0	0	0	0
1.03	1.633159262	-0.8160972967	0	0	0	0	0	0	0
1.04	1.620125531	-0.8316026368	0	0	0	0	0	0	0
1.05	1.607137211	-0.8474159386	0	0	0	0	0	0	0
1.06	1.594835334	-0.8634998769	0	0	0	0	0	0	0
1.07	1.583867579	-0.8798605863	0	0	0	0	0	0	0
1.08	1.57487728	-0.8965340573	0	0	0	0	0	0	0
1.09	1.568381998	-0.9136073183	0	0	0	0	0	0	0
1.1	1.456450882	-0.9592293709	0	165.9218291	1213.72411	0	0	0	0
1.11	1.456420852	-0.9702455352	0	21.39082544	1178.925042	0	0	0	0
1.12	1.456419009	-0.9802235215	0	10.35175642	1338.029467	0	0	0	0
1.13	1.539218183	-0.9786578269	0	-220.7080326	2454.396726	0	0	0	0
1.14	1.538655592	-0.9869474636	0	-100.7098934	2608.491045	0	0	0	0
1.15	1.541130974	-0.9927604447	0	-22.5812577	2540.277516	0	0	0	0
1.16	1.545101456	-0.9958295655	0	36.29866946	2291.966158	0	0	0	0
1.17	1.551294032	-0.996310699	0	88.61201944	1908.193641	0	0	0	0
1.18	1.564327051	-0.9945467369	0	131.3520425	1460.7982	0	0	0	0
1.19	1.597139088	-0.991271826	0	153.2894428	1034.896742	0	0	0	0
1.2	1.667453124	-0.9887700206	0	148.5459656	695.3823506	0	0	0	0
1.21	1.682034385	-0.9889582833	0	153.6944007	670.1981577	0	0	0	0
1.22	1.681945531	-0.9894175238	0	133.5688195	706.5927012	0	0	0	0
1.23	1.681876089	-0.9900356112	0	106.0900183	739.58448	0	0	0	0
1.24	1.681823961	-0.9906910221	0	82.16857781	761.4474361	0	0	0	0
1.25	1.681784482	-0.9912662418	0	63.82435196	770.5359822	0	0	0	0
1.26	1.681753788	-0.9916770766	0	50.17706411	766.8592657	0	0	0	0
1.27	1.681729288	-0.9918708453	0	39.55941844	750.9327059	0	0	0	0
1.28	1.681709644	-0.9918188387	0	30.14924632	723.468302	0	0	0	0
1.29	1.681694682	-0.9915077895	0	20.35892357	685.1483348	0	0	0	0
1.3	1.681685354	-0.9909330942	0	9.004659123	636.7262449	0	0	0	0
1.31	1.681683756	-0.9900965577	0	-4.608637788	579.4797558	0	0	0	0
1.32	1.68169328	-0.9890091363	0	-20.54498973	515.7069936	0	0	0	0
1.33	1.681718733	-0.9876966018	0	-38.11527692	448.9687475	0	0	0	0
1.34	1.681766319	-0.9862047589	0	-55.97694477	383.9038869	0	0	0	0
1.35	1.68184315	-0.9846013838	0	-72.50653707	325.5991944	0	0	0	0
1.36	1.681955816	-0.9829728258	0	-86.29741584	278.6314641	0	0	0	0
1.37	1.68210723	-0.9814148705	0	-96.57273957	246.0667048	0	0	0	0
1.38	1.68229268	-0.9800191839	0	-103.3020633	228.7697791	0	0	0	0
1.39	1.682498611	-0.9788586601	0	-107.0714453	225.2780857	0	0	0	0
1.4	1.682708238	-0.9779755276	0	-108.7982612	232.2661306	0	0	0	0
1.41	1.682910021	-0.9773755386	0	-109.5986387	245.3836866	0	0	0	0
1.42	1.683100657	-0.9770285365	0	-110.525406	260.0020727	0	0	0	0
1.43	1.683282915	-0.9768734288	0	-112.2512883	271.7391929	0	0	0	0
1.44	1.683462626	-0.9768269086	0	-114.8952351	276.8953582	0	0	0	0
1.45	1.683646964	-0.9767947014	0	-118.0319835	272.8272688	0	0	0	0
1.46	1.683844113	-0.9766842944	0	-120.7928996	258.2238267	0	0	0	0
1.47	1.684063994	-0.9764167801	0	-121.9987637	233.208131	0	0	0	0
1.48	1.684320374	-0.9759357818	0	-120.2706263	199.2318816	0	0	0	0
1.49	1.684637513	-0.9752120994	0	-113.8907698	158.7764673	0	0	0	0
1.5	1.685107363	-0.9742428025	0	-91.78728845	114.7596493	0	0	0	0
1.51	1.685347577	-0.9755466345	0	-161.9185164	287.6983693	0	0	0	0
1.52	1.685547033	-0.9755597535	0	-84.81319379	234.6555691	0	0	0	0
1.53	1.685672648	-0.9752743778	0	-45.59961944	201.7944951	0	0	0	0
1.54	1.685728289	-0.9746690512	0	-2.970476098	154.3400484	0	0	0	0
1.55	1.685664027	-0.9737412151	0	38.64298967	107.3969143	0	0	0	0
1.56	1.685325605	-0.9725873106	0	54.7963424	68.51141411	0	0	0	0
1.57	1.683448336	-0.9712175468	0	5.894262493	7.721195792	0	0	0	0
1.58	1.60976018	-0.8789497019	0	0	0	0	0	0	0
1.59	1.603522898	-0.8747612403	0	0	0	0	0	0	0
1.6	1.59585135	-0.8692692369	0	0	0	0	0	0	0
1.61	1.587469081	-0.8627884887	0	0	0	0	0	0	0
1.62	1.579730571	-0.8563777696	0	0	0	0	0	0	0
1.63	1.573943129	-0.8506003246	0	0	0	0	0	0	0
1.64	1.570044202	-0.8430699945	0	0	0	0	0	0	0
1.65	1.569262853	-0.8330587919	0	0	0	0	0	0	0
1.66	1.573335318	-0.8226180008	0	0	0	0	0	0	0
1.67	1.582964781	-0.8145897394	0	0	0	0	0	0	0
1.68	1.598146001	-0.8102785273	0	0	0	0	0	0	0
1.69	1.618502023	-0.8097286125	0	0	0	0	0	0	0
1.7	1.643347073	-0.8124391887	0	0	0	0	0	0	0
1.71	1.671586272	-0.8175160782	0	0	0	0	0	0	0
1.72	1.701774339	-0.8236017545	0	0	0	0	0	0	0
1.73	1.732562005	-0.8291208954	0	0	0	0	0	0	0
1.74	1.76302163	-0.8329181649	0	0	0	0	0	0	0
1.75	1.792904845	-0.8348160153	0	0	0	0	0	0	0
1.76	1.822649186	-0.8355041864	0	0	0	0	0	0	0
1.77	1.853049812	-0.8359677727	0	0	0	0	0	0	0
1.78	1.884845217	-0.8369568377	0	0	0	0	0	0	0
1.79	1.918418437	-0.8387443188	0	0	0	0	0	0	0
1.8	1.953680243	-0.8411687509	0	0	0	0	0	0	0
1.81	1.990107873	-0.843829896	0	0	0	0	0	0	0
1.82	2.026889399	-0.8463039282	0	0	0	0	0	0	0
1.83	2.063123678	-0.8482972049	0	0	0	0	0	0	0
1.84	2.098022222	-0.8497106566	0	0	0	0	0	0	0
1.85	2.131066676	-0.8506262573	0	0	0	0	0	0	0
1.86	2.162094873	-0.8512453583	0	0	0	0	0	0	0
1.87	2.191306308	-0.8518093371	0	0	0	0	0	0	0
1.88	2.219203279	-0.8525238654	0	0	0	0	0	0	0
1.89	2.246499091	-0.8534910567	0	0	0	0	0	0	0
1.9	2.274007217	-0.8546349147	0	0	0	0	0	0	0
1.91	2.302490867	-0.8556087774	0	0	0	0	0	0	0
1.92	2.332408226	-0.8557240833	0	0	0	0	0	0	0
1.93	2.363551762	-0.8540814068	0	0	0	0	0	0	0
1.94	2.394868475	-0.8500946788	0	0	0	0	0	0	0
1.95	2.424943359	-0.8440506391	0	0	0	0	0	0	0
1.96	2.452764197	-0.8368770125	0	0	0	0	0	0	0
1.97	2.477702976	-0.8295517676	0	0	0	0	0	0	0
1.98	2.499131606	-0.8230717444	0	0	0	0	0	0	0
1.99	2.516636861	-0.8183704991	0	0	0	0	0	0	0
2	2.53027344	-0.8159668849	0	0	0	0	0	0	0
2.01	2.540438615	-0.8159460421	0	0	0	0	0	0	0
2.02	2.547736897	-0.818122235	0	0	0	0	0	0	0
2.03	2.552929204	-0.8221412826	0	0	0	0	0	0	0
2.04	2.556851094	-0.8275963854	0	0	0	0	0	0	0
2.05	2.560306345	-0.834141694	0	0	0	0	0	0	0
2.06	2.56396986	-0.8415454789	0	0	0	0	0	0	0
2.07	2.56832118	-0.8496548658	0	0	0	0	0	0	0
2.08	2.573636339	-0.8583774926	0	0	0	0	0	0	0
2.09	2.579860327	-0.8677988866	0	0	0	0	0	0	0
2.1	2.586712383	-0.8780991661	0	0	0	0	0	0	0
2.11	2.593923662	-0.8894070006	0	0	0	0	0	0	0
2.12	2.601329654	-0.9017767322	0	0	0	0	0	0	0
2.13	2.502063458	-0.956402783	0	-91.77765329	707.3889375	0	0	0	0
2.14	2.502083802	-0.9658489611	0	-47.91658017	1000.576303	0	0	0	0
2.15	2.502100918	-0.974727956	0	-30.65752294	1094.673886	0	0	0	0
2.16	2.502105121	-0.9829870677	0	9.209189504	1224.874743	0	0	0	0
2.17	2.502095916	-0.990315729	0	47.37573004	1360.511934	0	0	0	0
2.18	2.578529608	-0.9833617592	0	-190.6862913	2137.514996	0	0	0	0
2.19	2.581907382	-0.9880845588	0	-104.9639991	2216.927556	0	0	0	0
2.2	2.586294568	-0.9911582567	0	-55.13442442	2099.827966	0	0	0	0
2.21	2.592641224	-0.9922931568	0	-35.04660083	1861.320145	0	0	0	0
2.22	2.601695988	-0.9917699352	0	-26.58748714	1558.368243	0	0	0	0
2.23	2.61603523	-0.9900035336	0	-21.70379634	1236.761728	0	0	0	0
2.24	2.644690135	-0.9874125328	0	-26.06977547	931.1789954	0	0	0	0
2.25	2.696730251	-0.9853555846	0	-41.24137023	670.9511451	0	0	0	0
2.26	2.727662029	-0.9855211809	0	-40.59563594	573.9336693	0	0	0	0
2.27	2.727691885	-0.9860243411	0	-45.68931609	580.5403509	0	0	0	0
2.28	2.727729666	-0.9864621629	0	-59.61239205	588.998475	0	0	0	0
2.29	2.727774079	-0.9868146046	0	-63.65180128	589.1132644	0	0	0	0
2.3	2.727817423	-0.9870286162	0	-56.56143269	581.189863	0	0	0	0
2.31	2.727854149	-0.9870989	0	-44.52902833	570.7225101	0	0	0	0
2.32	2.727882295	-0.9870656852	0	-32.02518212	561.909603	0	0	0	0
2.33	2.727901858	-0.9869816969	0	-20.71530061	556.4856494	0	0	0	0
2.34	2.727913745	-0.9868937309	0	-11.32469175	555.1798031	0	0	0	0
2.35	2.727919482	-0.9868400678	0	-4.385495852	558.4485253	0	0	0	0
2.36	2.727920966	-0.986849612	0	0.03959967797	566.1076778	0	0	0	0
2.37	2.727919985	-0.9869368572	0	2.447359242	576.9103763	0	0	0	0
2.38	2.727917762	-0.987096891	0	3.729181154	588.6517813	0	0	0	0
2.39	2.72791476	-0.98730486	0	4.973089948	598.698211	0	0	0	0
2.4	2.727910635	-0.9875211667	0	7.237984679	604.6537089	0	0	0	0
2.41	2.727904356	-0.9877001363	0	11.35820224	604.8224026	0	0	0	0
2.42	2.727894417	-0.9877993562	0	17.66489441	598.4509495	0	0	0	0
2.43	2.72787914	-0.9877868899	0	25.92216108	585.7184628	0	0	0	0
2.44	2.727856955	-0.9876455021	0	35.49209827	567.6263579	0	0	0	0
2.45	2.727826527	-0.9873742983	0	45.64278204	545.8659383	0	0	0	0
2.46	2.727786816	-0.986988752	0	55.78877763	522.658265	0	0	0	0
2.47	2.727737121	-0.986519181	0	65.56527643	500.5076479	0	0	0	0
2.48	2.727677174	-0.9860075278	0	74.73546914	481.8383803	0	0	0	0
2.49	2.727607361	-0.9855019925	0	83.03169982	468.5543183	0	0	0	0
2.5	2.72752899	-0.9850499222	0	90.02703337	461.6445511	0	0	0	0
2.51	2.727444297	-0.9846892445	0	95.10666086	460.8750203	0	0	0	0
2.52	2.727356386	-0.9844408283	0	97.53194354	464.6680919	0	0	0	0
2.53	2.727268688	-0.9843009248	0	96.57036602	470.0670787	0	0	0	0
2.54	2.727184495	-0.9842365841	0	91.62605291	472.9981382	0	0	0	0
2.55	2.727106696	-0.9841855215	0	82.32459734	468.7753393	0	0	0	0
2.56	2.72703791	-0.9840615123	0	68.46542587	452.8250546	0	0	0	0
2.57	2.726981065	-0.9837651808	0	49.96496971	421.5524564	0	0	0	0
2.58	2.726940527	-0.9831988131	0	26.98487089	373.1983049	0	0	0	0
2.59	2.726924055	-0.982282699	0	0.1931228737	308.6079195	0	0	0	0
2.6	2.726947193	-0.9809713063	0	-28.88060713	231.6957459	0	0	0	0
2.61	2.727047265	-0.979266348	0	-56.97800632	149.3655805	0	0	0	0
2.62	2.727385502	-0.9772255739	0	-56.66779704	70.8624061	0	0	0	0
2.63	2.729390276	-0.9751020704	0	-33.35842839	43.49592522	0	0	0	0
2.64	2.733626407	-0.9733220534	0	-32.91145231	45.81512972	0	0	0	0
2.65	2.739158224	-0.971876907	0	-32.04485386	46.75406016	0	0	0	0
2.66	2.745383987	-0.9706587514	0	-29.08977691	43.59436874	0	0	0	0
2.67	2.751886142	-0.9695803848	0	-24.26138156	36.54043261	0	0	0	0
2.68	2.75830858	-0.9685826651	0	-18.66625622	27.74582262	0	0	0	0
2.69	2.764400385	-0.9676457698	0	-14.249291	20.69864711	0	0	0	0
2.7	2.770027886	-0.9667830693	0	-12.56462121	17.79061496	0	0	0	0
2.71	2.775086422	-0.9660798461	0	-30.60605668	41.99004707	0	0	0	0
2.72	2.78019342	-0.9655378661	0	-8.246550585	11.97766243	0	0	0	0
2.73	2.723173368	-0.8707965489	0	0	0	0	0	0	0
2.74	2.731004523	-0.868987627	0	0	0	0	0	0	0
2.75	2.740480296	-0.866276144	0	0	0	0	0	0	0
2.76	2.752349004	-0.8631322725	0	0	0	0	0	0	0
2.77	2.767378338	-0.8602926909	0	0	0	0	0	0	0
2.78	2.785485432	-0.8585947941	0	0	0	0	0	0	0
2.79	2.806000823	-0.857777868	0	0	0	0	0	0	0
2.8	2.827946656	-0.8568872804	0	0	0	0	0	0	0
2.81	2.850374889	-0.8551840138	0	0	0	0	0	0	0
2.82	2.872616756	-0.8525882096	0	0	0	0	0	0	0
2.83	2.894370676	-0.8495559957	0	0	0	0	0	0	0
2.84	2.915652544	-0.84673305	0	0	0	0	0	0	0
2.85	2.936717371	-0.8445823017	0	0	0	0	0	0	0
2.86	2.957868168	-0.8431434636	0	0	0	0	0	0	0
2.87	2.979384002	-0.8422751407	0	0	0	0	0	0	0
2.88	3.00150346	-0.8419445207	0	0	0	0	0	0	0
2.89	3.024374949	-0.8422165532	0	0	0	0	0	0	0
2.9	3.048006309	-0.8430952524	0	0	0	0	0	0	0
2.91	3.072249735	-0.8444403485	0	0	0	0	0	0	0
2.92	3.09684063	-0.8460125338	0	0	0	0	0	0	0
2.93	3.121483689	-0.8475816265	0	0	0	0	0	0	0
2.94	3.14594748	-0.8490105583	0	0	0	0	0	0	0
2.95	3.170131926	-0.8502771541	0	0	0	0	0	0	0
2.96	3.194077485	-0.8514361001	0	0	0	0	0	0	0
2.97	3.217927388	-0.8525608203	0	0	0	0	0	0	0
2.98	3.241874121	-0.8537021398	0	0	0	0	0	0	0
2.99	3.266119973	-0.854877763	0	0	0	0	0	0	0
3	3.290858753	-0.8560790774	0	0	0	0	0	0	0
3.01	3.316272022	-0.8572762819	0	0	0	0	0	0	0
3.02	3.342528459	-0.858411458	0	0	0	0	0	0	0
3.03	3.369779969	-0.8593841642	0	0	0	0	0	0	0
3.04	3.398149742	-0.8600383002	0	0	0	0	0	0	0
3.05	3.427706842	-0.8601575677	0	0	0	0	0	0	0
3.06	3.458426737	-0.8594799939	0	0	0	0	0	0	0
3.07	3.490149444	-0.8577403623	0	0	0	0	0	0	0
3.08	3.522559872	-0.8547374707	0	0	0	0	0	0	0
3.09	3.555209514	-0.8503997097	0	0	0	0	0	0	0
3.1	3.587555632	-0.8448176454	0	0	0	0	0	0	0
3.11	3.618999383	-0.8382454264	0	0	0	0	0	0	0
3.12	3.648920972	-0.8310907827	0	0	0	0	0	0	0
3.13	3.67673609	-0.823881321	0	0	0	0	0	0	0
3.14	3.701952691	-0.817202806	0	0	0	0	0	0	0
3.15	3.724201895	-0.8116307295	0	0	0	0	0	0	0
3.16	3.743253411	-0.8076665407	0	0	0	0	0	0	0
3.17	3.759033351	-0.8056731825	0	0	0	0	0	0	0
3.18	3.771606771	-0.8058489588	0	0	0	0	0	0	0
3.19	3.781174994	-0.8082172469	0	0	0	0	0	0	0
3.2	3.788052388	-0.812655619	0	0	0	0	0	0	0
3.21	3.792634682	-0.8189446721	0	0	0	0	0	0	0
3.22	3.795356985	-0.8267998623	0	0	0	0	0	0	0
3.23	3.796690662	-0.8358677649	0	0	0	0	0	0	0
3.24	3.797035558	-0.8459069377	0	0	0	0	0	0	0
3.25	3.796624065	-0.8568710048	0	0	0	0	0	0	0
3.26	3.795670337	-0.868749231	0	0	0	0	0	0	0
3.27	3.794474723	-0.8814922476	0	0	0	0	0	0	0
3.28	3.79339555	-0.8950432591	0	0	0	0	0	0	0
3.29	3.687655839	-0.9517691772	0	68.40577804	86.39968373	0	0	0	0
3.3	3.687407724	-0.9619400465	0	29.16899438	1004.481908	0	0	0	0
3.31	3.687407018	-0.9710140947	0	-17.27293579	1029.005446	0	0	0	0
3.32	3.687414796	-0.9793492158	0	-15.52086594	1142.592422	0	0	0	0
3.33	3.687414779	-0.9870194391	0	19.56672896	1294.257084	0	0	0	0
3.34	3.752062078	-0.9823327044	0	-260.1953319	1881.035948	0	0	0	0
3.35	3.763400422	-0.98644126	0	-138.6157654	2217.828534	0	0	0	0
3.36	3.767633789	-0.9902573018	0	-75.55230633	2168.952209	0	0	0	0
3.37	3.772659345	-0.9922276107	0	-43.14817768	1968.282797	0	0	0	0
3.38	3.780009452	-0.9923030439	0	-30.16934203	1678.830343	0	0	0	0
3.39	3.790157434	-0.9909756032	0	-19.59837573	1355.364443	0	0	0	0
3.4	3.808461264	-0.9885471034	0	-13.94397587	1037.825923	0	0	0	0
3.41	3.845630183	-0.9856524481	0	-20.10468088	757.8578243	0	0	0	0
3.42	3.908266332	-0.9840161847	0	-37.10147972	537.9620888	0	0	0	0
3.43	3.912977242	-0.9844708271	0	-31.95997186	530.1236676	0	0	0	0
3.44	3.91300709	-0.984917419	0	-46.68552887	543.1939901	0	0	0	0
3.45	3.913048696	-0.9853535524	0	-61.28128481	554.0308986	0	0	0	0
3.46	3.913096681	-0.9857268683	0	-64.48790929	556.6649783	0	0	0	0
3.47	3.913143404	-0.98599157	0	-58.79714738	553.8293173	0	0	0	0
3.48	3.913184487	-0.9861525691	0	-49.61628984	550.2913924	0	0	0	0
3.49	3.913218457	-0.9862465161	0	-39.86789402	548.8094697	0	0	0	0
3.5	3.913245178	-0.9863152222	0	-30.69087652	550.4958386	0	0	0	0
3.51	3.913265274	-0.9863960196	0	-22.88081175	556.066603	0	0	0	0
3.52	3.913280002	-0.986520895	0	-17.03623129	565.9747858	0	0	0	0
3.53	3.913290911	-0.9867133476	0	-13.17281032	579.8736856	0	0	0	0
3.54	3.913299354	-0.9869822229	0	-10.72994152	596.3543412	0	0	0	0
3.55	3.913306101	-0.9873174487	0	-8.766098112	613.1995112	0	0	0	0
3.56	3.913311221	-0.9876908379	0	-6.204974812	627.9182451	0	0	0	0
3.57	3.913314072	-0.9880619833	0	-2.069570988	638.3132682	0	0	0	0
3.58	3.913313494	-0.9883861672	0	4.281671169	642.800111	0	0	0	0
3.59	3.91330802	-0.9886223391	0	12.95191567	640.5561336	0	0	0	0
3.6	3.913296147	-0.9887385587	0	23.50810189	631.4846723	0	0	0	0
3.61	3.913276542	-0.9887150768	0	35.17275099	616.1205988	0	0	0	0
3.62	3.913248178	-0.9885451879	0	47.10716162	595.5538794	0	0	0	0
3.63	3.913210262	-0.9882353471	0	58.64155193	571.4090228	0	0	0	0
3.64	3.91316226	-0.9878049532	0	69.34409531	545.7604251	0	0	0	0
3.65	3.9131039	-0.9872853884	0	79.00958178	520.9568236	0	0	0	0
3.66	3.913035266	-0.9867177606	0	87.5535454	499.3148313	0	0	0	0
3.67	3.912957013	-0.9861487252	0	94.86778902	482.7397014	0	0	0	0
3.68	3.912870596	-0.9856246849	0	100.6812245	472.3723767	0	0	0	0
3.69	3.912778393	-0.985184914	0	104.4977826	468.2903447	0	0	0	0
3.7	3.912683559	-0.9848539052	0	105.6881988	469.2748455	0	0	0	0
3.71	3.9125896	-0.9846340417	0	103.615721	472.7636471	0	0	0	0
3.72	3.912499841	-0.9845005291	0	97.8264177	475.063708	0	0	0	0
3.73	3.912417093	-0.9844005003	0	88.05929337	471.8219887	0	0	0	0
3.74	3.912343763	-0.9842572415	0	74.17041137	458.6631522	0	0	0	0
3.75	3.912282363	-0.983979274	0	56.10134219	431.9391951	0	0	0	0
3.76	3.912236438	-0.9834732015	0	33.9938171	389.502763	0	0	0	0
3.77	3.912212002	-0.982658547	0	8.356921007	331.4586644	0	0	0	0
3.78	3.912220547	-0.9814828758	0	-19.67290112	260.6481581	0	0	0	0
3.79	3.91228695	-0.9799343976	0	-47.86062538	182.6485318	0	0	0	0
3.8	3.912481927	-0.9780505689	0	-70.20904618	105.4758912	0	0	0	0
3.81	3.913454135	-0.9759512085	0	-41.34791135	52.39000876	0	0	0	0
3.82	3.916618598	-0.9740557665	0	-36.61080977	49.07765285	0	0	0	0
3.83	3.921353487	-0.9725169488	0	-36.15790063	50.88140979	0	0	0	0
3.84	3.926943925	-0.9712394846	0	-33.79476852	49.07599243	0	0	0	0
3.85	3.932963938	-0.9701305338	0	-29.52362103	43.45310437	0	0	0	0
3.86	3.939063165	-0.9691214219	0	-23.97528305	35.13956326	0	0	0	0
3.87	3.944965276	-0.9681768356	0	-18.80239434	27.11761508	0	0	0	0
3.88	3.950499674	-0.9672972526	0	-15.7446022	22.23193796	0	0	0	0
3.89	3.955579048	-0.9665110522	0	-21.19017244	29.17767126	0	0	0	0
3.9	3.960235781	-0.9660115211	0	-24.480202	34.17580725	0	0	0	0
3.91	3.903057716	-0.8711061905	0	0	0	0	0	0	0
3.92	3.910283655	-0.8698094471	0	0	0	0	0	0	0
3.93	3.918959585	-0.8675457554	0	0	0	0	0	0	0
3.94	3.929623384	-0.8646730717	0	0	0	0	0	0	0
3.95	3.943094139	-0.861620053	0	0	0	0	0	0	0
3.96	3.959655057	-0.8592885663	0	0	0	0	0	0	0
3.97	3.978888024	-0.8579906737	0	0	0	0	0	0	0
3.98	3.999938681	-0.8570359092	0	0	0	0	0	0	0
3.99	4.021837169	-0.8555351894	0	0	0	0	0	0	0
4	4.04379618	-0.8531099697	0	0	0	0	0	0	0
4.01	4.065371022	-0.8500072022	0	0	0	0	0	0	0
4.02	4.086457014	-0.8468255012	0	0	0	0	0	0	0
4.03	4.107215204	-0.8441755758	0	0	0	0	0	0	0
4.04	4.127943786	-0.8423313332	0	0	0	0	0	0	0
4.05	4.148916372	-0.841198961	0	0	0	0	0	0	0
4.06	4.170365861	-0.8406515415	0	0	0	0	0	0	0
4.07	4.192461579	-0.8406936522	0	0	0	0	0	0	0
4.08	4.215264423	-0.8413598873	0	0	0	0	0	0	0
4.09	4.238697661	-0.8425798171	0	0	0	0	0	0	0
4.1	4.262559424	-0.844158	0	0	0	0	0	0	0
4.11	4.286583325	-0.8458549076	0	0	0	0	0	0	0
4.12	4.3105248	-0.8474845548	0	0	0	0	0	0	0
4.13	4.334238595	-0.848967144	0	0	0	0	0	0	0
4.14	4.357712846	-0.8503192979	0	0	0	0	0	0	0
4.15	4.38105094	-0.8516042498	0	0	0	0	0	0	0
4.16	4.404423162	-0.8528809208	0	0	0	0	0	0	0
4.17	4.428018225	-0.8541778216	0	0	0	0	0	0	0
4.18	4.452016605	-0.8554942974	0	0	0	0	0	0	0
4.19	4.476583081	-0.8568104624	0	0	0	0	0	0	0
4.2	4.501871374	-0.8580912597	0	0	0	0	0	0	0
4.21	4.5280287	-0.8592776835	0	0	0	0	0	0	0
4.22	4.555195849	-0.8602730559	0	0	0	0	0	0	0
4.23	4.583495968	-0.8609291817	0	0	0	0	0	0	0
4.24	4.613005873	-0.8610399812	0	0	0	0	0	0	0
4.25	4.643712161	-0.860354322	0	0	0	0	0	0	0
4.26	4.675466917	-0.8586171878	0	0	0	0	0	0	0
4.27	4.707968846	-0.8556346096	0	0	0	0	0	0	0
4.28	4.740783394	-0.8513346745	0	0	0	0	0	0	0
4.29	4.773377384	-0.8457977883	0	0	0	0	0	0	0
4.3	4.80515301	-0.8392623342	0	0	0	0	0	0	0
4.31	4.835483846	-0.8321181461	0	0	0	0	0	0	0
4.32	4.8637741	-0.8248768324	0	0	0	0	0	0	0
4.33	4.889514346	-0.8181143262	0	0	0	0	0	0	0
4.34	4.912312285	-0.8124069307	0	0	0	0	0	0	0
4.35	4.931913288	-0.8082662902	0	0	0	0	0	0	0
4.36	4.948212059	-0.806077736	0	0	0	0	0	0	0
4.37	4.961249847	-0.8060611204	0	0	0	0	0	0	0
4.38	4.971203466	-0.8082623683	0	0	0	0	0	0	0
4.39	4.978366109	-0.8125762938	0	0	0	0	0	0	0
4.4	4.983117495	-0.8187920897	0	0	0	0	0	0	0
4.41	4.985882926	-0.8266247925	0	0	0	0	0	0	0
4.42	4.987131254	-0.835713604	0	0	0	0	0	0	0
4.43	4.987269362	-0.8458047557	0	0	0	0	0	0	0
4.44	4.986546604	-0.8568374599	0	0	0	0	0	0	0
4.45	4.985199288	-0.8687879269	0	0	0	0	0	0	0
4.46	4.983551635	-0.8815965805	0	0	0	0	0	0	0
4.47	4.981986874	-0.8951997485	0	0	0	0	0	0	0
4.48	4.875760662	-0.9519688231	0	82.45192233	104.9567448	0	0	0	0
4.49	4.875433784	-0.9620936441	0	33.50404228	1000.481855	0	0	0	0
4.5	4.875431428	-0.9711085812	0	-13.85691459	1024.169723	0	0	0	0
4.51	4.875438187	-0.9793773788	0	-13.41224125	1136.742019	0	0	0	0
4.52	4.875437564	-0.9869866555	0	21.07224583	1287.660679	0	0	0	0
4.53	4.93878854	-0.9824649528	0	-253.9747919	1859.472872	0	0	0	0
4.54	4.95169859	-0.9862913395	0	-137.7208992	2209.96092	0	0	0	0
4.55	4.95598739	-0.990102711	0	-74.95412992	2164.573872	0	0	0	0
4.56	4.961086932	-0.9920881984	0	-42.97756462	1966.971011	0	0	0	0
4.57	4.968504855	-0.992194446	0	-30.2229356	1679.992992	0	0	0	0
4.58	4.978688076	-0.990908582	0	-19.29901622	1357.984667	0	0	0	0
4.59	4.997109265	-0.9885203315	0	-12.85509086	1040.530451	0	0	0	0
4.6	5.034518578	-0.9856742144	0	-18.01368547	759.6057117	0	0	0	0
4.61	5.097503012	-0.9841100155	0	-34.08473839	538.4347658	0	0	0	0
4.62	5.100990498	-0.9845771904	0	-27.8869903	533.051741	0	0	0	0
4.63	5.101017045	-0.9850197348	0	-42.6871288	546.0023117	0	0	0	0
4.64	5.101055495	-0.9854520169	0	-57.5691998	556.8318224	0	0	0	0
4.65	5.101100651	-0.9858226376	0	-61.39354246	559.5848344	0	0	0	0
4.66	5.101145125	-0.9860866429	0	-56.6247325	556.9672455	0	0	0	0
4.67	5.101184718	-0.9862486876	0	-48.45477619	553.5902251	0	0	0	0
4.68	5.101217951	-0.9863437194	0	-39.57158159	552.0408595	0	0	0	0
4.69	5.101244543	-0.9864112021	0	-30.98968048	553.352138	0	0	0	0
4.7	5.101264901	-0.9864865697	0	-23.4895863	558.2685307	0	0	0	0
4.71	5.101280063	-0.9866009612	0	-17.70357038	567.3386059	0	0	0	0
4.72	5.101291407	-0.9867782976	0	-13.7293829	580.3352006	0	0	0	0
4.73	5.101300181	-0.9870286799	0	-11.09974349	595.9569844	0	0	0	0
4.74	5.101307125	-0.9873437692	0	-8.957524979	612.0561059	0	0	0	0
4.75	5.101312344	-0.9876970163	0	-6.283244339	626.1562906	0	0	0	0
4.76	5.101315247	-0.9880490547	0	-2.119381491	636.026639	0	0	0	0
4.77	5.101314708	-0.9883555929	0	4.187975764	640.02011	0	0	0	0
4.78	5.101309293	-0.9885751372	0	12.7769402	637.250286	0	0	0	0
4.79	5.101297493	-0.9886750276	0	23.25152332	627.582008	0	0	0	0
4.8	5.101277951	-0.9886347868	0	34.86884971	611.5556438	0	0	0	0
4.81	5.101249556	-0.9884474555	0	46.82381412	590.3349338	0	0	0	0
4.82	5.101211452	-0.9881200509	0	58.45598544	565.6569208	0	0	0	0
4.83	5.101163012	-0.9876734252	0	69.34201238	539.7363109	0	0	0	0
4.84	5.101103881	-0.9871411051	0	79.26067363	515.0387122	0	0	0	0
4.85	5.101034128	-0.9865664679	0	88.08539684	493.9285019	0	0	0	0
4.86	5.100954484	-0.9859978922	0	95.63840434	478.2645336	0	0	0	0
4.87	5.100866577	-0.9854824034	0	101.5650428	469.0468649	0	0	0	0
4.88	5.10077303	-0.9850582716	0	105.2915092	466.1229806	0	0	0	0
4.89	5.10067725	-0.9847471505	0	106.1558302	467.9852168	0	0	0	0
4.9	5.100582871	-0.9845465951	0	103.5447254	471.7609513	0	0	0	0
4.91	5.100493258	-0.9844259853	0	97.03959155	473.524069	0	0	0	0
4.92	5.100411204	-0.9843264762	0	86.43600163	468.7947925	0	0	0	0
4.93	5.10033912	-0.9841664861	0	71.63248673	453.235981	0	0	0	0
4.94	5.100279664	-0.9838519985	0	52.60896539	423.422864	0	0	0	0
4.95	5.10023674	-0.983290134	0	29.57989406	377.6146157	0	0	0	0
4.96	5.100217207	-0.9824044109	0	3.17988432	316.4736761	0	0	0	0
4.97	5.100234458	-0.9811497257	0	-25.25636703	243.4761206	0	0	0	0
4.98	5.100318757	-0.9795241764	0	-53.09266774	164.7829423	0	0	0	0
4.99	5.1005681	-0.9775769652	0	-69.82438305	88.95364083	0	0	0	0
5	5.10197091	-0.9754794546	0	-38.22638584	48.96153032	0	0	0	0
5.01	5.105572126	-0.9736653486	0	-36.24775978	49.20675582	0	0	0	0
5.02	5.110552711	-0.9721934688	0	-35.52822525	50.44503814	0	0	0	0
5.03	5.116282724	-0.9709611921	0	-32.81261062	47.90284872	0	0	0	0
5.04	5.122362513	-0.9698807244	0	-28.24345814	41.62246115	0	0	0	0
5.05	5.128454236	-0.968889622	0	-22.68458867	33.18595585	0	0	0	0
5.06	5.134304458	-0.9679609067	0	-17.92375175	25.76210511	0	0	0	0
5.07	5.139766044	-0.9671013375	0	-15.56357757	21.89537072	0	0	0	0
5.08	5.14473618	-0.9663719593	0	-30.94537444	42.27770476	0	0	0	0
5.09	5.149571576	-0.9658705709	0	-16.2012745	23.09469038	0	0	0	0
5.1	5.092763431	-0.8709019188	0	0	0	0	0	0	0
5.11	5.10034823	-0.8694018539	0	0	0	0	0	0	0
5.12	5.10949717	-0.8669970935	0	0	0	0	0	0	0
5.13	5.12080358	-0.8640895497	0	0	0	0	0	0	0
5.14	5.135061252	-0.8611746117	0	0	0	0	0	0	0
5.15	5.152356324	-0.8591486814	0	0	0	0	0	0	0
5.16	5.172145364	-0.8580560108	0	0	0	0	0	0	0
5.17	5.193512132	-0.8570719606	0	0	0	0	0	0	0
5.18	5.21550241	-0.8553780783	0	0	0	0	0	0	0
5.19	5.237397952	-0.8527478397	0	0	0	0	0	0	0
5.2	5.258839405	-0.8495415402	0	0	0	0	0	0	0
5.21	5.279793682	-0.846395875	0	0	0	0	0	0	0
5.22	5.300476988	-0.8438818221	0	0	0	0	0	0	0
5.23	5.321194611	-0.8421795646	0	0	0	0	0	0	0
5.24	5.342214279	-0.8411608718	0	0	0	0	0	0	0
5.25	5.363758626	-0.8407252059	0	0	0	0	0	0	0
5.26	5.385975229	-0.840895253	0	0	0	0	0	0	0
5.27	5.408892963	-0.8416875819	0	0	0	0	0	0	0
5.28	5.432401664	-0.8429984359	0	0	0	0	0	0	0
5.29	5.456276302	-0.8446119627	0	0	0	0	0	0	0
5.3	5.480247883	-0.8462933201	0	0	0	0	0	0	0
5.31	5.504090176	-0.8478789728	0	0	0	0	0	0	0
5.32	5.527689593	-0.8493148276	0	0	0	0	0	0	0
5.33	5.551066749	-0.8506341245	0	0	0	0	0	0	0
5.34	5.574347736	-0.8519035313	0	0	0	0	0	0	0
5.35	5.597712518	-0.8531762152	0	0	0	0	0	0	0
5.36	5.621349671	-0.8544727209	0	0	0	0	0	0	0
5.37	5.645435204	-0.8557864117	0	0	0	0	0	0	0
5.38	5.67012938	-0.8570936405	0	0	0	0	0	0	0
5.39	5.695581828	-0.858354683	0	0	0	0	0	0	0
5.4	5.721935872	-0.8595033418	0	0	0	0	0	0	0
5.41	5.749327882	-0.8604336344	0	0	0	0	0	0	0
5.42	5.777872332	-0.8609860098	0	0	0	0	0	0	0
5.43	5.807630326	-0.8609445883	0	0	0	0	0	0	0
5.44	5.838564126	-0.8600548183	0	0	0	0	0	0	0
5.45	5.870495879	-0.8580699077	0	0	0	0	0	0	0
5.46	5.903096393	-0.8548170004	0	0	0	0	0	0	0
5.47	5.935909703	-0.8502529656	0	0	0	0	0	0	0
5.48	5.968387456	-0.8444888452	0	0	0	0	0	0	0
5.49	5.999922129	-0.8377933441	0	0	0	0	0	0	0
5.5	6.029888725	-0.8305829893	0	0	0	0	0	0	0
5.51	6.057704355	-0.8233867873	0	0	0	0	0	0	0
5.52	6.082879433	-0.8167863562	0	0	0	0	0	0	0
5.53	6.105046889	-0.8113509614	0	0	0	0	0	0	0
5.54	6.123980515	-0.8075723001	0	0	0	0	0	0	0
5.55	6.139603901	-0.8058058023	0	0	0	0	0	0	0
5.56	6.151986202	-0.8062366657	0	0	0	0	0	0	0
5.57	6.161329162	-0.8088779764	0	0	0	0	0	0	0
5.58	6.167946347	-0.813598927	0	0	0	0	0	0	0
5.59	6.172231125	-0.8201725058	0	0	0	0	0	0	0
5.6	6.174616421	-0.8282955216	0	0	0	0	0	0	0
5.61	6.175576727	-0.837606812	0	0	0	0	0	0	0
5.62	6.175486568	-0.8478958208	0	0	0	0	0	0	0
5.63	6.174579968	-0.8591218184	0	0	0	0	0	0	0
5.64	6.173109016	-0.8712546413	0	0	0	0	0	0	0
5.65	6.171415999	-0.8842299921	0	0	0	0	0	0	0
5.66	6.16988757	-0.8979890161	0	0	0	0	0	0	0
5.67	6.063600682	-0.95400888	0	286.9251687	373.3249036	0	0	0	0
5.68	6.06356804	-0.9639452222	0	20.20941203	995.6686045	0	0	0	0
5.69	6.063569083	-0.972787894	0	-17.3669468	1040.960862	0	0	0	0
5.7	6.063575358	-0.9809336664	0	-8.401342524	1165.238831	0	0	0	0
5.71	6.06357234	-0.9883936056	0	29.49530383	1318.143626	0	0	0	0
5.72	6.138023049	-0.9819412956	0	-236.287224	2013.842935	0	0	0	0
5.73	6.140693142	-0.9871757623	0	-123.0382985	2217.36615	0	0	0	0
5.74	6.145059817	-0.9906565094	0	-66.07550652	2135.853295	0	0	0	0
5.75	6.150533329	-0.9922518455	0	-39.529102	1915.657562	0	0	0	0
5.76	6.158411369	-0.9920431387	0	-27.86749894	1617.634935	0	0	0	0
5.77	6.16955936	-0.9905203474	0	-17.02985673	1293.507416	0	0	0	0
5.78	6.190878562	-0.9879579936	0	-12.42779616	980.6488632	0	0	0	0
5.79	6.23330388	-0.9851952585	0	-20.04685151	709.918829	0	0	0	0
5.8	6.289108849	-0.9842024987	0	-31.64396993	529.6951011	0	0	0	0
5.81	6.289130694	-0.9846762576	0	-29.18935862	535.2565396	0	0	0	0
5.82	6.289159162	-0.9851155046	0	-45.83995856	548.7354143	0	0	0	0
5.83	6.28919928	-0.9855389418	0	-58.90682149	558.0502783	0	0	0	0
5.84	6.289244582	-0.9858887882	0	-60.67764523	559.3270641	0	0	0	0
5.85	6.289288149	-0.9861293249	0	-54.98952188	556.2202478	0	0	0	0
5.86	6.289326463	-0.9862737305	0	-46.64933702	553.0581027	0	0	0	0
5.87	6.289358371	-0.9863592637	0	-37.85065115	551.9913856	0	0	0	0
5.88	6.289383725	-0.9864246543	0	-29.4830453	553.9254919	0	0	0	0
5.89	6.289403048	-0.9865044394	0	-22.33167776	559.6015652	0	0	0	0
5.9	6.289417454	-0.9866287411	0	-16.93718257	569.4679133	0	0	0	0
5.91	6.289428314	-0.9868193264	0	-13.29201577	583.0979524	0	0	0	0
5.92	6.289436804	-0.9870829698	0	-10.8427099	598.9894108	0	0	0	0
5.93	6.289443544	-0.9874075906	0	-8.680872477	614.8853767	0	0	0	0
5.94	6.289448494	-0.9877635654	0	-5.780336156	628.3185407	0	0	0	0
5.95	6.289450938	-0.9881098865	0	-1.221687109	637.1425076	0	0	0	0
5.96	6.289449662	-0.9884022249	0	5.555514298	639.8555325	0	0	0	0
5.97	6.289443198	-0.9886004164	0	14.57769586	635.7171264	0	0	0	0
5.98	6.289430049	-0.9886738837	0	25.35924551	624.7281742	0	0	0	0
5.99	6.289408891	-0.9886047154	0	37.13293156	607.5599518	0	0	0	0
6	6.289378693	-0.9883886346	0	49.09953401	585.4887367	0	0	0	0
6.01	6.289338615	-0.9880354277	0	60.64749921	560.3671299	0	0	0	0
6.02	6.289288067	-0.9875686695	0	71.39632965	534.4905322	0	0	0	0
6.03	6.289226766	-0.987024232	0	81.15122177	510.3416447	0	0	0	0
6.04	6.289154888	-0.9864470482	0	89.78397478	490.2185484	0	0	0	0
6.05	6.289073327	-0.9858858707	0	97.08372308	475.8334196	0	0	0	0
6.06	6.288983928	-0.9853866022	0	102.645734	467.9702059	0	0	0	0
6.07	6.288889508	-0.9849847908	0	105.8664524	466.2073202	0	0	0	0
6.08	6.288793579	-0.9846975991	0	106.0718263	468.737832	0	0	0	0
6.09	6.288699788	-0.9845170243	0	102.6814825	472.4385861	0	0	0	0
6.1	6.288611392	-0.9844063173	0	95.32925568	473.2120744	0	0	0	0
6.11	6.288531078	-0.9843012217	0	83.84351987	466.5439923	0	0	0	0
6.12	6.288461254	-0.9841165313	0	68.13443789	448.2229495	0	0	0	0
6.13	6.288404737	-0.9837572135	0	48.22253978	415.1117245	0	0	0	0
6.14	6.288365881	-0.9831325165	0	24.39768601	365.9211305	0	0	0	0
6.15	6.288352494	-0.9821713785	0	-2.586448524	301.8950052	0	0	0	0
6.16	6.288380243	-0.9808369921	0	-31.19265682	227.1038295	0	0	0	0
6.17	6.288486139	-0.97913769	0	-58.31477642	148.2294095	0	0	0	0
6.18	6.288820889	-0.9771339963	0	-59.16872643	73.98165977	0	0	0	0
6.19	6.290699256	-0.9750649534	0	-36.91142701	47.8412656	0	0	0	0
6.2	6.294661936	-0.9733292843	0	-36.223821	49.70779703	0	0	0	0
6.21	6.299836871	-0.9719162156	0	-35.10826578	50.20467606	0	0	0	0
6.22	6.305667425	-0.9707224461	0	-31.99449811	46.8657067	0	0	0	0
6.23	6.311772446	-0.9696651462	0	-27.11600081	39.94071243	0	0	0	0
6.24	6.317827677	-0.9686884553	0	-21.57465578	31.45969839	0	0	0	0
6.25	6.323602633	-0.9677733219	0	-17.22285043	24.64409693	0	0	0	0
6.26	6.328970947	-0.9669314953	0	-15.49540149	21.69933883	0	0	0	0
6.27	6.333803398	-0.9662728677	0	-35.85183062	48.85347467	0	0	0	0
6.28	6.338883998	-0.9657256641	0	-8.659227205	12.5925452	0	0	0	0
6.29	6.282369056	-0.8706702923	0	0	0	0	0	0	0
6.3	6.290250686	-0.8689660148	0	0	0	0	0	0	0
6.31	6.299804202	-0.8664292389	0	0	0	0	0	0	0
6.32	6.311683745	-0.8634694377	0	0	0	0	0	0	0
6.33	6.326604575	-0.8606881519	0	0	0	0	0	0	0
6.34	6.344490531	-0.8589010698	0	0	0	0	0	0	0
6.35	6.364695724	-0.8579175726	0	0	0	0	0	0	0
6.36	6.386267562	-0.8568391213	0	0	0	0	0	0	0
6.37	6.408281965	-0.854943006	0	0	0	0	0	0	0
6.38	6.430092088	-0.8521428337	0	0	0	0	0	0	0
6.39	6.451414523	-0.8488862706	0	0	0	0	0	0	0
6.4	6.472275042	-0.8458259786	0	0	0	0	0	0	0
6.41	6.49292821	-0.8434737688	0	0	0	0	0	0	0
6.42	6.513675409	-0.8419220905	0	0	0	0	0	0	0
6.43	6.534775845	-0.8410247477	0	0	0	0	0	0	0
6.44	6.556439642	-0.8407093379	0	0	0	0	0	0	0
6.45	6.578792295	-0.8410098805	0	0	0	0	0	0	0
6.46	6.601833487	-0.8419229455	0	0	0	0	0	0	0
6.47	6.625424905	-0.8433163266	0	0	0	0	0	0	0
6.48	6.64932503	-0.8449610746	0	0	0	0	0	0	0
6.49	6.673267532	-0.8466315572	0	0	0	0	0	0	0
6.5	6.69704535	-0.8481860025	0	0	0	0	0	0	0
6.51	6.720574069	-0.8495923873	0	0	0	0	0	0	0
6.52	6.743900667	-0.8508957471	0	0	0	0	0	0	0
6.53	6.767167073	-0.8521628106	0	0	0	0	0	0	0
6.54	6.790558228	-0.8534404669	0	0	0	0	0	0	0
6.55	6.814261447	-0.8547427686	0	0	0	0	0	0	0
6.56	6.838448456	-0.8560584346	0	0	0	0	0	0	0
6.57	6.863276102	-0.8573607278	0	0	0	0	0	0	0
6.58	6.888891614	-0.8586055246	0	0	0	0	0	0	0
6.59	6.915436961	-0.8597201139	0	0	0	0	0	0	0
6.6	6.943045345	-0.8605888273	0	0	0	0	0	0	0
6.61	6.97182353	-0.8610409718	0	0	0	0	0	0	0
6.62	7.001817105	-0.8608512599	0	0	0	0	0	0	0
6.63	7.032963617	-0.8597624855	0	0	0	0	0	0	0
6.64	7.065055553	-0.8575373552	0	0	0	0	0	0	0
6.65	7.097736492	-0.8540250766	0	0	0	0	0	0	0
6.66	7.130529515	-0.849211684	0	0	0	0	0	0	0
6.67	7.162873241	-0.8432390007	0	0	0	0	0	0	0
6.68	7.194151904	-0.8364055979	0	0	0	0	0	0	0
6.69	7.223744234	-0.8291534487	0	0	0	0	0	0	0
6.7	7.251081626	-0.8220268682	0	0	0	0	0	0	0
6.71	7.27569642	-0.8156100508	0	0	0	0	0	0	0
6.72	7.297247793	-0.8104621409	0	0	0	0	0	0	0
6.73	7.315537913	-0.8070526271	0	0	0	0	0	0	0
6.74	7.330519198	-0.8057055921	0	0	0	0	0	0	0
6.75	7.342287714	-0.8065719141	0	0	0	0	0	0	0
6.76	7.351068668	-0.8096337327	0	0	0	0	0	0	0
6.77	7.357193785	-0.8147375412	0	0	0	0	0	0	0
6.78	7.361067216	-0.8216421524	0	0	0	0	0	0	0
6.79	7.363129839	-0.8300263908	0	0	0	0	0	0	0
6.8	7.363853196	-0.8395399395	0	0	0	0	0	0	0
6.81	7.363577318	-0.8500152971	0	0	0	0	0	0	0
6.82	7.362527606	-0.8614243249	0	0	0	0	0	0	0
6.83	7.360973279	-0.8737292375	0	0	0	0	0	0	0
6.84	7.359271617	-0.8868629096	0	0	0	0	0	0	0
6.85	7.357809003	-0.900772366	0	0	0	0	0	0	0
6.86	7.251745241	-0.9560498657	0	57.33688634	689.7167965	0	0	0	0
6.87	7.251727662	-0.9657437735	0	9.007375085	995.9151792	0	0	0	0
6.88	7.251731285	-0.9744299679	0	-19.08015517	1060.531739	0	0	0	0
6.89	7.251736497	-0.9824520931	0	-2.291861371	1194.362607	0	0	0	0
6.9	7.251731037	-0.9897502179	0	37.83333041	1347.539292	0	0	0	0
6.91	7.32619925	-0.9831794925	0	-197.8623406	2105.049618	0	0	0	0
6.92	7.329683522	-0.9879886964	0	-109.4820581	2215.648445	0	0	0	0
6.93	7.334150039	-0.9911236754	0	-58.66388977	2101.676804	0	0	0	0
6.94	7.340060682	-0.9923355052	0	-36.78824419	1861.680619	0	0	0	0
6.95	7.3483911	-0.991838756	0	-25.65086834	1555.001622	0	0	0	0
6.96	7.360767925	-0.9900893571	0	-15.29394008	1230.387615	0	0	0	0
6.97	7.385376215	-0.98738711	0	-12.82652832	923.5162121	0	0	0	0
6.98	7.432866192	-0.9847860342	0	-22.80444723	663.8454096	0	0	0	0
6.99	7.47727405	-0.9843054773	0	-28.47187778	529.7054369	0	0	0	0
7	7.477295805	-0.9847639649	0	-31.65246372	537.7002961	0	0	0	0
7.01	7.477326623	-0.9852023648	0	-49.07724441	551.1789747	0	0	0	0
7.02	7.477368329	-0.9856161092	0	-60.02580923	558.8949251	0	0	0	0
7.03	7.47741368	-0.9859455649	0	-59.90648002	558.9218654	0	0	0	0
7.04	7.477456355	-0.9861649602	0	-53.42652041	555.5299201	0	0	0	0
7.05	7.477493448	-0.9862946326	0	-44.921941	552.6738439	0	0	0	0
7.06	7.477524064	-0.9863732952	0	-36.16767592	552.1338385	0	0	0	0
7.07	7.477548188	-0.9864388648	0	-27.99102978	554.7352548	0	0	0	0
7.08	7.477566466	-0.9865250307	0	-21.16384054	561.2057042	0	0	0	0
7.09	7.477580097	-0.9866607799	0	-16.13777318	571.8648842	0	0	0	0
7.1	7.477590446	-0.9868654748	0	-12.78703196	586.0766879	0	0	0	0
7.11	7.477598595	-0.9871423859	0	-10.46907297	602.1565209	0	0	0	0
7.12	7.477605036	-0.9874757438	0	-8.237833568	617.7541984	0	0	0	0
7.13	7.477609588	-0.9878331206	0	-5.076371047	630.4368896	0	0	0	0
7.14	7.477611423	-0.9881722562	0	-0.1108606284	638.1597402	0	0	0	0
7.15	7.477609269	-0.9884489978	0	7.125287976	639.5643222	0	0	0	0
7.16	7.477601628	-0.9886247195	0	16.54789013	634.0611435	0	0	0	0
7.17	7.477587024	-0.9886711697	0	27.59579259	621.7873417	0	0	0	0
7.18	7.477564196	-0.9885730291	0	39.46815665	603.5319771	0	0	0	0
7.19	7.477532127	-0.9883287561	0	51.39904116	580.6958266	0	0	0	0
7.2	7.477490036	-0.987950916	0	62.81868584	555.2318349	0	0	0	0
7.21	7.477437387	-0.9874656721	0	73.38988453	529.4970956	0	0	0	0
7.22	7.47737397	-0.9869109997	0	82.94249655	505.9704011	0	0	0	0
7.23	7.477300081	-0.986333051	0	91.34499511	486.8650452	0	0	0	0
7.24	7.477216783	-0.9857806066	0	98.35359956	473.736957	0	0	0	0
7.25	7.477126119	-0.9852981699	0	103.5085978	467.1532817	0	0	0	0
7.26	7.4770311	-0.9849183675	0	106.1918208	466.4331608	0	0	0	0
7.27	7.476935282	-0.9846537573	0	105.7322618	469.4812468	0	0	0	0
7.28	7.476842287	-0.9844908367	0	101.5797372	472.9527329	0	0	0	0
7.29	7.476755264	-0.9843871378	0	93.41586973	472.6142786	0	0	0	0
7.3	7.476676803	-0.9842735313	0	81.0979727	463.9495366	0	0	0	0
7.31	7.47660932	-0.9840618705	0	64.54962539	442.9014772	0	0	0	0
7.32	7.476555838	-0.9836568164	0	43.82621789	406.6387074	0	0	0	0
7.33	7.476521205	-0.982970284	0	19.29257162	354.3247602	0	0	0	0
7.34	7.476514287	-0.9819369177	0	-8.169847859	287.7575048	0	0	0	0
7.35	7.476553385	-0.9805280558	0	-36.81286928	211.5502487	0	0	0	0
7.36	7.476683915	-0.9787619369	0	-62.94080477	132.8706985	0	0	0	0
7.37	7.477162789	-0.9767115469	0	-50.32863543	63.05697966	0	0	0	0
7.38	7.479507117	-0.9746908723	0	-36.37212047	47.70512282	0	0	0	0
7.39	7.483772489	-0.9730270348	0	-36.16108521	50.09643862	0	0	0	0
7.4	7.489111675	-0.9716651157	0	-34.64616017	49.84952496	0	0	0	0
7.41	7.495024949	-0.9705042932	0	-31.15243446	45.74859941	0	0	0	0
7.42	7.501143098	-0.9694663515	0	-26.01857886	38.28703958	0	0	0	0
7.43	7.507157306	-0.9685022201	0	-20.56414121	29.88777304	0	0	0	0
7.44	7.512858498	-0.9676000772	0	-16.65016916	23.72430123	0	0	0	0
7.45	7.518138596	-0.9667756598	0	-15.59175828	21.7403091	0	0	0	0
7.46	7.522865688	-0.9661868019	0	-34.89371523	47.76330894	0	0	0	0
7.47	7.528246379	-0.9655722681	0	-2.015153443	2.990856563	0	0	0	0
7.48	7.471980918	-0.8704136116	0	0	0	0	0	0	0
7.49	7.480154292	-0.8685176308	0	0	0	0	0	0	0
7.5	7.490105572	-0.8658711385	0	0	0	0	0	0	0
7.51	7.502555486	-0.8628752034	0	0	0	0	0	0	0
7.52	7.518092057	-0.8602515648	0	0	0	0	0	0	0
7.53	7.536504372	-0.8586750289	0	0	0	0	0	0	0
7.54	7.557060081	-0.8577511171	0	0	0	0	0	0	0
7.55	7.578786719	-0.85655072	0	0	0	0	0	0	0
7.56	7.600799744	-0.8544611559	0	0	0	0	0	0	0
7.57	7.622522978	-0.8515226769	0	0	0	0	0	0	0
7.58	7.643741445	-0.8482507999	0	0	0	0	0	0	0
7.59	7.664533245	-0.8452997082	0	0	0	0	0	0	0
7.6	7.685179704	-0.843110086	0	0	0	0	0	0	0
7.61	7.70597487	-0.841699136	0	0	0	0	0	0	0
7.62	7.727169541	-0.8409171885	0	0	0	0	0	0	0
7.63	7.748960607	-0.8407195396	0	0	0	0	0	0	0
7.64	7.77145125	-0.8411449079	0	0	0	0	0	0	0
7.65	7.794613366	-0.842167515	0	0	0	0	0	0	0
7.66	7.818283772	-0.8436300158	0	0	0	0	0	0	0
7.67	7.842209082	-0.8452957619	0	0	0	0	0	0	0
7.68	7.866127991	-0.846950628	0	0	0	0	0	0	0
7.69	7.889854577	-0.8484748551	0	0	0	0	0	0	0
7.7	7.913331598	-0.8498556009	0	0	0	0	0	0	0
7.71	7.936628709	-0.8511465329	0	0	0	0	0	0	0
7.72	7.959900817	-0.8524130575	0	0	0	0	0	0	0
7.73	7.983335742	-0.853695559	0	0	0	0	0	0	0
7.74	8.007118201	-0.8550020221	0	0	0	0	0	0	0
7.75	8.031416739	-0.8563177141	0	0	0	0	0	0	0
7.76	8.056385539	-0.8576128977	0	0	0	0	0	0	0
7.77	8.082170428	-0.8588388921	0	0	0	0	0	0	0
7.78	8.108912175	-0.8599158327	0	0	0	0	0	0	0
7.79	8.136740648	-0.8607179972	0	0	0	0	0	0	0
7.8	8.165753933	-0.8610635466	0	0	0	0	0	0	0
7.81	8.195980337	-0.8607183735	0	0	0	0	0	0	0
7.82	8.227331482	-0.859424404	0	0	0	0	0	0	0
7.83	8.259569664	-0.8569559864	0	0	0	0	0	0	0
7.84	8.292312078	-0.8531861852	0	0	0	0	0	0	0
7.85	8.325063067	-0.8481307792	0	0	0	0	0	0	0
7.86	8.357248168	-0.8419621541	0	0	0	0	0	0	0
7.87	8.388246628	-0.835008423	0	0	0	0	0	0	0
7.88	8.417441592	-0.8277359344	0	0	0	0	0	0	0
7.89	8.444281996	-0.8207015957	0	0	0	0	0	0	0
7.9	8.468323033	-0.8144896966	0	0	0	0	0	0	0
7.91	8.489250465	-0.8096470893	0	0	0	0	0	0	0
7.92	8.506895495	-0.8066187501	0	0	0	0	0	0	0
7.93	8.52123924	-0.8056961961	0	0	0	0	0	0	0
7.94	8.532404251	-0.8069961645	0	0	0	0	0	0	0
7.95	8.54063864	-0.8104710156	0	0	0	0	0	0	0
7.96	8.546291257	-0.8159464913	0	0	0	0	0	0	0
7.97	8.549774735	-0.8231677822	0	0	0	0	0	0	0
7.98	8.551539571	-0.8317964469	0	0	0	0	0	0	0
7.99	8.552045736	-0.8415037384	0	0	0	0	0	0	0
8	8.551600061	-0.8521623657	0	0	0	0	0	0	0
8.01	8.550425805	-0.8637504851	0	0	0	0	0	0	0
8.02	8.548810729	-0.8762224457	0	0	0	0	0	0	0
8.03	8.547123604	-0.8895104184	0	0	0	0	0	0	0
8.04	8.545747631	-0.9035682939	0	0	0	0	0	0	0
8.05	8.439902974	-0.9580445859	0	58.41078474	930.40297	0	0	0	0
8.06	8.439890823	-0.9674962467	0	-0.2337510221	1000.75113	0	0	0	0
8.07	8.439896236	-0.9760398634	0	-19.01866961	1082.720326	0	0	0	0
8.08	8.439899916	-0.9839367657	0	4.606949047	1224.085467	0	0	0	0
8.09	8.439892034	-0.9910621719	0	45.99793869	1376.123798	0	0	0	0
8.1	8.515095352	-0.984207848	0	-177.7473064	2167.177636	0	0	0	0
8.11	8.518680679	-0.9887378881	0	-97.06397372	2206.468014	0	0	0	0
8.12	8.52328315	-0.9915150562	0	-52.48239758	2062.929948	0	0	0	0
8.13	8.529671898	-0.9923537903	0	-34.44547878	1805.446448	0	0	0	0
8.14	8.538483897	-0.9915895057	0	-23.43434822	1492.012324	0	0	0	0
8.15	8.552407817	-0.9896217508	0	-13.92142483	1168.242044	0	0	0	0
8.16	8.580730981	-0.9868184991	0	-13.78284711	868.5056123	0	0	0	0
8.17	8.633318189	-0.9844613434	0	-25.96450019	620.5690134	0	0	0	0
8.18	8.665441713	-0.9844002397	0	-26.76262841	530.2307726	0	0	0	0
8.19	8.665464237	-0.984848944	0	-34.73778539	540.3145511	0	0	0	0
8.2	8.665497494	-0.985286273	0	-52.07588332	553.3244651	0	0	0	0
8.21	8.665540536	-0.9856880357	0	-60.7671643	559.3960781	0	0	0	0
8.22	8.665585747	-0.9859963981	0	-58.96689895	558.3655794	0	0	0	0
8.23	8.665627473	-0.9861957808	0	-51.84882052	554.8440465	0	0	0	0
8.24	8.665663342	-0.9863124214	0	-43.21615579	552.3533501	0	0	0	0
8.25	8.665692681	-0.9863857644	0	-34.51867252	552.3683905	0	0	0	0
8.26	8.665715604	-0.9864528818	0	-26.54510029	555.6703646	0	0	0	0
8.27	8.665732882	-0.9865466641	0	-20.05063222	562.9551801	0	0	0	0
8.28	8.665745779	-0.9866947662	0	-15.38149471	574.3914223	0	0	0	0
8.29	8.66575564	-0.9869138702	0	-12.29405729	589.1275134	0	0	0	0
8.3	8.665763445	-0.9872036163	0	-10.07227575	605.3111935	0	0	0	0
8.31	8.665769564	-0.987544649	0	-7.73797968	620.527239	0	0	0	0
8.32	8.665773677	-0.9879020064	0	-4.283487864	632.3893693	0	0	0	0
8.33	8.665774853	-0.9882324392	0	1.104314876	638.9690566	0	0	0	0
8.34	8.665771758	-0.9884923611	0	8.790051468	639.0560096	0	0	0	0
8.35	8.66576288	-0.9886448484	0	18.58530931	632.2065802	0	0	0	0
8.36	8.665746768	-0.9886640253	0	29.86144363	618.691073	0	0	0	0
8.37	8.66572222	-0.9885372136	0	41.8005423	599.4174055	0	0	0	0
8.38	8.665688259	-0.9882655947	0	53.670774	575.9015871	0	0	0	0
8.39	8.665644153	-0.9878644388	0	64.94704216	550.1898178	0	0	0	0
8.4	8.665589419	-0.9873623924	0	75.33221807	524.6895014	0	0	0	0
8.41	8.665523926	-0.9867993706	0	84.6752715	501.8603312	0	0	0	0
8.42	8.665448096	-0.9862225378	0	92.83227168	483.8185096	0	0	0	0
8.43	8.665363169	-0.985680418	0	99.52565465	471.9511156	0	0	0	0
8.44	8.665271405	-0.9852158917	0	104.2542852	466.6052164	0	0	0	0
8.45	8.665175922	-0.9848581404	0	106.3755913	466.8183067	0	0	0	0
8.46	8.665080373	-0.9846151851	0	105.2337914	470.2442987	0	0	0	0
8.47	8.664988304	-0.984467933	0	100.3189381	473.3248861	0	0	0	0
8.48	8.66490275	-0.9843684231	0	91.35954545	471.7196873	0	0	0	0
8.49	8.664826218	-0.9842430818	0	78.22441561	460.9442208	0	0	0	0
8.5	8.664761181	-0.9840013573	0	60.85159027	437.1156089	0	0	0	0
8.51	8.664710903	-0.9835480999	0	39.34673044	397.728427	0	0	0	0
8.52	8.664680778	-0.9827984084	0	14.15534847	342.4193381	0	0	0	0
8.53	8.664680923	-0.9816930579	0	-13.7104329	273.5355296	0	0	0	0
8.54	8.664732709	-0.9802118928	0	-42.25443193	196.2185358	0	0	0	0
8.55	8.664892616	-0.9783829141	0	-66.89478905	118.0932491	0	0	0	0
8.56	8.665591024	-0.9762988662	0	-44.39242747	55.87831593	0	0	0	0
8.57	8.668378649	-0.974339427	0	-36.20070122	48.03704586	0	0	0	0
8.58	8.672906335	-0.9727426574	0	-36.0303781	50.34866465	0	0	0	0
8.59	8.678388112	-0.9714269411	0	-34.12062443	49.35756212	0	0	0	0
8.6	8.68436798	-0.9702953417	0	-30.26252231	44.52044206	0	0	0	0
8.61	8.690486955	-0.9692744476	0	-24.93016902	36.63012088	0	0	0	0
8.62	8.69645302	-0.9683221869	0	-19.63424839	28.43672322	0	0	0	0
8.63	8.702077903	-0.9674333845	0	-16.19477149	22.97875292	0	0	0	0
8.64	8.707268829	-0.9666278918	0	-16.63926856	23.09090413	0	0	0	0
8.65	8.71194483	-0.9660970551	0	-30.17342031	41.71089742	0	0	0	0
8.66	8.65454233	-0.8712493775	0	0	0	0	0	0	0
8.67	8.661611645	-0.8701233258	0	0	0	0	0	0	0
8.68	8.67008725	-0.868048611	0	0	0	0	0	0	0
8.69	8.680451299	-0.8653096413	0	0	0	0	0	0	0
8.7	8.693484286	-0.8623047898	0	0	0	0	0	0	0
8.71	8.709613522	-0.8598630314	0	0	0	0	0	0	0
8.72	8.728510943	-0.858474136	0	0	0	0	0	0	0
8.73	8.749370924	-0.8575695435	0	0	0	0	0	0	0
8.74	8.771214272	-0.8562250258	0	0	0	0	0	0	0
8.75	8.793204087	-0.8539484175	0	0	0	0	0	0	0
8.76	8.814835103	-0.8508956693	0	0	0	0	0	0	0
8.77	8.835955844	-0.8476355634	0	0	0	0	0	0	0
8.78	8.856693578	-0.8448103214	0	0	0	0	0	0	0
8.79	8.877346268	-0.8427805757	0	0	0	0	0	0	0
8.8	8.898199572	-0.841501694	0	0	0	0	0	0	0
8.81	8.919495676	-0.8408318336	0	0	0	0	0	0	0
8.82	8.941416909	-0.8407518831	0	0	0	0	0	0	0
8.83	8.964043169	-0.8412989583	0	0	0	0	0	0	0
8.84	8.987318998	-0.8424228581	0	0	0	0	0	0	0
8.85	9.011058719	-0.843943945	0	0	0	0	0	0	0
8.86	9.035000436	-0.8456220811	0	0	0	0	0	0	0
8.87	9.058891286	-0.8472573911	0	0	0	0	0	0	0
8.88	9.082567903	-0.8487519738	0	0	0	0	0	0	0
8.89	9.105999456	-0.8501100601	0	0	0	0	0	0	0
8.9	9.129276163	-0.851391669	0	0	0	0	0	0	0
8.91	9.152563308	-0.8526593625	0	0	0	0	0	0	0
8.92	9.176049816	-0.853946773	0	0	0	0	0	0	0
8.93	9.199917795	-0.8552567079	0	0	0	0	0	0	0
8.94	9.22433262	-0.856571245	0	0	0	0	0	0	0
8.95	9.249446407	-0.8578576873	0	0	0	0	0	0	0
8.96	9.275403928	-0.8590624859	0	0	0	0	0	0	0
8.97	9.302344481	-0.8600978225	0	0	0	0	0	0	0
8.98	9.330393935	-0.8608277893	0	0	0	0	0	0	0
8.99	9.359640577	-0.8610597461	0	0	0	0	0	0	0
9	9.390093851	-0.8605518341	0	0	0	0	0	0	0
9.01	9.421638114	-0.8590470844	0	0	0	0	0	0	0
9.02	9.454006214	-0.8563340828	0	0	0	0	0	0	0
9.03	9.486791062	-0.8523109978	0	0	0	0	0	0	0
9.04	9.519479467	-0.8470232464	0	0	0	0	0	0	0
9.05	9.551485187	-0.8406735178	0	0	0	0	0	0	0
9.06	9.582183279	-0.8336187679	0	0	0	0	0	0	0
9.07	9.610965499	-0.8263471276	0	0	0	0	0	0	0
9.08	9.637298733	-0.8194257027	0	0	0	0	0	0	0
9.09	9.660761589	-0.8134367104	0	0	0	0	0	0	0
9.1	9.681066641	-0.8089123953	0	0	0	0	0	0	0
9.11	9.698074309	-0.8062712679	0	0	0	0	0	0	0
9.12	9.711793698	-0.8057719894	0	0	0	0	0	0	0
9.13	9.722372941	-0.8074979732	0	0	0	0	0	0	0
9.14	9.730081641	-0.811373679	0	0	0	0	0	0	0
9.15	9.735284132	-0.8172063736	0	0	0	0	0	0	0
9.16	9.738400196	-0.824727234	0	0	0	0	0	0	0
9.17	9.739890271	-0.8335836848	0	0	0	0	0	0	0
9.18	9.74019425	-0.8434777451	0	0	0	0	0	0	0
9.19	9.739590135	-0.8543166092	0	0	0	0	0	0	0
9.2	9.738304952	-0.8660794749	0	0	0	0	0	0	0
9.21	9.736644894	-0.8787134767	0	0	0	0	0	0	0
9.22	9.734987796	-0.8921518079	0	0	0	0	0	0	0
9.23	9.733710572	-0.9063560138	0	0	0	0	0	0	0
9.24	9.628061032	-0.9599595465	0	51.00098635	1013.594569	0	0	0	0
9.25	9.628053733	-0.9691938855	0	-7.526700128	1009.566878	0	0	0	0
9.26	9.62806016	-0.9776061765	0	-17.2451966	1106.856032	0	0	0	0
9.27	9.628061971	-0.9853741755	0	12.1814114	1253.761287	0	0	0	0
9.28	9.638866586	-0.99031922	0	0.5187113338	1458.93005	0	0	0	0
9.29	9.70352069	-0.9852476236	0	-155.0219292	2193.745794	0	0	0	0
9.3	9.707678388	-0.9894141293	0	-85.96448023	2190.667277	0	0	0	0
9.31	9.712472464	-0.991826927	0	-47.44335352	2020.467334	0	0	0	0
9.32	9.719346076	-0.9923127193	0	-32.32539846	1747.911391	0	0	0	0
9.33	9.728715728	-0.9912991407	0	-21.27056614	1429.483765	0	0	0	0
9.34	9.744528252	-0.9891260021	0	-12.94742561	1107.81549	0	0	0	0
9.35	9.776930092	-0.986270142	0	-15.22286372	816.1850133	0	0	0	0
9.36	9.834506825	-0.9842384438	0	-29.36251788	580.4121585	0	0	0	0
9.37	9.853608264	-0.9844895451	0	-26.34232826	531.2900729	0	0	0	0
9.38	9.853632181	-0.9849326191	0	-38.12230598	542.9962657	0	0	0	0
9.39	9.853667775	-0.9853676829	0	-54.66927628	555.149941	0	0	0	0
9.4	9.853711834	-0.9857552872	0	-61.10492005	559.6162077	0	0	0	0
9.41	9.853756705	-0.9860423416	0	-57.86217253	557.7337734	0	0	0	0
9.42	9.853797423	-0.9862230928	0	-50.25060863	554.2154038	0	0	0	0
9.43	9.853832067	-0.9863283993	0	-41.53253852	552.133856	0	0	0	0
9.44	9.853860152	-0.9863978619	0	-32.9147823	552.7240797	0	0	0	0
9.45	9.85388192	-0.9864677581	0	-25.17782328	556.7481664	0	0	0	0
9.46	9.853898258	-0.9865701437	0	-19.01960812	564.8454929	0	0	0	0
9.47	9.853910479	-0.9867311076	0	-14.68710409	577.0165437	0	0	0	0
9.48	9.853919888	-0.9869644366	0	-11.83127896	592.1987103	0	0	0	0
9.49	9.853927363	-0.9872661226	0	-9.666486189	608.3911949	0	0	0	0
9.5	9.853933141	-0.9876134124	0	-7.195863301	623.144531	0	0	0	0
9.51	9.853936779	-0.9879691464	0	-3.421938171	634.1238599	0	0	0	0
9.52	9.853937254	-0.9882893357	0	2.396077953	639.529578	0	0	0	0
9.53	9.853933169	-0.9885312689	0	10.51687484	638.2988403	0	0	0	0
9.54	9.853923013	-0.9886598473	0	20.65494806	630.1308643	0	0	0	0
9.55	9.853905369	-0.988651635	0	32.12442468	615.4229604	0	0	0	0
9.56	9.853879078	-0.9884965723	0	44.10276007	595.2022285	0	0	0	0
9.57	9.853843218	-0.988198545	0	55.89185382	571.0926804	0	0	0	0
9.58	9.853797104	-0.9877754569	0	67.01432745	545.2265394	0	0	0	0
9.59	9.853740304	-0.9872583289	0	77.20926304	520.0496851	0	0	0	0
9.6	9.853672776	-0.9866888393	0	86.33875461	497.9880463	0	0	0	0
9.61	9.853595071	-0.9861149406	0	94.24362059	481.0469215	0	0	0	0
9.62	9.85350862	-0.9855846267	0	100.6020004	470.4358205	0	0	0	0
9.63	9.853415861	-0.9851387093	0	104.8852319	466.2642639	0	0	0	0
9.64	9.853320075	-0.9848029989	0	106.4342998	467.3118622	0	0	0	0
9.65	9.853224924	-0.9845806699	0	104.6009247	470.9801122	0	0	0	0
9.66	9.853133883	-0.9844471029	0	98.92633843	473.5171275	0	0	0	0
9.67	9.853049867	-0.9843490106	0	89.17697594	470.5008059	0	0	0	0
9.68	9.852975333	-0.9842087962	0	75.22698626	457.5037419	0	0	0	0
9.69	9.852912839	-0.983933952	0	57.04215487	430.8398298	0	0	0	0
9.7	9.852865907	-0.9834300418	0	34.78457309	388.3574291	0	0	0	0
9.71	9.852840584	-0.9826159025	0	8.983859666	330.1821471	0	0	0	0
9.72	9.85284841	-0.9814388989	0	-19.20494957	259.2096794	0	0	0	0
9.73	9.852914521	-0.9798875204	0	-47.50758835	181.0785192	0	0	0	0
9.74	9.853110971	-0.9779999157	0	-69.79139452	103.8861505	0	0	0	0
9.75	9.854106162	-0.9758990384	0	-40.61198012	51.48884457	0	0	0	0
9.76	9.857302156	-0.9740075651	0	-36.18683279	48.55708297	0	0	0	0
9.77	9.86205909	-0.9724729484	0	-35.82344112	50.45583739	0	0	0	0
9.78	9.867665968	-0.9711991727	0	-33.53090504	48.73013424	0	0	0	0
9.79	9.873698532	-0.9700936157	0	-29.32583828	43.18841025	0	0	0	0
9.8	9.87980774	-0.9690878999	0	-23.8555892	34.98225685	0	0	0	0
9.81	9.885719591	-0.9681471459	0	-18.78767169	27.11133148	0	0	0	0
9.82	9.89126619	-0.9672722086	0	-15.85614981	22.40497576	0	0	0	0
9.83	9.89636078	-0.9664931439	0	-22.25553683	30.65500677	0	0	0	0
9.84	9.901061785	-0.9659967629	0	-23.78029074	33.31764543	0	0	0	0
9.85	9.843953842	-0.8710952829	0	0	0	0	0	0	0
9.86	9.85127177	-0.8697996234	0	0	0	0	0	0	0
9.87	9.860064581	-0.8675621694	0	0	0	0	0	0	0
9.88	9.870867018	-0.8647427691	0	0	0	0	0	0	0
9.89	9.884488723	-0.8617648681	0	0	0	0	0	0	0
9.9	9.901189413	-0.8595216091	0	0	0	0	0	0	0
9.91	9.920533961	-0.8582936297	0	0	0	0	0	0	0
9.92	9.941656534	-0.8573711087	0	0	0	0	0	0	0
9.93	9.963583642	-0.8558657996	0	0	0	0	0	0	0
9.94	9.985532069	-0.8534113581	0	0	0	0	0	0	0
9.95	10.00706722	-0.8502681044	0	0	0	0	0	0	0
9.96	10.02809679	-0.8470446868	0	0	0	0	0	0	0
9.97	10.0487937	-0.8443576756	0	0	0	0	0	0	0
9.98	10.06946366	-0.8424830165	0	0	0	0	0	0	0
9.99	10.09038385	-0.8413286837	0	0	0	0	0	0	0
10	10.11178741	-0.8407690998	0	0	0	0	0	0	0
