0	-0.07481932517	-0.9450067784	0	0	0	0	0	0	0
0.01	-0.05718801651	-0.9419234896	0	0	0	0	0	0	0
0.02	-0.04619884552	-0.9387737434	0	0	0	0	0	0	0
0.03	-0.03868840974	-0.9350003014	0	0	0	0	0	0	0
0.04	-0.03371037436	-0.9303551443	0	0	0	0	0	0	0
0.05	-0.03027405259	-0.9248018686	0	0	0	0	0	0	0
0.06	-0.02677670559	-0.9186130014	0	0	0	0	0	0	0
0.07	-0.02172350451	-0.912370068	0	0	0	0	0	0	0
0.08	-0.01425963546	-0.9067349681	0	0	0	0	0	0	0
0.09	-0.004170633055	-0.9022278965	0	0	0	0	0	0	0
0.1	0.008404475362	-0.8991687961	0	0	0	0	0	0	0
0.11	0.02329807052	-0.8977540371	0	0	0	0	0	0	0
0.12	0.04055213746	-0.8981749305	0	0	0	0	0	0	0
0.13	0.06052587548	-0.9007054322	0	0	0	0	0	0	0
0.14	0.08386719997	-0.9057182255	0	0	0	0	0	0	0
0.15	0.1113799469	-0.9136175433	0	0	0	0	0	0	0
0.16	0.1439260433	-0.9246651513	0	0	0	0	0	0	0
0.17	0.1830398343	-0.9379892127	0	0	0	0	0	0	0
0.18	0.228515305	-0.9517536535	0	-21.26731864	106.3365932	0	0	0	0
0.19	0.277489671	-0.9594935058	0	-83.63136458	418.1568229	0	0	0	0
0.2	0.3251634826	-0.9621815009	0	-46.65715874	233.2857937	0	0	0	0
0.21	0.3760935833	-0.9633515855	0	-20.49968959	102.4984479	0	0	0	0
0.22	0.4300783343	-0.9626573056	0	0	0	0	0	0	0
0.23	0.4843541812	-0.9577728112	0	0	0	0	0	0	0
0.24	0.5350480366	-0.9481449714	0	0	0	0	0	0	0
0.25	0.5809082489	-0.9355097091	0	0	0	0	0	0	0
0.26	0.6226343526	-0.9215633094	0	0	0	0	0	0	0
0.27	0.6609761783	-0.9070558222	0	0	0	0	0	0	0
0.28	0.6962601662	-0.8921119683	0	0	0	0	0	0	0
0.29	0.7288628252	-0.8767428201	0	0	0	0	0	0	0
0.3	0.759515526	-0.8610615621	0	0	0	0	0	0	0
0.31	0.7891177048	-0.8452144002	0	0	0	0	0	0	0
0.32	0.8183830358	-0.8292974316	0	0	0	0	0	0	0
0.33	0.8476849809	-0.8133687725	0	0	0	0	0	0	0
0.34	0.8771248606	-0.7974881377	0	0	0	0	0	0	0
0.35	0.9066463006	-0.7817197391	0	0	0	0	0	0	0
0.36	0.9360887247	-0.7661155852	0	0	0	0	0	0	0
0.37	0.965184526	-0.7506749672	0	0	0	0	0	0	0
0.38	0.9935588961	-0.7354676448	0	0	0	0	0	0	0
0.39	1.020826225	-0.7207060394	0	0	0	0	0	0	0
0.4	1.046657388	-0.7066782212	0	0	0	0	0	0	0
0.41	1.070763947	-0.6936892353	0	0	0	0	0	0	0
0.42	1.09288996	-0.6820632824	0	0	0	0	0	0	0
0.43	1.112801133	-0.6721706431	0	0	0	0	0	0	0
0.44	1.130282158	-0.6644818355	0	0	0	0	0	0	0
0.45	1.145170922	-0.6595235103	0	0	0	0	0	0	0
0.46	1.157384519	-0.657762825	0	0	0	0	0	0	0
0.47	1.166923253	-0.6595046325	0	0	0	0	0	0	0
0.48	1.173866725	-0.6648374269	0	0	0	0	0	0	0
0.49	1.178373434	-0.6736256798	0	0	0	0	0	0	0
0.5	1.180685645	-0.685541305	0	0	0	0	0	0	0
0.51	1.181133379	-0.7001251869	0	0	0	0	0	0	0
0.52	1.180129347	-0.7168658458	0	0	0	0	0	0	0
0.53	1.178149119	-0.7352735441	0	0	0	0	0	0	0
0.54	1.175697789	-0.7549119143	0	0	0	0	0	0	0
0.55	1.173254706	-0.7754429782	0	0	0	0	0	0	0
0.56	1.171227771	-0.7967106303	0	0	0	0	0	0	0
0.57	1.169956117	-0.8186552539	0	0	0	0	0	0	0
0.58	1.169741867	-0.8411947536	0	0	0	0	0	0	0
0.59	1.170824721	-0.8642237671	0	0	0	0	0	0	0
0.6	1.173352562	-0.8875662828	0	0	0	0	0	0	0
0.61	1.176554756	-0.9110287876	0	0	0	0	0	0	0
0.62	1.179364261	-0.9341097108	0	0	0	0	0	0	0
0.63	1.181247332	-0.9548993558	0	-562.4474419	703.2239105	0	0	0	0
0.64	1.181370539	-0.9644910856	0	-242.12248	937.6932952	0	0	0	0
0.65	1.181557855	-0.9725290345	0	-526.7675933	917.8343648	0	0	0	0
0.66	1.181882287	-0.9788823154	0	-631.8669154	868.0615719	0	0	0	0
0.67	1.182266194	-0.9833192566	0	-586.6021731	800.4442218	0	0	0	0
0.68	1.182600393	-0.9860080627	0	-436.2222787	728.5139606	0	0	0	0
0.69	1.182804595	-0.9874007723	0	-199.3564463	672.9595499	0	0	0	0
0.7	1.182855701	-0.9880452379	0	24.43048694	646.0513224	0	0	0	0
0.71	1.182810969	-0.9884209192	0	82.82836361	653.5587332	0	0	0	0
0.72	1.182763238	-0.9888739049	0	65.66819705	684.0946615	0	0	0	0
0.73	1.182732248	-0.9894464579	0	38.16855433	711.7523541	0	0	0	0
0.74	1.182716988	-0.9900208385	0	15.91118126	726.2763219	0	0	0	0
0.75	1.182712285	-0.9904735268	0	1.870695352	726.0856927	0	0	0	0
0.76	1.182713588	-0.9907211578	0	-5.418396009	712.0949747	0	0	0	0
0.77	1.182717853	-0.9907189811	0	-8.400455232	685.8418422	0	0	0	0
0.78	1.182723491	-0.9904513689	0	-9.585043229	649.1690703	0	0	0	0
0.79	1.182730216	-0.9899221506	0	-10.85988703	603.9531941	0	0	0	0
0.8	1.18273897	-0.9891468611	0	-13.79548014	552.1086624	0	0	0	0
0.81	1.182751878	-0.9881483045	0	-19.04979892	495.7294895	0	0	0	0
0.82	1.18277233	-0.986957267	0	-27.00231003	437.5258101	0	0	0	0
0.83	1.182804882	-0.9856150704	0	-36.70948896	380.7257171	0	0	0	0
0.84	1.182854779	-0.9841765366	0	-47.46158407	329.1607864	0	0	0	0
0.85	1.182926815	-0.9827101326	0	-57.38791889	286.4244972	0	0	0	0
0.86	1.183023194	-0.9812942887	0	-65.31905345	255.5117859	0	0	0	0
0.87	1.183141058	-0.9800101737	0	-70.55813187	238.0773105	0	0	0	0
0.88	1.18327168	-0.9789311012	0	-73.06440144	234.034363	0	0	0	0
0.89	1.183403704	-0.9781111144	0	-73.362853	241.5600293	0	0	0	0
0.9	1.183528355	-0.9775761912	0	-72.39460102	257.495487	0	0	0	0
0.91	1.183642209	-0.9773197752	0	-71.25847903	277.8732128	0	0	0	0
0.92	1.18374635	-0.9773024108	0	-70.9046234	298.3735543	0	0	0	0
0.93	1.183844329	-0.9774552177	0	-71.8939479	314.7195986	0	0	0	0
0.94	1.183940633	-0.9776872014	0	-74.31192724	323.0790443	0	0	0	0
0.95	1.184040019	-0.9778955632	0	-77.81764998	320.473582	0	0	0	0
0.96	1.184147572	-0.9779783475	0	-81.73736605	305.1457186	0	0	0	0
0.97	1.184269267	-0.9778467559	0	-85.16461683	276.8078248	0	0	0	0
0.98	1.184413062	-0.9774352241	0	-87.03425211	236.714338	0	0	0	0
0.99	1.184591622	-0.9767075531	0	-86.15227217	187.471941	0	0	0	0
1	1.184830324	-0.9756584805	0	-80.96706213	132.7202224	0	0	0	0
1.01	1.185216498	-0.9743117342	0	-61.2266953	76.53658009	0	0	0	0
1.02	1.186361914	-0.9727556704	0	-28.03340855	35.3558112	0	0	0	0
1.03	1.188624563	-0.9711624961	0	-4.950272955	6.355556872	0	0	0	0
1.04	1.191511241	-0.9695431669	0	0	0	0	0	0	0
1.05	1.193937706	-0.9676824561	0	0	0	0	0	0	0
1.06	1.195091971	-0.965376978	0	0	0	0	0	0	0
1.07	1.194605013	-0.9625555785	0	0	0	0	0	0	0
1.08	1.192446534	-0.9592705858	0	0	0	0	0	0	0
1.09	1.188953862	-0.9557333405	0	0	0	0	0	0	0
1.1	1.184857115	-0.9523067416	0	0	0	0	0	0	0
1.11	1.181913221	-0.9489478112	0	0	0	0	0	0	0
1.12	1.180900817	-0.9455962825	0	0	0	0	0	0	0
1.13	1.182500744	-0.9421361161	0	0	0	0	0	0	0
1.14	1.188806215	-0.9385341555	0	0	0	0	0	0	0
1.15	1.201021188	-0.9354289791	0	0	0	0	0	0	0
1.16	1.21923158	-0.9334423514	0	0	0	0	0	0	0
1.17	1.242629325	-0.9323917302	0	0	0	0	0	0	0
1.18	1.269869462	-0.9315366831	0	0	0	0	0	0	0
1.19	1.299625532	-0.9302604894	0	0	0	0	0	0	0
1.2	1.33103824	-0.9284647513	0	0	0	0	0	0	0
1.21	1.363906516	-0.9264641775	0	0	0	0	0	0	0
1.22	1.398659972	-0.9245148357	0	0	0	0	0	0	0
1.23	1.435810894	-0.9225184868	0	0	0	0	0	0	0
1.24	1.475639928	-0.9201022605	0	0	0	0	0	0	0
1.25	1.518154517	-0.9168081528	0	0	0	0	0	0	0
1.26	1.563078034	-0.9122241464	0	0	0	0	0	0	0
1.27	1.609856937	-0.9060312936	0	0	0	0	0	0	0
1.28	1.657729333	-0.8980375384	0	0	0	0	0	0	0
1.29	1.705873564	-0.8882198122	0	0	0	0	0	0	0
1.3	1.753576515	-0.8767323113	0	0	0	0	0	0	0
1.31	1.80035364	-0.8638468156	0	0	0	0	0	0	0
1.32	1.845967477	-0.8498531927	0	0	0	0	0	0	0
1.33	1.890360867	-0.8349765223	0	0	0	0	0	0	0
1.34	1.933556116	-0.819342077	0	0	0	0	0	0	0
1.35	1.975556194	-0.8029881434	0	0	0	0	0	0	0
1.36	2.016266193	-0.7859128402	0	0	0	0	0	0	0
1.37	2.05544587	-0.7681423045	0	0	0	0	0	0	0
1.38	2.092703693	-0.7498056691	0	0	0	0	0	0	0
1.39	2.127532766	-0.7311980252	0	0	0	0	0	0	0
1.4	2.159378079	-0.7128126794	0	0	0	0	0	0	0
1.41	2.187718091	-0.695329293	0	0	0	0	0	0	0
1.42	2.212131421	-0.6795612332	0	0	0	0	0	0	0
1.43	2.232341364	-0.666368004	0	0	0	0	0	0	0
1.44	2.248230459	-0.6565480744	0	0	0	0	0	0	0
1.45	2.259824098	-0.6507368505	0	0	0	0	0	0	0
1.46	2.267259125	-0.649325685	0	0	0	0	0	0	0
1.47	2.270751087	-0.6524186234	0	0	0	0	0	0	0
1.48	2.270574315	-0.6598332382	0	0	0	0	0	0	0
1.49	2.267058189	-0.6711445627	0	0	0	0	0	0	0
1.5	2.260593254	-0.685762534	0	0	0	0	0	0	0
1.51	2.253754445	-0.7007683889	0	0	0	0	0	0	0
1.52	2.245549417	-0.7152723121	0	0	0	0	0	0	0
1.53	2.236341309	-0.7311295873	0	0	0	0	0	0	0
1.54	2.226178436	-0.7478936677	0	0	0	0	0	0	0
1.55	2.214895962	-0.7659755662	0	0	0	0	0	0	0
1.56	2.202454187	-0.7856424387	0	0	0	0	0	0	0
1.57	2.189145941	-0.8066707453	0	0	0	0	0	0	0
1.58	2.175564591	-0.8287412913	0	0	0	0	0	0	0
1.59	2.162433993	-0.8516179167	0	0	0	0	0	0	0
1.6	2.150597974	-0.8749528213	0	0	0	0	0	0	0
1.61	2.141258839	-0.8979837345	0	0	0	0	0	0	0
1.62	2.141855211	-0.9166574331	0	0	0	0	0	0	0
1.63	2.144001795	-0.9366947374	0	0	0	0	0	0	0
1.64	2.145592509	-0.9555926647	0	-570.7702105	725.5497185	0	0	0	0
1.65	2.145708497	-0.9646584748	0	-218.3710826	927.0649986	0	0	0	0
1.66	2.145854546	-0.9727302112	0	-417.5299754	939.9996373	0	0	0	0
1.67	2.146088736	-0.9793906021	0	-526.16339	921.7243243	0	0	0	0
1.68	2.146347144	-0.98427132	0	-462.1675417	872.8367948	0	0	0	0
1.69	2.146538269	-0.9872899973	0	-245.3920903	788.7577795	0	0	0	0
1.7	2.146597244	-0.9886387569	0	32.55914665	688.6861007	0	0	0	0
1.71	2.146495609	-0.9888085336	0	252.4716814	608.6285459	0	0	0	0
1.72	2.146283976	-0.988451994	0	285.0405044	575.5052442	0	0	0	0
1.73	2.146077382	-0.9881120722	0	247.205155	580.4027712	0	0	0	0
1.74	2.14591702	-0.9879835029	0	188.2203697	597.7961235	0	0	0	0
1.75	2.145807684	-0.9880416856	0	123.8775976	614.4769329	0	0	0	0
1.76	2.145746331	-0.9881985051	0	57.52271202	624.8078734	0	0	0	0
1.77	2.145729574	-0.9883502159	0	-6.220863037	624.1807659	0	0	0	0
1.78	2.145752852	-0.9883911982	0	-60.42123422	609.8798501	0	0	0	0
1.79	2.145810046	-0.9882430129	0	-99.86657022	583.5685199	0	0	0	0
1.8	2.145893786	-0.9878836299	0	-123.2604932	550.997141	0	0	0	0
1.81	2.145995765	-0.9873540058	0	-132.8421024	519.5814288	0	0	0	0
1.82	2.146107298	-0.9867414681	0	-132.8513835	495.8436227	0	0	0	0
1.83	2.146220507	-0.986151587	0	-127.7638782	483.7491871	0	0	0	0
1.84	2.146329567	-0.985679809	0	-120.950304	484.0834238	0	0	0	0
1.85	2.146431157	-0.9853896665	0	-114.0306462	494.6926922	0	0	0	0
1.86	2.146523902	-0.9853002272	0	-107.0200595	511.284311	0	0	0	0
1.87	2.146607336	-0.9853840852	0	-98.93651852	528.5326976	0	0	0	0
1.88	2.146681015	-0.9855755212	0	-88.48192733	541.2358935	0	0	0	0
1.89	2.146744007	-0.9857866284	0	-74.5129873	545.392315	0	0	0	0
1.9	2.146794569	-0.9859284073	0	-56.19447423	539.1196137	0	0	0	0
1.91	2.146829858	-0.9859323554	0	-32.93563251	523.1483677	0	0	0	0
1.92	2.146845269	-0.9857656087	0	-4.261626698	500.3471497	0	0	0	0
1.93	2.146834541	-0.9854323141	0	29.82133324	474.1078305	0	0	0	0
1.94	2.146790272	-0.9849613377	0	67.69354656	447.4716947	0	0	0	0
1.95	2.146706202	-0.9844026833	0	105.5234038	424.7414934	0	0	0	0
1.96	2.146580873	-0.9838333791	0	138.428973	410.6550347	0	0	0	0
1.97	2.146421158	-0.9833352551	0	161.2291648	405.9793209	0	0	0	0
1.98	2.146242381	-0.9829511977	0	169.7232028	405.9300621	0	0	0	0
1.99	2.146061453	-0.9826506243	0	164.0052355	401.2188527	0	0	0	0
2	2.145889057	-0.9823265815	0	146.8633478	382.525378	0	0	0	0
2.01	2.145730755	-0.9818354009	0	120.0101328	344.6809813	0	0	0	0
2.02	2.14559191	-0.9810418075	0	85.29779206	286.7650031	0	0	0	0
2.03	2.145481068	-0.9798500581	0	46.35189021	212.4304189	0	0	0	0
2.04	2.145417587	-0.9782317941	0	8.266616213	130.3711055	0	0	0	0
2.05	2.145466296	-0.9762432892	0	-20.3891136	52.73001547	0	0	0	0
2.06	2.14614237	-0.9740448302	0	-1.739197744	2.188007389	0	0	0	0
2.07	2.148612287	-0.9720602631	0	-2.638472431	3.43030231	0	0	0	0
2.08	2.152137832	-0.970456521	0	-6.837111418	9.049508824	0	0	0	0
2.09	2.155952325	-0.9691306382	0	-8.180315135	10.85467805	0	0	0	0
2.1	2.159705745	-0.9679959525	0	-7.591947872	10.01590858	0	0	0	0
2.11	2.163225674	-0.9669988744	0	-6.599212278	8.631114843	0	0	0	0
2.12	2.166478142	-0.9661226804	0	-7.556374534	9.81336355	0	0	0	0
2.13	2.169527293	-0.9653969668	0	-16.40371378	21.21702782	0	0	0	0
2.14	2.173521306	-0.9645700953	0	0	0	0	0	0	0
2.15	2.179551938	-0.9631067875	0	0	0	0	0	0	0
2.16	2.187566567	-0.9610983491	0	0	0	0	0	0	0
2.17	2.198130056	-0.9589585846	0	0	0	0	0	0	0
2.18	2.211659516	-0.9568608234	0	0	0	0	0	0	0
2.19	2.228681211	-0.9546457849	0	0	0	0	0	0	0
2.2	2.249217869	-0.9526875055	0	0	0	0	0	0	0
2.21	2.272605526	-0.9509236258	0	0	0	0	0	0	0
2.22	2.297583873	-0.9487063369	0	0	0	0	0	0	0
2.23	2.322855558	-0.9454705835	0	0	0	0	0	0	0
2.24	2.347568373	-0.941177495	0	0	0	0	0	0	0
2.25	2.371452036	-0.9362792723	0	0	0	0	0	0	0
2.26	2.394681537	-0.9314375789	0	0	0	0	0	0	0
2.27	2.417712806	-0.9271787706	0	0	0	0	0	0	0
2.28	2.441020311	-0.9235915302	0	0	0	0	0	0	0
2.29	2.464914729	-0.9204811918	0	0	0	0	0	0	0
2.3	2.48961782	-0.9176794344	0	0	0	0	0	0	0
2.31	2.515270334	-0.9151207129	0	0	0	0	0	0	0
2.32	2.541866936	-0.9127405666	0	0	0	0	0	0	0
2.33	2.569217529	-0.9104007726	0	0	0	0	0	0	0
2.34	2.596989312	-0.9079129037	0	0	0	0	0	0	0
2.35	2.624818861	-0.9051109166	0	0	0	0	0	0	0
2.36	2.652432621	-0.901902467	0	0	0	0	0	0	0
2.37	2.679722045	-0.8982728043	0	0	0	0	0	0	0
2.38	2.706738987	-0.8942514703	0	0	0	0	0	0	0
2.39	2.733633642	-0.8898729586	0	0	0	0	0	0	0
2.4	2.760582276	-0.8851555484	0	0	0	0	0	0	0
2.41	2.787743817	-0.8801036759	0	0	0	0	0	0	0
2.42	2.815250554	-0.8747197626	0	0	0	0	0	0	0
2.43	2.843217381	-0.8690087708	0	0	0	0	0	0	0
2.44	2.871749974	-0.8629667283	0	0	0	0	0	0	0
2.45	2.90094251	-0.8565595279	0	0	0	0	0	0	0
2.46	2.930862371	-0.8497016286	0	0	0	0	0	0	0
2.47	2.961522402	-0.8422490842	0	0	0	0	0	0	0
2.48	2.992842588	-0.8340182619	0	0	0	0	0	0	0
2.49	3.024613194	-0.8248354413	0	0	0	0	0	0	0
2.5	3.056482011	-0.8146079672	0	0	0	0	0	0	0
2.51	3.087977843	-0.803385714	0	0	0	0	0	0	0
2.52	3.118557048	-0.7913959248	0	0	0	0	0	0	0
2.53	3.147651346	-0.7790492091	0	0	0	0	0	0	0
2.54	3.174720905	-0.7669240261	0	0	0	0	0	0	0
2.55	3.19931516	-0.755709047	0	0	0	0	0	0	0
2.56	3.221115362	-0.7461136945	0	0	0	0	0	0	0
2.57	3.239949017	-0.7387797909	0	0	0	0	0	0	0
2.58	3.255787186	-0.7342032617	0	0	0	0	0	0	0
2.59	3.26872804	-0.7326771981	0	0	0	0	0	0	0
2.6	3.278975095	-0.7342713094	0	0	0	0	0	0	0
2.61	3.286813405	-0.7388538814	0	0	0	0	0	0	0
2.62	3.292588912	-0.7461400515	0	0	0	0	0	0	0
2.63	3.296674858	-0.755755269	0	0	0	0	0	0	0
2.64	3.299461027	-0.7672078615	0	0	0	0	0	0	0
2.65	3.301302248	-0.7800586161	0	0	0	0	0	0	0
2.66	3.302445144	-0.7941910598	0	0	0	0	0	0	0
2.67	3.303096884	-0.8096052788	0	0	0	0	0	0	0
2.68	3.303510897	-0.8262199913	0	0	0	0	0	0	0
2.69	3.303990606	-0.8438867402	0	0	0	0	0	0	0
2.7	3.304842696	-0.8624674437	0	0	0	0	0	0	0
2.71	3.307056826	-0.8809930539	0	0	0	0	0	0	0
2.72	3.310170048	-0.8994742117	0	0	0	0	0	0	0
2.73	3.313103595	-0.9179594268	0	0	0	0	0	0	0
2.74	3.315502569	-0.9356260523	0	0	0	0	0	0	0
2.75	3.317381845	-0.9521847551	0	-148.793216	187.1124446	0	0	0	0
2.76	3.317845941	-0.9609739144	0	-350.6412722	719.1671732	0	0	0	0
2.77	3.318132538	-0.9675033664	0	-512.5830408	723.0030854	0	0	0	0
2.78	3.31854057	-0.9731052405	0	-553.0675237	703.4011022	0	0	0	0
2.79	3.318982544	-0.9775042378	0	-516.8572034	671.8089192	0	0	0	0
2.8	3.319347156	-0.9806657948	0	-404.9121203	632.8120083	0	0	0	0
2.81	3.319586432	-0.9827381843	0	-240.125696	593.4797413	0	0	0	0
2.82	3.319706316	-0.9839781777	0	-93.59698493	561.855606	0	0	0	0
2.83	3.319744324	-0.9846810574	0	-24.78986648	543.9620669	0	0	0	0
2.84	3.319759143	-0.9851178004	0	-16.16778081	543.1113866	0	0	0	0
2.85	3.319776031	-0.9854917695	0	-30.83970396	554.4729107	0	0	0	0
2.86	3.319805944	-0.9858649066	0	-48.3250067	564.8338421	0	0	0	0
2.87	3.319844805	-0.9861866772	0	-55.24987701	566.8294524	0	0	0	0
2.88	3.319885213	-0.9864040994	0	-53.09559376	562.5751446	0	0	0	0
2.89	3.319922629	-0.986514364	0	-46.9168886	556.7643306	0	0	0	0
2.9	3.319955162	-0.9865485326	0	-39.44161375	552.2206671	0	0	0	0
2.91	3.319982078	-0.9865449744	0	-31.71205561	550.1831924	0	0	0	0
2.92	3.320003335	-0.9865400667	0	-24.61272025	551.6322386	0	0	0	0
2.93	3.320019624	-0.9865678876	0	-18.9587761	557.4148254	0	0	0	0
2.94	3.320032145	-0.9866571791	0	-15.06904665	567.6087281	0	0	0	0
2.95	3.32004216	-0.9868238602	0	-12.66228022	581.1086919	0	0	0	0
2.96	3.320050538	-0.9870648783	0	-10.97637589	595.810144	0	0	0	0
2.97	3.320057517	-0.987357237	0	-8.993174128	609.1445746	0	0	0	0
2.98	3.320062608	-0.9876627327	0	-5.65962177	618.6947729	0	0	0	0
2.99	3.320064705	-0.9879360317	0	-0.1726756366	622.6356338	0	0	0	0
3	3.320062291	-0.9881333481	0	7.75801644	619.9541304	0	0	0	0
3.01	3.320053702	-0.9882194084	0	17.85025336	610.4795799	0	0	0	0
3.02	3.320037374	-0.9881718865	0	29.42242976	594.8273862	0	0	0	0
3.03	3.320011982	-0.9879834825	0	41.68817196	574.3277829	0	0	0	0
3.04	3.31997644	-0.9876626306	0	53.95918701	550.9300331	0	0	0	0
3.05	3.31992992	-0.987233066	0	65.76256378	527.0337158	0	0	0	0
3.06	3.319871966	-0.9867317066	0	76.78329528	505.169749	0	0	0	0
3.07	3.319802689	-0.9862044886	0	86.75447857	487.5857737	0	0	0	0
3.08	3.319723024	-0.9857002932	0	95.31452371	475.8374114	0	0	0	0
3.09	3.319634986	-0.9852634179	0	101.9299972	470.4570127	0	0	0	0
3.1	3.319541607	-0.9849260244	0	105.9021038	470.7213344	0	0	0	0
3.11	3.319446514	-0.9846996051	0	106.5248644	474.477309	0	0	0	0
3.12	3.319353439	-0.9845693003	0	103.2221754	478.3109306	0	0	0	0
3.13	3.319265644	-0.9844908664	0	95.6765792	477.9154045	0	0	0	0
3.14	3.319185805	-0.9843933147	0	83.77288505	468.7209103	0	0	0	0
3.15	3.319116372	-0.9841868847	0	67.47167658	446.6667929	0	0	0	0
3.16	3.31906038	-0.9837755075	0	46.85089488	409.002646	0	0	0	0
3.17	3.319022573	-0.9830713441	0	22.33656536	355.0125138	0	0	0	0
3.18	3.319011752	-0.9820107834	0	-5.17534172	286.7390456	0	0	0	0
3.19	3.319046117	-0.9805681536	0	-33.85093407	209.0376923	0	0	0	0
3.2	3.319171359	-0.978765564	0	-59.92044642	129.3252875	0	0	0	0
3.21	3.319646391	-0.9766803102	0	-47.11864875	59.0339213	0	0	0	0
3.22	3.321987184	-0.9746292482	0	-33.35169473	43.73366138	0	0	0	0
3.23	3.32623495	-0.972942071	0	-33.60231462	46.48831621	0	0	0	0
3.24	3.331527866	-0.9715632689	0	-32.52827442	46.65087237	0	0	0	0
3.25	3.337361427	-0.9703911163	0	-29.43893293	43.00413985	0	0	0	0
3.26	3.343368269	-0.9693469661	0	-24.67873959	36.06616588	0	0	0	0
3.27	3.349247312	-0.968381733	0	-19.60617309	28.2796312	0	0	0	0
3.28	3.35480104	-0.9674837245	0	-16.11964541	22.79930108	0	0	0	0
3.29	3.359934483	-0.9666685765	0	-15.5249938	21.50837975	0	0	0	0
3.3	3.364539627	-0.9660856903	0	-33.71505368	45.98681559	0	0	0	0
3.31	3.369870234	-0.9654692627	0	-1.53625218	2.277743499	0	0	0	0
3.32	3.376867902	-0.9643907437	0	0	0	0	0	0	0
3.33	3.385154587	-0.9625536153	0	0	0	0	0	0	0
3.34	3.395255245	-0.9600700455	0	0	0	0	0	0	0
3.35	3.408136754	-0.9571429802	0	0	0	0	0	0	0
3.36	3.424648958	-0.9542629536	0	0	0	0	0	0	0
3.37	3.444700506	-0.9519060869	0	0	0	0	0	0	0
3.38	3.467349636	-0.9496991983	0	0	0	0	0	0	0
3.39	3.491233173	-0.9469211043	0	0	0	0	0	0	0
3.4	3.515168897	-0.9431805399	0	0	0	0	0	0	0
3.41	3.53849297	-0.93863374	0	0	0	0	0	0	0
3.42	3.561067495	-0.9337993405	0	0	0	0	0	0	0
3.43	3.583121953	-0.9292675926	0	0	0	0	0	0	0
3.44	3.605109196	-0.9253801585	0	0	0	0	0	0	0
3.45	3.627415571	-0.9220959417	0	0	0	0	0	0	0
3.46	3.650307524	-0.9192390748	0	0	0	0	0	0	0
3.47	3.673986611	-0.916713719	0	0	0	0	0	0	0
3.48	3.698554812	-0.9144862191	0	0	0	0	0	0	0
3.49	3.723949469	-0.9124803055	0	0	0	0	0	0	0
3.5	3.749932426	-0.9105409341	0	0	0	0	0	0	0
3.51	3.77615897	-0.9084810702	0	0	0	0	0	0	0
3.52	3.802294585	-0.9061497716	0	0	0	0	0	0	0
3.53	3.828119311	-0.9034678226	0	0	0	0	0	0	0
3.54	3.853575333	-0.9004200147	0	0	0	0	0	0	0
3.55	3.878744591	-0.8970215272	0	0	0	0	0	0	0
3.56	3.903784685	-0.8932857089	0	0	0	0	0	0	0
3.57	3.928862975	-0.8892105396	0	0	0	0	0	0	0
3.58	3.954120182	-0.8847854205	0	0	0	0	0	0	0
3.59	3.979662551	-0.8800049936	0	0	0	0	0	0	0
3.6	4.005574823	-0.8748776702	0	0	0	0	0	0	0
3.61	4.031936681	-0.8694198989	0	0	0	0	0	0	0
3.62	4.058835779	-0.8636388016	0	0	0	0	0	0	0
3.63	4.086371683	-0.857511592	0	0	0	0	0	0	0
3.64	4.114640257	-0.8509629478	0	0	0	0	0	0	0
3.65	4.143697437	-0.8438586148	0	0	0	0	0	0	0
3.66	4.173509336	-0.8360246384	0	0	0	0	0	0	0
3.67	4.203912109	-0.8272967364	0	0	0	0	0	0	0
3.68	4.234604478	-0.8175830411	0	0	0	0	0	0	0
3.69	4.265171317	-0.8069132704	0	0	0	0	0	0	0
3.7	4.295117575	-0.7954662143	0	0	0	0	0	0	0
3.71	4.323903655	-0.7835856476	0	0	0	0	0	0	0
3.72	4.351002584	-0.7717700612	0	0	0	0	0	0	0
3.73	4.375954912	-0.7606253608	0	0	0	0	0	0	0
3.74	4.398409079	-0.7507976265	0	0	0	0	0	0	0
3.75	4.418140399	-0.7429037242	0	0	0	0	0	0	0
3.76	4.435056584	-0.7374589612	0	0	0	0	0	0	0
3.77	4.449187918	-0.7348168011	0	0	0	0	0	0	0
3.78	4.460669662	-0.7351368648	0	0	0	0	0	0	0
3.79	4.469721862	-0.7383876144	0	0	0	0	0	0	0
3.8	4.476628357	-0.7443792546	0	0	0	0	0	0	0
3.81	4.48171199	-0.7528160309	0	0	0	0	0	0	0
3.82	4.485312164	-0.7633089123	0	0	0	0	0	0	0
3.83	4.487771992	-0.7753927916	0	0	0	0	0	0	0
3.84	4.489354243	-0.7888320987	0	0	0	0	0	0	0
3.85	4.490253972	-0.8036078738	0	0	0	0	0	0	0
3.86	4.490690672	-0.8196728982	0	0	0	0	0	0	0
3.87	4.490944734	-0.8368920993	0	0	0	0	0	0	0
3.88	4.491326212	-0.8551101309	0	0	0	0	0	0	0
3.89	4.492517103	-0.8737263279	0	0	0	0	0	0	0
3.9	4.495524686	-0.8917449224	0	0	0	0	0	0	0
3.91	4.498590135	-0.9100540965	0	0	0	0	0	0	0
3.92	4.501216039	-0.927771577	0	0	0	0	0	0	0
3.93	4.503312574	-0.9444441824	0	0	0	0	0	0	0
3.94	4.504540782	-0.9573992019	0	-370.1384455	632.501349	0	0	0	0
3.95	4.504785479	-0.9640402498	0	-445.7218128	700.281701	0	0	0	0
3.96	4.505156301	-0.9699520181	0	-536.1213243	688.3517965	0	0	0	0
3.97	4.50561799	-0.9748168974	0	-527.5644946	663.188017	0	0	0	0
3.98	4.506051673	-0.9784990765	0	-464.9514516	628.6278996	0	0	0	0
3.99	4.506369354	-0.9810614266	0	-326.0290223	591.7000455	0	0	0	0
4	4.50655628	-0.9827064728	0	-167.2360848	559.0933984	0	0	0	0
4.01	4.50663683	-0.9837011605	0	-54.74614253	537.3484374	0	0	0	0
4.02	4.506665118	-0.9843127696	0	-27.07823895	529.9501431	0	0	0	0
4.03	4.506685402	-0.9847688879	0	-29.4326457	537.45409	0	0	0	0
4.04	4.506714519	-0.9852035649	0	-46.96721821	550.9424945	0	0	0	0
4.05	4.506754862	-0.985616191	0	-58.54895672	558.9472953	0	0	0	0
4.06	4.506799344	-0.985947308	0	-59.08889249	559.2293948	0	0	0	0
4.07	4.506841585	-0.9861694608	0	-53.13860666	555.9541786	0	0	0	0
4.08	4.50687859	-0.9863015481	0	-45.04269825	553.0947243	0	0	0	0
4.09	4.506909397	-0.9863814675	0	-36.59175468	552.4514272	0	0	0	0
4.1	4.506933906	-0.986446604	0	-28.59510464	554.8522783	0	0	0	0
4.11	4.506952667	-0.9865303828	0	-21.82736757	561.0460379	0	0	0	0
4.12	4.506966791	-0.9866619369	0	-16.7779342	571.4110792	0	0	0	0
4.13	4.506977591	-0.9868613066	0	-13.3616548	585.3823187	0	0	0	0
4.14	4.506986134	-0.9871328367	0	-10.99580294	601.3308771	0	0	0	0
4.15	4.506992933	-0.9874619102	0	-8.743598781	616.9431436	0	0	0	0
4.16	4.506997831	-0.9878170051	0	-5.597518725	629.7676577	0	0	0	0
4.17	4.507000025	-0.9881562242	0	-0.6805563432	637.7256503	0	0	0	0
4.18	4.506998262	-0.9884352738	0	6.495805602	639.4062331	0	0	0	0
4.19	4.506991049	-0.9886149503	0	15.8748448	634.1661299	0	0	0	0
4.2	4.506976901	-0.9886661643	0	26.91378879	622.0974377	0	0	0	0
4.21	4.50695453	-0.9885727341	0	38.82771	603.9629294	0	0	0	0
4.22	4.506922904	-0.9883323456	0	50.84446793	581.1470705	0	0	0	0
4.23	4.50688121	-0.9879569817	0	62.38702572	555.6080036	0	0	0	0
4.24	4.506828867	-0.9874725354	0	73.10853941	529.7252574	0	0	0	0
4.25	4.506765629	-0.9869169872	0	82.82758564	506.0084662	0	0	0	0
4.26	4.506691758	-0.9863367627	0	91.40139711	486.7052511	0	0	0	0
4.27	4.50660829	-0.9857811137	0	98.5702911	473.4024348	0	0	0	0
4.28	4.506517278	-0.9852950506	0	103.8703914	466.6889454	0	0	0	0
4.29	4.506421749	-0.9849116561	0	106.6564522	465.8846581	0	0	0	0
4.3	4.506325352	-0.9846439613	0	106.2528819	468.8997672	0	0	0	0
4.31	4.506231752	-0.9844786165	0	102.111286	472.3661444	0	0	0	0
4.32	4.506144145	-0.9843731199	0	93.91924537	472.0301516	0	0	0	0
4.33	4.506065154	-0.98425819	0	81.53944884	463.358249	0	0	0	0
4.34	4.505997216	-0.9840453815	0	64.90426622	442.2813147	0	0	0	0
4.35	4.505943344	-0.9836390727	0	44.08447639	405.9687629	0	0	0	0
4.36	4.505908427	-0.9829510174	0	19.45537745	353.5936318	0	0	0	0
4.37	4.505901363	-0.9819158563	0	-8.09584443	286.978338	0	0	0	0
4.38	4.505940526	-0.9805051746	0	-36.80303446	210.7644551	0	0	0	0
4.39	4.506071753	-0.9787375338	0	-62.95110528	132.1415502	0	0	0	0
4.4	4.506557134	-0.9766865527	0	-49.96450705	62.60833207	0	0	0	0
4.41	4.508917883	-0.9746689724	0	-36.31019602	47.6436346	0	0	0	0
4.42	4.513192714	-0.973008835	0	-36.14146332	50.08354691	0	0	0	0
4.43	4.518536531	-0.9716499037	0	-34.63920637	49.84811038	0	0	0	0
4.44	4.524452196	-0.9704915111	0	-31.15598313	45.75812179	0	0	0	0
4.45	4.530571594	-0.9694556424	0	-26.0380979	38.31847045	0	0	0	0
4.46	4.536587439	-0.9684934876	0	-20.61254377	29.96161708	0	0	0	0
4.47	4.542291804	-0.9675934556	0	-16.73932343	23.85647138	0	0	0	0
4.48	4.547577579	-0.9667714214	0	-15.7388878	21.95242742	0	0	0	0
4.49	4.552314629	-0.9661871403	0	-34.75217663	47.62509092	0	0	0	0
4.5	4.557732156	-0.9655693581	0	-1.810293491	2.693007413	0	0	0	0
4.51	4.564757502	-0.9644729626	0	0	0	0	0	0	0
4.52	4.572986464	-0.9625751797	0	0	0	0	0	0	0
4.53	4.582945551	-0.9599756349	0	0	0	0	0	0	0
4.54	4.595624635	-0.9568876998	0	0	0	0	0	0	0
4.55	4.611914114	-0.953816825	0	0	0	0	0	0	0
4.56	4.631772702	-0.9512859529	0	0	0	0	0	0	0
4.57	4.654304568	-0.9489616736	0	0	0	0	0	0	0
4.58	4.678176473	-0.9461388155	0	0	0	0	0	0	0
4.59	4.702215345	-0.9424219102	0	0	0	0	0	0	0
4.6	4.725745288	-0.9379527022	0	0	0	0	0	0	0
4.61	4.74859923	-0.9332313367	0	0	0	0	0	0	0
4.62	4.770969486	-0.9288272637	0	0	0	0	0	0	0
4.63	4.793273399	-0.9250571225	0	0	0	0	0	0	0
4.64	4.815870539	-0.9218608056	0	0	0	0	0	0	0
4.65	4.839018175	-0.919057682	0	0	0	0	0	0	0
4.66	4.862924809	-0.9165576991	0	0	0	0	0	0	0
4.67	4.887709595	-0.9143362901	0	0	0	0	0	0	0
4.68	4.913329958	-0.9123249598	0	0	0	0	0	0	0
4.69	4.939563874	-0.9103729844	0	0	0	0	0	0	0
4.7	4.966074067	-0.9082938622	0	0	0	0	0	0	0
4.71	4.992523604	-0.9059345939	0	0	0	0	0	0	0
4.72	5.018680303	-0.9032127171	0	0	0	0	0	0	0
4.73	5.044470398	-0.9001110567	0	0	0	0	0	0	0
4.74	5.069959627	-0.896644717	0	0	0	0	0	0	0
4.75	5.095293913	-0.8928291222	0	0	0	0	0	0	0
4.76	5.120635449	-0.8886657834	0	0	0	0	0	0	0
4.77	5.146126296	-0.8841482357	0	0	0	0	0	0	0
4.78	5.171881252	-0.8792752975	0	0	0	0	0	0	0
4.79	5.197997115	-0.8740575635	0	0	0	0	0	0	0
4.8	5.224566584	-0.8685105066	0	0	0	0	0	0	0
4.81	5.251688567	-0.8626372091	0	0	0	0	0	0	0
4.82	5.279467162	-0.8564051515	0	0	0	0	0	0	0
4.83	5.307993494	-0.84972713	0	0	0	0	0	0	0
4.84	5.337306768	-0.84245789	0	0	0	0	0	0	0
4.85	5.367345287	-0.8344196849	0	0	0	0	0	0	0
4.86	5.397911951	-0.8254573382	0	0	0	0	0	0	0
4.87	5.428674491	-0.8155017919	0	0	0	0	0	0	0
4.88	5.459194845	-0.8046151463	0	0	0	0	0	0	0
4.89	5.488963888	-0.7930140184	0	0	0	0	0	0	0
4.9	5.517442573	-0.7810793519	0	0	0	0	0	0	0
4.91	5.544114986	-0.7693417091	0	0	0	0	0	0	0
4.92	5.568544933	-0.7584250081	0	0	0	0	0	0	0
4.93	5.590411724	-0.748974596	0	0	0	0	0	0	0
4.94	5.609523921	-0.7415891859	0	0	0	0	0	0	0
4.95	5.6258208	-0.7367509726	0	0	0	0	0	0	0
4.96	5.639360893	-0.734769046	0	0	0	0	0	0	0
4.97	5.650302913	-0.7357560579	0	0	0	0	0	0	0
4.98	5.658885208	-0.7396389562	0	0	0	0	0	0	0
4.99	5.665403803	-0.7461984321	0	0	0	0	0	0	0
5	5.670188067	-0.7551199686	0	0	0	0	0	0	0
5.01	5.673580876	-0.7659873455	0	0	0	0	0	0	0
5.02	5.675913801	-0.7783595841	0	0	0	0	0	0	0
5.03	5.677425781	-0.7920709311	0	0	0	0	0	0	0
5.04	5.678306577	-0.8071157915	0	0	0	0	0	0	0
5.05	5.678785336	-0.8234277837	0	0	0	0	0	0	0
5.06	5.679149678	-0.8408619005	0	0	0	0	0	0	0
5.07	5.679706087	-0.8592686739	0	0	0	0	0	0	0
5.08	5.681479295	-0.8776872404	0	0	0	0	0	0	0
5.09	5.684558925	-0.8958400677	0	0	0	0	0	0	0
5.1	5.687558403	-0.9141039389	0	0	0	0	0	0	0
5.11	5.690062585	-0.9316130033	0	0	0	0	0	0	0
5.12	5.692053315	-0.9480429786	0	0	0	0	0	0	0
5.13	5.692926135	-0.9589831445	0	-327.6090416	682.4740012	0	0	0	0
5.14	5.693189808	-0.9654456934	0	-477.5380087	699.1459042	0	0	0	0
5.15	5.693588667	-0.9711414082	0	-539.1933042	683.1721033	0	0	0	0
5.16	5.694055701	-0.9757401656	0	-519.1414562	655.3281272	0	0	0	0
5.17	5.694468673	-0.9791541443	0	-439.5048006	619.5891205	0	0	0	0
5.18	5.69475719	-0.9814865763	0	-290.0005605	583.137645	0	0	0	0
5.19	5.694917974	-0.9829607518	0	-137.0241251	552.6985395	0	0	0	0
5.2	5.694981855	-0.983849084	0	-42.57460531	534.1743174	0	0	0	0
5.21	5.695007422	-0.9844109177	0	-26.38480933	530.4529928	0	0	0	0
5.22	5.695029612	-0.9848583492	0	-34.30610743	540.4750906	0	0	0	0
5.23	5.695062542	-0.9852944496	0	-51.69154683	553.4789155	0	0	0	0
5.24	5.695105318	-0.9856953471	0	-60.48125968	559.5626221	0	0	0	0
5.25	5.69515034	-0.9860031239	0	-58.78251519	558.5333158	0	0	0	0
5.26	5.69519195	-0.9862019954	0	-51.75425989	554.9944776	0	0	0	0
5.27	5.695227767	-0.9863180345	0	-43.19575058	552.4680261	0	0	0	0
5.28	5.695257108	-0.9863905385	0	-34.55209932	552.428305	0	0	0	0
5.29	5.695280067	-0.9864565112	0	-26.6025162	555.6590809	0	0	0	0
5.3	5.695297399	-0.9865488351	0	-20.12482642	562.8639232	0	0	0	0
5.31	5.695310354	-0.986695191	0	-15.45439702	574.2219761	0	0	0	0
5.32	5.695320269	-0.9869124304	0	-12.36167245	588.8932493	0	0	0	0
5.33	5.695328121	-0.98720039	0	-10.13580648	605.0322525	0	0	0	0
5.34	5.695334286	-0.9875398649	0	-7.803778798	620.2265383	0	0	0	0
5.35	5.695338456	-0.9878960089	0	-4.357900609	632.0833691	0	0	0	0
5.36	5.695339691	-0.9882256176	0	1.015167341	638.6704407	0	0	0	0
5.37	5.695336658	-0.9884850876	0	8.685146891	638.7677015	0	0	0	0
5.38	5.695327847	-0.9886373416	0	18.46969269	631.9246258	0	0	0	0
5.39	5.695311805	-0.9886563896	0	29.74297493	618.4081274	0	0	0	0
5.4	5.695287324	-0.9885294408	0	41.68889303	599.1262998	0	0	0	0
5.41	5.695253422	-0.9882576274	0	53.57598648	575.6003874	0	0	0	0
5.42	5.695209352	-0.9878562524	0	64.87766744	549.8854994	0	0	0	0
5.43	5.69515463	-0.9873540472	0	75.29476646	524.3966104	0	0	0	0
5.44	5.695089116	-0.9867910565	0	84.67341918	501.598617	0	0	0	0
5.45	5.695013234	-0.9862145604	0	92.86428589	483.6074905	0	0	0	0
5.46	5.694928232	-0.9856731389	0	99.58313547	471.8043108	0	0	0	0
5.47	5.694836369	-0.9852095724	0	104.3284012	466.5208123	0	0	0	0
5.48	5.694740804	-0.9848530535	0	106.450431	466.7873308	0	0	0	0
5.49	5.694645191	-0.984611336	0	105.2885382	470.2377842	0	0	0	0
5.5	5.694553084	-0.9844649998	0	100.341502	473.295431	0	0	0	0
5.51	5.694467517	-0.9843656976	0	91.33535714	471.6109716	0	0	0	0
5.52	5.69439101	-0.9842395657	0	78.14250932	460.6954429	0	0	0	0
5.53	5.694326034	-0.9839957943	0	60.70974834	436.6755734	0	0	0	0
5.54	5.694275862	-0.9835392097	0	39.14452444	397.0705469	0	0	0	0
5.55	5.694245937	-0.9827851147	0	13.89903919	341.5501875	0	0	0	0
5.56	5.694246463	-0.9816747095	0	-14.00391447	272.5025024	0	0	0	0
5.57	5.69429905	-0.9801884097	0	-42.54952563	195.1053222	0	0	0	0
5.58	5.694461184	-0.9783550731	0	-67.0709187	117.0265289	0	0	0	0
5.59	5.695177556	-0.9762689711	0	-44.01165727	55.42229778	0	0	0	0
5.6	5.697994806	-0.9743137891	0	-36.14736288	48.00463433	0	0	0	0
5.61	5.702539621	-0.9727213203	0	-35.98157167	50.30967626	0	0	0	0
5.62	5.708030938	-0.9714086162	0	-34.0559289	49.28130492	0	0	0	0
5.63	5.714015134	-0.9702789986	0	-30.18183956	44.40616571	0	0	0	0
5.64	5.720133866	-0.9692593539	0	-24.84637731	36.50274903	0	0	0	0
5.65	5.726096583	-0.9683081168	0	-19.57277475	28.34113555	0	0	0	0
5.66	5.731716652	-0.9674205462	0	-16.17673298	22.94733557	0	0	0	0
5.67	5.736902299	-0.9666168586	0	-16.81162581	23.32285805	0	0	0	0
5.68	5.74157947	-0.9660895548	0	-29.74277892	41.15642697	0	0	0	0
5.69	5.747316922	-0.9653945381	0	0	0	0	0	0	0
5.7	5.754563287	-0.964155012	0	0	0	0	0	0	0
5.71	5.763044704	-0.9620870664	0	0	0	0	0	0	0
5.72	5.773415	-0.9593685362	0	0	0	0	0	0	0
5.73	5.786745595	-0.9562031303	0	0	0	0	0	0	0
5.74	5.803754059	-0.9532136927	0	0	0	0	0	0	0
5.75	5.8242236	-0.9507665473	0	0	0	0	0	0	0
5.76	5.847122484	-0.9483934649	0	0	0	0	0	0	0
5.77	5.87110634	-0.9454064708	0	0	0	0	0	0	0
5.78	5.895085424	-0.9415159438	0	0	0	0	0	0	0
5.79	5.918491299	-0.9369562867	0	0	0	0	0	0	0
5.8	5.941239105	-0.9322636977	0	0	0	0	0	0	0
5.81	5.963577623	-0.9279832282	0	0	0	0	0	0	0
5.82	5.985933103	-0.9243483013	0	0	0	0	0	0	0
5.83	6.008637751	-0.9212481896	0	0	0	0	0	0	0
5.84	6.031937792	-0.9185115879	0	0	0	0	0	0	0
5.85	6.056030644	-0.9160703498	0	0	0	0	0	0	0
5.86	6.081008947	-0.9138995549	0	0	0	0	0	0	0
5.87	6.106793713	-0.9119143494	0	0	0	0	0	0	0
5.88	6.133132345	-0.9099514001	0	0	0	0	0	0	0
5.89	6.159677431	-0.907825807	0	0	0	0	0	0	0
5.9	6.186104607	-0.9053969325	0	0	0	0	0	0	0
5.91	6.212210394	-0.9025970145	0	0	0	0	0	0	0
5.92	6.237951006	-0.8994183018	0	0	0	0	0	0	0
5.93	6.26341305	-0.8958782328	0	0	0	0	0	0	0
5.94	6.288749714	-0.8919899732	0	0	0	0	0	0	0
5.95	6.314120982	-0.8877526637	0	0	0	0	0	0	0
5.96	6.339663476	-0.8831600235	0	0	0	0	0	0	0
5.97	6.365487781	-0.878213134	0	0	0	0	0	0	0
5.98	6.391689939	-0.8729249362	0	0	0	0	0	0	0
5.99	6.418364258	-0.8673099644	0	0	0	0	0	0	0
6	6.445611359	-0.8613651053	0	0	0	0	0	0	0
6.01	6.473535665	-0.8550483313	0	0	0	0	0	0	0
6.02	6.502221524	-0.8482595144	0	0	0	0	0	0	0
6.03	6.531690981	-0.8408431426	0	0	0	0	0	0	0
6.04	6.561855573	-0.8326208164	0	0	0	0	0	0	0
6.05	6.592488122	-0.8234505153	0	0	0	0	0	0	0
6.06	6.62323119	-0.8132881999	0	0	0	0	0	0	0
6.07	6.65362851	-0.8022273536	0	0	0	0	0	0	0
6.08	6.683161638	-0.7905191954	0	0	0	0	0	0	0
6.09	6.711291393	-0.77857965	0	0	0	0	0	0	0
6.1	6.737514708	-0.7669647247	0	0	0	0	0	0	0
6.11	6.761418771	-0.7563079414	0	0	0	0	0	0	0
6.12	6.78270991	-0.7472501901	0	0	0	0	0	0	0
6.13	6.801224917	-0.7403710274	0	0	0	0	0	0	0
6.14	6.816930108	-0.7361189167	0	0	0	0	0	0	0
6.15	6.829907098	-0.7347615805	0	0	0	0	0	0	0
6.16	6.840333233	-0.7363701908	0	0	0	0	0	0	0
6.17	6.848461033	-0.7408367027	0	0	0	0	0	0	0
6.18	6.85459559	-0.7479179859	0	0	0	0	0	0	0
6.19	6.85906914	-0.7572830631	0	0	0	0	0	0	0
6.2	6.862227342	-0.7684911098	0	0	0	0	0	0	0
6.21	6.864385999	-0.7811422025	0	0	0	0	0	0	0
6.22	6.865765365	-0.7951278574	0	0	0	0	0	0	0
6.23	6.866556659	-0.8104418983	0	0	0	0	0	0	0
6.24	6.86700207	-0.826997504	0	0	0	0	0	0	0
6.25	6.867396546	-0.8446427593	0	0	0	0	0	0	0
6.26	6.868042695	-0.863235636	0	0	0	0	0	0	0
6.27	6.870277351	-0.8814445538	0	0	0	0	0	0	0
6.28	6.873392982	-0.8996897994	0	0	0	0	0	0	0
6.29	6.876307185	-0.917851106	0	0	0	0	0	0	0
6.3	6.878696829	-0.9351413792	0	0	0	0	0	0	0
6.31	6.880592283	-0.951331482	0	-59.642307	75.11603393	0	0	0	0
6.32	6.881149783	-0.9603704956	0	-342.6728586	692.740632	0	0	0	0
6.33	6.881442043	-0.9667099598	0	-501.1013826	696.7454028	0	0	0	0
6.34	6.881863953	-0.9721910406	0	-538.4398103	677.902893	0	0	0	0
6.35	6.882329815	-0.9765405807	0	-508.9701278	647.8380833	0	0	0	0
6.36	6.882720102	-0.9797131728	0	-412.3354271	611.4200138	0	0	0	0
6.37	6.882981064	-0.9818446734	0	-256.1199125	575.6907073	0	0	0	0
6.38	6.883118415	-0.9831738242	0	-110.9898331	547.4399866	0	0	0	0
6.39	6.883169069	-0.9839747764	0	-35.57730854	531.8450082	0	0	0	0
6.4	6.883192846	-0.9844987659	0	-26.26701415	531.449395	0	0	0	0
6.41	6.883216803	-0.9849412377	0	-38.26818267	543.2385661	0	0	0	0
6.42	6.883252483	-0.9853757908	0	-54.75163524	555.3180685	0	0	0	0
6.43	6.883296542	-0.9857620786	0	-61.04916297	559.6724768	0	0	0	0
6.44	6.883341337	-0.986047427	0	-57.73238833	557.7332903	0	0	0	0
6.45	6.883381954	-0.9862267075	0	-50.10907647	554.2117416	0	0	0	0
6.46	6.883416495	-0.9863310432	0	-41.39830886	552.1495495	0	0	0	0
6.47	6.883444486	-0.9864000021	0	-32.79988304	552.7645014	0	0	0	0
6.48	6.883466173	-0.9864697788	0	-25.08534553	556.8206509	0	0	0	0
6.49	6.883482447	-0.9865723734	0	-18.95374769	564.9548655	0	0	0	0
6.5	6.883494625	-0.9867337843	0	-14.64154182	577.1579566	0	0	0	0
6.51	6.883504006	-0.9869676314	0	-11.80249249	592.3529577	0	0	0	0
6.52	6.883511465	-0.987269659	0	-9.640164802	608.5310099	0	0	0	0
6.53	6.883517223	-0.9876169365	0	-7.16004607	623.241503	0	0	0	0
6.54	6.88352083	-0.9879721723	0	-3.365700152	634.1530775	0	0	0	0
6.55	6.88352126	-0.9882913401	0	2.478973761	639.4734703	0	0	0	0
6.56	6.883517112	-0.9885317885	0	10.62655989	638.1483572	0	0	0	0
6.57	6.883506873	-0.9886585144	0	20.78472839	629.8856489	0	0	0	0
6.58	6.883489132	-0.9886482416	0	32.26430455	615.0896561	0	0	0	0
6.59	6.883462732	-0.988491052	0	44.2457733	594.7987038	0	0	0	0
6.6	6.883426744	-0.9881910478	0	56.03145382	570.6469454	0	0	0	0
6.61	6.883380488	-0.9877663404	0	67.14748648	544.7742793	0	0	0	0
6.62	6.883323537	-0.9872481468	0	77.33532776	519.6303382	0	0	0	0
6.63	6.883255847	-0.9866783203	0	86.45723062	497.6396662	0	0	0	0
6.64	6.883177996	-0.9861048336	0	94.34958631	480.796134	0	0	0	0
6.65	6.883091427	-0.98557564	0	100.6887776	470.294195	0	0	0	0
6.66	6.882998583	-0.9851314321	0	104.9418933	466.2249447	0	0	0	0
6.67	6.882902764	-0.984797682	0	106.445696	467.3440058	0	0	0	0
6.68	6.882807637	-0.9845771538	0	104.5557761	471.027738	0	0	0	0
6.69	6.88271667	-0.9844447304	0	98.81674789	473.5073478	0	0	0	0
6.7	6.882632775	-0.9843466213	0	88.99197715	470.3534037	0	0	0	0
6.71	6.882558404	-0.9842048409	0	74.97075465	457.139928	0	0	0	0
6.72	6.882496116	-0.9839267047	0	56.71551688	430.2061821	0	0	0	0
6.73	6.882449469	-0.9834178996	0	34.38622983	387.4367759	0	0	0	0
6.74	6.882424566	-0.9825976578	0	8.525479884	329.0004027	0	0	0	0
6.75	6.882433108	-0.981413932	0	-19.69491376	257.8393322	0	0	0	0
6.76	6.882500633	-0.9798560027	0	-47.96165438	179.6409372	0	0	0	0
6.77	6.882700851	-0.9779629545	0	-69.95830049	102.5477303	0	0	0	0
6.78	6.883728091	-0.9758613475	0	-40.32445575	51.16521961	0	0	0	0
6.79	6.886961071	-0.9739764291	0	-36.17629194	48.59352596	0	0	0	0
6.8	6.891738738	-0.9724474364	0	-35.79122168	50.44769563	0	0	0	0
6.81	6.897357234	-0.9711774517	0	-33.46545688	48.65625633	0	0	0	0
6.82	6.903394731	-0.9700742538	0	-29.23046451	43.0523335	0	0	0	0
6.83	6.909503132	-0.9690699451	0	-23.75246357	34.8250456	0	0	0	0
6.84	6.915410236	-0.9681303329	0	-18.71091352	26.99202539	0	0	0	0
6.85	6.920950068	-0.9672568047	0	-15.83041532	22.36071308	0	0	0	0
6.86	6.926035414	-0.9664812602	0	-23.05617661	31.73279349	0	0	0	0
6.87	6.930744927	-0.9659862724	0	-23.12542284	32.44839183	0	0	0	0
6.88	6.936819967	-0.9652095084	0	0	0	0	0	0	0
6.89	6.944285879	-0.963814925	0	0	0	0	0	0	0
6.9	6.953066713	-0.9615938878	0	0	0	0	0	0	0
6.91	6.963911395	-0.9587706594	0	0	0	0	0	0	0
6.92	6.977930961	-0.9555694385	0	0	0	0	0	0	0
6.93	6.99565579	-0.9526831817	0	0	0	0	0	0	0
6.94	7.016696055	-0.9503028289	0	0	0	0	0	0	0
6.95	7.039908658	-0.9478556939	0	0	0	0	0	0	0
6.96	7.063961933	-0.9446967269	0	0	0	0	0	0	0
6.97	7.087858304	-0.9406442394	0	0	0	0	0	0	0
6.98	7.111133355	-0.9360140166	0	0	0	0	0	0	0
6.99	7.133777131	-0.9313670333	0	0	0	0	0	0	0
7	7.156091423	-0.9272108601	0	0	0	0	0	0	0
7.01	7.178498225	-0.9236978311	0	0	0	0	0	0	0
7.02	7.201306056	-0.9206813438	0	0	0	0	0	0	0
7.03	7.224751962	-0.9180058413	0	0	0	0	0	0	0
7.04	7.249019366	-0.9156209027	0	0	0	0	0	0	0
7.05	7.2741716	-0.913496353	0	0	0	0	0	0	0
7.06	7.300093381	-0.9115304157	0	0	0	0	0	0	0
7.07	7.326505364	-0.9095497858	0	0	0	0	0	0	0
7.08	7.353055533	-0.9073739396	0	0	0	0	0	0	0
7.09	7.379436379	-0.9048755246	0	0	0	0	0	0	0
7.1	7.40547471	-0.9020005881	0	0	0	0	0	0	0
7.11	7.431156045	-0.8987492217	0	0	0	0	0	0	0
7.12	7.456585112	-0.8951397908	0	0	0	0	0	0	0
7.13	7.48192007	-0.8911828012	0	0	0	0	0	0	0
7.14	7.507317701	-0.8868753423	0	0	0	0	0	0	0
7.15	7.532909594	-0.8822119087	0	0	0	0	0	0	0
7.16	7.558802381	-0.8771959341	0	0	0	0	0	0	0
7.17	7.585090768	-0.8718417817	0	0	0	0	0	0	0
7.18	7.611869975	-0.8661620983	0	0	0	0	0	0	0
7.19	7.639242797	-0.8601485104	0	0	0	0	0	0	0
7.2	7.667312064	-0.8537479838	0	0	0	0	0	0	0
7.21	7.696153625	-0.8468484319	0	0	0	0	0	0	0
7.22	7.725771342	-0.8392861837	0	0	0	0	0	0	0
7.23	7.756050583	-0.8308847396	0	0	0	0	0	0	0
7.24	7.786736406	-0.8215170785	0	0	0	0	0	0	0
7.25	7.817448773	-0.8111642145	0	0	0	0	0	0	0
7.26	7.847716417	-0.7999500687	0	0	0	0	0	0	0
7.27	7.877012818	-0.7881579306	0	0	0	0	0	0	0
7.28	7.904801425	-0.7762348761	0	0	0	0	0	0	0
7.29	7.930593172	-0.7647585982	0	0	0	0	0	0	0
7.3	7.95399729	-0.7543696735	0	0	0	0	0	0	0
7.31	7.974745926	-0.745701756	0	0	0	0	0	0	0
7.32	7.992702323	-0.739313425	0	0	0	0	0	0	0
7.33	8.007856972	-0.7356204438	0	0	0	0	0	0	0
7.34	8.020312144	-0.7348516428	0	0	0	0	0	0	0
7.35	8.030261537	-0.7370402358	0	0	0	0	0	0	0
7.36	8.037970202	-0.7420471602	0	0	0	0	0	0	0
7.37	8.043750746	-0.7496090693	0	0	0	0	0	0	0
7.38	8.047937606	-0.7593776718	0	0	0	0	0	0	0
7.39	8.050878101	-0.770893804	0	0	0	0	0	0	0
7.4	8.052869966	-0.7838092852	0	0	0	0	0	0	0
7.41	8.054119477	-0.7980589337	0	0	0	0	0	0	0
7.42	8.054823842	-0.8136279848	0	0	0	0	0	0	0
7.43	8.055237499	-0.8304113269	0	0	0	0	0	0	0
7.44	8.055661275	-0.8482534399	0	0	0	0	0	0	0
7.45	8.056398978	-0.8670095171	0	0	0	0	0	0	0
7.46	8.059048877	-0.8850158261	0	0	0	0	0	0	0
7.47	8.062172964	-0.9033259719	0	0	0	0	0	0	0
7.48	8.064993647	-0.9213575097	0	0	0	0	0	0	0
7.49	8.067277547	-0.9384353076	0	0	0	0	0	0	0
7.5	8.069031535	-0.9540743399	0	-346.0661233	433.202008	0	0	0	0
7.51	8.069365819	-0.9616672381	0	-381.1757093	696.9008621	0	0	0	0
7.52	8.069686418	-0.9678748103	0	-517.9566508	693.9446949	0	0	0	0
7.53	8.070126511	-0.9731444745	0	-535.694271	672.7294345	0	0	0	0
7.54	8.070585778	-0.9772577599	0	-496.6203427	640.7919353	0	0	0	0
7.55	8.070952262	-0.9802087947	0	-384.0289329	604.0104085	0	0	0	0
7.56	8.071187215	-0.9821603954	0	-224.4500799	569.2157727	0	0	0	0
7.57	8.071303599	-0.9833633505	0	-88.91094446	543.2024454	0	0	0	0
7.58	8.071344432	-0.9840908604	0	-33.86256451	530.3688427	0	0	0	0
7.59	8.071367043	-0.9845863784	0	-27.13174772	533.0668973	0	0	0	0
7.6	8.071393004	-0.9850263098	0	-41.95876758	545.9724361	0	0	0	0
7.61	8.071430958	-0.9854566396	0	-57.003322	556.8266003	0	0	0	0
7.62	8.071475765	-0.9858261018	0	-61.02573642	559.6117033	0	0	0	0
7.63	8.071520032	-0.9860894441	0	-56.44453313	557.0055651	0	0	0	0
7.64	8.071559548	-0.9862509787	0	-48.43433018	553.6119926	0	0	0	0
7.65	8.071592815	-0.9863453741	0	-39.67378657	552.0188144	0	0	0	0
7.66	8.071619519	-0.9864119155	0	-31.17055289	553.2613508	0	0	0	0
7.67	8.071640041	-0.9864859411	0	-23.72364246	558.0936575	0	0	0	0
7.68	8.07165539	-0.9865986249	0	-17.95399393	567.0758931	0	0	0	0
7.69	8.071666916	-0.9867740437	0	-13.98184998	580.0012472	0	0	0	0
7.7	8.071675866	-0.987022598	0	-11.34859278	595.5831012	0	0	0	0
7.71	8.071682984	-0.9873362221	0	-9.20728929	611.6790243	0	0	0	0
7.72	8.071688371	-0.987688589	0	-6.538703108	625.8101909	0	0	0	0
7.73	8.071691444	-0.9880404209	0	-2.382351118	635.7381809	0	0	0	0
7.74	8.07169108	-0.9883473919	0	3.917110029	639.8046836	0	0	0	0
7.75	8.071685841	-0.9885678958	0	12.50389524	637.1095587	0	0	0	0
7.76	8.071674217	-0.9886690597	0	22.98741672	627.5053856	0	0	0	0
7.77	8.071654845	-0.9886301773	0	34.6280203	611.525223	0	0	0	0
7.78	8.071626611	-0.988444078	0	46.61902586	590.3281952	0	0	0	0
7.79	8.071588637	-0.9881176606	0	58.30011751	565.6569411	0	0	0	0
7.8	8.071540286	-0.9876717326	0	69.24343901	539.7314679	0	0	0	0
7.81	8.071481203	-0.9871398315	0	79.22442014	515.0241554	0	0	0	0
7.82	8.071411453	-0.9865653729	0	88.11399612	493.9043297	0	0	0	0
7.83	8.071331754	-0.9859968784	0	95.7270828	478.2381232	0	0	0	0
7.84	8.071243736	-0.9854814682	0	101.7029479	469.0263688	0	0	0	0
7.85	8.07115004	-0.9850574852	0	105.4644508	466.1140331	0	0	0	0
7.86	8.07105408	-0.9847464922	0	106.3462207	467.981307	0	0	0	0
7.87	8.070959524	-0.984546077	0	103.7315379	471.7531292	0	0	0	0
7.88	8.070869746	-0.9844254374	0	97.20614773	473.4906175	0	0	0	0
7.89	8.070787542	-0.9843255587	0	86.57337681	468.708324	0	0	0	0
7.9	8.070715325	-0.9841647227	0	71.72776326	453.072038	0	0	0	0
7.91	8.070655771	-0.983848846	0	52.65750905	423.1596433	0	0	0	0
7.92	8.070612785	-0.9832850376	0	29.58385301	377.244246	0	0	0	0
7.93	8.070593251	-0.9823969421	0	3.147540982	316.0088981	0	0	0	0
7.94	8.070610607	-0.9811397245	0	-25.31223614	242.9530279	0	0	0	0
7.95	8.070695269	-0.9795118297	0	-53.12383583	164.2553784	0	0	0	0
7.96	8.070946121	-0.9775629355	0	-69.63500554	88.48942168	0	0	0	0
7.97	8.072359557	-0.9754657735	0	-38.13140773	48.85231838	0	0	0	0
7.98	8.075968717	-0.9736537162	0	-36.21481923	49.17116169	0	0	0	0
7.99	8.080951683	-0.9721835094	0	-35.50002666	50.40640796	0	0	0	0
8	8.086680889	-0.9709524707	0	-32.78764891	47.86099882	0	0	0	0
8.01	8.092757595	-0.9698729469	0	-28.22237409	41.58185466	0	0	0	0
8.02	8.098844527	-0.9688826659	0	-22.67648877	33.16486802	0	0	0	0
8.03	8.104689577	-0.9679548584	0	-17.93887262	25.77702716	0	0	0	0
8.04	8.110146466	-0.9670963601	0	-15.60878438	21.95432153	0	0	0	0
8.05	8.11511158	-0.9663695323	0	-31.21043424	42.63219624	0	0	0	0
8.06	8.119954128	-0.9658676576	0	-16.01395698	22.84322774	0	0	0	0
8.07	8.126352472	-0.9650012565	0	0	0	0	0	0	0
8.08	8.13403778	-0.9634434676	0	0	0	0	0	0	0
8.09	8.143150682	-0.9610825108	0	0	0	0	0	0	0
8.1	8.154521119	-0.9581599901	0	0	0	0	0	0	0
8.11	8.16924879	-0.9549612122	0	0	0	0	0	0	0
8.12	8.187676639	-0.9521882225	0	0	0	0	0	0	0
8.13	8.209243368	-0.9498527593	0	0	0	0	0	0	0
8.14	8.232718435	-0.9473074654	0	0	0	0	0	0	0
8.15	8.256802997	-0.9439710822	0	0	0	0	0	0	0
8.16	8.280598302	-0.939769776	0	0	0	0	0	0	0
8.17	8.303740301	-0.9350900069	0	0	0	0	0	0	0
8.18	8.326288033	-0.9305068644	0	0	0	0	0	0	0
8.19	8.348590322	-0.9264773784	0	0	0	0	0	0	0
8.2	8.371054641	-0.9230768596	0	0	0	0	0	0	0
8.21	8.393969508	-0.9201358349	0	0	0	0	0	0	0
8.22	8.417563647	-0.9175186707	0	0	0	0	0	0	0
8.23	8.442003479	-0.9151884675	0	0	0	0	0	0	0
8.24	8.467320395	-0.9131058118	0	0	0	0	0	0	0
8.25	8.493363301	-0.9111521095	0	0	0	0	0	0	0
8.26	8.519829837	-0.9091468431	0	0	0	0	0	0	0
8.27	8.546368121	-0.906916282	0	0	0	0	0	0	0
8.28	8.572690921	-0.9043470169	0	0	0	0	0	0	0
8.29	8.598656384	-0.9013980633	0	0	0	0	0	0	0
8.3	8.624277657	-0.8980758567	0	0	0	0	0	0	0
8.31	8.649675197	-0.894398709	0	0	0	0	0	0	0
8.32	8.675010283	-0.8903742821	0	0	0	0	0	0	0
8.33	8.700435711	-0.885998066	0	0	0	0	0	0	0
8.34	8.726077601	-0.8812655582	0	0	0	0	0	0	0
8.35	8.752039169	-0.8761826316	0	0	0	0	0	0	0
8.36	8.778414459	-0.8707647796	0	0	0	0	0	0	0
8.37	8.805299811	-0.8650219929	0	0	0	0	0	0	0
8.38	8.832799265	-0.8589392066	0	0	0	0	0	0	0
8.39	8.861013205	-0.8524524828	0	0	0	0	0	0	0
8.4	8.890007444	-0.845438253	0	0	0	0	0	0	0
8.41	8.919766068	-0.837726346	0	0	0	0	0	0	0
8.42	8.950147699	-0.829144666	0	0	0	0	0	0	0
8.43	8.980870954	-0.8195832509	0	0	0	0	0	0	0
8.44	9.011535486	-0.8090490324	0	0	0	0	0	0	0
8.45	9.041656018	-0.7976951757	0	0	0	0	0	0	0
8.46	9.070700647	-0.7858379274	0	0	0	0	0	0	0
8.47	9.098136481	-0.7739540064	0	0	0	0	0	0	0
8.48	9.123491523	-0.7626381636	0	0	0	0	0	0	0
8.49	9.146397108	-0.7525349819	0	0	0	0	0	0	0
8.5	9.166610476	-0.7442693062	0	0	0	0	0	0	0
8.51	9.18402023	-0.7383769251	0	0	0	0	0	0	0
8.52	9.198639987	-0.7352395835	0	0	0	0	0	0	0
8.53	9.210591385	-0.7350477009	0	0	0	0	0	0	0
8.54	9.220083711	-0.7377983696	0	0	0	0	0	0	0
8.55	9.227392752	-0.7433242945	0	0	0	0	0	0	0
8.56	9.232838243	-0.7513438992	0	0	0	0	0	0	0
8.57	9.236756435	-0.7614895809	0	0	0	0	0	0	0
8.58	9.239493471	-0.7732938544	0	0	0	0	0	0	0
8.59	9.241327551	-0.7864674457	0	0	0	0	0	0	0
8.6	9.242455017	-0.8009762103	0	0	0	0	0	0	0
8.61	9.243081518	-0.8167914532	0	0	0	0	0	0	0
8.62	9.243473091	-0.8337923375	0	0	0	0	0	0	0
8.63	9.243934353	-0.8518227372	0	0	0	0	0	0	0
8.64	9.244871405	-0.8705937455	0	0	0	0	0	0	0
8.65	9.24781516	-0.8885374761	0	0	0	0	0	0	0
8.66	9.250921474	-0.9068735206	0	0	0	0	0	0	0
8.67	9.253642392	-0.9247520482	0	0	0	0	0	0	0
8.68	9.255826212	-0.9416179689	0	0	0	0	0	0	0
8.69	9.257327658	-0.9560180013	0	-446.5128881	570.8654125	0	0	0	0
8.7	9.257580787	-0.9629226885	0	-416.7078499	699.1477181	0	0	0	0
8.71	9.257928484	-0.9689790872	0	-529.3156687	690.6883493	0	0	0	0
8.72	9.258382323	-0.9740342709	0	-531.5691385	667.260184	0	0	0	0
8.73	9.258830507	-0.9779162583	0	-481.3512316	633.7612798	0	0	0	0
8.74	9.259172325	-0.980657023	0	-354.4400989	596.8660837	0	0	0	0
8.75	9.25938233	-0.9824422477	0	-194.4098014	563.2536666	0	0	0	0
8.76	9.259479729	-0.9835321559	0	-70.27095605	539.5947197	0	0	0	0
8.77	9.259513768	-0.9841968785	0	-31.75211569	529.7160714	0	0	0	0
8.78	9.25953553	-0.9846714377	0	-28.89918599	535.0963054	0	0	0	0
8.79	9.259563736	-0.9851103899	0	-45.48175445	548.5568142	0	0	0	0
8.8	9.259603646	-0.9855341443	0	-58.70905125	557.9800545	0	0	0	0
8.81	9.259648867	-0.9858851979	0	-60.64746151	559.3553381	0	0	0	0
8.82	9.259692449	-0.9861271708	0	-55.05622417	556.2827074	0	0	0	0
8.83	9.259730831	-0.9862726755	0	-46.76442798	553.1090156	0	0	0	0
8.84	9.259762835	-0.9863588013	0	-37.99161482	552.0089297	0	0	0	0
8.85	9.259788298	-0.9864242633	0	-29.63334495	553.8932704	0	0	0	0
8.86	9.25980773	-0.9865036056	0	-22.46986211	559.5059882	0	0	0	0
8.87	9.259822233	-0.9866270225	0	-17.05351944	569.306059	0	0	0	0
8.88	9.259833175	-0.9868164712	0	-13.38261569	582.8841574	0	0	0	0
8.89	9.259841725	-0.9870789935	0	-10.92519483	598.7518793	0	0	0	0
8.9	9.259848523	-0.9874027816	0	-8.763463973	614.6620863	0	0	0	0
8.91	9.259853534	-0.9877584617	0	-5.875311358	628.1455706	0	0	0	0
8.92	9.259856043	-0.9881051956	0	-1.342510263	637.0487021	0	0	0	0
8.93	9.259854852	-0.9883985728	0	5.406680697	639.8553026	0	0	0	0
8.94	9.259848494	-0.9885982908	0	14.40588668	635.8145622	0	0	0	0
8.95	9.25983547	-0.9886736343	0	25.17730686	624.916756	0	0	0	0
8.96	9.259814455	-0.9886064585	0	36.94453794	607.8202424	0	0	0	0
8.97	9.259784393	-0.9883923076	0	48.92315785	585.8009511	0	0	0	0
8.98	9.259744458	-0.9880407726	0	60.48696259	560.7007699	0	0	0	0
8.99	9.259694053	-0.9875752555	0	71.25676372	534.8126629	0	0	0	0
9	9.259632888	-0.9870314852	0	81.03493665	510.6203174	0	0	0	0
9.01	9.259561134	-0.9864543061	0	89.69559061	490.4267769	0	0	0	0
9.02	9.259479668	-0.9858924994	0	97.02356332	475.9563297	0	0	0	0
9.03	9.259390323	-0.9853920794	0	102.6185662	468.007698	0	0	0	0
9.04	9.259295909	-0.9849887752	0	105.8788099	466.175704	0	0	0	0
9.05	9.259199938	-0.9847000473	0	106.1290708	468.6702215	0	0	0	0
9.06	9.259106059	-0.98451825	0	102.7847193	472.3817509	0	0	0	0
9.07	9.259017542	-0.9844069799	0	95.47982186	473.2197388	0	0	0	0
9.08	9.258937081	-0.9843022746	0	84.04163526	466.6706016	0	0	0	0
9.09	9.258867081	-0.9841191117	0	68.37946283	448.5144924	0	0	0	0
9.1	9.258810353	-0.9837624941	0	48.51178203	415.5956591	0	0	0	0
9.11	9.258771219	-0.983141511	0	24.72693866	366.5990072	0	0	0	0
9.12	9.258757428	-0.9821847734	0	-2.228943302	302.7356053	0	0	0	0
9.13	9.258784492	-0.9808550084	0	-30.83160735	228.0439632	0	0	0	0
9.14	9.258888987	-0.9791599211	0	-58.00622497	149.1738445	0	0	0	0
9.15	9.259217106	-0.9771594358	0	-59.81102397	74.78074454	0	0	0	0
9.16	9.261066406	-0.9750880861	0	-36.9598891	47.86888357	0	0	0	0
9.17	9.265008436	-0.97334794	0	-36.22427219	49.67640807	0	0	0	0
9.18	9.270171757	-0.9719316328	0	-35.13509345	50.22044007	0	0	0	0
9.19	9.275995714	-0.970735782	0	-32.04690067	46.93129755	0	0	0	0
9.2	9.282098457	-0.9696772923	0	-27.18814254	40.04630899	0	0	0	0
9.21	9.288155025	-0.9686998955	0	-21.64586654	31.56798771	0	0	0	0
9.22	9.293933555	-0.9677840854	0	-17.2713497	24.71888735	0	0	0	0
9.23	9.299306594	-0.9669413609	0	-15.50965873	21.72446016	0	0	0	0
9.24	9.304146217	-0.9662785864	0	-35.74691794	48.7075214	0	0	0	0
9.25	9.309210475	-0.9657350026	0	-9.09537051	13.21120483	0	0	0	0
9.26	9.315904442	-0.9647683097	0	0	0	0	0	0	0
9.27	9.323816423	-0.9630460239	0	0	0	0	0	0	0
9.28	9.33328808	-0.9605590409	0	0	0	0	0	0	0
9.29	9.345225647	-0.9575441455	0	0	0	0	0	0	0
9.3	9.360664515	-0.954381152	0	0	0	0	0	0	0
9.31	9.379765637	-0.9517200659	0	0	0	0	0	0	0
9.32	9.401804747	-0.9494026029	0	0	0	0	0	0	0
9.33	9.425489707	-0.9467377294	0	0	0	0	0	0	0
9.34	9.449571466	-0.9432238177	0	0	0	0	0	0	0
9.35	9.473253769	-0.9388907953	0	0	0	0	0	0	0
9.36	9.496266821	-0.9341840449	0	0	0	0	0	0	0
9.37	9.518732858	-0.929681656	0	0	0	0	0	0	0
9.38	9.541038261	-0.925779077	0	0	0	0	0	0	0
9.39	9.563569168	-0.9224820379	0	0	0	0	0	0	0
9.4	9.586597612	-0.9196101569	0	0	0	0	0	0	0
9.41	9.610343925	-0.9170495131	0	0	0	0	0	0	0
9.42	9.634954649	-0.9147720326	0	0	0	0	0	0	0
9.43	9.660427803	-0.9127261906	0	0	0	0	0	0	0
9.44	9.686578325	-0.910777684	0	0	0	0	0	0	0
9.45	9.71308465	-0.9087414802	0	0	0	0	0	0	0
9.46	9.739599419	-0.906452605	0	0	0	0	0	0	0
9.47	9.765858929	-0.9038119668	0	0	0	0	0	0	0
9.48	9.791752441	-0.9007903247	0	0	0	0	0	0	0
9.49	9.817318549	-0.8973990048	0	0	0	0	0	0	0
9.5	9.842690515	-0.8936553684	0	0	0	0	0	0	0
9.51	9.868030928	-0.8895642566	0	0	0	0	0	0	0
9.52	9.893488224	-0.8851201249	0	0	0	0	0	0	0
9.53	9.919182989	-0.8803197707	0	0	0	0	0	0	0
9.54	9.945215743	-0.8751715209	0	0	0	0	0	0	0
9.55	9.971680172	-0.8696912568	0	0	0	0	0	0	0
9.56	9.998674146	-0.8638859629	0	0	0	0	0	0	0
9.57	10.02630234	-0.8577326882	0	0	0	0	0	0	0
9.58	10.0546616	-0.8511564509	0	0	0	0	0	0	0
9.59	10.08380605	-0.8440228273	0	0	0	0	0	0	0
9.6	10.11369856	-0.836156903	0	0	0	0	0	0	0
9.61	10.1441707	-0.8273934138	0	0	0	0	0	0	0
9.62	10.17491601	-0.8176412792	0	0	0	0	0	0	0
9.63	10.20551557	-0.8069334329	0	0	0	0	0	0	0
9.64	10.23547291	-0.7954534951	0	0	0	0	0	0	0
9.65	10.26425015	-0.7835500014	0	0	0	0	0	0	0
9.66	10.29132128	-0.7717270289	0	0	0	0	0	0	0
9.67	10.31623249	-0.7605931009	0	0	0	0	0	0	0
9.68	10.33863796	-0.7507944687	0	0	0	0	0	0	0
9.69	10.35831979	-0.7429451587	0	0	0	0	0	0	0
9.7	10.37519139	-0.7375558013	0	0	0	0	0	0	0
9.71	10.38928873	-0.7349728045	0	0	0	0	0	0	0
9.72	10.40075173	-0.7353489267	0	0	0	0	0	0	0
9.73	10.40980398	-0.7386469213	0	0	0	0	0	0	0
9.74	10.41673154	-0.7446734435	0	0	0	0	0	0	0
9.75	10.4218589	-0.7531310014	0	0	0	0	0	0	0
9.76	10.42552511	-0.7636299671	0	0	0	0	0	0	0
9.77	10.42807132	-0.7757077121	0	0	0	0	0	0	0
9.78	10.42975592	-0.7891357326	0	0	0	0	0	0	0
9.79	10.43076967	-0.8038994208	0	0	0	0	0	0	0
9.8	10.4313284	-0.8199530221	0	0	0	0	0	0	0
9.81	10.43170892	-0.8371625687	0	0	0	0	0	0	0
9.82	10.43221737	-0.8553740544	0	0	0	0	0	0	0
9.83	10.43355032	-0.8739699277	0	0	0	0	0	0	0
9.84	10.43657761	-0.8920299953	0	0	0	0	0	0	0
9.85	10.43964333	-0.9103515503	0	0	0	0	0	0	0
9.86	10.44226123	-0.9280593374	0	0	0	0	0	0	0
9.87	10.44435029	-0.9447144386	0	0	0	0	0	0	0
9.88	10.44555238	-0.9575209533	0	-364.4802901	637.2227779	0	0	0	0
9.89	10.44579781	-0.9641404219	0	-448.0479774	699.6410818	0	0	0	0
9.9	10.44617105	-0.9700302037	0	-535.9544134	687.0588368	0	0	0	0
9.91	10.44663397	-0.9748680309	0	-526.2683788	661.477973	0	0	0	0
9.92	10.44706729	-0.9785234849	0	-463.028507	626.7443833	0	0	0	0
9.93	10.447384	-0.9810641093	0	-324.0473543	589.9609753	0	0	0	0
9.94	10.44757014	-0.9826951181	0	-166.1691879	557.7748072	0	0	0	0
9.95	10.44765057	-0.9836837219	0	-55.1917806	536.564508	0	0	0	0
9.96	10.44767986	-0.9842954093	0	-28.67881513	529.6480122	0	0	0	0
9.97	10.44770157	-0.9847550034	0	-31.36905678	537.4299092	0	0	0	0
9.98	10.44773215	-0.9851934423	0	-48.76291119	550.9310548	0	0	0	0
9.99	10.4477737	-0.9856081918	0	-59.9272017	558.8034176	0	0	0	0
10	10.44781906	-0.9859396318	0	-59.98595536	558.9444456	0	0	0	0
