0	-0.07481932517	-0.9450067784	0	0.7140470668	-0.7000976978	0	0.7000976978	0.7140470668	0	0	0	1
0.01	-0.05718801651	-0.9419234896	0	0.7042534717	-0.7099486232	0	0.7099486232	0.7042534717	0	0	0	1
0.02	-0.04619884552	-0.9387737434	0	0.7063477014	-0.707865047	0	0.707865047	0.7063477014	0	0	0	1
0.03	-0.03868840974	-0.9350003014	0	0.7119392671	-0.7022410412	0	0.7022410412	0.7119392671	0	0	0	1
0.04	-0.03371037436	-0.9303551443	0	0.7196917501	-0.694293731	0	0.694293731	0.7196917501	0	0	0	1
0.05	-0.03027405259	-0.9248018686	0	0.7292713689	-0.6842245761	0	0.6842245761	0.7292713689	0	0	0	1
0.06	-0.02677670559	-0.9186130014	0	0.7388791584	-0.6738379548	0	0.6738379548	0.7388791584	0	0	0	1
0.07	-0.02172350451	-0.912370068	0	0.7465858072	-0.6652891345	0	0.6652891345	0.7465858072	0	0	0	1
0.08	-0.01425963546	-0.9067349681	0	0.7514924665	-0.6597416713	0	0.6597416713	0.7514924665	0	0	0	1
0.09	-0.004170633055	-0.9022278965	0	0.7537825688	-0.6571239145	0	0.6571239145	0.7537825688	0	0	0	1
0.1	0.008404475362	-0.8991687961	0	0.7542287709	-0.6566117278	0	0.6566117278	0.7542287709	0	0	0	1
0.11	0.02329807052	-0.8977540371	0	0.7536346109	-0.6572935975	0	0.6572935975	0.7536346109	0	0	0	1
0.12	0.04055213746	-0.8981749305	0	0.7523942339	-0.6587130763	0	0.6587130763	0.7523942339	0	0	0	1
0.13	0.06052587548	-0.9007054322	0	0.7502362181	-0.6611698852	0	0.6611698852	0.7502362181	0	0	0	1
0.14	0.08386719997	-0.9057182255	0	0.7461867285	-0.6657367093	0	0.6657367093	0.7461867285	0	0	0	1
0.15	0.1113799469	-0.9136175433	0	0.738725003	-0.674006951	0	0.674006951	0.738725003	0	0	0	1
0.16	0.1439260433	-0.9246651513	0	0.725907398	-0.6877924466	0	0.6877924466	0.725907398	0	0	0	1
0.17	0.1830398343	-0.9379892127	0	0.7033866899	-0.7108074032	0	0.7108074032	0.7033866899	0	0	0	1
0.18	0.228515305	-0.9517536535	0	0.670781588	-0.7416549475	0	0.7416549475	0.670781588	0	0	0	1
0.19	0.277489671	-0.9594935058	0	0.6290932389	-0.7773298507	0	0.7773298507	0.6290932389	0	0	0	1
0.2	0.3251634826	-0.9621815009	0	0.5904391883	-0.8070821302	0	0.8070821302	0.5904391883	0	0	0	1
0.21	0.3760935833	-0.9633515855	0	0.5385873701	-0.8425696676	0	0.8425696676	0.5385873701	0	0	0	1
0.22	0.4300783343	-0.9626573056	0	0.4723166576	-0.8814289392	0	0.8814289392	0.4723166576	0	0	0	1
0.23	0.4843541812	-0.9577728112	0	0.3972926113	-0.9176919859	0	0.9176919859	0.3972926113	0	0	0	1
0.24	0.5350480366	-0.9481449714	0	0.3241754576	-0.9459969729	0	0.9459969729	0.3241754576	0	0	0	1
0.25	0.5809082489	-0.9355097091	0	0.2561856735	-0.9666275915	0	0.9666275915	0.2561856735	0	0	0	1
0.26	0.6226343526	-0.9215633094	0	0.1903122502	-0.9817236105	0	0.9817236105	0.1903122502	0	0	0	1
0.27	0.6609761783	-0.9070558222	0	0.1244511448	-0.9922257367	0	0.9922257367	0.1244511448	0	0	0	1
0.28	0.6962601662	-0.8921119683	0	0.05937768089	-0.9982355889	0	0.9982355889	0.05937768089	0	0	0	1
0.29	0.7288628252	-0.8767428201	0	-0.003608052391	-0.999993491	0	0.999993491	-0.003608052391	0	0	0	1
0.3	0.759515526	-0.8610615621	0	-0.06451486801	-0.9979167459	0	0.9979167459	-0.06451486801	0	0	0	1
0.31	0.7891177048	-0.8452144002	0	-0.124347083	-0.9922387832	0	0.9922387832	-0.124347083	0	0	0	1
0.32	0.8183830358	-0.8292974316	0	-0.1838162212	-0.9829606283	0	0.9829606283	-0.1838162212	0	0	0	1
0.33	0.8476849809	-0.8133687725	0	-0.2427398467	-0.9700914219	0	0.9700914219	-0.2427398467	0	0	0	1
0.34	0.8771248606	-0.7974881377	0	-0.3003701722	-0.9538227087	0	0.9538227087	-0.3003701722	0	0	0	1
0.35	0.9066463006	-0.7817197391	0	-0.3559245551	-0.9345146928	0	0.9345146928	-0.3559245551	0	0	0	1
0.36	0.9360887247	-0.7661155852	0	-0.4088038908	-0.9126222542	0	0.9126222542	-0.4088038908	0	0	0	1
0.37	0.965184526	-0.7506749672	0	-0.458593663	-0.8886460782	0	0.8886460782	-0.458593663	0	0	0	1
0.38	0.9935588961	-0.7354676448	0	-0.5048365806	-0.8632149367	0	0.8632149367	-0.5048365806	0	0	0	1
0.39	1.020826225	-0.7207060394	0	-0.5470813053	-0.8370794737	0	0.8370794737	-0.5470813053	0	0	0	1
0.4	1.046657388	-0.7066782212	0	-0.5851008468	-0.810960541	0	0.810960541	-0.5851008468	0	0	0	1
0.41	1.070763947	-0.6936892353	0	-0.6188271975	-0.7855271476	0	0.7855271476	-0.6188271975	0	0	0	1
0.42	1.09288996	-0.6820632824	0	-0.64825491	-0.7614233853	0	0.7614233853	-0.64825491	0	0	0	1
0.43	1.112801133	-0.6721706431	0	-0.6733622946	-0.7393126674	0	0.7393126674	-0.6733622946	0	0	0	1
0.44	1.130282158	-0.6644818355	0	-0.693882969	-0.72008779	0	0.72008779	-0.693882969	0	0	0	1
0.45	1.145170922	-0.6595235103	0	-0.7093454538	-0.7048609985	0	0.7048609985	-0.7093454538	0	0	0	1
0.46	1.157384519	-0.657762825	0	-0.719250108	-0.6947512376	0	0.6947512376	-0.719250108	0	0	0	1
0.47	1.166923253	-0.6595046325	0	-0.7231830012	-0.6906564608	0	0.6906564608	-0.7231830012	0	0	0	1
0.48	1.173866725	-0.6648374269	0	-0.7208483962	-0.6930927713	0	0.6930927713	-0.7208483962	0	0	0	1
0.49	1.178373434	-0.6736256798	0	-0.7120779064	-0.7021004595	0	0.7021004595	-0.7120779064	0	0	0	1
0.5	1.180685645	-0.685541305	0	-0.6968480389	-0.7172188025	0	0.7172188025	-0.6968480389	0	0	0	1
0.51	1.181133379	-0.7001251869	0	-0.6753110451	-0.7375330449	0	0.7375330449	-0.6753110451	0	0	0	1
0.52	1.180129347	-0.7168658458	0	-0.6478234272	-0.7617905271	0	0.7617905271	-0.6478234272	0	0	0	1
0.53	1.178149119	-0.7352735441	0	-0.6149548728	-0.7885623022	0	0.7885623022	-0.6149548728	0	0	0	1
0.54	1.175697789	-0.7549119143	0	-0.5774932287	-0.8163954745	0	0.8163954745	-0.5774932287	0	0	0	1
0.55	1.173254706	-0.7754429782	0	-0.5364259939	-0.8439473639	0	0.8439473639	-0.5364259939	0	0	0	1
0.56	1.171227771	-0.7967106303	0	-0.4926178907	-0.8702457203	0	0.8702457203	-0.4926178907	0	0	0	1
0.57	1.169956117	-0.8186552539	0	-0.4468670996	-0.8946003551	0	0.8946003551	-0.4468670996	0	0	0	1
0.58	1.169741867	-0.8411947536	0	-0.4002850173	-0.9163906945	0	0.9163906945	-0.4002850173	0	0	0	1
0.59	1.170824721	-0.8642237671	0	-0.3542627453	-0.9351459283	0	0.9351459283	-0.3542627453	0	0	0	1
0.6	1.173352562	-0.8875662828	0	-0.3103108498	-0.9506351437	0	0.9506351437	-0.3103108498	0	0	0	1
0.61	1.176554756	-0.9110287876	0	-0.2612741377	-0.9652646399	0	0.9652646399	-0.2612741377	0	0	0	1
0.62	1.179364261	-0.9341097108	0	-0.2082069179	-0.9780848017	0	0.9780848017	-0.2082069179	0	0	0	1
0.63	1.181247332	-0.9548993558	0	-0.1620017154	-0.9867904764	0	0.9867904764	-0.1620017154	0	0	0	1
0.64	1.181370539	-0.9644910856	0	-0.1590736438	-0.9872667197	0	0.9872667197	-0.1590736438	0	0	0	1
0.65	1.181557855	-0.9725290345	0	-0.1520544766	-0.9883721142	0	0.9883721142	-0.1520544766	0	0	0	1
0.66	1.181882287	-0.9788823154	0	-0.1377898116	-0.9904614923	0	0.9904614923	-0.1377898116	0	0	0	1
0.67	1.182266194	-0.9833192566	0	-0.1174570026	-0.993077969	0	0.993077969	-0.1174570026	0	0	0	1
0.68	1.182600393	-0.9860080627	0	-0.09256619333	-0.995706533	0	0.995706533	-0.09256619333	0	0	0	1
0.69	1.182804595	-0.9874007723	0	-0.06422111288	-0.9979356936	0	0.9979356936	-0.06422111288	0	0	0	1
0.7	1.182855701	-0.9880452379	0	-0.03329926513	-0.9994454257	0	0.9994454257	-0.03329926513	0	0	0	1
0.71	1.182810969	-0.9884209192	0	-0.0005851941061	-0.9999998288	0	0.9999998288	-0.0005851941061	0	0	0	1
0.72	1.182763238	-0.9888739049	0	0.03452020379	-0.9994040002	0	0.9994040002	0.03452020379	0	0	0	1
0.73	1.182732248	-0.9894464579	0	0.07222149707	-0.997388618	0	0.997388618	0.07222149707	0	0	0	1
0.74	1.182716988	-0.9900208385	0	0.1118349938	-0.9937267905	0	0.9937267905	0.1118349938	0	0	0	1
0.75	1.182712285	-0.9904735268	0	0.1526118503	-0.9882862051	0	0.9882862051	0.1526118503	0	0	0	1
0.76	1.182713588	-0.9907211578	0	0.1939759996	-0.981006275	0	0.981006275	0.1939759996	0	0	0	1
0.77	1.182717853	-0.9907189811	0	0.23550086	-0.9718741405	0	0.9718741405	0.23550086	0	0	0	1
0.78	1.182723491	-0.9904513689	0	0.2768391207	-0.9609162821	0	0.9609162821	0.2768391207	0	0	0	1
0.79	1.182730216	-0.9899221506	0	0.3176699368	-0.9482013559	0	0.9482013559	0.3176699368	0	0	0	1
0.8	1.18273897	-0.9891468611	0	0.3576698972	-0.9338480844	0	0.9338480844	0.3576698972	0	0	0	1
0.81	1.182751878	-0.9881483045	0	0.3964992791	-0.9180350329	0	0.9180350329	0.3964992791	0	0	0	1
0.82	1.18277233	-0.986957267	0	0.4337913115	-0.9010133728	0	0.9010133728	0.4337913115	0	0	0	1
0.83	1.182804882	-0.9856150704	0	0.469158339	-0.8831140657	0	0.8831140657	0.469158339	0	0	0	1
0.84	1.182854779	-0.9841765366	0	0.5022238008	-0.8647376792	0	0.8647376792	0.5022238008	0	0	0	1
0.85	1.182926815	-0.9827101326	0	0.5326881432	-0.8463116105	0	0.8463116105	0.5326881432	0	0	0	1
0.86	1.183023194	-0.9812942887	0	0.5603986302	-0.8282230227	0	0.8282230227	0.5603986302	0	0	0	1
0.87	1.183141058	-0.9800101737	0	0.5853962578	-0.8107473228	0	0.8107473228	0.5853962578	0	0	0	1
0.88	1.18327168	-0.9789311012	0	0.607917274	-0.7940003703	0	0.7940003703	0.607917274	0	0	0	1
0.89	1.183403704	-0.9781111144	0	0.6283453044	-0.7779345592	0	0.7779345592	0.6283453044	0	0	0	1
0.9	1.183528355	-0.9775761912	0	0.6471331454	-0.7623770013	0	0.7623770013	0.6471331454	0	0	0	1
0.91	1.183642209	-0.9773197752	0	0.6647191483	-0.7470933368	0	0.7470933368	0.6647191483	0	0	0	1
0.92	1.18374635	-0.9773024108	0	0.6814568857	-0.7318582602	0	0.7318582602	0.6814568857	0	0	0	1
0.93	1.183844329	-0.9774552177	0	0.697563129	-0.7165233291	0	0.7165233291	0.697563129	0	0	0	1
0.94	1.183940633	-0.9776872014	0	0.7130927594	-0.7010696945	0	0.7010696945	0.7130927594	0	0	0	1
0.95	1.184040019	-0.9778955632	0	0.7279437249	-0.6856368816	0	0.6856368816	0.7279437249	0	0	0	1
0.96	1.184147572	-0.9779783475	0	0.7418876541	-0.6705242044	0	0.6705242044	0.7418876541	0	0	0	1
0.97	1.184269267	-0.9778467559	0	0.7546186094	-0.6561636643	0	0.6561636643	0.7546186094	0	0	0	1
0.98	1.184413062	-0.9774352241	0	0.7658078313	-0.6430694873	0	0.6430694873	0.7658078313	0	0	0	1
0.99	1.184591622	-0.9767075531	0	0.7751575156	-0.631768016	0	0.631768016	0.7751575156	0	0	0	1
1	1.184830324	-0.9756584805	0	0.7824371138	-0.6227296066	0	0.6227296066	0.7824371138	0	0	0	1
1.01	1.185216498	-0.9743117342	0	0.7874361577	-0.616396218	0	0.616396218	0.7874361577	0	0	0	1
1.02	1.186361914	-0.9727556704	0	0.7892643649	-0.6140535501	0	0.6140535501	0.7892643649	0	0	0	1
1.03	1.188624563	-0.9711624961	0	0.7880857258	-0.6155655032	0	0.6155655032	0.7880857258	0	0	0	1
1.04	1.191511241	-0.9695431669	0	0.7853583342	-0.6190414258	0	0.6190414258	0.7853583342	0	0	0	1
1.05	1.193937706	-0.9676824561	0	0.7830087151	-0.6220107331	0	0.6220107331	0.7830087151	0	0	0	1
1.06	1.195091971	-0.965376978	0	0.7822183673	-0.6230043547	0	0.6230043547	0.7822183673	0	0	0	1
1.07	1.194605013	-0.9625555785	0	0.783604776	-0.6212596518	0	0.6212596518	0.783604776	0	0	0	1
1.08	1.192446534	-0.9592705858	0	0.7875233613	-0.6162848006	0	0.6162848006	0.7875233613	0	0	0	1
1.09	1.188953862	-0.9557333405	0	0.7939084215	-0.6080373494	0	0.6080373494	0.7939084215	0	0	0	1
1.1	1.184857115	-0.9523067416	0	0.8021742177	-0.5970900472	0	0.5970900472	0.8021742177	0	0	0	1
1.11	1.181913221	-0.9489478112	0	0.8099103391	-0.5865536997	0	0.5865536997	0.8099103391	0	0	0	1
1.12	1.180900817	-0.9455962825	0	0.816604886	-0.5771970722	0	0.5771970722	0.816604886	0	0	0	1
1.13	1.182500744	-0.9421361161	0	0.8229080211	-0.5681746112	0	0.5681746112	0.8229080211	0	0	0	1
1.14	1.188806215	-0.9385341555	0	0.8261971162	-0.5633811545	0	0.5633811545	0.8261971162	0	0	0	1
1.15	1.201021188	-0.9354289791	0	0.8238963992	-0.5667404374	0	0.5667404374	0.8238963992	0	0	0	1
1.16	1.21923158	-0.9334423514	0	0.8144848898	-0.5801847673	0	0.5801847673	0.8144848898	0	0	0	1
1.17	1.242629325	-0.9323917302	0	0.7980007888	-0.6026564038	0	0.6026564038	0.7980007888	0	0	0	1
1.18	1.269869462	-0.9315366831	0	0.7758894097	-0.6308689435	0	0.6308689435	0.7758894097	0	0	0	1
1.19	1.299625532	-0.9302604894	0	0.7498932154	-0.6615588905	0	0.6615588905	0.7498932154	0	0	0	1
1.2	1.33103824	-0.9284647513	0	0.7209414419	-0.6929959866	0	0.6929959866	0.7209414419	0	0	0	1
1.21	1.363906516	-0.9264641775	0	0.6886458814	-0.725097821	0	0.725097821	0.6886458814	0	0	0	1
1.22	1.398659972	-0.9245148357	0	0.6512769485	-0.7588401257	0	0.7588401257	0.6512769485	0	0	0	1
1.23	1.435810894	-0.9225184868	0	0.6070830195	-0.794638413	0	0.794638413	0.6070830195	0	0	0	1
1.24	1.475639928	-0.9201022605	0	0.5550030947	-0.8318482823	0	0.8318482823	0.5550030947	0	0	0	1
1.25	1.518154517	-0.9168081528	0	0.4945315365	-0.8691596858	0	0.8691596858	0.4945315365	0	0	0	1
1.26	1.563078034	-0.9122241464	0	0.425703185	-0.9048628616	0	0.9048628616	0.425703185	0	0	0	1
1.27	1.609856937	-0.9060312936	0	0.3492983526	-0.9370115585	0	0.9370115585	0.3492983526	0	0	0	1
1.28	1.657729333	-0.8980375384	0	0.266970609	-0.9637046715	0	0.9637046715	0.266970609	0	0	0	1
1.29	1.705873564	-0.8882198122	0	0.1810240705	-0.9834786657	0	0.9834786657	0.1810240705	0	0	0	1
1.3	1.753576515	-0.8767323113	0	0.0939223048	-0.9955795301	0	0.9955795301	0.0939223048	0	0	0	1
1.31	1.80035364	-0.8638468156	0	0.007787256672	-0.9999696789	0	0.9999696789	0.007787256672	0	0	0	1
1.32	1.845967477	-0.8498531927	0	-0.07585118973	-0.9971191489	0	0.9971191489	-0.07585118973	0	0	0	1
1.33	1.890360867	-0.8349765223	0	-0.156041861	-0.987750443	0	0.987750443	-0.156041861	0	0	0	1
1.34	1.933556116	-0.819342077	0	-0.2322752992	-0.9726500837	0	0.9726500837	-0.2322752992	0	0	0	1
1.35	1.975556194	-0.8029881434	0	-0.3043206678	-0.9525696463	0	0.9525696463	-0.3043206678	0	0	0	1
1.36	2.016266193	-0.7859128402	0	-0.3720677329	-0.9282055818	0	0.9282055818	-0.3720677329	0	0	0	1
1.37	2.05544587	-0.7681423045	0	-0.4353895554	-0.9002421536	0	0.9002421536	-0.4353895554	0	0	0	1
1.38	2.092703693	-0.7498056691	0	-0.4940539366	-0.8694312553	0	0.8694312553	-0.4940539366	0	0	0	1
1.39	2.127532766	-0.7311980252	0	-0.5477000402	-0.8366747671	0	0.8366747671	-0.5477000402	0	0	0	1
1.4	2.159378079	-0.7128126794	0	-0.5958709072	-0.8030802338	0	0.8030802338	-0.5958709072	0	0	0	1
1.41	2.187718091	-0.695329293	0	-0.6380812643	-0.7699690254	0	0.7699690254	-0.6380812643	0	0	0	1
1.42	2.212131421	-0.6795612332	0	-0.6738818845	-0.7388390932	0	0.7388390932	-0.6738818845	0	0	0	1
1.43	2.232341364	-0.666368004	0	-0.7029120423	-0.7112767821	0	0.7112767821	-0.7029120423	0	0	0	1
1.44	2.248230459	-0.6565480744	0	-0.7249290179	-0.6888235761	0	0.6888235761	-0.7249290179	0	0	0	1
1.45	2.259824098	-0.6507368505	0	-0.7398020605	-0.6728245769	0	0.6728245769	-0.7398020605	0	0	0	1
1.46	2.267259125	-0.649325685	0	-0.7474879731	-0.6642753421	0	0.6642753421	-0.7474879731	0	0	0	1
1.47	2.270751087	-0.6524186234	0	-0.7479983388	-0.663700599	0	0.663700599	-0.7479983388	0	0	0	1
1.48	2.270574315	-0.6598332382	0	-0.7413774045	-0.6710883281	0	0.6710883281	-0.7413774045	0	0	0	1
1.49	2.267058189	-0.6711445627	0	-0.7277011166	-0.6858943686	0	0.6858943686	-0.7277011166	0	0	0	1
1.5	2.260593254	-0.685762534	0	-0.7070957689	-0.7071177933	0	0.7071177933	-0.7070957689	0	0	0	1
1.51	2.253754445	-0.7007683889	0	-0.6843866605	-0.7291192625	0	0.7291192625	-0.6843866605	0	0	0	1
1.52	2.245549417	-0.7152723121	0	-0.6632766904	-0.7483742593	0	0.7483742593	-0.6632766904	0	0	0	1
1.53	2.236341309	-0.7311295873	0	-0.6371703224	-0.7707230243	0	0.7707230243	-0.6371703224	0	0	0	1
1.54	2.226178436	-0.7478936677	0	-0.607511127	-0.7943111674	0	0.7943111674	-0.607511127	0	0	0	1
1.55	2.214895962	-0.7659755662	0	-0.5729426321	-0.8195954736	0	0.8195954736	-0.5729426321	0	0	0	1
1.56	2.202454187	-0.7856424387	0	-0.5321277469	-0.846664078	0	0.846664078	-0.5321277469	0	0	0	1
1.57	2.189145941	-0.8066707453	0	-0.4854080648	-0.8742877162	0	0.8742877162	-0.4854080648	0	0	0	1
1.58	2.175564591	-0.8287412913	0	-0.4339709786	-0.9009268504	0	0.9009268504	-0.4339709786	0	0	0	1
1.59	2.162433993	-0.8516179167	0	-0.3788284161	-0.925466926	0	0.925466926	-0.3788284161	0	0	0	1
1.6	2.150597974	-0.8749528213	0	-0.3220840543	-0.9467110763	0	0.9467110763	-0.3220840543	0	0	0	1
1.61	2.141258839	-0.8979837345	0	-0.2685621318	-0.9632623637	0	0.9632623637	-0.2685621318	0	0	0	1
1.62	2.141855211	-0.9166574331	0	-0.2357214845	-0.9718206531	0	0.9718206531	-0.2357214845	0	0	0	1
1.63	2.144001795	-0.9366947374	0	-0.1896406765	-0.9818535603	0	0.9818535603	-0.1896406765	0	0	0	1
1.64	2.145592509	-0.9555926647	0	-0.1452546978	-0.9893942959	0	0.9893942959	-0.1452546978	0	0	0	1
1.65	2.145708497	-0.9646584748	0	-0.1408322462	-0.9900334734	0	0.9900334734	-0.1408322462	0	0	0	1
1.66	2.145854546	-0.9727302112	0	-0.1331245125	-0.991099321	0	0.991099321	-0.1331245125	0	0	0	1
1.67	2.146088736	-0.9793906021	0	-0.1186465676	-0.9929365498	0	0.9929365498	-0.1186465676	0	0	0	1
1.68	2.146347144	-0.98427132	0	-0.09813092211	-0.9951735136	0	0.9951735136	-0.09813092211	0	0	0	1
1.69	2.146538269	-0.9872899973	0	-0.07338809925	-0.9973034578	0	0.9973034578	-0.07338809925	0	0	0	1
1.7	2.146597244	-0.9886387569	0	-0.04610590577	-0.9989365573	0	0.9989365573	-0.04610590577	0	0	0	1
1.71	2.146495609	-0.9888085336	0	-0.01765233089	-0.9998441855	0	0.9998441855	-0.01765233089	0	0	0	1
1.72	2.146283976	-0.988451994	0	0.01112936717	-0.9999380667	0	0.9999380667	0.01112936717	0	0	0	1
1.73	2.146077382	-0.9881120722	0	0.04082824162	-0.9991661797	0	0.9991661797	0.04082824162	0	0	0	1
1.74	2.14591702	-0.9879835029	0	0.07158732909	-0.9974343358	0	0.9974343358	0.07158732909	0	0	0	1
1.75	2.145807684	-0.9880416856	0	0.1033326351	-0.9946468552	0	0.9946468552	0.1033326351	0	0	0	1
1.76	2.145746331	-0.9881985051	0	0.1361341617	-0.9906904108	0	0.9906904108	0.1361341617	0	0	0	1
1.77	2.145729574	-0.9883502159	0	0.1698800034	-0.9854647556	0	0.9854647556	0.1698800034	0	0	0	1
1.78	2.145752852	-0.9883911982	0	0.2039869884	-0.9789735995	0	0.9789735995	0.2039869884	0	0	0	1
1.79	2.145810046	-0.9882430129	0	0.237540413	-0.9713776568	0	0.9713776568	0.237540413	0	0	0	1
1.8	2.145893786	-0.9878836299	0	0.2696993389	-0.9629445813	0	0.9629445813	0.2696993389	0	0	0	1
1.81	2.145995765	-0.9873540058	0	0.3000376819	-0.9539273502	0	0.9539273502	0.3000376819	0	0	0	1
1.82	2.146107298	-0.9867414681	0	0.3286503579	-0.9444516622	0	0.9444516622	0.3286503579	0	0	0	1
1.83	2.146220507	-0.986151587	0	0.3560389464	-0.9344711171	0	0.9344711171	0.3560389464	0	0	0	1
1.84	2.146329567	-0.985679809	0	0.382885	-0.9237960147	0	0.9237960147	0.382885	0	0	0	1
1.85	2.146431157	-0.9853896665	0	0.4098222506	-0.9121654033	0	0.9121654033	0.4098222506	0	0	0	1
1.86	2.146523902	-0.9853002272	0	0.4372677252	-0.899331383	0	0.899331383	0.4372677252	0	0	0	1
1.87	2.146607336	-0.9853840852	0	0.4653315148	-0.8851364761	0	0.8851364761	0.4653315148	0	0	0	1
1.88	2.146681015	-0.9855755212	0	0.4938028353	-0.8695738956	0	0.8695738956	0.4938028353	0	0	0	1
1.89	2.146744007	-0.9857866284	0	0.5221992507	-0.852823512	0	0.852823512	0.5221992507	0	0	0	1
1.9	2.146794569	-0.9859284073	0	0.5498641149	-0.8352541261	0	0.8352541261	0.5498641149	0	0	0	1
1.91	2.146829858	-0.9859323554	0	0.5760921144	-0.8173847783	0	0.8173847783	0.5760921144	0	0	0	1
1.92	2.146845269	-0.9857656087	0	0.6002593131	-0.7998054495	0	0.7998054495	0.6002593131	0	0	0	1
1.93	2.146834541	-0.9854323141	0	0.6219447019	-0.7830611648	0	0.7830611648	0.6219447019	0	0	0	1
1.94	2.146790272	-0.9849613377	0	0.6410644795	-0.7674870247	0	0.7674870247	0.6410644795	0	0	0	1
1.95	2.146706202	-0.9844026833	0	0.6580218496	-0.752998835	0	0.752998835	0.6580218496	0	0	0	1
1.96	2.146580873	-0.9838333791	0	0.673667485	-0.7390345863	0	0.7390345863	0.673667485	0	0	0	1
1.97	2.146421158	-0.9833352551	0	0.6889327464	-0.7248252693	0	0.7248252693	0.6889327464	0	0	0	1
1.98	2.146242381	-0.9829511977	0	0.7044995756	-0.7097044089	0	0.7097044089	0.7044995756	0	0	0	1
1.99	2.146061453	-0.9826506243	0	0.720681408	-0.6932664049	0	0.6932664049	0.720681408	0	0	0	1
2	2.145889057	-0.9823265815	0	0.7374010811	-0.6754551396	0	0.6754551396	0.7374010811	0	0	0	1
2.01	2.145730755	-0.9818354009	0	0.7542881575	-0.6565435061	0	0.6565435061	0.7542881575	0	0	0	1
2.02	2.14559191	-0.9810418075	0	0.7707931311	-0.6370855116	0	0.6370855116	0.7707931311	0	0	0	1
2.03	2.145481068	-0.9798500581	0	0.7862574164	-0.6178990817	0	0.6178990817	0.7862574164	0	0	0	1
2.04	2.145417587	-0.9782317941	0	0.8000226605	-0.5999697848	0	0.5999697848	0.8000226605	0	0	0	1
2.05	2.145466296	-0.9762432892	0	0.8115174289	-0.5843282149	0	0.5843282149	0.8115174289	0	0	0	1
2.06	2.14614237	-0.9740448302	0	0.8196744218	-0.57282968	0	0.57282968	0.8196744218	0	0	0	1
2.07	2.148612287	-0.9720602631	0	0.8233126945	-0.5675880611	0	0.5675880611	0.8233126945	0	0	0	1
2.08	2.152137832	-0.970456521	0	0.8246982098	-0.5655730392	0	0.5655730392	0.8246982098	0	0	0	1
2.09	2.155952325	-0.9691306382	0	0.825312064	-0.5646768961	0	0.5646768961	0.825312064	0	0	0	1
2.1	2.159705745	-0.9679959525	0	0.8257767861	-0.5639970741	0	0.5639970741	0.8257767861	0	0	0	1
2.11	2.163225674	-0.9669988744	0	0.8265687288	-0.5628357989	0	0.5628357989	0.8265687288	0	0	0	1
2.12	2.166478142	-0.9661226804	0	0.8281048182	-0.560573287	0	0.560573287	0.8281048182	0	0	0	1
2.13	2.169527293	-0.9653969668	0	0.8307833304	-0.5565959557	0	0.5565959557	0.8307833304	0	0	0	1
2.14	2.173521306	-0.9645700953	0	0.8332181488	-0.5529444064	0	0.5529444064	0.8332181488	0	0	0	1
2.15	2.179551938	-0.9631067875	0	0.8343879042	-0.5511776713	0	0.5511776713	0.8343879042	0	0	0	1
2.16	2.187566567	-0.9610983491	0	0.8353391813	-0.5497348926	0	0.5497348926	0.8353391813	0	0	0	1
2.17	2.198130056	-0.9589585846	0	0.8350636346	-0.5501533661	0	0.5501533661	0.8350636346	0	0	0	1
2.18	2.211659516	-0.9568608234	0	0.8327518119	-0.5536464754	0	0.5536464754	0.8327518119	0	0	0	1
2.19	2.228681211	-0.9546457849	0	0.8277547793	-0.5610900332	0	0.5610900332	0.8277547793	0	0	0	1
2.2	2.249217869	-0.9526875055	0	0.8190921312	-0.5736619917	0	0.5736619917	0.8190921312	0	0	0	1
2.21	2.272605526	-0.9509236258	0	0.8065493383	-0.5911667826	0	0.5911667826	0.8065493383	0	0	0	1
2.22	2.297583873	-0.9487063369	0	0.7916223274	-0.6110107124	0	0.6110107124	0.7916223274	0	0	0	1
2.23	2.322855558	-0.9454705835	0	0.7763648622	-0.6302837463	0	0.6302837463	0.7763648622	0	0	0	1
2.24	2.347568373	-0.941177495	0	0.7620495497	-0.6475187131	0	0.6475187131	0.7620495497	0	0	0	1
2.25	2.371452036	-0.9362792723	0	0.7487393773	-0.6628644997	0	0.6628644997	0.7487393773	0	0	0	1
2.26	2.394681537	-0.9314375789	0	0.7356437847	-0.6773686013	0	0.6773686013	0.7356437847	0	0	0	1
2.27	2.417712806	-0.9271787706	0	0.7214998715	-0.692414569	0	0.692414569	0.7214998715	0	0	0	1
2.28	2.441020311	-0.9235915302	0	0.7052103958	-0.7089980943	0	0.7089980943	0.7052103958	0	0	0	1
2.29	2.464914729	-0.9204811918	0	0.6863577416	-0.7272640858	0	0.7272640858	0.6863577416	0	0	0	1
2.3	2.48961782	-0.9176794344	0	0.664636189	-0.7471671408	0	0.7471671408	0.664636189	0	0	0	1
2.31	2.515270334	-0.9151207129	0	0.6395517852	-0.7687480173	0	0.7687480173	0.6395517852	0	0	0	1
2.32	2.541866936	-0.9127405666	0	0.6106671101	-0.7918874167	0	0.7918874167	0.6106671101	0	0	0	1
2.33	2.569217529	-0.9104007726	0	0.5779359007	-0.8160821617	0	0.8160821617	0.5779359007	0	0	0	1
2.34	2.596989312	-0.9079129037	0	0.5417689196	-0.8405274759	0	0.8405274759	0.5417689196	0	0	0	1
2.35	2.624818861	-0.9051109166	0	0.5027874915	-0.8644100522	0	0.8644100522	0.5027874915	0	0	0	1
2.36	2.652432621	-0.901902467	0	0.4614695002	-0.8871560744	0	0.8871560744	0.4614695002	0	0	0	1
2.37	2.679722045	-0.8982728043	0	0.4179129171	-0.9084870906	0	0.9084870906	0.4179129171	0	0	0	1
2.38	2.706738987	-0.8942514703	0	0.3718584275	-0.9282894537	0	0.9282894537	0.3718584275	0	0	0	1
2.39	2.733633642	-0.8898729586	0	0.3229054856	-0.9464312164	0	0.9464312164	0.3229054856	0	0	0	1
2.4	2.760582276	-0.8851555484	0	0.2707550764	-0.9626482684	0	0.9626482684	0.2707550764	0	0	0	1
2.41	2.787743817	-0.8801036759	0	0.2153470876	-0.9765375732	0	0.9765375732	0.2153470876	0	0	0	1
2.42	2.815250554	-0.8747197626	0	0.1568824985	-0.9876172749	0	0.9876172749	0.1568824985	0	0	0	1
2.43	2.843217381	-0.8690087708	0	0.09579429496	-0.9954011518	0	0.9954011518	0.09579429496	0	0	0	1
2.44	2.871749974	-0.8629667283	0	0.03271700651	-0.9994646554	0	0.9994646554	0.03271700651	0	0	0	1
2.45	2.90094251	-0.8565595279	0	-0.0315433845	-0.9995023836	0	0.9995023836	-0.0315433845	0	0	0	1
2.46	2.930862371	-0.8497016286	0	-0.09607329264	-0.9953742625	0	0.9953742625	-0.09607329264	0	0	0	1
2.47	2.961522402	-0.8422490842	0	-0.1599452733	-0.9871258833	0	0.9871258833	-0.1599452733	0	0	0	1
2.48	2.992842588	-0.8340182619	0	-0.2222992527	-0.974978483	0	0.974978483	-0.2222992527	0	0	0	1
2.49	3.024613194	-0.8248354413	0	-0.2823810058	-0.9593023338	0	0.9593023338	-0.2823810058	0	0	0	1
2.5	3.056482011	-0.8146079672	0	-0.3395460857	-0.9405894193	0	0.9405894193	-0.3395460857	0	0	0	1
2.51	3.087977843	-0.803385714	0	-0.3932572628	-0.9194284775	0	0.9194284775	-0.3932572628	0	0	0	1
2.52	3.118557048	-0.7913959248	0	-0.4430365985	-0.8965035262	0	0.8965035262	-0.4430365985	0	0	0	1
2.53	3.147651346	-0.7790492091	0	-0.4883820537	-0.8726299156	0	0.8726299156	-0.4883820537	0	0	0	1
2.54	3.174720905	-0.7669240261	0	-0.5287105786	-0.8488021702	0	0.8488021702	-0.5287105786	0	0	0	1
2.55	3.19931516	-0.755709047	0	-0.5634108031	-0.8261768981	0	0.8261768981	-0.5634108031	0	0	0	1
2.56	3.221115362	-0.7461136945	0	-0.5919363755	-0.8059846943	0	0.8059846943	-0.5919363755	0	0	0	1
2.57	3.239949017	-0.7387797909	0	-0.6138592725	-0.7894154759	0	0.7894154759	-0.6138592725	0	0	0	1
2.58	3.255787186	-0.7342032617	0	-0.6289089945	-0.7774789236	0	0.7774789236	-0.6289089945	0	0	0	1
2.59	3.26872804	-0.7326771981	0	-0.6370046179	-0.7708599852	0	0.7708599852	-0.6370046179	0	0	0	1
2.6	3.278975095	-0.7342713094	0	-0.6382679354	-0.769814291	0	0.769814291	-0.6382679354	0	0	0	1
2.61	3.286813405	-0.7388538814	0	-0.6330134732	-0.7741407771	0	0.7741407771	-0.6330134732	0	0	0	1
2.62	3.292588912	-0.7461400515	0	-0.6217373775	-0.783225787	0	0.783225787	-0.6217373775	0	0	0	1
2.63	3.296674858	-0.755755269	0	-0.6050389368	-0.7961958835	0	0.7961958835	-0.6050389368	0	0	0	1
2.64	3.299461027	-0.7672078615	0	-0.5837805744	-0.8119114736	0	0.8119114736	-0.5837805744	0	0	0	1
2.65	3.301302248	-0.7800586161	0	-0.5589816747	-0.829180009	0	0.829180009	-0.5589816747	0	0	0	1
2.66	3.302445144	-0.7941910598	0	-0.5308350929	-0.8474751348	0	0.8474751348	-0.5308350929	0	0	0	1
2.67	3.303096884	-0.8096052788	0	-0.4992126857	-0.866479483	0	0.866479483	-0.4992126857	0	0	0	1
2.68	3.303510897	-0.8262199913	0	-0.4644217255	-0.8856141716	0	0.8856141716	-0.4644217255	0	0	0	1
2.69	3.303990606	-0.8438867402	0	-0.4272415161	-0.9041375376	0	0.9041375376	-0.4272415161	0	0	0	1
2.7	3.304842696	-0.8624674437	0	-0.388616866	-0.9213994419	0	0.9213994419	-0.388616866	0	0	0	1
2.71	3.307056826	-0.8809930539	0	-0.352493882	-0.9358141179	0	0.9358141179	-0.352493882	0	0	0	1
2.72	3.310170048	-0.8994742117	0	-0.3124152951	-0.9499456213	0	0.9499456213	-0.3124152951	0	0	0	1
2.73	3.313103595	-0.9179594268	0	-0.2686090155	-0.9632492911	0	0.9632492911	-0.2686090155	0	0	0	1
2.74	3.315502569	-0.9356260523	0	-0.2256631386	-0.9742053931	0	0.9742053931	-0.2256631386	0	0	0	1
2.75	3.317381845	-0.9521847551	0	-0.1840864374	-0.9829100587	0	0.9829100587	-0.1840864374	0	0	0	1
2.76	3.317845941	-0.9609739144	0	-0.1711140297	-0.9852512313	0	0.9852512313	-0.1711140297	0	0	0	1
2.77	3.318132538	-0.9675033664	0	-0.1607250529	-0.9869992185	0	0.9869992185	-0.1607250529	0	0	0	1
2.78	3.31854057	-0.9731052405	0	-0.1439974882	-0.9895780532	0	0.9895780532	-0.1439974882	0	0	0	1
2.79	3.318982544	-0.9775042378	0	-0.1221826666	-0.9925076302	0	0.9925076302	-0.1221826666	0	0	0	1
2.8	3.319347156	-0.9806657948	0	-0.09744561522	-0.9952408513	0	0.9952408513	-0.09744561522	0	0	0	1
2.81	3.319586432	-0.9827381843	0	-0.071466096	-0.9974430295	0	0.9974430295	-0.071466096	0	0	0	1
2.82	3.319706316	-0.9839781777	0	-0.04513944067	-0.998980696	0	0.998980696	-0.04513944067	0	0	0	1
2.83	3.319744324	-0.9846810574	0	-0.01891543381	-0.9998210872	0	0.9998210872	-0.01891543381	0	0	0	1
2.84	3.319759143	-0.9851178004	0	0.007112629071	-0.9999747049	0	0.9999747049	0.007112629071	0	0	0	1
2.85	3.319776031	-0.9854917695	0	0.03373674306	-0.9994307541	0	0.9994307541	0.03373674306	0	0	0	1
2.86	3.319805944	-0.9858649066	0	0.06084413697	-0.9981472792	0	0.9981472792	0.06084413697	0	0	0	1
2.87	3.319844805	-0.9861866772	0	0.08772055473	-0.9961451221	0	0.9961451221	0.08772055473	0	0	0	1
2.88	3.319885213	-0.9864040994	0	0.1139344047	-0.9934882744	0	0.9934882744	0.1139344047	0	0	0	1
2.89	3.319922629	-0.986514364	0	0.139484565	-0.9902242454	0	0.9902242454	0.139484565	0	0	0	1
2.9	3.319955162	-0.9865485326	0	0.1645530783	-0.9863682296	0	0.9863682296	0.1645530783	0	0	0	1
2.91	3.319982078	-0.9865449744	0	0.1893234852	-0.9819147712	0	0.9819147712	0.1893234852	0	0	0	1
2.92	3.320003335	-0.9865400667	0	0.2139568787	-0.9768431062	0	0.9768431062	0.2139568787	0	0	0	1
2.93	3.320019624	-0.9865678876	0	0.2386249526	-0.971111802	0	0.971111802	0.2386249526	0	0	0	1
2.94	3.320032145	-0.9866571791	0	0.2635199042	-0.9646539587	0	0.9646539587	0.2635199042	0	0	0	1
2.95	3.32004216	-0.9868238602	0	0.2888213145	-0.9573830207	0	0.9573830207	0.2888213145	0	0	0	1
2.96	3.320050538	-0.9870648783	0	0.3146434328	-0.94920994	0	0.94920994	0.3146434328	0	0	0	1
2.97	3.320057517	-0.987357237	0	0.3409937582	-0.9400655599	0	0.9400655599	0.3409937582	0	0	0	1
2.98	3.320062608	-0.9876627327	0	0.3677649423	-0.9299187853	0	0.9299187853	0.3677649423	0	0	0	1
2.99	3.320064705	-0.9879360317	0	0.3947614568	-0.9187836482	0	0.9187836482	0.3947614568	0	0	0	1
3	3.320062291	-0.9881333481	0	0.4217422911	-0.9067157437	0	0.9067157437	0.4217422911	0	0	0	1
3.01	3.320053702	-0.9882194084	0	0.4484573496	-0.8938042323	0	0.8938042323	0.4484573496	0	0	0	1
3.02	3.320037374	-0.9881718865	0	0.4746672985	-0.8801653002	0	0.8801653002	0.4746672985	0	0	0	1
3.03	3.320011982	-0.9879834825	0	0.5001510463	-0.8659381796	0	0.8659381796	0.5001510463	0	0	0	1
3.04	3.31997644	-0.9876626306	0	0.5247132906	-0.8512790158	0	0.8512790158	0.5247132906	0	0	0	1
3.05	3.31992992	-0.987233066	0	0.548200644	-0.8363468502	0	0.8363468502	0.548200644	0	0	0	1
3.06	3.319871966	-0.9867317066	0	0.5705234688	-0.8212812987	0	0.8212812987	0.5705234688	0	0	0	1
3.07	3.319802689	-0.9862044886	0	0.5916764634	-0.806175516	0	0.806175516	0.5916764634	0	0	0	1
3.08	3.319723024	-0.9857002932	0	0.6117514794	-0.7910500158	0	0.7910500158	0.6117514794	0	0	0	1
3.09	3.319634986	-0.9852634179	0	0.6309321004	-0.7758380532	0	0.7758380532	0.6309321004	0	0	0	1
3.1	3.319541607	-0.9849260244	0	0.6494636601	-0.7603926316	0	0.7603926316	0.6494636601	0	0	0	1
3.11	3.319446514	-0.9846996051	0	0.6675989078	-0.7445211201	0	0.7445211201	0.6675989078	0	0	0	1
3.12	3.319353439	-0.9845693003	0	0.6855406031	-0.7280343959	0	0.7280343959	0.6855406031	0	0	0	1
3.13	3.319265644	-0.9844908664	0	0.7034001072	-0.7107941257	0	0.7107941257	0.7034001072	0	0	0	1
3.14	3.319185805	-0.9843933147	0	0.7211729114	-0.6927551024	0	0.6927551024	0.7211729114	0	0	0	1
3.15	3.319116372	-0.9841868847	0	0.7387336914	-0.6739974282	0	0.6739974282	0.7387336914	0	0	0	1
3.16	3.31906038	-0.9837755075	0	0.7558493092	-0.654745616	0	0.654745616	0.7558493092	0	0	0	1
3.17	3.319022573	-0.9830713441	0	0.7722042098	-0.6353744238	0	0.6353744238	0.7722042098	0	0	0	1
3.18	3.319011752	-0.9820107834	0	0.7874376732	-0.616394282	0	0.616394282	0.7874376732	0	0	0	1
3.19	3.319046117	-0.9805681536	0	0.8011832124	-0.5984191342	0	0.5984191342	0.8011832124	0	0	0	1
3.2	3.319171359	-0.978765564	0	0.8130907381	-0.5821369698	0	0.5821369698	0.8130907381	0	0	0	1
3.21	3.319646391	-0.9766803102	0	0.8225496438	-0.5686933123	0	0.5686933123	0.8225496438	0	0	0	1
3.22	3.321987184	-0.9746292482	0	0.827424689	-0.5615766947	0	0.5615766947	0.827424689	0	0	0	1
3.23	3.32623495	-0.972942071	0	0.8288891344	-0.5594129092	0	0.5594129092	0.8288891344	0	0	0	1
3.24	3.331527866	-0.9715632689	0	0.8286782365	-0.5597252721	0	0.5597252721	0.8286782365	0	0	0	1
3.25	3.337361427	-0.9703911163	0	0.8274712636	-0.5615080657	0	0.5615080657	0.8274712636	0	0	0	1
3.26	3.343368269	-0.9693469661	0	0.8257346972	-0.5640586936	0	0.5640586936	0.8257346972	0	0	0	1
3.27	3.349247312	-0.968381733	0	0.8240100734	-0.5665751485	0	0.5665751485	0.8240100734	0	0	0	1
3.28	3.35480104	-0.9674837245	0	0.8228244468	-0.5682956359	0	0.5682956359	0.8228244468	0	0	0	1
3.29	3.359934483	-0.9666685765	0	0.8225834013	-0.5686444829	0	0.5686444829	0.8225834013	0	0	0	1
3.3	3.364539627	-0.9660856903	0	0.8242490533	-0.5662274262	0	0.5662274262	0.8242490533	0	0	0	1
3.31	3.369870234	-0.9654692627	0	0.8249638712	-0.5651854661	0	0.5651854661	0.8249638712	0	0	0	1
3.32	3.376867902	-0.9643907437	0	0.8240715332	-0.5664857529	0	0.5664857529	0.8240715332	0	0	0	1
3.33	3.385154587	-0.9625536153	0	0.8240438828	-0.566525974	0	0.566525974	0.8240438828	0	0	0	1
3.34	3.395255245	-0.9600700455	0	0.8242113915	-0.566282246	0	0.566282246	0.8242113915	0	0	0	1
3.35	3.408136754	-0.9571429802	0	0.8229669682	-0.5680892264	0	0.5680892264	0.8229669682	0	0	0	1
3.36	3.424648958	-0.9542629536	0	0.818420272	-0.5746200992	0	0.5746200992	0.818420272	0	0	0	1
3.37	3.444700506	-0.9519060869	0	0.8093761578	-0.5872905883	0	0.5872905883	0.8093761578	0	0	0	1
3.38	3.467349636	-0.9496991983	0	0.7965461188	-0.6045777705	0	0.6045777705	0.7965461188	0	0	0	1
3.39	3.491233173	-0.9469211043	0	0.7820042971	-0.6232730375	0	0.6232730375	0.7820042971	0	0	0	1
3.4	3.515168897	-0.9431805399	0	0.7676775587	-0.6408363019	0	0.6408363019	0.7676775587	0	0	0	1
3.41	3.53849297	-0.93863374	0	0.7544120205	-0.6564011756	0	0.6564011756	0.7544120205	0	0	0	1
3.42	3.561067495	-0.9337993405	0	0.7419908038	-0.6704100589	0	0.6704100589	0.7419908038	0	0	0	1
3.43	3.583121953	-0.9292675926	0	0.7295793978	-0.6838961195	0	0.6838961195	0.7295793978	0	0	0	1
3.44	3.605109196	-0.9253801585	0	0.7160070773	-0.6980930205	0	0.6980930205	0.7160070773	0	0	0	1
3.45	3.627415571	-0.9220959417	0	0.7005306261	-0.7136223384	0	0.7136223384	0.7005306261	0	0	0	1
3.46	3.650307524	-0.9192390748	0	0.6828541546	-0.7305547232	0	0.7305547232	0.6828541546	0	0	0	1
3.47	3.673986611	-0.916713719	0	0.6625989582	-0.7489743791	0	0.7489743791	0.6625989582	0	0	0	1
3.48	3.698554812	-0.9144862191	0	0.639260259	-0.7689904559	0	0.7689904559	0.639260259	0	0	0	1
3.49	3.723949469	-0.9124803055	0	0.6125285029	-0.7904485013	0	0.7904485013	0.6125285029	0	0	0	1
3.5	3.749932426	-0.9105409341	0	0.58252145	-0.8128153298	0	0.8128153298	0.58252145	0	0	0	1
3.51	3.77615897	-0.9084810702	0	0.5497174002	-0.8353506927	0	0.8353506927	0.5497174002	0	0	0	1
3.52	3.802294585	-0.9061497716	0	0.5146616299	-0.8573933792	0	0.8573933792	0.5146616299	0	0	0	1
3.53	3.828119311	-0.9034678226	0	0.4776614884	-0.8785439673	0	0.8785439673	0.4776614884	0	0	0	1
3.54	3.853575333	-0.9004200147	0	0.4386453705	-0.8986602467	0	0.8986602467	0.4386453705	0	0	0	1
3.55	3.878744591	-0.8970215272	0	0.3972411747	-0.9177142524	0	0.9177142524	0.3972411747	0	0	0	1
3.56	3.903784685	-0.8932857089	0	0.3529833987	-0.935629585	0	0.935629585	0.3529833987	0	0	0	1
3.57	3.928862975	-0.8892105396	0	0.3055179948	-0.9521863026	0	0.9521863026	0.3055179948	0	0	0	1
3.58	3.954120182	-0.8847854205	0	0.2547149491	-0.9670161812	0	0.9670161812	0.2547149491	0	0	0	1
3.59	3.979662551	-0.8800049936	0	0.2006981976	-0.979653119	0	0.979653119	0.2006981976	0	0	0	1
3.6	4.005574823	-0.8748776702	0	0.1438287723	-0.9896025891	0	0.9896025891	0.1438287723	0	0	0	1
3.61	4.031936681	-0.8694198989	0	0.08467230163	-0.9964088525	0	0.9964088525	0.08467230163	0	0	0	1
3.62	4.058835779	-0.8636388016	0	0.02394644456	-0.9997132428	0	0.9997132428	0.02394644456	0	0	0	1
3.63	4.086371683	-0.857511592	0	-0.03754840675	-0.9992948099	0	0.9992948099	-0.03754840675	0	0	0	1
3.64	4.114640257	-0.8509629478	0	-0.09901593053	-0.9950858483	0	0.9950858483	-0.09901593053	0	0	0	1
3.65	4.143697437	-0.8438586148	0	-0.1597158234	-0.987163034	0	0.987163034	-0.1597158234	0	0	0	1
3.66	4.173509336	-0.8360246384	0	-0.2189784904	-0.9757296863	0	0.9757296863	-0.2189784904	0	0	0	1
3.67	4.203912109	-0.8272967364	0	-0.2762067512	-0.9610982419	0	0.9610982419	-0.2762067512	0	0	0	1
3.68	4.234604478	-0.8175830411	0	-0.3308898655	-0.943669379	0	0.943669379	-0.3308898655	0	0	0	1
3.69	4.265171317	-0.8069132704	0	-0.3826047147	-0.9239121345	0	0.9239121345	-0.3826047147	0	0	0	1
3.7	4.295117575	-0.7954662143	0	-0.4309543562	-0.9023737268	0	0.9023737268	-0.4309543562	0	0	0	1
3.71	4.323903655	-0.7835856476	0	-0.4754654508	-0.8797343946	0	0.8797343946	-0.4754654508	0	0	0	1
3.72	4.351002584	-0.7717700612	0	-0.5155713856	-0.8568466294	0	0.8568466294	-0.5155713856	0	0	0	1
3.73	4.375954912	-0.7606253608	0	-0.5506783401	-0.8347175365	0	0.8347175365	-0.5506783401	0	0	0	1
3.74	4.398409079	-0.7507976265	0	-0.5802327501	-0.8144507079	0	0.8144507079	-0.5802327501	0	0	0	1
3.75	4.418140399	-0.7429037242	0	-0.6037605164	-0.7971657537	0	0.7971657537	-0.6037605164	0	0	0	1
3.76	4.435056584	-0.7374589612	0	-0.6209154066	-0.7838775783	0	0.7838775783	-0.6209154066	0	0	0	1
3.77	4.449187918	-0.7348168011	0	-0.6315189647	-0.7753604305	0	0.7753604305	-0.6315189647	0	0	0	1
3.78	4.460669662	-0.7351368648	0	-0.6355769025	-0.7720375645	0	0.7720375645	-0.6355769025	0	0	0	1
3.79	4.469721862	-0.7383876144	0	-0.6332768789	-0.773925316	0	0.773925316	-0.6332768789	0	0	0	1
3.8	4.476628357	-0.7443792546	0	-0.6249776752	-0.7806426234	0	0.7806426234	-0.6249776752	0	0	0	1
3.81	4.48171199	-0.7528160309	0	-0.6111737497	-0.7914964609	0	0.7914964609	-0.6111737497	0	0	0	1
3.82	4.485312164	-0.7633089123	0	-0.5924689466	-0.805593289	0	0.805593289	-0.5924689466	0	0	0	1
3.83	4.487771992	-0.7753927916	0	-0.5698252926	-0.8217658644	0	0.8217658644	-0.5698252926	0	0	0	1
3.84	4.489354243	-0.7888320987	0	-0.5437527282	-0.8392454769	0	0.8392454769	-0.5437527282	0	0	0	1
3.85	4.490253972	-0.8036078738	0	-0.5141294514	-0.8577126017	0	0.8577126017	-0.5141294514	0	0	0	1
3.86	4.490690672	-0.8196728982	0	-0.4810274141	-0.8767055531	0	0.8767055531	-0.4810274141	0	0	0	1
3.87	4.490944734	-0.8368920993	0	-0.4450312889	-0.8955150205	0	0.8955150205	-0.4450312889	0	0	0	1
3.88	4.491326212	-0.8551101309	0	-0.407024779	-0.9134171168	0	0.9134171168	-0.407024779	0	0	0	1
3.89	4.492517103	-0.8737263279	0	-0.369998616	-0.9290323052	0	0.9290323052	-0.369998616	0	0	0	1
3.9	4.495524686	-0.8917449224	0	-0.3335923741	-0.9427174168	0	0.9427174168	-0.3335923741	0	0	0	1
3.91	4.498590135	-0.9100540965	0	-0.2913621282	-0.9566128319	0	0.9566128319	-0.2913621282	0	0	0	1
3.92	4.501216039	-0.927771577	0	-0.2487725154	-0.968561942	0	0.968561942	-0.2487725154	0	0	0	1
3.93	4.503312574	-0.9444441824	0	-0.2076242035	-0.9782086639	0	0.9782086639	-0.2076242035	0	0	0	1
3.94	4.504540782	-0.9573992019	0	-0.1780671421	-0.9840183397	0	0.9840183397	-0.1780671421	0	0	0	1
3.95	4.504785479	-0.9640402498	0	-0.1700188913	-0.9854408032	0	0.9854408032	-0.1700188913	0	0	0	1
3.96	4.505156301	-0.9699520181	0	-0.1561316024	-0.9877362617	0	0.9877362617	-0.1561316024	0	0	0	1
3.97	4.50561799	-0.9748168974	0	-0.1363452552	-0.9906613808	0	0.9906613808	-0.1363452552	0	0	0	1
3.98	4.506051673	-0.9784990765	0	-0.1125939608	-0.9936410821	0	0.9936410821	-0.1125939608	0	0	0	1
3.99	4.506369354	-0.9810614266	0	-0.08693373601	-0.9962140962	0	0.9962140962	-0.08693373601	0	0	0	1
4	4.50655628	-0.9827064728	0	-0.06063930451	-0.9981597441	0	0.9981597441	-0.06063930451	0	0	0	1
4.01	4.50663683	-0.9837011605	0	-0.03434807692	-0.9994099307	0	0.9994099307	-0.03434807692	0	0	0	1
4.02	4.506665118	-0.9843127696	0	-0.00843338942	-0.9999644383	0	0.9999644383	-0.00843338942	0	0	0	1
4.03	4.506685402	-0.9847688879	0	0.01747359584	-0.9998473251	0	0.9998473251	0.01747359584	0	0	0	1
4.04	4.506714519	-0.9852035649	0	0.04389938819	-0.9990359572	0	0.9990359572	0.04389938819	0	0	0	1
4.05	4.506754862	-0.985616191	0	0.0703402286	-0.9975230585	0	0.9975230585	0.0703402286	0	0	0	1
4.06	4.506799344	-0.985947308	0	0.09618840416	-0.9953631452	0	0.9953631452	0.09618840416	0	0	0	1
4.07	4.506841585	-0.9861694608	0	0.1212745173	-0.9926190062	0	0.9926190062	0.1212745173	0	0	0	1
4.08	4.50687859	-0.9863015481	0	0.1457577095	-0.9893203172	0	0.9893203172	0.1457577095	0	0	0	1
4.09	4.506909397	-0.9863814675	0	0.1698694002	-0.9854665833	0	0.9854665833	0.1698694002	0	0	0	1
4.1	4.506933906	-0.986446604	0	0.19380685	-0.9810397061	0	0.9810397061	0.19380685	0	0	0	1
4.11	4.506952667	-0.9865303828	0	0.2177476365	-0.9760051059	0	0.9760051059	0.2177476365	0	0	0	1
4.12	4.506966791	-0.9866619369	0	0.2418782514	-0.9703066069	0	0.9703066069	0.2418782514	0	0	0	1
4.13	4.506977591	-0.9868613066	0	0.2663859877	-0.9638664355	0	0.9638664355	0.2663859877	0	0	0	1
4.14	4.506986134	-0.9871328367	0	0.2914191953	-0.9565954488	0	0.9565954488	0.2914191953	0	0	0	1
4.15	4.506992933	-0.9874619102	0	0.3170433106	-0.9484110603	0	0.9484110603	0.3170433106	0	0	0	1
4.16	4.506997831	-0.9878170051	0	0.3432176209	-0.9392559101	0	0.9392559101	0.3432176209	0	0	0	1
4.17	4.507000025	-0.9881562242	0	0.369805172	-0.9291093233	0	0.9291093233	0.369805172	0	0	0	1
4.18	4.506998262	-0.9884352738	0	0.3966060086	-0.9179889291	0	0.9179889291	0.3966060086	0	0	0	1
4.19	4.506991049	-0.9886149503	0	0.4233949406	-0.9059452104	0	0.9059452104	0.4233949406	0	0	0	1
4.2	4.506976901	-0.9886661643	0	0.4499451747	-0.8930561795	0	0.8930561795	0.4499451747	0	0	0	1
4.21	4.50695453	-0.9885727341	0	0.4760375354	-0.8794249626	0	0.8794249626	0.4760375354	0	0	0	1
4.22	4.506922904	-0.9883323456	0	0.5014617061	-0.865179841	0	0.865179841	0.5014617061	0	0	0	1
4.23	4.50688121	-0.9879569817	0	0.526023286	-0.8504701656	0	0.8504701656	0.526023286	0	0	0	1
4.24	4.506828867	-0.9874725354	0	0.5495618213	-0.8354530535	0	0.8354530535	0.5495618213	0	0	0	1
4.25	4.506765629	-0.9869169872	0	0.5719747573	-0.8202712216	0	0.8202712216	0.5719747573	0	0	0	1
4.26	4.506691758	-0.9863367627	0	0.5932409688	-0.8050249393	0	0.8050249393	0.5932409688	0	0	0	1
4.27	4.50660829	-0.9857811137	0	0.6134368354	-0.7897437869	0	0.7897437869	0.6134368354	0	0	0	1
4.28	4.506517278	-0.9852950506	0	0.6327329382	-0.7743700852	0	0.7743700852	0.6327329382	0	0	0	1
4.29	4.506421749	-0.9849116561	0	0.6513637438	-0.7587656248	0	0.7587656248	0.6513637438	0	0	0	1
4.3	4.506325352	-0.9846439613	0	0.6695730437	-0.7427462145	0	0.7427462145	0.6695730437	0	0	0	1
4.31	4.506231752	-0.9844786165	0	0.6875596659	-0.7261278853	0	0.7261278853	0.6875596659	0	0	0	1
4.32	4.506144145	-0.9843731199	0	0.705435548	-0.7087740737	0	0.7087740737	0.705435548	0	0	0	1
4.33	4.506065154	-0.98425819	0	0.7232005877	-0.6906380455	0	0.6906380455	0.7232005877	0	0	0	1
4.34	4.505997216	-0.9840453815	0	0.7407365521	-0.6717956239	0	0.6717956239	0.7407365521	0	0	0	1
4.35	4.505943344	-0.9836390727	0	0.7578180891	-0.6524658948	0	0.6524658948	0.7578180891	0	0	0	1
4.36	4.505908427	-0.9829510174	0	0.774138581	-0.6330161589	0	0.6330161589	0.774138581	0	0	0	1
4.37	4.505901363	-0.9819158563	0	0.7893444685	-0.6139505762	0	0.6139505762	0.7893444685	0	0	0	1
4.38	4.505940526	-0.9805051746	0	0.8030748437	-0.5958781716	0	0.5958781716	0.8030748437	0	0	0	1
4.39	4.506071753	-0.9787375338	0	0.8149825437	-0.5794855076	0	0.5794855076	0.8149825437	0	0	0	1
4.4	4.506557134	-0.9766865527	0	0.8244518967	-0.5659320366	0	0.5659320366	0.8244518967	0	0	0	1
4.41	4.508917883	-0.9746689724	0	0.8293490291	-0.5587308726	0	0.5587308726	0.8293490291	0	0	0	1
4.42	4.513192714	-0.973008835	0	0.8308366746	-0.5565163251	0	0.5565163251	0.8308366746	0	0	0	1
4.43	4.518536531	-0.9716499037	0	0.8306131781	-0.5568498437	0	0.5568498437	0.8306131781	0	0	0	1
4.44	4.524452196	-0.9704915111	0	0.8293459881	-0.5587353864	0	0.5587353864	0.8293459881	0	0	0	1
4.45	4.530571594	-0.9694556424	0	0.8275006555	-0.5614647497	0	0.5614647497	0.8275006555	0	0	0	1
4.46	4.536587439	-0.9684934876	0	0.8256218645	-0.5642238358	0	0.5642238358	0.8256218645	0	0	0	1
4.47	4.542291804	-0.9675934556	0	0.8242448308	-0.5662335728	0	0.5662335728	0.8242448308	0	0	0	1
4.48	4.547577579	-0.9667714214	0	0.8237882534	-0.5668976217	0	0.5668976217	0.8237882534	0	0	0	1
4.49	4.552314629	-0.9661871403	0	0.8252733559	-0.5647334664	0	0.5647334664	0.8252733559	0	0	0	1
4.5	4.557732156	-0.9655693581	0	0.8258043151	-0.5639567654	0	0.5639567654	0.8258043151	0	0	0	1
4.51	4.564757502	-0.9644729626	0	0.8247586234	-0.5654849362	0	0.5654849362	0.8247586234	0	0	0	1
4.52	4.572986464	-0.9625751797	0	0.8246957536	-0.5655766208	0	0.5655766208	0.8246957536	0	0	0	1
4.53	4.582945551	-0.9599756349	0	0.8249680013	-0.5651794378	0	0.5651794378	0.8249680013	0	0	0	1
4.54	4.595624635	-0.9568876998	0	0.8239392106	-0.5666781955	0	0.5666781955	0.8239392106	0	0	0	1
4.55	4.611914114	-0.953816825	0	0.8196917627	-0.5728048657	0	0.5728048657	0.8196917627	0	0	0	1
4.56	4.631772702	-0.9512859529	0	0.8109583477	-0.5851038868	0	0.5851038868	0.8109583477	0	0	0	1
4.57	4.654304568	-0.9489616736	0	0.7983628835	-0.6021766404	0	0.6021766404	0.7983628835	0	0	0	1
4.58	4.678176473	-0.9461388155	0	0.7839140672	-0.6208693383	0	0.6208693383	0.7839140672	0	0	0	1
4.59	4.702215345	-0.9424219102	0	0.7695080878	-0.6386370666	0	0.6386370666	0.7695080878	0	0	0	1
4.6	4.725745288	-0.9379527022	0	0.7559992178	-0.654572519	0	0.654572519	0.7559992178	0	0	0	1
4.61	4.74859923	-0.9332313367	0	0.7432123016	-0.669055659	0	0.669055659	0.7432123016	0	0	0	1
4.62	4.770969486	-0.9288272637	0	0.7303725159	-0.6830490378	0	0.6830490378	0.7303725159	0	0	0	1
4.63	4.793273399	-0.9250571225	0	0.716372273	-0.6977182572	0	0.6977182572	0.716372273	0	0	0	1
4.64	4.815870539	-0.9218608056	0	0.7005262474	-0.7136266368	0	0.7136266368	0.7005262474	0	0	0	1
4.65	4.839018175	-0.919057682	0	0.6825589466	-0.7308305442	0	0.7308305442	0.6825589466	0	0	0	1
4.66	4.862924809	-0.9165576991	0	0.6620732763	-0.7494391082	0	0.7494391082	0.6620732763	0	0	0	1
4.67	4.887709595	-0.9143362901	0	0.6385220889	-0.7696034966	0	0.7696034966	0.6385220889	0	0	0	1
4.68	4.913329958	-0.9123249598	0	0.6115458728	-0.7912089771	0	0.7912089771	0.6115458728	0	0	0	1
4.69	4.939563874	-0.9103729844	0	0.5812189853	-0.8137471912	0	0.8137471912	0.5812189853	0	0	0	1
4.7	4.966074067	-0.9082938622	0	0.5479928266	-0.8364830315	0	0.8364830315	0.5479928266	0	0	0	1
4.71	4.992523604	-0.9059345939	0	0.5124061959	-0.858743204	0	0.858743204	0.5124061959	0	0	0	1
4.72	5.018680303	-0.9032127171	0	0.4747817824	-0.8801035502	0	0.8801035502	0.4747817824	0	0	0	1
4.73	5.044470398	-0.9001110567	0	0.4350741945	-0.9003946053	0	0.9003946053	0.4350741945	0	0	0	1
4.74	5.069959627	-0.896644717	0	0.3929417055	-0.9195633834	0	0.9195633834	0.3929417055	0	0	0	1
4.75	5.095293913	-0.8928291222	0	0.3479442184	-0.9375152377	0	0.9375152377	0.3479442184	0	0	0	1
4.76	5.120635449	-0.8886657834	0	0.2997454222	-0.9540192251	0	0.9540192251	0.2997454222	0	0	0	1
4.77	5.146126296	-0.8841482357	0	0.2482257519	-0.9687022123	0	0.9687022123	0.2482257519	0	0	0	1
4.78	5.171881252	-0.8792752975	0	0.193512241	-0.9810978609	0	0.9810978609	0.193512241	0	0	0	1
4.79	5.197997115	-0.8740575635	0	0.1359677912	-0.9907132581	0	0.9907132581	0.1359677912	0	0	0	1
4.8	5.224566584	-0.8685105066	0	0.07616319108	-0.9970953657	0	0.9970953657	0.07616319108	0	0	0	1
4.81	5.251688567	-0.8626372091	0	0.0148313311	-0.9998900098	0	0.9998900098	0.0148313311	0	0	0	1
4.82	5.279467162	-0.8564051515	0	-0.04720656091	-0.9988851489	0	0.9988851489	-0.04720656091	0	0	0	1
4.83	5.307993494	-0.84972713	0	-0.109122817	-0.9940282747	0	0.9940282747	-0.109122817	0	0	0	1
4.84	5.337306768	-0.84245789	0	-0.1701420593	-0.985419545	0	0.985419545	-0.1701420593	0	0	0	1
4.85	5.367345287	-0.8344196849	0	-0.2295629782	-0.9732938092	0	0.9732938092	-0.2295629782	0	0	0	1
4.86	5.397911951	-0.8254573382	0	-0.2867684391	-0.9579999281	0	0.9579999281	-0.2867684391	0	0	0	1
4.87	5.428674491	-0.8155017919	0	-0.3412436187	-0.9399748894	0	0.9399748894	-0.3412436187	0	0	0	1
4.88	5.459194845	-0.8046151463	0	-0.3925709362	-0.9197217297	0	0.9197217297	-0.3925709362	0	0	0	1
4.89	5.488963888	-0.7930140184	0	-0.440352277	-0.8978250788	0	0.8978250788	-0.440352277	0	0	0	1
4.9	5.517442573	-0.7810793519	0	-0.4841116064	-0.8750062586	0	0.8750062586	-0.4841116064	0	0	0	1
4.91	5.544114986	-0.7693417091	0	-0.5232780113	-0.8521620285	0	0.8521620285	-0.5232780113	0	0	0	1
4.92	5.568544933	-0.7584250081	0	-0.5572694119	-0.8303317425	0	0.8303317425	-0.5572694119	0	0	0	1
4.93	5.590411724	-0.748974596	0	-0.5855609435	-0.8106283867	0	0.8106283867	-0.5855609435	0	0	0	1
4.94	5.609523921	-0.7415891859	0	-0.6077142458	-0.7941557753	0	0.7941557753	-0.6077142458	0	0	0	1
4.95	5.6258208	-0.7367509726	0	-0.6234236185	-0.7818842574	0	0.7818842574	-0.6234236185	0	0	0	1
4.96	5.639360893	-0.734769046	0	-0.6325579036	-0.7745130719	0	0.7745130719	-0.6325579036	0	0	0	1
4.97	5.650302913	-0.7357560579	0	-0.635170579	-0.7723718894	0	0.7723718894	-0.635170579	0	0	0	1
4.98	5.658885208	-0.7396389562	0	-0.6314947508	-0.7753801517	0	0.7753801517	-0.6314947508	0	0	0	1
4.99	5.665403803	-0.7461984321	0	-0.6219282474	-0.7830742334	0	0.7830742334	-0.6219282474	0	0	0	1
5	5.670188067	-0.7551199686	0	-0.606989621	-0.7947097583	0	0.7947097583	-0.606989621	0	0	0	1
5.01	5.673580876	-0.7659873455	0	-0.5873549887	-0.8093294244	0	0.8093294244	-0.5873549887	0	0	0	1
5.02	5.675913801	-0.7783595841	0	-0.5639916032	-0.8257805226	0	0.8257805226	-0.5639916032	0	0	0	1
5.03	5.677425781	-0.7920709311	0	-0.5372182235	-0.8434432882	0	0.8434432882	-0.5372182235	0	0	0	1
5.04	5.678306577	-0.8071157915	0	-0.5068843723	-0.8620140562	0	0.8620140562	-0.5068843723	0	0	0	1
5.05	5.678785336	-0.8234277837	0	-0.4731683765	-0.8809720129	0	0.8809720129	-0.4731683765	0	0	0	1
5.06	5.679149678	-0.8408619005	0	-0.4367428414	-0.8995863997	0	0.8995863997	-0.4367428414	0	0	0	1
5.07	5.679706087	-0.8592686739	0	-0.3985115628	-0.9171633084	0	0.9171633084	-0.3985115628	0	0	0	1
5.08	5.681479295	-0.8776872404	0	-0.362704877	-0.9319040574	0	0.9319040574	-0.362704877	0	0	0	1
5.09	5.684558925	-0.8958400677	0	-0.3244803445	-0.9458924389	0	0.9458924389	-0.3244803445	0	0	0	1
5.1	5.687558403	-0.9141039389	0	-0.2817416534	-0.9594903026	0	0.9594903026	-0.2817416534	0	0	0	1
5.11	5.690062585	-0.9316130033	0	-0.2394599389	-0.9709062456	0	0.9709062456	-0.2394599389	0	0	0	1
5.12	5.692053315	-0.9480429786	0	-0.1985244714	-0.9800959312	0	0.9800959312	-0.1985244714	0	0	0	1
5.13	5.692926135	-0.9589831445	0	-0.176509452	-0.9842989451	0	0.9842989451	-0.176509452	0	0	0	1
5.14	5.693189808	-0.9654456934	0	-0.1675209174	-0.9858685218	0	0.9858685218	-0.1675209174	0	0	0	1
5.15	5.693588667	-0.9711414082	0	-0.1522203115	-0.9883465874	0	0.9883465874	-0.1522203115	0	0	0	1
5.16	5.694055701	-0.9757401656	0	-0.1313550512	-0.9913353875	0	0.9913353875	-0.1313550512	0	0	0	1
5.17	5.694468673	-0.9791541443	0	-0.1070314592	-0.9942556345	0	0.9942556345	-0.1070314592	0	0	0	1
5.18	5.69475719	-0.9814865763	0	-0.08115368989	-0.9967015996	0	0.9967015996	-0.08115368989	0	0	0	1
5.19	5.694917974	-0.9829607518	0	-0.05482229755	-0.998496127	0	0.998496127	-0.05482229755	0	0	0	1
5.2	5.694981855	-0.983849084	0	-0.02858736269	-0.9995912978	0	0.9995912978	-0.02858736269	0	0	0	1
5.21	5.695007422	-0.9844109177	0	-0.002755326855	-0.9999962041	0	0.9999962041	-0.002755326855	0	0	0	1
5.22	5.695029612	-0.9848583492	0	0.02326203866	-0.9997294022	0	0.9997294022	0.02326203866	0	0	0	1
5.23	5.695062542	-0.9852944496	0	0.04974339433	-0.9987620311	0	0.9987620311	0.04974339433	0	0	0	1
5.24	5.695105318	-0.9856953471	0	0.07607503441	-0.9971020956	0	0.9971020956	0.07607503441	0	0	0	1
5.25	5.69515034	-0.9860031239	0	0.101728323	-0.9948122176	0	0.9948122176	0.101728323	0	0	0	1
5.26	5.69519195	-0.9862019954	0	0.1266315551	-0.9919498219	0	0.9919498219	0.1266315551	0	0	0	1
5.27	5.695227767	-0.9863180345	0	0.1509813699	-0.9885366083	0	0.9885366083	0.1509813699	0	0	0	1
5.28	5.695257108	-0.9863905385	0	0.1750082375	-0.9845669692	0	0.9845669692	0.1750082375	0	0	0	1
5.29	5.695280067	-0.9864565112	0	0.198905026	-0.9800187706	0	0.9800187706	0.198905026	0	0	0	1
5.3	5.695297399	-0.9865488351	0	0.2228513875	-0.9748524294	0	0.9748524294	0.2228513875	0	0	0	1
5.31	5.695310354	-0.986695191	0	0.2470362973	-0.9690062269	0	0.9690062269	0.2470362973	0	0	0	1
5.32	5.695320269	-0.9869124304	0	0.2716416101	-0.9623984807	0	0.9623984807	0.2716416101	0	0	0	1
5.33	5.695328121	-0.98720039	0	0.2967984867	-0.9549401334	0	0.9549401334	0.2967984867	0	0	0	1
5.34	5.695334286	-0.9875398649	0	0.3225467979	-0.9465535184	0	0.9465535184	0.3225467979	0	0	0	1
5.35	5.695338456	-0.9878960089	0	0.3488196563	-0.9371898673	0	0.9371898673	0.3488196563	0	0	0	1
5.36	5.695339691	-0.9882256176	0	0.3754611896	-0.926838117	0	0.926838117	0.3754611896	0	0	0	1
5.37	5.695336658	-0.9884850876	0	0.4022626612	-0.9155243041	0	0.9155243041	0.4022626612	0	0	0	1
5.38	5.695327847	-0.9886373416	0	0.4289976734	-0.903305594	0	0.903305594	0.4289976734	0	0	0	1
5.39	5.695311805	-0.9886563896	0	0.4554426598	-0.8902651198	0	0.8902651198	0.4554426598	0	0	0	1
5.4	5.695287324	-0.9885294408	0	0.4813829639	-0.8765103776	0	0.8765103776	0.4813829639	0	0	0	1
5.41	5.695253422	-0.9882576274	0	0.5066128237	-0.8621736756	0	0.8621736756	0.5066128237	0	0	0	1
5.42	5.695209352	-0.9878562524	0	0.5309458855	-0.8474057273	0	0.8474057273	0.5309458855	0	0	0	1
5.43	5.69515463	-0.9873540472	0	0.554233943	-0.8323609412	0	0.8323609412	0.554233943	0	0	0	1
5.44	5.695089116	-0.9867910565	0	0.5763908	-0.8171741832	0	0.8171741832	0.5763908	0	0	0	1
5.45	5.695013234	-0.9862145604	0	0.5974150086	-0.8019322338	0	0.8019322338	0.5974150086	0	0	0	1
5.46	5.694928232	-0.9856731389	0	0.6174025295	-0.7866473902	0	0.7866473902	0.6174025295	0	0	0	1
5.47	5.694836369	-0.9852095724	0	0.636538454	-0.7712449653	0	0.7712449653	0.636538454	0	0	0	1
5.48	5.694740804	-0.9848530535	0	0.6550617704	-0.7555753284	0	0.7555753284	0.6550617704	0	0	0	1
5.49	5.694645191	-0.984611336	0	0.673209675	-0.7394516438	0	0.7394516438	0.673209675	0	0	0	1
5.5	5.694553084	-0.9844649998	0	0.6911648193	-0.7226971652	0	0.7226971652	0.6911648193	0	0	0	1
5.51	5.694467517	-0.9843656976	0	0.709017186	-0.705191201	0	0.705191201	0.709017186	0	0	0	1
5.52	5.69439101	-0.9842395657	0	0.7267427481	-0.6869097307	0	0.6869097307	0.7267427481	0	0	0	1
5.53	5.694326034	-0.9839957943	0	0.7442007172	-0.6679560559	0	0.6679560559	0.7442007172	0	0	0	1
5.54	5.694275862	-0.9835392097	0	0.7611477285	-0.6485785499	0	0.6485785499	0.7611477285	0	0	0	1
5.55	5.694245937	-0.9827851147	0	0.7772652621	-0.6291730384	0	0.6291730384	0.7772652621	0	0	0	1
5.56	5.694246463	-0.9816747095	0	0.7921959864	-0.6102667606	0	0.6102667606	0.7921959864	0	0	0	1
5.57	5.69429905	-0.9801884097	0	0.8055816524	-0.5924847688	0	0.5924847688	0.8055816524	0	0	0	1
5.58	5.694461184	-0.9783550731	0	0.8170741712	-0.5765325653	0	0.5765325653	0.8170741712	0	0	0	1
5.59	5.695177556	-0.9762689711	0	0.8257772526	-0.5639963911	0	0.5639963911	0.8257772526	0	0	0	1
5.6	5.697994806	-0.9743137891	0	0.829792235	-0.5580724386	0	0.5580724386	0.829792235	0	0	0	1
5.61	5.702539621	-0.9727213203	0	0.8308392164	-0.5565125305	0	0.5565125305	0.8308392164	0	0	0	1
5.62	5.708030938	-0.9714086162	0	0.8303620647	-0.5572242291	0	0.5572242291	0.8303620647	0	0	0	1
5.63	5.714015134	-0.9702789986	0	0.8289324734	-0.5593486878	0	0.5593486878	0.8289324734	0	0	0	1
5.64	5.720133866	-0.9692593539	0	0.8270288661	-0.5621594565	0	0.5621594565	0.8270288661	0	0	0	1
5.65	5.726096583	-0.9683081168	0	0.8252055655	-0.5648325191	0	0.5648325191	0.8252055655	0	0	0	1
5.66	5.731716652	-0.9674205462	0	0.8239810495	-0.5666173577	0	0.5666173577	0.8239810495	0	0	0	1
5.67	5.736902299	-0.9666168586	0	0.8237600881	-0.566938548	0	0.566938548	0.8237600881	0	0	0	1
5.68	5.74157947	-0.9660895548	0	0.8255575244	-0.5643179724	0	0.5643179724	0.8255575244	0	0	0	1
5.69	5.747316922	-0.9653945381	0	0.8255276529	-0.5643616698	0	0.5643616698	0.8255276529	0	0	0	1
5.7	5.754563287	-0.964155012	0	0.8246038393	-0.5657106223	0	0.5657106223	0.8246038393	0	0	0	1
5.71	5.763044704	-0.9620870664	0	0.8247434119	-0.5655071216	0	0.5655071216	0.8247434119	0	0	0	1
5.72	5.773415	-0.9593685362	0	0.8249350622	-0.5652275145	0	0.5652275145	0.8249350622	0	0	0	1
5.73	5.786745595	-0.9562031303	0	0.8234404517	-0.5674026987	0	0.5674026987	0.8234404517	0	0	0	1
5.74	5.803754059	-0.9532136927	0	0.8183728984	-0.5746875666	0	0.5746875666	0.8183728984	0	0	0	1
5.75	5.8242236	-0.9507665473	0	0.8087671392	-0.5881289948	0	0.5881289948	0.8087671392	0	0	0	1
5.76	5.847122484	-0.9483934649	0	0.7956275342	-0.605786123	0	0.605786123	0.7956275342	0	0	0	1
5.77	5.87110634	-0.9454064708	0	0.7810568159	-0.6244599669	0	0.6244599669	0.7810568159	0	0	0	1
5.78	5.895085424	-0.9415159438	0	0.7667844555	-0.6419046649	0	0.6419046649	0.7667844555	0	0	0	1
5.79	5.918491299	-0.9369562867	0	0.7534360977	-0.6575211378	0	0.6575211378	0.7534360977	0	0	0	1
5.8	5.941239105	-0.9322636977	0	0.7406862859	-0.6718510444	0	0.6718510444	0.7406862859	0	0	0	1
5.81	5.963577623	-0.9279832282	0	0.7276738064	-0.6859233422	0	0.6859233422	0.7276738064	0	0	0	1
5.82	5.985933103	-0.9243483013	0	0.7133110151	-0.7008476266	0	0.7008476266	0.7133110151	0	0	0	1
5.83	6.008637751	-0.9212481896	0	0.6970407038	-0.7170315595	0	0.7170315595	0.6970407038	0	0	0	1
5.84	6.031937792	-0.9185115879	0	0.6785948045	-0.7345128258	0	0.7345128258	0.6785948045	0	0	0	1
5.85	6.056030644	-0.9160703498	0	0.6575269658	-0.7534310116	0	0.7534310116	0.6575269658	0	0	0	1
5.86	6.081008947	-0.9138995549	0	0.6332948166	-0.7739106378	0	0.7739106378	0.6332948166	0	0	0	1
5.87	6.106793713	-0.9119143494	0	0.6056122073	-0.7957599226	0	0.7957599226	0.6056122073	0	0	0	1
5.88	6.133132345	-0.9099514001	0	0.574642252	-0.8184047178	0	0.8184047178	0.574642252	0	0	0	1
5.89	6.159677431	-0.907825807	0	0.5408803608	-0.8410995395	0	0.8410995395	0.5408803608	0	0	0	1
5.9	6.186104607	-0.9053969325	0	0.5048445395	-0.863210282	0	0.863210282	0.5048445395	0	0	0	1
5.91	6.212210394	-0.9025970145	0	0.4667897524	-0.8843683209	0	0.8843683209	0.4667897524	0	0	0	1
5.92	6.237951006	-0.8994183018	0	0.4266008934	-0.9044399802	0	0.9044399802	0.4266008934	0	0	0	1
5.93	6.26341305	-0.8958782328	0	0.3838990213	-0.9233750817	0	0.9233750817	0.3838990213	0	0	0	1
5.94	6.288749714	-0.8919899732	0	0.3382516397	-0.9410556988	0	0.9410556988	0.3382516397	0	0	0	1
5.95	6.314120982	-0.8877526637	0	0.2893599738	-0.9572203537	0	0.9572203537	0.2893599738	0	0	0	1
5.96	6.339663476	-0.8831600235	0	0.2371530578	-0.9714722987	0	0.9714722987	0.2371530578	0	0	0	1
5.97	6.365487781	-0.878213134	0	0.1818061214	-0.9833343959	0	0.9833343959	0.1818061214	0	0	0	1
5.98	6.391689939	-0.8729249362	0	0.1237263668	-0.992316374	0	0.992316374	0.1237263668	0	0	0	1
5.99	6.418364258	-0.8673099644	0	0.0635220312	-0.9979804365	0	0.9979804365	0.0635220312	0	0	0	1
6	6.445611359	-0.8613651053	0	0.001950353937	-0.9999980981	0	0.9999980981	0.001950353937	0	0	0	1
6.01	6.473535665	-0.8550483313	0	-0.0601561866	-0.9981889767	0	0.9981889767	-0.0601561866	0	0	0	1
6.02	6.502221524	-0.8482595144	0	-0.1219751324	-0.9925331567	0	0.9925331567	-0.1219751324	0	0	0	1
6.03	6.531690981	-0.8408431426	0	-0.1827424813	-0.9831608137	0	0.9831608137	-0.1827424813	0	0	0	1
6.04	6.561855573	-0.8326208164	0	-0.2417699505	-0.9703335978	0	0.9703335978	-0.2417699505	0	0	0	1
6.05	6.592488122	-0.8234505153	0	-0.2984579023	-0.9544227997	0	0.9544227997	-0.2984579023	0	0	0	1
6.06	6.62323119	-0.8132881999	0	-0.3523139113	-0.9358818878	0	0.9358818878	-0.3523139113	0	0	0	1
6.07	6.65362851	-0.8022273536	0	-0.4029335579	-0.9152292324	0	0.9152292324	-0.4029335579	0	0	0	1
6.08	6.683161638	-0.7905191954	0	-0.4499104406	-0.8930736786	0	0.8930736786	-0.4499104406	0	0	0	1
6.09	6.711291393	-0.77857965	0	-0.4927447273	-0.8701739101	0	0.8701739101	-0.4927447273	0	0	0	1
6.1	6.737514708	-0.7669647247	0	-0.5308572674	-0.8474612449	0	0.8474612449	-0.5308572674	0	0	0	1
6.11	6.761418771	-0.7563079414	0	-0.5636779449	-0.8259946576	0	0.8259946576	-0.5636779449	0	0	0	1
6.12	6.78270991	-0.7472501901	0	-0.5906979755	-0.8068927449	0	0.8068927449	-0.5906979755	0	0	0	1
6.13	6.801224917	-0.7403710274	0	-0.6115026778	-0.7912423618	0	0.7912423618	-0.6115026778	0	0	0	1
6.14	6.816930108	-0.7361189167	0	-0.6258226912	-0.7799653577	0	0.7799653577	-0.6258226912	0	0	0	1
6.15	6.829907098	-0.7347615805	0	-0.633566871	-0.7736879345	0	0.7736879345	-0.633566871	0	0	0	1
6.16	6.840333233	-0.7363701908	0	-0.6348278258	-0.7726536298	0	0.7726536298	-0.6348278258	0	0	0	1
6.17	6.848461033	-0.7408367027	0	-0.6298755334	-0.7766960875	0	0.7766960875	-0.6298755334	0	0	0	1
6.18	6.85459559	-0.7479179859	0	-0.6191396435	-0.7852809063	0	0.7852809063	-0.6191396435	0	0	0	1
6.19	6.85906914	-0.7572830631	0	-0.6031521773	-0.7976261349	0	0.7976261349	-0.6031521773	0	0	0	1
6.2	6.862227342	-0.7684911098	0	-0.5826746257	-0.8127055313	0	0.8127055313	-0.5826746257	0	0	0	1
6.21	6.864385999	-0.7811422025	0	-0.5586146764	-0.8294272984	0	0.8294272984	-0.5586146764	0	0	0	1
6.22	6.865765365	-0.7951278574	0	-0.531123091	-0.8472946726	0	0.8472946726	-0.531123091	0	0	0	1
6.23	6.866556659	-0.8104418983	0	-0.5000666736	-0.8659869064	0	0.8659869064	-0.5000666736	0	0	0	1
6.24	6.86700207	-0.826997504	0	-0.4657353916	-0.8849240335	0	0.8849240335	-0.4657353916	0	0	0	1
6.25	6.867396546	-0.8446427593	0	-0.4288747132	-0.90336398	0	0.90336398	-0.4288747132	0	0	0	1
6.26	6.868042695	-0.863235636	0	-0.3903971121	-0.9206465635	0	0.9206465635	-0.3903971121	0	0	0	1
6.27	6.870277351	-0.8814445538	0	-0.3553971976	-0.9347153748	0	0.9347153748	-0.3553971976	0	0	0	1
6.28	6.873392982	-0.8996897994	0	-0.3157207487	-0.9488521533	0	0.9488521533	-0.3157207487	0	0	0	1
6.29	6.876307185	-0.917851106	0	-0.2728008585	-0.9620705232	0	0.9620705232	-0.2728008585	0	0	0	1
6.3	6.878696829	-0.9351413792	0	-0.2308593193	-0.97298714	0	0.97298714	-0.2308593193	0	0	0	1
6.31	6.880592283	-0.951331482	0	-0.1900947513	-0.9817657488	0	0.9817657488	-0.1900947513	0	0	0	1
6.32	6.881149783	-0.9603704956	0	-0.1751459832	-0.9845424747	0	0.9845424747	-0.1751459832	0	0	0	1
6.33	6.881442043	-0.9667099598	0	-0.1648974779	-0.9863107126	0	0.9863107126	-0.1648974779	0	0	0	1
6.34	6.881863953	-0.9721910406	0	-0.1483107298	-0.9889408109	0	0.9889408109	-0.1483107298	0	0	0	1
6.35	6.882329815	-0.9765405807	0	-0.1265361034	-0.9919620026	0	0.9919620026	-0.1265361034	0	0	0	1
6.36	6.882720102	-0.9797131728	0	-0.1017591709	-0.9948090627	0	0.9948090627	-0.1017591709	0	0	0	1
6.37	6.882981064	-0.9818446734	0	-0.07572205974	-0.9971289634	0	0.9971289634	-0.07572205974	0	0	0	1
6.38	6.883118415	-0.9831738242	0	-0.04937763455	-0.9987801806	0	0.9987801806	-0.04937763455	0	0	0	1
6.39	6.883169069	-0.9839747764	0	-0.02321339379	-0.9997305329	0	0.9997305329	-0.02321339379	0	0	0	1
6.4	6.883192846	-0.9844987659	0	0.002571542563	-0.9999966936	0	0.9999966936	0.002571542563	0	0	0	1
6.41	6.883216803	-0.9849412377	0	0.02869997555	-0.9995880709	0	0.9995880709	0.02869997555	0	0	0	1
6.42	6.883252483	-0.9853757908	0	0.05520050754	-0.9984752896	0	0.9984752896	0.05520050754	0	0	0	1
6.43	6.883296542	-0.9857620786	0	0.08140720626	-0.9966809253	0	0.9966809253	0.08140720626	0	0	0	1
6.44	6.883341337	-0.986047427	0	0.106882342	-0.9942716756	0	0.9942716756	0.106882342	0	0	0	1
6.45	6.883381954	-0.9862267075	0	0.1316343727	-0.9912983365	0	0.9912983365	0.1316343727	0	0	0	1
6.46	6.883416495	-0.9863310432	0	0.1558822409	-0.9877756461	0	0.9877756461	0.1558822409	0	0	0	1
6.47	6.883444486	-0.9864000021	0	0.1798505367	-0.9836939486	0	0.9836939486	0.1798505367	0	0	0	1
6.48	6.883466173	-0.9864697788	0	0.2037272531	-0.9790276841	0	0.9790276841	0.2037272531	0	0	0	1
6.49	6.883482447	-0.9865723734	0	0.2276933345	-0.9737328922	0	0.9737328922	0.2276933345	0	0	0	1
6.5	6.883494625	-0.9867337843	0	0.2519393445	-0.9677430272	0	0.9677430272	0.2519393445	0	0	0	1
6.51	6.883504006	-0.9869676314	0	0.2766401046	-0.9609735962	0	0.9609735962	0.2766401046	0	0	0	1
6.52	6.883511465	-0.987269659	0	0.3019101178	-0.9533363943	0	0.9533363943	0.3019101178	0	0	0	1
6.53	6.883517223	-0.9876169365	0	0.3277669177	-0.9447586187	0	0.9447586187	0.3277669177	0	0	0	1
6.54	6.88352083	-0.9879721723	0	0.3541227324	-0.9351989577	0	0.9351989577	0.3541227324	0	0	0	1
6.55	6.88352126	-0.9882913401	0	0.3808071727	-0.9246544745	0	0.9246544745	0.3808071727	0	0	0	1
6.56	6.883517112	-0.9885317885	0	0.4076058406	-0.9131579703	0	0.9131579703	0.4076058406	0	0	0	1
6.57	6.883506873	-0.9886585144	0	0.4342923433	-0.9007719803	0	0.9007719803	0.4342923433	0	0	0	1
6.58	6.883489132	-0.9886482416	0	0.4606457176	-0.8875840934	0	0.8875840934	0.4606457176	0	0	0	1
6.59	6.883462732	-0.988491052	0	0.4864532896	-0.8737065852	0	0.8737065852	0.4864532896	0	0	0	1
6.6	6.883426744	-0.9881910478	0	0.5115126913	-0.8592757222	0	0.8592757222	0.5115126913	0	0	0	1
6.61	6.883380488	-0.9877663404	0	0.5356438868	-0.8444439747	0	0.8444439747	0.5356438868	0	0	0	1
6.62	6.883323537	-0.9872481468	0	0.5587090159	-0.8293637535	0	0.8293637535	0.5587090159	0	0	0	1
6.63	6.883255847	-0.9866783203	0	0.5806369768	-0.8141625766	0	0.8141625766	0.5806369768	0	0	0	1
6.64	6.883177996	-0.9861048336	0	0.6014448239	-0.7989143407	0	0.7989143407	0.6014448239	0	0	0	1
6.65	6.883091427	-0.98557564	0	0.6212470708	-0.7836147504	0	0.7836147504	0.6212470708	0	0	0	1
6.66	6.882998583	-0.9851314321	0	0.6402427172	-0.7681726779	0	0.7681726779	0.6402427172	0	0	0	1
6.67	6.882902764	-0.984797682	0	0.6586741588	-0.7524283039	0	0.7524283039	0.6586741588	0	0	0	1
6.68	6.882807637	-0.9845771538	0	0.6767717433	-0.7361929145	0	0.7361929145	0.6767717433	0	0	0	1
6.69	6.88271667	-0.9844447304	0	0.6947019833	-0.7192976813	0	0.7192976813	0.6947019833	0	0	0	1
6.7	6.882632775	-0.9843466213	0	0.7125336291	-0.7016379603	0	0.7016379603	0.7125336291	0	0	0	1
6.71	6.882558404	-0.9842048409	0	0.730219355	-0.6832127733	0	0.6832127733	0.730219355	0	0	0	1
6.72	6.882496116	-0.9839267047	0	0.7475969386	-0.6641527063	0	0.6641527063	0.7475969386	0	0	0	1
6.73	6.882449469	-0.9834178996	0	0.764405877	-0.6447353374	0	0.6447353374	0.764405877	0	0	0	1
6.74	6.882424566	-0.9825976578	0	0.7803171252	-0.6253840293	0	0.6253840293	0.7803171252	0	0	0	1
6.75	6.882433108	-0.981413932	0	0.7949706366	-0.6066479102	0	0.6066479102	0.7949706366	0	0	0	1
6.76	6.882500633	-0.9798560027	0	0.8080112689	-0.58916703	0	0.58916703	0.8080112689	0	0	0	1
6.77	6.882700851	-0.9779629545	0	0.8190839486	-0.5736736748	0	0.5736736748	0.8190839486	0	0	0	1
6.78	6.883728091	-0.9758613475	0	0.8269268592	-0.5623094962	0	0.5623094962	0.8269268592	0	0	0	1
6.79	6.886961071	-0.9739764291	0	0.8301806519	-0.557494471	0	0.557494471	0.8301806519	0	0	0	1
6.8	6.891738738	-0.9724474364	0	0.8308564459	-0.556486807	0	0.556486807	0.8308564459	0	0	0	1
6.81	6.897357234	-0.9711774517	0	0.8301564559	-0.5575305002	0	0.5575305002	0.8301564559	0	0	0	1
6.82	6.903394731	-0.9700742538	0	0.8285916194	-0.5598534882	0	0.5598534882	0.8285916194	0	0	0	1
6.83	6.909503132	-0.9690699451	0	0.8266571574	-0.5627059127	0	0.5627059127	0.8266571574	0	0	0	1
6.84	6.915410236	-0.9681303329	0	0.824911283	-0.565262218	0	0.565262218	0.824911283	0	0	0	1
6.85	6.920950068	-0.9672568047	0	0.8238518985	-0.5668051246	0	0.5668051246	0.8238518985	0	0	0	1
6.86	6.926035414	-0.9664812602	0	0.8239307558	-0.5666904884	0	0.5666904884	0.8239307558	0	0	0	1
6.87	6.930744927	-0.9659862724	0	0.8257953642	-0.5639698719	0	0.5639698719	0.8257953642	0	0	0	1
6.88	6.936819967	-0.9652095084	0	0.8252954273	-0.564701211	0	0.564701211	0.8252954273	0	0	0	1
6.89	6.944285879	-0.963814925	0	0.8245600343	-0.5657744691	0	0.5657744691	0.8245600343	0	0	0	1
6.9	6.953066713	-0.9615938878	0	0.8248318012	-0.5653781918	0	0.5653781918	0.8248318012	0	0	0	1
6.91	6.963911395	-0.9587706594	0	0.8248524166	-0.5653481147	0	0.5653481147	0.8248524166	0	0	0	1
6.92	6.977930961	-0.9555694385	0	0.8228048462	-0.5683240141	0	0.5683240141	0.8228048462	0	0	0	1
6.93	6.99565579	-0.9526831817	0	0.8168738933	-0.5768162986	0	0.5768162986	0.8168738933	0	0	0	1
6.94	7.016696055	-0.9503028289	0	0.8064466757	-0.5913068232	0	0.5913068232	0.8064466757	0	0	0	1
6.95	7.039908658	-0.9478556939	0	0.7928581968	-0.6094061698	0	0.6094061698	0.7928581968	0	0	0	1
6.96	7.063961933	-0.9446967269	0	0.7782409692	-0.6279657586	0	0.6279657586	0.7782409692	0	0	0	1
6.97	7.087858304	-0.9406442394	0	0.764132973	-0.6450587567	0	0.6450587567	0.764132973	0	0	0	1
6.98	7.111133355	-0.9360140166	0	0.7509432662	-0.6603667246	0	0.6603667246	0.7509432662	0	0	0	1
6.99	7.133777131	-0.9313670333	0	0.7382170008	-0.6745633104	0	0.6745633104	0.7382170008	0	0	0	1
7	7.156091423	-0.9272108601	0	0.7250090552	-0.6887393337	0	0.6887393337	0.7250090552	0	0	0	1
7.01	7.178498225	-0.9236978311	0	0.7102913998	-0.7039077549	0	0.7039077549	0.7102913998	0	0	0	1
7.02	7.201306056	-0.9206813438	0	0.6936134778	-0.7203473769	0	0.7203473769	0.6936134778	0	0	0	1
7.03	7.224751962	-0.9180058413	0	0.6746937738	-0.7380977656	0	0.7380977656	0.6746937738	0	0	0	1
7.04	7.249019366	-0.9156209027	0	0.6530442079	-0.7573197888	0	0.7573197888	0.6530442079	0	0	0	1
7.05	7.2741716	-0.913496353	0	0.6281442171	-0.7780969365	0	0.7780969365	0.6281442171	0	0	0	1
7.06	7.300093381	-0.9115304157	0	0.5997891217	-0.8001581153	0	0.8001581153	0.5997891217	0	0	0	1
7.07	7.326505364	-0.9095497858	0	0.5682248768	-0.8228733131	0	0.8228733131	0.5682248768	0	0	0	1
7.08	7.353055533	-0.9073739396	0	0.5339769698	-0.8454990217	0	0.8454990217	0.5339769698	0	0	0	1
7.09	7.379436379	-0.9048755246	0	0.4975312405	-0.8674460587	0	0.8674460587	0.4975312405	0	0	0	1
7.1	7.40547471	-0.9020005881	0	0.4590713972	-0.8883993766	0	0.8883993766	0.4590713972	0	0	0	1
7.11	7.431156045	-0.8987492217	0	0.4184172674	-0.9082549149	0	0.9082549149	0.4184172674	0	0	0	1
7.12	7.456585112	-0.8951397908	0	0.3751624443	-0.9269590824	0	0.9269590824	0.3751624443	0	0	0	1
7.13	7.48192007	-0.8911828012	0	0.3288889297	-0.9443686102	0	0.9443686102	0.3288889297	0	0	0	1
7.14	7.507317701	-0.8868753423	0	0.2793377892	-0.9601928971	0	0.9601928971	0.2793377892	0	0	0	1
7.15	7.532909594	-0.8822119087	0	0.2264860011	-0.9740144205	0	0.9740144205	0.2264860011	0	0	0	1
7.16	7.558802381	-0.8771959341	0	0.1705561149	-0.9853479648	0	0.9853479648	0.1705561149	0	0	0	1
7.17	7.585090768	-0.8718417817	0	0.111998077	-0.9937084234	0	0.9937084234	0.111998077	0	0	0	1
7.18	7.611869975	-0.8661620983	0	0.05145388778	-0.9986753714	0	0.9986753714	0.05145388778	0	0	0	1
7.19	7.639242797	-0.8601485104	0	-0.01029623828	-0.9999469923	0	0.9999469923	-0.01029623828	0	0	0	1
7.2	7.667312064	-0.8537479838	0	-0.07241661712	-0.9973744701	0	0.9973744701	-0.07241661712	0	0	0	1
7.21	7.696153625	-0.8468484319	0	-0.1340926301	-0.990968802	0	0.990968802	-0.1340926301	0	0	0	1
7.22	7.725771342	-0.8392861837	0	-0.19457429	-0.9808877844	0	0.9808877844	-0.19457429	0	0	0	1
7.23	7.756050583	-0.8308847396	0	-0.2531893829	-0.9674167336	0	0.9674167336	-0.2531893829	0	0	0	1
7.24	7.786736406	-0.8215170785	0	-0.3093571706	-0.9509459191	0	0.9509459191	-0.3093571706	0	0	0	1
7.25	7.817448773	-0.8111642145	0	-0.3626056852	-0.9319426576	0	0.9319426576	-0.3626056852	0	0	0	1
7.26	7.847716417	-0.7999500687	0	-0.4125384337	-0.910940196	0	0.910940196	-0.4125384337	0	0	0	1
7.27	7.877012818	-0.7881579306	0	-0.4587384983	-0.8885713197	0	0.8885713197	-0.4587384983	0	0	0	1
7.28	7.904801425	-0.7762348761	0	-0.500685474	-0.8656292833	0	0.8656292833	-0.500685474	0	0	0	1
7.29	7.930593172	-0.7647585982	0	-0.5377925116	-0.8430772292	0	0.8430772292	-0.5377925116	0	0	0	1
7.3	7.95399729	-0.7543696735	0	-0.5694991154	-0.821991945	0	0.821991945	-0.5694991154	0	0	0	1
7.31	7.974745926	-0.745701756	0	-0.5953144464	-0.8034928189	0	0.8034928189	-0.5953144464	0	0	0	1
7.32	7.992702323	-0.739313425	0	-0.6148490088	-0.788644848	0	0.788644848	-0.6148490088	0	0	0	1
7.33	8.007856972	-0.7356204438	0	-0.627866352	-0.7783211702	0	0.7783211702	-0.627866352	0	0	0	1
7.34	8.020312144	-0.7348516428	0	-0.6343120484	-0.7730771147	0	0.7730771147	-0.6343120484	0	0	0	1
7.35	8.030261537	-0.7370402358	0	-0.63431467	-0.7730749637	0	0.7730749637	-0.63431467	0	0	0	1
7.36	8.037970202	-0.7420471602	0	-0.6281781492	-0.7780695424	0	0.7780695424	-0.6281781492	0	0	0	1
7.37	8.043750746	-0.7496090693	0	-0.6163597478	-0.7874647048	0	0.7874647048	-0.6163597478	0	0	0	1
7.38	8.047937606	-0.7593776718	0	-0.599406289	-0.8004449392	0	0.8004449392	-0.599406289	0	0	0	1
7.39	8.050878101	-0.770893804	0	-0.5781665231	-0.8159187898	0	0.8159187898	-0.5781665231	0	0	0	1
7.4	8.052869966	-0.7838092852	0	-0.55344092	-0.8328884367	0	0.8328884367	-0.55344092	0	0	0	1
7.41	8.054119477	-0.7980589337	0	-0.5252495344	-0.8509482515	0	0.8509482515	-0.5252495344	0	0	0	1
7.42	8.054823842	-0.8136279848	0	-0.4935071815	-0.8697417213	0	0.8697417213	-0.4935071815	0	0	0	1
7.43	8.055237499	-0.8304113269	0	-0.458609415	-0.888637949	0	0.888637949	-0.458609415	0	0	0	1
7.44	8.055661275	-0.8482534399	0	-0.4213595823	-0.9068936555	0	0.9068936555	-0.4213595823	0	0	0	1
7.45	8.056398978	-0.8670095171	0	-0.3827190133	-0.9238647936	0	0.9238647936	-0.3827190133	0	0	0	1
7.46	8.059048877	-0.8850158261	0	-0.3481184891	-0.9374505414	0	0.9374505414	-0.3481184891	0	0	0	1
7.47	8.062172964	-0.9033259719	0	-0.3072900262	-0.9516159098	0	0.9516159098	-0.3072900262	0	0	0	1
7.48	8.064993647	-0.9213575097	0	-0.2643727663	-0.9644205724	0	0.9644205724	-0.2643727663	0	0	0	1
7.49	8.067277547	-0.9384353076	0	-0.2227408613	-0.9748776891	0	0.9748776891	-0.2227408613	0	0	0	1
7.5	8.069031535	-0.9540743399	0	-0.1834548312	-0.9830281404	0	0.9830281404	-0.1834548312	0	0	0	1
7.51	8.069365819	-0.9616672381	0	-0.173625819	-0.9848116952	0	0.9848116952	-0.173625819	0	0	0	1
7.52	8.069686418	-0.9678748103	0	-0.1621160945	-0.9867716919	0	0.9867716919	-0.1621160945	0	0	0	1
7.53	8.070126511	-0.9731444745	0	-0.1443568921	-0.9895256883	0	0.9895256883	-0.1443568921	0	0	0	1
7.54	8.070585778	-0.9772577599	0	-0.121813364	-0.9925530234	0	0.9925530234	-0.121813364	0	0	0	1
7.55	8.070952262	-0.9802087947	0	-0.09667655283	-0.9953158514	0	0.9953158514	-0.09667655283	0	0	0	1
7.56	8.071187215	-0.9821603954	0	-0.07052437194	-0.9975100566	0	0.9975100566	-0.07052437194	0	0	0	1
7.57	8.071303599	-0.9833633505	0	-0.04418492865	-0.9990233691	0	0.9990233691	-0.04418492865	0	0	0	1
7.58	8.071344432	-0.9840908604	0	-0.01810142858	-0.9998361557	0	0.9998361557	-0.01810142858	0	0	0	1
7.59	8.071367043	-0.9845863784	0	0.007682029347	-0.9999704928	0	0.9999704928	0.007682029347	0	0	0	1
7.6	8.071393004	-0.9850263098	0	0.03391844307	-0.9994246041	0	0.9994246041	0.03391844307	0	0	0	1
7.61	8.071430958	-0.9854566396	0	0.06041360212	-0.9981734302	0	0.9981734302	0.06041360212	0	0	0	1
7.62	8.071475765	-0.9858261018	0	0.08649187849	-0.9962525558	0	0.9962525558	0.08649187849	0	0	0	1
7.63	8.071520032	-0.9860894441	0	0.1118091702	-0.9937296964	0	0.9937296964	0.1118091702	0	0	0	1
7.64	8.071559548	-0.9862509787	0	0.1364385236	-0.9906485397	0	0.9906485397	0.1364385236	0	0	0	1
7.65	8.071592815	-0.9863453741	0	0.1606109118	-0.9870177987	0	0.9870177987	0.1606109118	0	0	0	1
7.66	8.071619519	-0.9864119155	0	0.1845431523	-0.9828244121	0	0.9828244121	0.1845431523	0	0	0	1
7.67	8.071640041	-0.9864859411	0	0.2084192089	-0.9780395868	0	0.9780395868	0.2084192089	0	0	0	1
7.68	8.07165539	-0.9865986249	0	0.2324222583	-0.9726149772	0	0.9726149772	0.2324222583	0	0	0	1
7.69	8.071666916	-0.9867740437	0	0.2567426355	-0.9664798079	0	0.9664798079	0.2567426355	0	0	0	1
7.7	8.071675866	-0.987022598	0	0.2815469389	-0.9595474564	0	0.9595474564	0.2815469389	0	0	0	1
7.71	8.071682984	-0.9873362221	0	0.3069326384	-0.9517312412	0	0.9517312412	0.3069326384	0	0	0	1
7.72	8.071688371	-0.987688589	0	0.3328958866	-0.9429635882	0	0.9429635882	0.3328958866	0	0	0	1
7.73	8.071691444	-0.9880404209	0	0.3593298377	-0.9332106235	0	0.9332106235	0.3593298377	0	0	0	1
7.74	8.07169108	-0.9883473919	0	0.3860524757	-0.9224768214	0	0.9224768214	0.3860524757	0	0	0	1
7.75	8.071685841	-0.9885678958	0	0.4128447822	-0.9108013976	0	0.9108013976	0.4128447822	0	0	0	1
7.76	8.071674217	-0.9886690597	0	0.4394809419	-0.8982519144	0	0.8982519144	0.4394809419	0	0	0	1
7.77	8.071654845	-0.9886301773	0	0.4657417821	-0.8849206701	0	0.8849206701	0.4657417821	0	0	0	1
7.78	8.071626611	-0.988444078	0	0.4914163675	-0.8709247693	0	0.8709247693	0.4914163675	0	0	0	1
7.79	8.071588637	-0.9881176606	0	0.5163056228	-0.8564044044	0	0.8564044044	0.5163056228	0	0	0	1
7.8	8.071540286	-0.9876717326	0	0.5402360411	-0.8415135292	0	0.8415135292	0.5402360411	0	0	0	1
7.81	8.071481203	-0.9871398315	0	0.5630810054	-0.826401707	0	0.826401707	0.5630810054	0	0	0	1
7.82	8.071411453	-0.9865653729	0	0.5847850773	-0.8111882724	0	0.8111882724	0.5847850773	0	0	0	1
7.83	8.071331754	-0.9859968784	0	0.6053839549	-0.7959335821	0	0.7959335821	0.6053839549	0	0	0	1
7.84	8.071243736	-0.9854814682	0	0.6250105678	-0.7806162887	0	0.7806162887	0.6250105678	0	0	0	1
7.85	8.07115004	-0.9850574852	0	0.6438764965	-0.7651294382	0	0.7651294382	0.6438764965	0	0	0	1
7.86	8.07105408	-0.9847464922	0	0.6622261771	-0.749304004	0	0.749304004	0.6622261771	0	0	0	1
7.87	8.070959524	-0.984546077	0	0.680280345	-0.7329520122	0	0.7329520122	0.680280345	0	0	0	1
7.88	8.070869746	-0.9844254374	0	0.6981889691	-0.7159135167	0	0.7159135167	0.6981889691	0	0	0	1
7.89	8.070787542	-0.9843255587	0	0.7159989265	-0.6981013803	0	0.6981013803	0.7159989265	0	0	0	1
7.9	8.070715325	-0.9841647227	0	0.7336399641	-0.6795383749	0	0.6795383749	0.7336399641	0	0	0	1
7.91	8.070655771	-0.983848846	0	0.7509290974	-0.6603828365	0	0.6603828365	0.7509290974	0	0	0	1
7.92	8.070612785	-0.9832850376	0	0.7675898197	-0.6409413925	0	0.6409413925	0.7675898197	0	0	0	1
7.93	8.070593251	-0.9823969421	0	0.7832840416	-0.6216639849	0	0.6216639849	0.7832840416	0	0	0	1
7.94	8.070610607	-0.9811397245	0	0.7976500905	-0.6031204963	0	0.6031204963	0.7976500905	0	0	0	1
7.95	8.070695269	-0.9795118297	0	0.8103361168	-0.5859653385	0	0.5859653385	0.8103361168	0	0	0	1
7.96	8.070946121	-0.9775629355	0	0.820966334	-0.5709766006	0	0.5709766006	0.820966334	0	0	0	1
7.97	8.072359557	-0.9754657735	0	0.8278668923	-0.5609246015	0	0.5609246015	0.8278668923	0	0	0	1
7.98	8.075968717	-0.9736537162	0	0.8304596184	-0.5570788294	0	0.5570788294	0.8304596184	0	0	0	1
7.99	8.080951683	-0.9721835094	0	0.8308094482	-0.5565569699	0	0.5565569699	0.8308094482	0	0	0	1
8	8.086680889	-0.9709524707	0	0.8299062896	-0.5579028145	0	0.5579028145	0.8299062896	0	0	0	1
8.01	8.092757595	-0.9698729469	0	0.8282270551	-0.5603926705	0	0.5603926705	0.8282270551	0	0	0	1
8.02	8.098844527	-0.9688826659	0	0.8262855221	-0.5632514855	0	0.5632514855	0.8262855221	0	0	0	1
8.03	8.104689577	-0.9679548584	0	0.824637618	-0.5656613819	0	0.5656613819	0.824637618	0	0	0	1
8.04	8.110146466	-0.9670963601	0	0.82375813	-0.5669413932	0	0.5669413932	0.82375813	0	0	0	1
8.05	8.11511158	-0.9663695323	0	0.8242552175	-0.5662184529	0	0.5662184529	0.8242552175	0	0	0	1
8.06	8.119954128	-0.9658676576	0	0.8258958356	-0.5638227281	0	0.5638227281	0.8258958356	0	0	0	1
8.07	8.126352472	-0.9650012565	0	0.8250688011	-0.5650322764	0	0.5650322764	0.8250688011	0	0	0	1
8.08	8.13403778	-0.9634434676	0	0.8245598007	-0.5657748095	0	0.5657748095	0.8245598007	0	0	0	1
8.09	8.143150682	-0.9610825108	0	0.8249055012	-0.5652706556	0	0.5652706556	0.8249055012	0	0	0	1
8.1	8.154521119	-0.9581599901	0	0.8246791409	-0.5656008438	0	0.5656008438	0.8246791409	0	0	0	1
8.11	8.16924879	-0.9549612122	0	0.8220063928	-0.5694782614	0	0.5694782614	0.8220063928	0	0	0	1
8.12	8.187676639	-0.9521882225	0	0.8151845647	-0.5792012823	0	0.5792012823	0.8151845647	0	0	0	1
8.13	8.209243368	-0.9498527593	0	0.8039905334	-0.5946420959	0	0.5946420959	0.8039905334	0	0	0	1
8.14	8.232718435	-0.9473074654	0	0.790037915	-0.6130579849	0	0.6130579849	0.790037915	0	0	0	1
8.15	8.256802997	-0.9439710822	0	0.7754335901	-0.6314291309	0	0.6314291309	0.7754335901	0	0	0	1
8.16	8.280598302	-0.939769776	0	0.7615057968	-0.6481580991	0	0.6481580991	0.7615057968	0	0	0	1
8.17	8.303740301	-0.9350900069	0	0.748459799	-0.6631801635	0	0.6631801635	0.748459799	0	0	0	1
8.18	8.326288033	-0.9305068644	0	0.7357278284	-0.6772773159	0	0.6772773159	0.7357278284	0	0	0	1
8.19	8.348590322	-0.9264773784	0	0.7222901496	-0.6915901531	0	0.6915901531	0.7222901496	0	0	0	1
8.2	8.371054641	-0.9230768596	0	0.7072116114	-0.7070019354	0	0.7070019354	0.7072116114	0	0	0	1
8.21	8.393969508	-0.9201358349	0	0.6901246063	-0.7236905607	0	0.7236905607	0.6901246063	0	0	0	1
8.22	8.417563647	-0.9175186707	0	0.6707185621	-0.7417119458	0	0.7417119458	0.6707185621	0	0	0	1
8.23	8.442003479	-0.9151884675	0	0.6484725332	-0.7612380532	0	0.7612380532	0.6484725332	0	0	0	1
8.24	8.467320395	-0.9131058118	0	0.6229032238	-0.7822989031	0	0.7822989031	0.6229032238	0	0	0	1
8.25	8.493363301	-0.9111521095	0	0.5938931351	-0.8045439354	0	0.8045439354	0.5938931351	0	0	0	1
8.26	8.519829837	-0.9091468431	0	0.5617637786	-0.8272976834	0	0.8272976834	0.5617637786	0	0	0	1
8.27	8.546368121	-0.906916282	0	0.5270577602	-0.8498294637	0	0.8498294637	0.5270577602	0	0	0	1
8.28	8.572690921	-0.9043470169	0	0.4902187764	-0.8715994213	0	0.8715994213	0.4902187764	0	0	0	1
8.29	8.598656384	-0.9013980633	0	0.4513571625	-0.8923433823	0	0.8923433823	0.4513571625	0	0	0	1
8.3	8.624277657	-0.8980758567	0	0.4102337186	-0.9119804253	0	0.9119804253	0.4102337186	0	0	0	1
8.31	8.649675197	-0.894398709	0	0.3664226287	-0.9304485247	0	0.9304485247	0.3664226287	0	0	0	1
8.32	8.675010283	-0.8903742821	0	0.3195264033	-0.9475773729	0	0.9475773729	0.3195264033	0	0	0	1
8.33	8.700435711	-0.885998066	0	0.2693286658	-0.9630483216	0	0.9630483216	0.2693286658	0	0	0	1
8.34	8.726077601	-0.8812655582	0	0.2158546522	-0.9764255062	0	0.9764255062	0.2158546522	0	0	0	1
8.35	8.752039169	-0.8761826316	0	0.1593729105	-0.9872184537	0	0.9872184537	0.1593729105	0	0	0	1
8.36	8.778414459	-0.8707647796	0	0.1003742718	-0.9949497503	0	0.9949497503	0.1003742718	0	0	0	1
8.37	8.805299811	-0.8650219929	0	0.03953205234	-0.9992183029	0	0.9992183029	0.03953205234	0	0	0	1
8.38	8.832799265	-0.8589392066	0	-0.02235523106	-0.9997500906	0	0.9997500906	-0.02235523106	0	0	0	1
8.39	8.861013205	-0.8524524828	0	-0.08445114278	-0.9964276213	0	0.9964276213	-0.08445114278	0	0	0	1
8.4	8.890007444	-0.845438253	0	-0.145951314	-0.9892917739	0	0.9892917739	-0.145951314	0	0	0	1
8.41	8.919766068	-0.837726346	0	-0.2061200107	-0.9785267197	0	0.9785267197	-0.2061200107	0	0	0	1
8.42	8.950147699	-0.829144666	0	-0.2643011529	-0.9644402006	0	0.9644402006	-0.2643011529	0	0	0	1
8.43	8.980870954	-0.8195832509	0	-0.3199346163	-0.9474396241	0	0.9474396241	-0.3199346163	0	0	0	1
8.44	9.011535486	-0.8090490324	0	-0.3725681451	-0.9280048369	0	0.9280048369	-0.3725681451	0	0	0	1
8.45	9.041656018	-0.7976951757	0	-0.4218119958	-0.9066833186	0	0.9066833186	-0.4218119958	0	0	0	1
8.46	9.070700647	-0.7858379274	0	-0.4672300452	-0.8841357842	0	0.8841357842	-0.4672300452	0	0	0	1
8.47	9.098136481	-0.7739540064	0	-0.5082813316	-0.8611910868	0	0.8611910868	-0.5082813316	0	0	0	1
8.48	9.123491523	-0.7626381636	0	-0.5443815679	-0.8388377129	0	0.8388377129	-0.5443815679	0	0	0	1
8.49	9.146397108	-0.7525349819	0	-0.5749809782	-0.8181667768	0	0.8181667768	-0.5749809782	0	0	0	1
8.5	9.166610476	-0.7442693062	0	-0.5996039003	-0.8002969216	0	0.8002969216	-0.5996039003	0	0	0	1
8.51	9.18402023	-0.7383769251	0	-0.6178865933	-0.7862672305	0	0.7862672305	-0.6178865933	0	0	0	1
8.52	9.198639987	-0.7352395835	0	-0.6296271996	-0.7768974124	0	0.7768974124	-0.6296271996	0	0	0	1
8.53	9.210591385	-0.7350477009	0	-0.6348072704	-0.7726705181	0	0.7726705181	-0.6348072704	0	0	0	1
8.54	9.220083711	-0.7377983696	0	-0.6335902618	-0.7736687794	0	0.7736687794	-0.6335902618	0	0	0	1
8.55	9.227392752	-0.7433242945	0	-0.6263115004	-0.7795728988	0	0.7795728988	-0.6263115004	0	0	0	1
8.56	9.232838243	-0.7513438992	0	-0.6134536316	-0.7897307401	0	0.7897307401	-0.6134536316	0	0	0	1
8.57	9.236756435	-0.7614895809	0	-0.5955869591	-0.8032908403	0	0.8032908403	-0.5955869591	0	0	0	1
8.58	9.239493471	-0.7732938544	0	-0.5736340861	-0.8191116745	0	0.8191116745	-0.5736340861	0	0	0	1
8.59	9.241327551	-0.7864674457	0	-0.5482527244	-0.8363127108	0	0.8363127108	-0.5482527244	0	0	0	1
8.6	9.242455017	-0.8009762103	0	-0.519368909	-0.8545501368	0	0.8545501368	-0.519368909	0	0	0	1
8.61	9.243081518	-0.8167914532	0	-0.4869682868	-0.8734196515	0	0.8734196515	-0.4869682868	0	0	0	1
8.62	9.243473091	-0.8337923375	0	-0.4515447593	-0.892248469	0	0.892248469	-0.4515447593	0	0	0	1
8.63	9.243934353	-0.8518227372	0	-0.4139460864	-0.9103013993	0	0.9103013993	-0.4139460864	0	0	0	1
8.64	9.244871405	-0.8705937455	0	-0.375798223	-0.9267015138	0	0.9267015138	-0.375798223	0	0	0	1
8.65	9.24781516	-0.8885374761	0	-0.3406668305	-0.9401840834	0	0.9401840834	-0.3406668305	0	0	0	1
8.66	9.250921474	-0.9068735206	0	-0.2989659241	-0.9542637875	0	0.9542637875	-0.2989659241	0	0	0	1
8.67	9.253642392	-0.9247520482	0	-0.2561803316	-0.9666290073	0	0.9666290073	-0.2561803316	0	0	0	1
8.68	9.255826212	-0.9416179689	0	-0.214825768	-0.9766523892	0	0.9766523892	-0.214825768	0	0	0	1
8.69	9.257327658	-0.9560180013	0	-0.1799219638	-0.9836808867	0	0.9836808867	-0.1799219638	0	0	0	1
8.7	9.257580787	-0.9629226885	0	-0.1718989102	-0.9851145947	0	0.9851145947	-0.1718989102	0	0	0	1
8.71	9.257928484	-0.9689790872	0	-0.1591450228	-0.9872552161	0	0.9872552161	-0.1591450228	0	0	0	1
8.72	9.258382323	-0.9740342709	0	-0.1402966826	-0.9901095095	0	0.9901095095	-0.1402966826	0	0	0	1
8.73	9.258830507	-0.9779162583	0	-0.1170879761	-0.9931215464	0	0.9931215464	-0.1170879761	0	0	0	1
8.74	9.259172325	-0.980657023	0	-0.09165846071	-0.9957905034	0	0.9957905034	-0.09165846071	0	0	0	1
8.75	9.25938233	-0.9824422477	0	-0.06542353362	-0.9978575857	0	0.9978575857	-0.06542353362	0	0	0	1
8.76	9.259479729	-0.9835321559	0	-0.03910444762	-0.9992351286	0	0.9992351286	-0.03910444762	0	0	0	1
8.77	9.259513768	-0.9841968785	0	-0.01311180564	-0.9999140366	0	0.9999140366	-0.01311180564	0	0	0	1
8.78	9.25953553	-0.9846714377	0	0.01271422736	-0.9999191709	0	0.9999191709	0.01271422736	0	0	0	1
8.79	9.259563736	-0.9851103899	0	0.03904621467	-0.9992374058	0	0.9992374058	0.03904621467	0	0	0	1
8.8	9.259603646	-0.9855341443	0	0.06550874822	-0.997851995	0	0.997851995	0.06550874822	0	0	0	1
8.81	9.259648867	-0.9858851979	0	0.09144942516	-0.9958097221	0	0.9958097221	0.09144942516	0	0	0	1
8.82	9.259692449	-0.9861271708	0	0.1166173694	-0.9931769173	0	0.9931769173	0.1166173694	0	0	0	1
8.83	9.259730831	-0.9862726755	0	0.1411375513	-0.9899899957	0	0.9899899957	0.1411375513	0	0	0	1
8.84	9.259762835	-0.9863588013	0	0.1652460378	-0.9862523749	0	0.9862523749	0.1652460378	0	0	0	1
8.85	9.259788298	-0.9864242633	0	0.1891515815	-0.9819479005	0	0.9819479005	0.1891515815	0	0	0	1
8.86	9.25980773	-0.9865036056	0	0.213035722	-0.977044411	0	0.977044411	0.213035722	0	0	0	1
8.87	9.259822233	-0.9866270225	0	0.2370838046	-0.971489202	0	0.971489202	0.2370838046	0	0	0	1
8.88	9.259833175	-0.9868164712	0	0.2614848799	-0.9652075723	0	0.9652075723	0.2614848799	0	0	0	1
8.89	9.259841725	-0.9870789935	0	0.2863954851	-0.9581114894	0	0.9581114894	0.2863954851	0	0	0	1
8.9	9.259848523	-0.9874027816	0	0.3118951688	-0.9501165211	0	0.9501165211	0.3118951688	0	0	0	1
8.91	9.259853534	-0.9877584617	0	0.3379592097	-0.9411607581	0	0.9411607581	0.3379592097	0	0	0	1
8.92	9.259856043	-0.9881051956	0	0.36446362	-0.9312176274	0	0.9312176274	0.36446362	0	0	0	1
8.93	9.259854852	-0.9883985728	0	0.3912162155	-0.9202987954	0	0.9202987954	0.3912162155	0	0	0	1
8.94	9.259848494	-0.9885982908	0	0.417994877	-0.9084493837	0	0.9084493837	0.417994877	0	0	0	1
8.95	9.25983547	-0.9886736343	0	0.44457451	-0.8957418741	0	0.8957418741	0.44457451	0	0	0	1
8.96	9.259814455	-0.9886064585	0	0.470737427	-0.882273356	0	0.882273356	0.470737427	0	0	0	1
8.97	9.259784393	-0.9883923076	0	0.49627475	-0.8681655214	0	0.8681655214	0.49627475	0	0	0	1
8.98	9.259744458	-0.9880407726	0	0.5209910921	-0.8535621137	0	0.8535621137	0.5209910921	0	0	0	1
8.99	9.259694053	-0.9875752555	0	0.5447199244	-0.8386180322	0	0.8386180322	0.5447199244	0	0	0	1
9	9.259632888	-0.9870314852	0	0.5673464939	-0.8234791775	0	0.8234791775	0.5673464939	0	0	0	1
9.01	9.259561134	-0.9864543061	0	0.5888316367	-0.8082557168	0	0.8082557168	0.5888316367	0	0	0	1
9.02	9.259479668	-0.9858924994	0	0.609229968	-0.7929935977	0	0.7929935977	0.609229968	0	0	0	1
9.03	9.259390323	-0.9853920794	0	0.6286918564	-0.7776545182	0	0.7776545182	0.6286918564	0	0	0	1
9.04	9.259295909	-0.9849887752	0	0.6474392715	-0.7621170446	0	0.7621170446	0.6474392715	0	0	0	1
9.05	9.259199938	-0.9847000473	0	0.6657162803	-0.7462049545	0	0.7462049545	0.6657162803	0	0	0	1
9.06	9.259106059	-0.98451825	0	0.6837334088	-0.7297318862	0	0.7297318862	0.6837334088	0	0	0	1
9.07	9.259017542	-0.9844069799	0	0.7016227155	-0.7125486405	0	0.7125486405	0.7016227155	0	0	0	1
9.08	9.258937081	-0.9843022746	0	0.7194090947	-0.6945866069	0	0.6945866069	0.7194090947	0	0	0	1
9.09	9.258867081	-0.9841191117	0	0.7369997525	-0.6758930129	0	0.6758930129	0.7369997525	0	0	0	1
9.1	9.258810353	-0.9837624941	0	0.7541916882	-0.6566543211	0	0.6566543211	0.7541916882	0	0	0	1
9.11	9.258771219	-0.983141511	0	0.7706938598	-0.6372055982	0	0.6372055982	0.7706938598	0	0	0	1
9.12	9.258757428	-0.9821847734	0	0.7861605338	-0.6180223419	0	0.6180223419	0.7861605338	0	0	0	1
9.13	9.258784492	-0.9808550084	0	0.8002299656	-0.5996932567	0	0.5996932567	0.8002299656	0	0	0	1
9.14	9.258888987	-0.9791599211	0	0.8125534831	-0.5828866417	0	0.5828866417	0.8125534831	0	0	0	1
9.15	9.259217106	-0.9771594358	0	0.8226939193	-0.5684845778	0	0.5684845778	0.8226939193	0	0	0	1
9.16	9.261066406	-0.9750880861	0	0.8286285533	-0.5597988216	0	0.5597988216	0.8286285533	0	0	0	1
9.17	9.265008436	-0.97334794	0	0.8306561127	-0.5567857958	0	0.5567857958	0.8306561127	0	0	0	1
9.18	9.270171757	-0.9719316328	0	0.8307175784	-0.5566940857	0	0.5566940857	0.8307175784	0	0	0	1
9.19	9.275995714	-0.970735782	0	0.8296304792	-0.5583128764	0	0.5583128764	0.8296304792	0	0	0	1
9.2	9.282098457	-0.9696772923	0	0.8278578873	-0.5609378918	0	0.5609378918	0.8278578873	0	0	0	1
9.21	9.288155025	-0.9686998955	0	0.8259304038	-0.5637720888	0	0.5637720888	0.8259304038	0	0	0	1
9.22	9.293933555	-0.9677840854	0	0.824397284	-0.5660115884	0	0.5660115884	0.824397284	0	0	0	1
9.23	9.299306594	-0.9669413609	0	0.8237078157	-0.5670144921	0	0.5670144921	0.8237078157	0	0	0	1
9.24	9.304146217	-0.9662785864	0	0.8246861598	-0.5655906097	0	0.5655906097	0.8246861598	0	0	0	1
9.25	9.309210475	-0.9657350026	0	0.8258769152	-0.5638504419	0	0.5638504419	0.8258769152	0	0	0	1
9.26	9.315904442	-0.9647683097	0	0.8248750539	-0.565315085	0	0.565315085	0.8248750539	0	0	0	1
9.27	9.323816423	-0.9630460239	0	0.8245964222	-0.5657214337	0	0.5657214337	0.8245964222	0	0	0	1
9.28	9.33328808	-0.9605590409	0	0.8249574041	-0.5651949058	0	0.5651949058	0.8249574041	0	0	0	1
9.29	9.345225647	-0.9575441455	0	0.8244157591	-0.5659846784	0	0.5659846784	0.8244157591	0	0	0	1
9.3	9.360664515	-0.954381152	0	0.8210570527	-0.5708461406	0	0.5708461406	0.8210570527	0	0	0	1
9.31	9.379765637	-0.9517200659	0	0.8133460271	-0.5817802336	0	0.5817802336	0.8133460271	0	0	0	1
9.32	9.401804747	-0.9494026029	0	0.8014595477	-0.5980489892	0	0.5980489892	0.8014595477	0	0	0	1
9.33	9.425489707	-0.9467377294	0	0.7872293656	-0.6166603003	0	0.6166603003	0.7872293656	0	0	0	1
9.34	9.449571466	-0.9432238177	0	0.7726881142	-0.6347858522	0	0.6347858522	0.7726881142	0	0	0	1
9.35	9.473253769	-0.9388907953	0	0.7589448835	-0.6511548693	0	0.6511548693	0.7589448835	0	0	0	1
9.36	9.496266821	-0.9341840449	0	0.7460189043	-0.6659247663	0	0.6659247663	0.7460189043	0	0	0	1
9.37	9.518732858	-0.929681656	0	0.7332433166	-0.6799663511	0	0.6799663511	0.7332433166	0	0	0	1
9.38	9.541038261	-0.925779077	0	0.7195433584	-0.6944475181	0	0.6944475181	0.7195433584	0	0	0	1
9.39	9.563569168	-0.9224820379	0	0.7040981211	-0.7101026938	0	0.7101026938	0.7040981211	0	0	0	1
9.4	9.586597612	-0.9196101569	0	0.6865973498	-0.7270378802	0	0.7270378802	0.6865973498	0	0	0	1
9.41	9.610343925	-0.9170495131	0	0.6666914721	-0.7453338051	0	0.7453338051	0.6666914721	0	0	0	1
9.42	9.634954649	-0.9147720326	0	0.6438382721	-0.7651616035	0	0.7651616035	0.6438382721	0	0	0	1
9.43	9.660427803	-0.9127261906	0	0.6176043054	-0.786488984	0	0.786488984	0.6176043054	0	0	0	1
9.44	9.686578325	-0.910777684	0	0.5879604903	-0.8088896475	0	0.8088896475	0.5879604903	0	0	0	1
9.45	9.71308465	-0.9087414802	0	0.5552950606	-0.8316534108	0	0.8316534108	0.5552950606	0	0	0	1
9.46	9.739599419	-0.906452605	0	0.5201551292	-0.8540718012	0	0.8540718012	0.5201551292	0	0	0	1
9.47	9.765858929	-0.9038119668	0	0.4829329124	-0.8756573543	0	0.8756573543	0.4829329124	0	0	0	1
9.48	9.791752441	-0.9007903247	0	0.4436662903	-0.8961920681	0	0.8961920681	0.4436662903	0	0	0	1
9.49	9.817318549	-0.8973990048	0	0.4020639725	-0.9156115781	0	0.9156115781	0.4020639725	0	0	0	1
9.5	9.842690515	-0.8936553684	0	0.3576897973	-0.9338404622	0	0.9338404622	0.3576897973	0	0	0	1
9.51	9.868030928	-0.8895642566	0	0.3101720048	-0.9506804549	0	0.9506804549	0.3101720048	0	0	0	1
9.52	9.893488224	-0.8851201249	0	0.2593380026	-0.9657866226	0	0.9657866226	0.2593380026	0	0	0	1
9.53	9.919182989	-0.8803197707	0	0.2052610487	-0.9787072606	0	0.9787072606	0.2052610487	0	0	0	1
9.54	9.945215743	-0.8751715209	0	0.1482541074	-0.9889493008	0	0.9889493008	0.1482541074	0	0	0	1
9.55	9.971680172	-0.8696912568	0	0.08884665782	-0.9960453159	0	0.9960453159	0.08884665782	0	0	0	1
9.56	9.998674146	-0.8638859629	0	0.02774155415	-0.999615129	0	0.999615129	0.02774155415	0	0	0	1
9.57	10.02630234	-0.8577326882	0	-0.03424907793	-0.9994133282	0	0.9994133282	-0.03424907793	0	0	0	1
9.58	10.0546616	-0.8511564509	0	-0.09629029118	-0.995353294	0	0.995353294	-0.09629029118	0	0	0	1
9.59	10.08380605	-0.8440228273	0	-0.1575892027	-0.987504756	0	0.987504756	-0.1575892027	0	0	0	1
9.6	10.11369856	-0.836156903	0	-0.2174245899	-0.9760771218	0	0.9760771218	-0.2174245899	0	0	0	1
9.61	10.1441707	-0.8273934138	0	-0.2751566922	-0.961399394	0	0.961399394	-0.2751566922	0	0	0	1
9.62	10.17491601	-0.8176412792	0	-0.3302468836	-0.9438945894	0	0.9438945894	-0.3302468836	0	0	0	1
9.63	10.20551557	-0.8069334329	0	-0.3822622424	-0.9240538826	0	0.9240538826	-0.3822622424	0	0	0	1
9.64	10.23547291	-0.7954534951	0	-0.4308117444	-0.9024418213	0	0.9024418213	-0.4308117444	0	0	0	1
9.65	10.26425015	-0.7835500014	0	-0.4754373421	-0.8797495858	0	0.8797495858	-0.4754373421	0	0	0	1
9.66	10.29132128	-0.7717270289	0	-0.5155832893	-0.8568394667	0	0.8568394667	-0.5155832893	0	0	0	1
9.67	10.31623249	-0.7605931009	0	-0.5506719059	-0.8347217812	0	0.8347217812	-0.5506719059	0	0	0	1
9.68	10.33863796	-0.7507944687	0	-0.5801636857	-0.8144999065	0	0.8144999065	-0.5801636857	0	0	0	1
9.69	10.35831979	-0.7429451587	0	-0.6035978538	-0.7972889256	0	0.7972889256	-0.6035978538	0	0	0	1
9.7	10.37519139	-0.7375558013	0	-0.6206390515	-0.7840964021	0	0.7840964021	-0.6206390515	0	0	0	1
9.71	10.38928873	-0.7349728045	0	-0.6311214818	-0.7756840047	0	0.7756840047	-0.6311214818	0	0	0	1
9.72	10.40075173	-0.7353489267	0	-0.6350614105	-0.7724616527	0	0.7724616527	-0.6350614105	0	0	0	1
9.73	10.40980398	-0.7386469213	0	-0.6326557053	-0.7744331853	0	0.7744331853	-0.6326557053	0	0	0	1
9.74	10.41673154	-0.7446734435	0	-0.624270654	-0.7812081352	0	0.7812081352	-0.624270654	0	0	0	1
9.75	10.4218589	-0.7531310014	0	-0.610407878	-0.7920872569	0	0.7920872569	-0.610407878	0	0	0	1
9.76	10.42552511	-0.7636299671	0	-0.5916778572	-0.8061744931	0	0.8061744931	-0.5916778572	0	0	0	1
9.77	10.42807132	-0.7757077121	0	-0.5690473405	-0.8223047636	0	0.8223047636	-0.5690473405	0	0	0	1
9.78	10.42975592	-0.7891357326	0	-0.5430127992	-0.839724419	0	0.839724419	-0.5430127992	0	0	0	1
9.79	10.43076967	-0.8038994208	0	-0.5134434842	-0.858123411	0	0.858123411	-0.5134434842	0	0	0	1
9.8	10.4313284	-0.8199530221	0	-0.480411316	-0.8770433099	0	0.8770433099	-0.480411316	0	0	0	1
9.81	10.43170892	-0.8371625687	0	-0.4445007291	-0.8957784892	0	0.8957784892	-0.4445007291	0	0	0	1
9.82	10.43221737	-0.8553740544	0	-0.4065911357	-0.9136102278	0	0.9136102278	-0.4065911357	0	0	0	1
9.83	10.43355032	-0.8739699277	0	-0.3697261485	-0.9291407725	0	0.9291407725	-0.3697261485	0	0	0	1
9.84	10.43657761	-0.8920299953	0	-0.3330486416	-0.942909647	0	0.942909647	-0.3330486416	0	0	0	1
9.85	10.43964333	-0.9103515503	0	-0.2907327014	-0.9568043146	0	0.9568043146	-0.2907327014	0	0	0	1
9.86	10.44226123	-0.9280593374	0	-0.24816621	-0.9687174677	0	0.9687174677	-0.24816621	0	0	0	1
9.87	10.44435029	-0.9447144386	0	-0.2070462241	-0.9783311612	0	0.9783311612	-0.2070462241	0	0	0	1
9.88	10.44555238	-0.9575209533	0	-0.1780450844	-0.984022331	0	0.984022331	-0.1780450844	0	0	0	1
9.89	10.44579781	-0.9641404219	0	-0.1699623959	-0.9854505487	0	0.9854505487	-0.1699623959	0	0	0	1
9.9	10.44617105	-0.9700302037	0	-0.1559839572	-0.9877595887	0	0.9877595887	-0.1559839572	0	0	0	1
9.91	10.44663397	-0.9748680309	0	-0.1361305359	-0.990690909	0	0.990690909	-0.1361305359	0	0	0	1
9.92	10.44706729	-0.9785234849	0	-0.1123483296	-0.9936688849	0	0.9936688849	-0.1123483296	0	0	0	1
9.93	10.447384	-0.9810641093	0	-0.08668131316	-0.9962360915	0	0.9962360915	-0.08668131316	0	0	0	1
9.94	10.44757014	-0.9826951181	0	-0.06038984574	-0.9981748677	0	0.9981748677	-0.06038984574	0	0	0	1
9.95	10.44765057	-0.9836837219	0	-0.03410498577	-0.9994182558	0	0.9994182558	-0.03410498577	0	0	0	1
9.96	10.44767986	-0.9842954093	0	-0.008200082332	-0.9999663788	0	0.9999663788	-0.008200082332	0	0	0	1
9.97	10.44770157	-0.9847550034	0	0.01770134926	-0.9998433188	0	0.9998433188	0.01770134926	0	0	0	1
9.98	10.44773215	-0.9851934423	0	0.04411045158	-0.9990266603	0	0.9990266603	0.04411045158	0	0	0	1
9.99	10.4477737	-0.9856081918	0	0.07051525892	-0.9975107008	0	0.9975107008	0.07051525892	0	0	0	1
10	10.44781906	-0.9859396318	0	0.09631204226	-0.9953511895	0	0.9953511895	0.09631204226	0	0	0	1
