0	0.3970260562	-0.6564878236	0	-0.6845775371	-0.7289400494	0	0.7289400494	-0.6845775371	0	0	0	1
0.01	0.4135215707	-0.6580637837	0	-0.6836647259	-0.7297962336	0	0.7297962336	-0.6836647259	0	0	0	1
0.02	0.4279682652	-0.6652959488	0	-0.6695068176	-0.7428059109	0	0.7428059109	-0.6695068176	0	0	0	1
0.03	0.4406057449	-0.6767232652	0	-0.6456621887	-0.763623165	0	0.763623165	-0.6456621887	0	0	0	1
0.04	0.4519576246	-0.6914241841	0	-0.6129382534	-0.7901308104	0	0.7901308104	-0.6129382534	0	0	0	1
0.05	0.4630453225	-0.7079107926	0	-0.5743328268	-0.8186218932	0	0.8186218932	-0.5743328268	0	0	0	1
0.06	0.4750678077	-0.7247718975	0	-0.5341778705	-0.845372109	0	0.845372109	-0.5341778705	0	0	0	1
0.07	0.488960933	-0.741267273	0	-0.495839899	-0.8684139534	0	0.8684139534	-0.495839899	0	0	0	1
0.08	0.5051298643	-0.7572595666	0	-0.4610884263	-0.8873541926	0	0.8873541926	-0.4610884263	0	0	0	1
0.09	0.5233944536	-0.7729835377	0	-0.4302797552	-0.9026955922	0	0.9026955922	-0.4302797552	0	0	0	1
0.1	0.5430847303	-0.7888817575	0	-0.402646676	-0.9153554797	0	0.9153554797	-0.402646676	0	0	0	1
0.11	0.5632338317	-0.8054803547	0	-0.3767222855	-0.926326249	0	0.926326249	-0.3767222855	0	0	0	1
0.12	0.5827987431	-0.8232770116	0	-0.3508620328	-0.9364271643	0	0.9364271643	-0.3508620328	0	0	0	1
0.13	0.6008397432	-0.8426506033	0	-0.3236742634	-0.9461685744	0	0.9461685744	-0.3236742634	0	0	0	1
0.14	0.6166225439	-0.8638133838	0	-0.2942293578	-0.9557348403	0	0.9557348403	-0.2942293578	0	0	0	1
0.15	0.6296428665	-0.8868170206	0	-0.262042643	-0.9650562954	0	0.9650562954	-0.262042643	0	0	0	1
0.16	0.6375759014	-0.9131937942	0	-0.2179390095	-0.9759623907	0	0.9759623907	-0.2179390095	0	0	0	1
0.17	0.6399976328	-0.9409936767	0	-0.1598914671	-0.9871346001	0	0.9871346001	-0.1598914671	0	0	0	1
0.18	0.6409386322	-0.9607898968	0	-0.1313834388	-0.9913316256	0	0.9913316256	-0.1313834388	0	0	0	1
0.19	0.6409927485	-0.9716030589	0	-0.1319880037	-0.9912513137	0	0.9912513137	-0.1319880037	0	0	0	1
0.2	0.6412109212	-0.9802787964	0	-0.1221761848	-0.9925084281	0	0.9925084281	-0.1221761848	0	0	0	1
0.21	0.641567626	-0.9865868059	0	-0.1011000808	-0.9948762605	0	0.9948762605	-0.1011000808	0	0	0	1
0.22	0.6419101177	-0.9909627179	0	-0.07064788223	-0.9975013167	0	0.9975013167	-0.07064788223	0	0	0	1
0.23	0.6421097885	-0.9938841075	0	-0.03475468866	-0.9993958733	0	0.9993958733	-0.03475468866	0	0	0	1
0.24	0.6421943309	-0.9956713109	0	0.003027450675	-0.9999954173	0	0.9999954173	0.003027450675	0	0	0	1
0.25	0.6422675204	-0.9967305017	0	0.04194159855	-0.999120064	0	0.999120064	0.04194159855	0	0	0	1
0.26	0.6423336989	-0.9974383367	0	0.08429681657	-0.996440689	0	0.996440689	0.08429681657	0	0	0	1
0.27	0.6424025799	-0.9978251549	0	0.1308344649	-0.9914042278	0	0.9914042278	0.1308344649	0	0	0	1
0.28	0.6424785263	-0.9977697523	0	0.1805802147	-0.9835602605	0	0.9835602605	0.1805802147	0	0	0	1
0.29	0.6425616644	-0.9971208272	0	0.2317798932	-0.9727682566	0	0.9727682566	0.2317798932	0	0	0	1
0.3	0.6426512254	-0.9957754087	0	0.2826119543	-0.9592343214	0	0.9592343214	0.2826119543	0	0	0	1
0.31	0.6427476191	-0.9937166852	0	0.3315057819	-0.9434531873	0	0.9434531873	0.3315057819	0	0	0	1
0.32	0.6428541512	-0.9910192601	0	0.3771957525	-0.9261335564	0	0.9261335564	0.3771957525	0	0	0	1
0.33	0.6429793134	-0.9878320539	0	0.4187417469	-0.9081053625	0	0.9081053625	0.4187417469	0	0	0	1
0.34	0.6431452016	-0.9843520137	0	0.455595429	-0.8901869495	0	0.8901869495	0.455595429	0	0	0	1
0.35	0.6434558353	-0.9807859652	0	0.4875318683	-0.8731051926	0	0.8731051926	0.4875318683	0	0	0	1
0.36	0.6446539713	-0.9771845015	0	0.5133827367	-0.8581597553	0	0.8581597553	0.5133827367	0	0	0	1
0.37	0.6465523665	-0.9738337383	0	0.5347601987	-0.8450038639	0	0.8450038639	0.5347601987	0	0	0	1
0.38	0.6482581281	-0.9711557281	0	0.5548358574	-0.8319598375	0	0.8319598375	0.5548358574	0	0	0	1
0.39	0.6493706167	-0.9692998947	0	0.5748846011	-0.8182344991	0	0.8182344991	0.5748846011	0	0	0	1
0.4	0.6497218721	-0.9682360569	0	0.5951349107	-0.8036258072	0	0.8036258072	0.5951349107	0	0	0	1
0.41	0.6497286858	-0.9677285403	0	0.6144032623	-0.7889921618	0	0.7889921618	0.6144032623	0	0	0	1
0.42	0.6497365943	-0.9677336315	0	0.6327509238	-0.774355389	0	0.774355389	0.6327509238	0	0	0	1
0.43	0.6497548276	-0.9681965614	0	0.6505885685	-0.7594303882	0	0.7594303882	0.6505885685	0	0	0	1
0.44	0.6497841256	-0.9690015806	0	0.6679833043	-0.7441762594	0	0.7441762594	0.6679833043	0	0	0	1
0.45	0.6498222972	-0.9699931395	0	0.6847554624	-0.7287729116	0	0.7287729116	0.6847554624	0	0	0	1
0.46	0.6498672512	-0.9710085564	0	0.7006405943	-0.7135143709	0	0.7135143709	0.7006405943	0	0	0	1
0.47	0.6499183632	-0.9718998674	0	0.7153869055	-0.6987285421	0	0.6987285421	0.7153869055	0	0	0	1
0.48	0.6499769088	-0.9725433128	0	0.7287824293	-0.6847453328	0	0.6847453328	0.7287824293	0	0	0	1
0.49	0.6500467097	-0.9728439009	0	0.7406548795	-0.671885667	0	0.671885667	0.7406548795	0	0	0	1
0.5	0.6501357936	-0.9727392148	0	0.7508715629	-0.6604482538	0	0.6604482538	0.7508715629	0	0	0	1
0.51	0.6502626125	-0.9722031463	0	0.7593445249	-0.6506887831	0	0.6506887831	0.7593445249	0	0	0	1
0.52	0.6504866686	-0.9712483869	0	0.7660006839	-0.6428397563	0	0.6428397563	0.7660006839	0	0	0	1
0.53	0.6512456468	-0.9699388986	0	0.7701997094	-0.6378027968	0	0.6378027968	0.7701997094	0	0	0	1
0.54	0.653284888	-0.9684686974	0	0.7713419266	-0.6364209553	0	0.6364209553	0.7713419266	0	0	0	1
0.55	0.6557515418	-0.9667942812	0	0.7716151471	-0.6360896673	0	0.6360896673	0.7716151471	0	0	0	1
0.56	0.6579736211	-0.9648271554	0	0.7723579506	-0.6351875283	0	0.6351875283	0.7723579506	0	0	0	1
0.57	0.6596827444	-0.9625891899	0	0.7741551238	-0.6329959275	0	0.6329959275	0.7741551238	0	0	0	1
0.58	0.6608264158	-0.9601972759	0	0.7774189904	-0.6289830788	0	0.6289830788	0.7774189904	0	0	0	1
0.59	0.6616044223	-0.9578837162	0	0.7823041242	-0.6228966666	0	0.6228966666	0.7823041242	0	0	0	1
0.6	0.6625066865	-0.9560299217	0	0.7885391402	-0.6149845724	0	0.6149845724	0.7885391402	0	0	0	1
0.61	0.6649344772	-0.9547039114	0	0.7943416435	-0.6074712779	0	0.6074712779	0.7943416435	0	0	0	1
0.62	0.6700066094	-0.9536491184	0	0.7981798397	-0.6024192424	0	0.6024192424	0.7981798397	0	0	0	1
0.63	0.6780396576	-0.9527259044	0	0.8009130568	-0.5987806572	0	0.5987806572	0.8009130568	0	0	0	1
0.64	0.690409173	-0.9519003702	0	0.8009572898	-0.5987214878	0	0.5987214878	0.8009572898	0	0	0	1
0.65	0.7086702466	-0.951130869	0	0.7949569211	-0.606665883	0	0.606665883	0.7949569211	0	0	0	1
0.66	0.7327884557	-0.9506347056	0	0.7815564392	-0.6238345393	0	0.6238345393	0.7815564392	0	0	0	1
0.67	0.7618341057	-0.9501452912	0	0.7607259914	-0.6490731592	0	0.6490731592	0.7607259914	0	0	0	1
0.68	0.7942605059	-0.9489850127	0	0.7340006173	-0.6791488009	0	0.6791488009	0.7340006173	0	0	0	1
0.69	0.8284712839	-0.9466293204	0	0.7035269869	-0.7106685435	0	0.7106685435	0.7035269869	0	0	0	1
0.7	0.8633644888	-0.9430953102	0	0.670723038	-0.7417078983	0	0.7417078983	0.670723038	0	0	0	1
0.71	0.8985800926	-0.9388569592	0	0.6355537763	-0.7720566025	0	0.7720566025	0.6355537763	0	0	0	1
0.72	0.93449276	-0.9343674933	0	0.596401811	-0.8026860407	0	0.8026860407	0.596401811	0	0	0	1
0.73	0.9716832969	-0.9296689818	0	0.551347888	-0.8342754379	0	0.8342754379	0.551347888	0	0	0	1
0.74	1.010489818	-0.9244837455	0	0.4993787287	-0.866383798	0	0.866383798	0.4993787287	0	0	0	1
0.75	1.050990766	-0.9184442653	0	0.440154422	-0.8979220928	0	0.8979220928	0.440154422	0	0	0	1
0.76	1.093031622	-0.9112620571	0	0.3737817134	-0.927516701	0	0.927516701	0.3737817134	0	0	0	1
0.77	1.136231315	-0.9027669015	0	0.3009385001	-0.9536435493	0	0.9536435493	0.3009385001	0	0	0	1
0.78	1.180018022	-0.892901394	0	0.2230663678	-0.9748032599	0	0.9748032599	0.2230663678	0	0	0	1
0.79	1.223743929	-0.8817319347	0	0.1422499799	-0.9898307649	0	0.9898307649	0.1422499799	0	0	0	1
0.8	1.266842353	-0.8694525111	0	0.06076592312	-0.9981520438	0	0.9981520438	0.06076592312	0	0	0	1
0.81	1.308953598	-0.8563350828	0	-0.01944033295	-0.9998110189	0	0.9998110189	-0.01944033295	0	0	0	1
0.82	1.349948503	-0.8426440978	0	-0.09701862021	-0.9952825666	0	0.9952825666	-0.09701862021	0	0	0	1
0.83	1.389866686	-0.8285594385	0	-0.1712038906	-0.9852356205	0	0.9852356205	-0.1712038906	0	0	0	1
0.84	1.428815123	-0.8141479583	0	-0.2416536605	-0.9703625654	0	0.9703625654	-0.2416536605	0	0	0	1
0.85	1.466870774	-0.7993806724	0	-0.3082731889	-0.9512978719	0	0.9512978719	-0.3082731889	0	0	0	1
0.86	1.504005027	-0.7841827037	0	-0.3710590493	-0.928609273	0	0.928609273	-0.3710590493	0	0	0	1
0.87	1.540038671	-0.7685012241	0	-0.4299688655	-0.9028437156	0	0.9028437156	-0.4299688655	0	0	0	1
0.88	1.574633806	-0.7523786938	0	-0.4848348167	-0.87460574	0	0.87460574	-0.4848348167	0	0	0	1
0.89	1.607326379	-0.7360147242	0	-0.535338585	-0.844637555	0	0.844637555	-0.535338585	0	0	0	1
0.9	1.637588079	-0.7197995784	0	-0.581040116	-0.8138749189	0	0.8138749189	-0.581040116	0	0	0	1
0.91	1.664902053	-0.7043083712	0	-0.6214388085	-0.7834627032	0	0.7834627032	-0.6214388085	0	0	0	1
0.92	1.688829447	-0.6902564671	0	-0.6560376671	-0.7547281493	0	0.7547281493	-0.6560376671	0	0	0	1
0.93	1.709058197	-0.6784208878	0	-0.684401141	-0.7291056702	0	0.7291056702	-0.684401141	0	0	0	1
0.94	1.725423625	-0.669542332	0	-0.7061931537	-0.7080192297	0	0.7080192297	-0.7061931537	0	0	0	1
0.95	1.737900894	-0.66422851	0	-0.7211859416	-0.6927415374	0	0.6927415374	-0.7211859416	0	0	0	1
0.96	1.746582425	-0.6628739727	0	-0.7292525272	-0.6842446577	0	0.6842446577	-0.7292525272	0	0	0	1
0.97	1.751650036	-0.6656148952	0	-0.7303450088	-0.6830784495	0	0.6830784495	-0.7303450088	0	0	0	1
0.98	1.753356089	-0.6723249102	0	-0.7244777547	-0.6892981815	0	0.6892981815	-0.7244777547	0	0	0	1
0.99	1.752015941	-0.6826522815	0	-0.7117249507	-0.7024582511	0	0.7024582511	-0.7117249507	0	0	0	1
1	1.748010143	-0.6960889605	0	-0.6922346079	-0.7216725349	0	0.7216725349	-0.6922346079	0	0	0	1
1.01	1.741784911	-0.7120555553	0	-0.6662531215	-0.7457256722	0	0.7457256722	-0.6662531215	0	0	0	1
1.02	1.733848701	-0.7299751155	0	-0.6341536937	-0.773207018	0	0.773207018	-0.6341536937	0	0	0	1
1.03	1.724751561	-0.7493159337	0	-0.5964965274	-0.8026156569	0	0.8026156569	-0.5964965274	0	0	0	1
1.04	1.715060488	-0.769665141	0	-0.554034898	-0.8324934425	0	0.8324934425	-0.554034898	0	0	0	1
1.05	1.705327517	-0.7907805831	0	-0.5075235196	-0.8616379037	0	0.8616379037	-0.5075235196	0	0	0	1
1.06	1.696084325	-0.8125337959	0	-0.457757582	-0.8890770473	0	0.8890770473	-0.457757582	0	0	0	1
1.07	1.687877299	-0.8347953252	0	-0.4059250413	-0.9139063742	0	0.9139063742	-0.4059250413	0	0	0	1
1.08	1.681260774	-0.8574002881	0	-0.3537907624	-0.9353245942	0	0.9353245942	-0.3537907624	0	0	0	1
1.09	1.676702673	-0.8802077525	0	-0.3033617316	-0.9528754692	0	0.9528754692	-0.3033617316	0	0	0	1
1.1	1.675813842	-0.9019974717	0	-0.2612720147	-0.9652652145	0	0.9652652145	-0.2612720147	0	0	0	1
1.11	1.678293014	-0.923680074	0	-0.2143253521	-0.976762327	0	0.976762327	-0.2143253521	0	0	0	1
1.12	1.680395152	-0.94514809	0	-0.163729662	-0.9865052447	0	0.9865052447	-0.163729662	0	0	0	1
1.13	1.681176231	-0.9599159472	0	-0.1399326072	-0.9901610301	0	0.9901610301	-0.1399326072	0	0	0	1
1.14	1.681243323	-0.9684416271	0	-0.1377531795	-0.9904665878	0	0.9904665878	-0.1377531795	0	0	0	1
1.15	1.68141654	-0.9758246064	0	-0.1289113023	-0.991656128	0	0.991656128	-0.1289113023	0	0	0	1
1.16	1.681664756	-0.9814371385	0	-0.1138833563	-0.9934941274	0	0.9934941274	-0.1138833563	0	0	0	1
1.17	1.681916206	-0.9851729355	0	-0.09405049485	-0.9955674284	0	0.9955674284	-0.09405049485	0	0	0	1
1.18	1.682100947	-0.9872879565	0	-0.07062490918	-0.9975029435	0	0.9975029435	-0.07062490918	0	0	0	1
1.19	1.682174246	-0.9882703691	0	-0.04439584461	-0.9990140184	0	0.9990140184	-0.04439584461	0	0	0	1
1.2	1.682131061	-0.9886693065	0	-0.01598923912	-0.9998721639	0	0.9998721639	-0.01598923912	0	0	0	1
1.21	1.682034385	-0.9889582833	0	0.01427304187	-0.9998981349	0	0.9998981349	0.01427304187	0	0	0	1
1.22	1.681945531	-0.9894175238	0	0.04716879971	-0.9988869327	0	0.9988869327	0.04716879971	0	0	0	1
1.23	1.681876089	-0.9900356112	0	0.08266293196	-0.9965775633	0	0.9965775633	0.08266293196	0	0	0	1
1.24	1.681823961	-0.9906910221	0	0.120176995	-0.9927524817	0	0.9927524817	0.120176995	0	0	0	1
1.25	1.681784482	-0.9912662418	0	0.1591355096	-0.9872567496	0	0.9872567496	0.1591355096	0	0	0	1
1.26	1.681753788	-0.9916770766	0	0.1990786327	-0.9799835192	0	0.9799835192	0.1990786327	0	0	0	1
1.27	1.681729288	-0.9918708453	0	0.2396348284	-0.9708630949	0	0.9708630949	0.2396348284	0	0	0	1
1.28	1.681709644	-0.9918188387	0	0.2804764875	-0.9598608962	0	0.9598608962	0.2804764875	0	0	0	1
1.29	1.681694682	-0.9915077895	0	0.3212851584	-0.9469824956	0	0.9469824956	0.3212851584	0	0	0	1
1.3	1.681685354	-0.9909330942	0	0.3617223636	-0.9322858637	0	0.9322858637	0.3617223636	0	0	0	1
1.31	1.681683756	-0.9900965577	0	0.4014045314	-0.9159008692	0	0.9159008692	0.4014045314	0	0	0	1
1.32	1.68169328	-0.9890091363	0	0.43988572	-0.8980537586	0	0.8980537586	0.43988572	0	0	0	1
1.33	1.681718733	-0.9876966018	0	0.4766637231	-0.8790857155	0	0.8790857155	0.4766637231	0	0	0	1
1.34	1.681766319	-0.9862047589	0	0.5112273811	-0.8594454984	0	0.8594454984	0.5112273811	0	0	0	1
1.35	1.68184315	-0.9846013838	0	0.5431385399	-0.8396430947	0	0.8396430947	0.5431385399	0	0	0	1
1.36	1.681955816	-0.9829728258	0	0.5721215098	-0.8201688716	0	0.8201688716	0.5721215098	0	0	0	1
1.37	1.68210723	-0.9814148705	0	0.5981247814	-0.8014029859	0	0.8014029859	0.5981247814	0	0	0	1
1.38	1.68229268	-0.9800191839	0	0.6213335219	-0.7835462045	0	0.7835462045	0.6213335219	0	0	0	1
1.39	1.682498611	-0.9788586601	0	0.6421239321	-0.7666008452	0	0.7666008452	0.6421239321	0	0	0	1
1.4	1.682708238	-0.9779755276	0	0.6609725144	-0.7504101114	0	0.7504101114	0.6609725144	0	0	0	1
1.41	1.682910021	-0.9773755386	0	0.6783506049	-0.7347383594	0	0.7347383594	0.6783506049	0	0	0	1
1.42	1.683100657	-0.9770285365	0	0.6946427049	-0.7193549281	0	0.7193549281	0.6946427049	0	0	0	1
1.43	1.683282915	-0.9768734288	0	0.7100915402	-0.7041093697	0	0.7041093697	0.7100915402	0	0	0	1
1.44	1.683462626	-0.9768269086	0	0.7247707265	-0.6889901262	0	0.6889901262	0.7247707265	0	0	0	1
1.45	1.683646964	-0.9767947014	0	0.7385898573	-0.6741550435	0	0.6741550435	0.7385898573	0	0	0	1
1.46	1.683844113	-0.9766842944	0	0.7513270587	-0.6599300348	0	0.6599300348	0.7513270587	0	0	0	1
1.47	1.684063994	-0.9764167801	0	0.7626806432	-0.6467752597	0	0.6467752597	0.7626806432	0	0	0	1
1.48	1.684320374	-0.9759357818	0	0.7723264889	-0.6352257823	0	0.6352257823	0.7723264889	0	0	0	1
1.49	1.684637513	-0.9752120994	0	0.7799674086	-0.6258201352	0	0.6258201352	0.7799674086	0	0	0	1
1.5	1.685107363	-0.9742428025	0	0.7852800725	-0.619140701	0	0.619140701	0.7852800725	0	0	0	1
1.51	1.685347577	-0.9755466345	0	0.7943931728	-0.6074038912	0	0.6074038912	0.7943931728	0	0	0	1
1.52	1.685547033	-0.9755597535	0	0.7957627135	-0.6056085401	0	0.6056085401	0.7957627135	0	0	0	1
1.53	1.685672648	-0.9752743778	0	0.7948241905	-0.6068397698	0	0.6068397698	0.7948241905	0	0	0	1
1.54	1.685728289	-0.9746690512	0	0.7921347249	-0.6103462768	0	0.6103462768	0.7921347249	0	0	0	1
1.55	1.685664027	-0.9737412151	0	0.7883524119	-0.6152239224	0	0.6152239224	0.7883524119	0	0	0	1
1.56	1.685325605	-0.9725873106	0	0.784742176	-0.6198223271	0	0.6198223271	0.784742176	0	0	0	1
1.57	1.683448336	-0.9712175468	0	0.784599881	-0.620002441	0	0.620002441	0.784599881	0	0	0	1
1.58	1.678474239	-0.9691011167	0	0.789749071	-0.6134300325	0	0.6134300325	0.789749071	0	0	0	1
1.59	1.67107702	-0.9657850846	0	0.7975387325	-0.6032677434	0	0.6032677434	0.7975387325	0	0	0	1
1.6	1.661903993	-0.961388442	0	0.8073225166	-0.5901104593	0	0.5901104593	0.8073225166	0	0	0	1
1.61	1.651718171	-0.9561745372	0	0.818643382	-0.5743021966	0	0.5743021966	0.818643382	0	0	0	1
1.62	1.642017239	-0.9510840028	0	0.8304475994	-0.5570967462	0	0.5570967462	0.8304475994	0	0	0	1
1.63	1.634868109	-0.9461882237	0	0.8383349884	-0.5451554341	0	0.5451554341	0.8383349884	0	0	0	1
1.64	1.629537183	-0.9395556657	0	0.8463701227	-0.5325951702	0	0.5325951702	0.8463701227	0	0	0	1
1.65	1.627006792	-0.9306012801	0	0.8558338226	-0.5172508753	0	0.5172508753	0.8558338226	0	0	0	1
1.66	1.62973031	-0.9209465544	0	0.8628768339	-0.5054142554	0	0.5054142554	0.8628768339	0	0	0	1
1.67	1.639239832	-0.9129869861	0	0.8634924778	-0.5043617162	0	0.5043617162	0.8634924778	0	0	0	1
1.68	1.655839809	-0.9078506754	0	0.8560995086	-0.516811021	0	0.516811021	0.8560995086	0	0	0	1
1.69	1.679028536	-0.9055693179	0	0.8405972412	-0.541660667	0	0.541660667	0.8405972412	0	0	0	1
1.7	1.707791323	-0.9056906669	0	0.8174405361	-0.5760129945	0	0.5760129945	0.8174405361	0	0	0	1
1.71	1.740539349	-0.9074848104	0	0.788118264	-0.6155238435	0	0.6155238435	0.788118264	0	0	0	1
1.72	1.77521504	-0.9099461993	0	0.7557847464	-0.654820141	0	0.654820141	0.7557847464	0	0	0	1
1.73	1.809987137	-0.9119112848	0	0.7241113117	-0.6896831217	0	0.6896831217	0.7241113117	0	0	0	1
1.74	1.843690201	-0.9125515826	0	0.6960004755	-0.7180413206	0	0.7180413206	0.6960004755	0	0	0	1
1.75	1.876125709	-0.9117782611	0	0.6722308445	-0.7403416048	0	0.7403416048	0.6722308445	0	0	0	1
1.76	1.908017966	-0.9100767748	0	0.6509771943	-0.7590972879	0	0.7590972879	0.6509771943	0	0	0	1
1.77	1.940519088	-0.908065105	0	0.6289722433	-0.7774277569	0	0.7774277569	0.6289722433	0	0	0	1
1.78	1.974636559	-0.9061407556	0	0.6030841771	-0.797677551	0	0.797677551	0.6030841771	0	0	0	1
1.79	2.010858891	-0.9043466206	0	0.5712751458	-0.8207586173	0	0.8207586173	0.5712751458	0	0	0	1
1.8	2.049049128	-0.9024359958	0	0.5327970429	-0.8462430567	0	0.8462430567	0.5327970429	0	0	0	1
1.81	2.088540876	-0.900042381	0	0.487959058	-0.8728665177	0	0.8728665177	0.487959058	0	0	0	1
1.82	2.128347733	-0.8968519843	0	0.4377459208	-0.8990987203	0	0.8990987203	0.4377459208	0	0	0	1
1.83	2.167413388	-0.8927106715	0	0.3834008189	-0.9235820549	0	0.9235820549	0.3834008189	0	0	0	1
1.84	2.204839625	-0.8876440468	0	0.3260324148	-0.9453585904	0	0.9453585904	0.3260324148	0	0	0	1
1.85	2.240045776	-0.8818104729	0	0.2663195997	-0.9638847809	0	0.9638847809	0.2663195997	0	0	0	1
1.86	2.272838672	-0.8754261481	0	0.2043958434	-0.978888318	0	0.978888318	0.2043958434	0	0	0	1
1.87	2.303394066	-0.8686982156	0	0.1399610561	-0.9901570091	0	0.9901570091	0.1399610561	0	0	0	1
1.88	2.332177556	-0.8617819615	0	0.07257371087	-0.9973630515	0	0.9973630515	0.07257371087	0	0	0	1
1.89	2.359845066	-0.8547518719	0	0.001994708793	-0.9999980106	0	0.9999980106	0.001994708793	0	0	0	1
1.9	2.387139112	-0.8475586291	0	-0.0715348868	-0.9974380983	0	0.9974380983	-0.0715348868	0	0	0	1
1.91	2.414757895	-0.8399558527	0	-0.1471251924	-0.9891178786	0	0.9891178786	-0.1471251924	0	0	0	1
1.92	2.443130922	-0.8314468499	0	-0.2230813062	-0.9747998414	0	0.9747998414	-0.2230813062	0	0	0	1
1.93	2.472101496	-0.8214339736	0	-0.2967451401	-0.954956712	0	0.954956712	-0.2967451401	0	0	0	1
1.94	2.500787978	-0.8097219334	0	-0.3646831893	-0.9311316617	0	0.9311316617	-0.3646831893	0	0	0	1
1.95	2.528035179	-0.7969234033	0	-0.4240411046	-0.9056429438	0	0.9056429438	-0.4240411046	0	0	0	1
1.96	2.553048577	-0.7840381753	0	-0.4742006686	-0.880416791	0	0.880416791	-0.4742006686	0	0	0	1
1.97	2.575337584	-0.7719637223	0	-0.515883048	-0.8566590225	0	0.8566590225	-0.515883048	0	0	0	1
1.98	2.594450058	-0.761726066	0	-0.5488449846	-0.835924149	0	0.835924149	-0.5488449846	0	0	0	1
1.99	2.61017771	-0.7543469948	0	-0.5723246298	-0.8200271448	0	0.8200271448	-0.5723246298	0	0	0	1
2	2.622684227	-0.7503227993	0	-0.5865297976	-0.8099276489	0	0.8099276489	-0.5865297976	0	0	0	1
2.01	2.632375018	-0.7496392001	0	-0.5923381886	-0.8056894379	0	0.8056894379	-0.5923381886	0	0	0	1
2.02	2.639805268	-0.7519987546	0	-0.5907312672	-0.8068683721	0	0.8068683721	-0.5907312672	0	0	0	1
2.03	2.64563604	-0.7569159631	0	-0.5828594382	-0.8125729969	0	0.8125729969	-0.5828594382	0	0	0	1
2.04	2.650569434	-0.7638329769	0	-0.5700444537	-0.8216138514	0	0.8216138514	-0.5700444537	0	0	0	1
2.05	2.655272307	-0.772251746	0	-0.5536179446	-0.8327707796	0	0.8327707796	-0.5536179446	0	0	0	1
2.06	2.660301537	-0.7818034713	0	-0.534779586	-0.8449915943	0	0.8449915943	-0.534779586	0	0	0	1
2.07	2.666046967	-0.7922216857	0	-0.5145242272	-0.857475842	0	0.857475842	-0.5145242272	0	0	0	1
2.08	2.672711682	-0.8033050299	0	-0.4938075267	-0.8695712314	0	0.8695712314	-0.4938075267	0	0	0	1
2.09	2.680234702	-0.8151312075	0	-0.4726980214	-0.881224478	0	0.881224478	-0.4726980214	0	0	0	1
2.1	2.688376661	-0.8279666007	0	-0.4504380574	-0.8928076817	0	0.8928076817	-0.4504380574	0	0	0	1
2.11	2.696889927	-0.8420060744	0	-0.4264453902	-0.9045133107	0	0.9045133107	-0.4264453902	0	0	0	1
2.12	2.705597796	-0.857312657	0	-0.4006424116	-0.9162344995	0	0.9162344995	-0.4006424116	0	0	0	1
2.13	2.713503616	-0.8746185667	0	-0.3692487569	-0.9293305954	0	0.9293305954	-0.3692487569	0	0	0	1
2.14	2.71706053	-0.8938725427	0	-0.3261307648	-0.9453246661	0	0.9453246661	-0.3261307648	0	0	0	1
2.15	2.720061071	-0.9123663478	0	-0.2838417331	-0.9588711439	0	0.9588711439	-0.2838417331	0	0	0	1
2.16	2.722511664	-0.9299158486	0	-0.2429620402	-0.9700357968	0	0.9700357968	-0.2429620402	0	0	0	1
2.17	2.724527292	-0.9464992751	0	-0.2022225035	-0.9793396035	0	0.9793396035	-0.2022225035	0	0	0	1
2.18	2.72556901	-0.9583964927	0	-0.176383196	-0.9843215776	0	0.9843215776	-0.176383196	0	0	0	1
2.19	2.725835897	-0.9650124342	0	-0.1672885219	-0.9859079827	0	0.9859079827	-0.1672885219	0	0	0	1
2.2	2.726228513	-0.9709248995	0	-0.1521323995	-0.9883601232	0	0.9883601232	-0.1521323995	0	0	0	1
2.21	2.726690047	-0.9757761305	0	-0.1313463523	-0.9913365401	0	0.9913365401	-0.1313463523	0	0	0	1
2.22	2.727103712	-0.9794577108	0	-0.1067883501	-0.9942817751	0	0.9942817751	-0.1067883501	0	0	0	1
2.23	2.727395534	-0.9820545379	0	-0.08030188452	-0.9967705891	0	0.9967705891	-0.08030188452	0	0	0	1
2.24	2.727559594	-0.9837665656	0	-0.05307164312	-0.9985907073	0	0.9985907073	-0.05307164312	0	0	0	1
2.25	2.727627884	-0.9848405992	0	-0.02579149934	-0.999667344	0	0.999667344	-0.02579149934	0	0	0	1
2.26	2.727662029	-0.9855211809	0	0.001124231177	-0.9999993681	0	0.9999993681	0.001124231177	0	0	0	1
2.27	2.727691885	-0.9860243411	0	0.02830030295	-0.9995994662	0	0.9995994662	0.02830030295	0	0	0	1
2.28	2.727729666	-0.9864621629	0	0.05602661547	-0.9984292756	0	0.9984292756	0.05602661547	0	0	0	1
2.29	2.727774079	-0.9868146046	0	0.08364944493	-0.9964952435	0	0.9964952435	0.08364944493	0	0	0	1
2.3	2.727817423	-0.9870286162	0	0.1106310637	-0.9938615436	0	0.9938615436	0.1106310637	0	0	0	1
2.31	2.727854149	-0.9870989	0	0.1369322071	-0.9905804211	0	0.9905804211	0.1369322071	0	0	0	1
2.32	2.727882295	-0.9870656852	0	0.1627924932	-0.9866603287	0	0.9866603287	0.1627924932	0	0	0	1
2.33	2.727901858	-0.9869816969	0	0.188468921	-0.9820791545	0	0.9820791545	0.188468921	0	0	0	1
2.34	2.727913745	-0.9868937309	0	0.2141558602	-0.9767995022	0	0.9767995022	0.2141558602	0	0	0	1
2.35	2.727919482	-0.9868400678	0	0.2400134568	-0.970769561	0	0.970769561	0.2400134568	0	0	0	1
2.36	2.727920966	-0.986849612	0	0.2661961091	-0.9639188926	0	0.9639188926	0.2661961091	0	0	0	1
2.37	2.727919985	-0.9869368572	0	0.2928381786	-0.9561620162	0	0.9561620162	0.2928381786	0	0	0	1
2.38	2.727917762	-0.987096891	0	0.3200104978	-0.9474139968	0	0.9474139968	0.3200104978	0	0	0	1
2.39	2.72791476	-0.98730486	0	0.3476795866	-0.9376134092	0	0.9376134092	0.3476795866	0	0	0	1
2.4	2.727910635	-0.9875211667	0	0.3756972488	-0.9267424547	0	0.9267424547	0.3756972488	0	0	0	1
2.41	2.727904356	-0.9877001363	0	0.403826942	-0.9148353955	0	0.9148353955	0.403826942	0	0	0	1
2.42	2.727894417	-0.9877993562	0	0.4317911561	-0.9019736124	0	0.9019736124	0.4317911561	0	0	0	1
2.43	2.72787914	-0.9877868899	0	0.4593133452	-0.8882743106	0	0.8882743106	0.4593133452	0	0	0	1
2.44	2.727856955	-0.9876455021	0	0.4861407274	-0.8738805371	0	0.8738805371	0.4861407274	0	0	0	1
2.45	2.727826527	-0.9873742983	0	0.5120516646	-0.8589546512	0	0.8589546512	0.5120516646	0	0	0	1
2.46	2.727786816	-0.986988752	0	0.5368640177	-0.8436687896	0	0.8436687896	0.5368640177	0	0	0	1
2.47	2.727737121	-0.986519181	0	0.5604518868	-0.8281869852	0	0.8281869852	0.5604518868	0	0	0	1
2.48	2.727677174	-0.9860075278	0	0.5827671655	-0.8126391763	0	0.8126391763	0.5827671655	0	0	0	1
2.49	2.727607361	-0.9855019925	0	0.6038565355	-0.7970930213	0	0.7970930213	0.6038565355	0	0	0	1
2.5	2.72752899	-0.9850499222	0	0.6238640858	-0.7815328544	0	0.7815328544	0.6238640858	0	0	0	1
2.51	2.727444297	-0.9846892445	0	0.6430146958	-0.7658538379	0	0.7658538379	0.6430146958	0	0	0	1
2.52	2.727356386	-0.9844408283	0	0.6615711847	-0.7498823692	0	0.7498823692	0.6615711847	0	0	0	1
2.53	2.727268688	-0.9843009248	0	0.6797787632	-0.7334172299	0	0.7334172299	0.6797787632	0	0	0	1
2.54	2.727184495	-0.9842365841	0	0.6978119714	-0.7162809872	0	0.7162809872	0.6978119714	0	0	0	1
2.55	2.727106696	-0.9841855215	0	0.7157376623	-0.6983692424	0	0.6983692424	0.7157376623	0	0	0	1
2.56	2.72703791	-0.9840615123	0	0.7334978944	-0.6796917234	0	0.6796917234	0.7334978944	0	0	0	1
2.57	2.726981065	-0.9837651808	0	0.7509125789	-0.6604016194	0	0.6604016194	0.7509125789	0	0	0	1
2.58	2.726940527	-0.9831988131	0	0.767699642	-0.6408098467	0	0.6408098467	0.767699642	0	0	0	1
2.59	2.726924055	-0.982282699	0	0.7835070262	-0.6213829253	0	0.6213829253	0.7835070262	0	0	0	1
2.6	2.726947193	-0.9809713063	0	0.7979514715	-0.6027217013	0	0.6027217013	0.7979514715	0	0	0	1
2.61	2.727047265	-0.979266348	0	0.8106508377	-0.5855298621	0	0.5855298621	0.8106508377	0	0	0	1
2.62	2.727385502	-0.9772255739	0	0.8211063796	-0.5707751864	0	0.5707751864	0.8211063796	0	0	0	1
2.63	2.729390276	-0.9751020704	0	0.8270786313	-0.5620862369	0	0.5620862369	0.8270786313	0	0	0	1
2.64	2.733626407	-0.9733220534	0	0.8289527634	-0.5593186177	0	0.5593186177	0.8289527634	0	0	0	1
2.65	2.739158224	-0.971876907	0	0.8287743605	-0.5595829335	0	0.5595829335	0.8287743605	0	0	0	1
2.66	2.745383987	-0.9706587514	0	0.8273976731	-0.5616164977	0	0.5616164977	0.8273976731	0	0	0	1
2.67	2.751886142	-0.9695803848	0	0.8253171788	-0.5646694204	0	0.5646694204	0.8253171788	0	0	0	1
2.68	2.75830858	-0.9685826651	0	0.8231039602	-0.5678907207	0	0.5678907207	0.8231039602	0	0	0	1
2.69	2.764400385	-0.9676457698	0	0.8213436183	-0.5704337478	0	0.5704337478	0.8213436183	0	0	0	1
2.7	2.770027886	-0.9667830693	0	0.8205081191	-0.5716348717	0	0.5716348717	0.8205081191	0	0	0	1
2.71	2.775086422	-0.9660798461	0	0.8212946241	-0.5705042861	0	0.5705042861	0.8212946241	0	0	0	1
2.72	2.78019342	-0.9655378661	0	0.8227611874	-0.568387217	0	0.568387217	0.8227611874	0	0	0	1
2.73	2.786871064	-0.9645595651	0	0.8220132566	-0.5694683538	0	0.5694683538	0.8220132566	0	0	0	1
2.74	2.794701152	-0.9627513673	0	0.82201973	-0.5694590095	0	0.5694590095	0.82201973	0	0	0	1
2.75	2.804057553	-0.9601208667	0	0.8227437407	-0.568412471	0	0.568412471	0.8227437407	0	0	0	1
2.76	2.815967104	-0.9569493121	0	0.8224962407	-0.568770546	0	0.568770546	0.8224962407	0	0	0	1
2.77	2.831551017	-0.9537312639	0	0.8191128882	-0.5736323529	0	0.5736323529	0.8191128882	0	0	0	1
2.78	2.850959422	-0.9511261739	0	0.8110051687	-0.585038987	0	0.585038987	0.8110051687	0	0	0	1
2.79	2.873412931	-0.9489069378	0	0.7984784296	-0.6020234193	0	0.6020234193	0.7984784296	0	0	0	1
2.8	2.897573693	-0.9463354513	0	0.7834717894	-0.6214273532	0	0.6214273532	0.7834717894	0	0	0	1
2.81	2.922166531	-0.9429043628	0	0.7680552656	-0.640383564	0	0.640383564	0.7680552656	0	0	0	1
2.82	2.946378025	-0.9386589638	0	0.7533445329	-0.6576260448	0	0.6576260448	0.7533445329	0	0	0	1
2.83	2.969923057	-0.9340588789	0	0.7393691148	-0.6733003134	0	0.6733003134	0.7393691148	0	0	0	1
2.84	2.992913141	-0.9296770058	0	0.725479268	-0.6882440204	0	0.6882440204	0.725479268	0	0	0	1
2.85	3.015732274	-0.9258568039	0	0.7106106884	-0.7035854244	0	0.7035854244	0.7106106884	0	0	0	1
2.86	3.038755249	-0.9225549213	0	0.6940248294	-0.7199510651	0	0.7199510651	0.6940248294	0	0	0	1
2.87	3.062274278	-0.919593326	0	0.6753974335	-0.7374539354	0	0.7374539354	0.6753974335	0	0	0	1
2.88	3.086547143	-0.9168876434	0	0.6542720911	-0.7562592352	0	0.7562592352	0.6542720911	0	0	0	1
2.89	3.111748521	-0.9144298378	0	0.6300028381	-0.7765928302	0	0.7765928302	0.6300028381	0	0	0	1
2.9	3.137881583	-0.9121701015	0	0.6021152532	-0.798409182	0	0.798409182	0.6021152532	0	0	0	1
2.91	3.164743467	-0.9099675119	0	0.5706080119	-0.8212225623	0	0.8212225623	0.5706080119	0	0	0	1
2.92	3.191981269	-0.9076336201	0	0.5359368818	-0.8442580522	0	0.8442580522	0.5359368818	0	0	0	1
2.93	3.219213657	-0.9050076927	0	0.4987214399	-0.8667623235	0	0.8667623235	0.4987214399	0	0	0	1
2.94	3.246151262	-0.9020020831	0	0.4594023322	-0.8882282911	0	0.8882282911	0.4594023322	0	0	0	1
2.95	3.272668085	-0.8986014312	0	0.4180417643	-0.9084278085	0	0.9084278085	0.4180417643	0	0	0	1
2.96	3.29879584	-0.8948292534	0	0.3743654717	-0.9272812376	0	0.9272812376	0.3743654717	0	0	0	1
2.97	3.324667135	-0.8907121758	0	0.3279614788	-0.9446910968	0	0.9446910968	0.3279614788	0	0	0	1
2.98	3.350450015	-0.8862624663	0	0.2784916128	-0.960438661	0	0.960438661	0.2784916128	0	0	0	1
2.99	3.376306761	-0.8814817363	0	0.2258171323	-0.9741697094	0	0.9741697094	0.2258171323	0	0	0	1
3	3.402380392	-0.8763725186	0	0.1700404448	-0.9854370843	0	0.9854370843	0.1700404448	0	0	0	1
3.01	3.428798042	-0.8709435574	0	0.1115059675	-0.9937637643	0	0.9937637643	0.1115059675	0	0	0	1
3.02	3.455677912	-0.8652012205	0	0.05078487328	-0.9987096158	0	0.9987096158	0.05078487328	0	0	0	1
3.03	3.483132673	-0.8591307473	0	-0.01136383135	-0.9999354296	0	0.9999354296	-0.01136383135	0	0	0	1
3.04	3.511263314	-0.8526749072	0	-0.07406616698	-0.9972533294	0	0.9972533294	-0.07406616698	0	0	0	1
3.05	3.540136479	-0.8457188627	0	-0.136426888	-0.9906501422	0	0.9906501422	-0.136426888	0	0	0	1
3.06	3.569744515	-0.8380965478	0	-0.1976013011	-0.9802824725	0	0.9802824725	-0.1976013011	0	0	0	1
3.07	3.599961361	-0.8296291105	0	-0.2568302608	-0.9664565263	0	0.9664565263	-0.2568302608	0	0	0	1
3.08	3.630519847	-0.8201897737	0	-0.3134610743	-0.9496010504	0	0.9496010504	-0.3134610743	0	0	0	1
3.09	3.661029375	-0.8097665136	0	-0.366972766	-0.9302316857	0	0.9302316857	-0.366972766	0	0	0	1
3.1	3.691012674	-0.7984976702	0	-0.416949161	-0.9089298087	0	0.9089298087	-0.416949161	0	0	0	1
3.11	3.719946468	-0.7866839522	0	-0.4629856085	-0.8863657971	0	0.8863657971	-0.4629856085	0	0	0	1
3.12	3.747303675	-0.7747903087	0	-0.5045848118	-0.8633621301	0	0.8633621301	-0.5045848118	0	0	0	1
3.13	3.772611041	-0.7634090673	0	-0.5411847685	-0.8409037081	0	0.8409037081	-0.5411847685	0	0	0	1
3.14	3.795499185	-0.7531875497	0	-0.5722523231	-0.8200776053	0	0.8200776053	-0.5722523231	0	0	0	1
3.15	3.8157247	-0.7447541579	0	-0.5973308271	-0.8019949395	0	0.8019949395	-0.5973308271	0	0	0	1
3.16	3.833174569	-0.738651434	0	-0.6160672158	-0.7876935861	0	0.7876935861	-0.6160672158	0	0	0	1
3.17	3.847867243	-0.7352640976	0	-0.6282768214	-0.7779898687	0	0.7779898687	-0.6282768214	0	0	0	1
3.18	3.859924418	-0.7347933972	0	-0.6339382273	-0.7733836848	0	0.7733836848	-0.6339382273	0	0	0	1
3.19	3.869558595	-0.73724374	0	-0.6332196818	-0.7739721148	0	0.7739721148	-0.6332196818	0	0	0	1
3.2	3.877049979	-0.7424535647	0	-0.6264636557	-0.7794506322	0	0.7794506322	-0.6264636557	0	0	0	1
3.21	3.882722437	-0.7501471713	0	-0.6141609925	-0.7891807621	0	0.7891807621	-0.6141609925	0	0	0	1
3.22	3.886916761	-0.7599739168	0	-0.5968871989	-0.8023251659	0	0.8023251659	-0.5968871989	0	0	0	1
3.23	3.889981102	-0.7714799286	0	-0.575518466	-0.817788784	0	0.817788784	-0.575518466	0	0	0	1
3.24	3.8922059	-0.7843317351	0	-0.5508578359	-0.8345990922	0	0.8345990922	-0.5508578359	0	0	0	1
3.25	3.893782328	-0.7984828938	0	-0.5229025735	-0.8523924558	0	0.8523924558	-0.5229025735	0	0	0	1
3.26	3.894888713	-0.813934876	0	-0.4915421138	-0.8708538054	0	0.8708538054	-0.4915421138	0	0	0	1
3.27	3.895758718	-0.8305957643	0	-0.4571464352	-0.8893914418	0	0.8893914418	-0.4571464352	0	0	0	1
3.28	3.896671286	-0.8483204376	0	-0.4204883218	-0.9072979507	0	0.9072979507	-0.4204883218	0	0	0	1
3.29	3.897906473	-0.8669737215	0	-0.3824828838	-0.923962577	0	0.923962577	-0.3824828838	0	0	0	1
3.3	3.900703343	-0.8851248323	0	-0.3474061129	-0.9377147715	0	0.9377147715	-0.3474061129	0	0	0	1
3.31	3.903836104	-0.9035303994	0	-0.3063726689	-0.9519116491	0	0.9519116491	-0.3063726689	0	0	0	1
3.32	3.906645117	-0.9216113195	0	-0.263498534	-0.9646597963	0	0.9646597963	-0.263498534	0	0	0	1
3.33	3.908914373	-0.9387128332	0	-0.22199022	-0.9750488922	0	0.9750488922	-0.22199022	0	0	0	1
3.34	3.910644261	-0.9542867925	0	-0.1831331409	-0.9830881205	0	0.9830881205	-0.1831331409	0	0	0	1
3.35	3.910961072	-0.9617892412	0	-0.1737765943	-0.9847851011	0	0.9847851011	-0.1737765943	0	0	0	1
3.36	3.911280988	-0.9679709483	0	-0.1623262789	-0.9867371378	0	0.9867371378	-0.1623262789	0	0	0	1
3.37	3.911720923	-0.9731938755	0	-0.1446466844	-0.9894833686	0	0.9894833686	-0.1446466844	0	0	0	1
3.38	3.912180957	-0.9772522609	0	-0.1222069077	-0.9925046457	0	0.9925046457	-0.1222069077	0	0	0	1
3.39	3.912549494	-0.9801520357	0	-0.09717894202	-0.9952669256	0	0.9952669256	-0.09717894202	0	0	0	1
3.4	3.91278725	-0.9820655584	0	-0.07111640844	-0.9974680228	0	0.9974680228	-0.07111640844	0	0	0	1
3.41	3.912906725	-0.9832480917	0	-0.04483659709	-0.9989943341	0	0.9989943341	-0.04483659709	0	0	0	1
3.42	3.912950835	-0.9839709101	0	-0.01879179014	-0.9998234187	0	0.9998234187	-0.01879179014	0	0	0	1
3.43	3.912977242	-0.9844708271	0	0.006940946447	-0.9999759113	0	0.9999759113	0.006940946447	0	0	0	1
3.44	3.91300709	-0.984917419	0	0.03308899163	-0.9994524094	0	0.9994524094	0.03308899163	0	0	0	1
3.45	3.913048696	-0.9853535524	0	0.05945502325	-0.9982309854	0	0.9982309854	0.05945502325	0	0	0	1
3.46	3.913096681	-0.9857268683	0	0.0853586174	-0.996350293	0	0.996350293	0.0853586174	0	0	0	1
3.47	3.913143404	-0.98599157	0	0.1104539641	-0.9938812413	0	0.9938812413	0.1104539641	0	0	0	1
3.48	3.913184487	-0.9861525691	0	0.1348224561	-0.9908697721	0	0.9908697721	0.1348224561	0	0	0	1
3.49	3.913218457	-0.9862465161	0	0.1587116101	-0.9873249844	0	0.9873249844	0.1587116101	0	0	0	1
3.5	3.913245178	-0.9863152222	0	0.1823567562	-0.983232431	0	0.983232431	0.1823567562	0	0	0	1
3.51	3.913265274	-0.9863960196	0	0.2059571142	-0.9785610186	0	0.9785610186	0.2059571142	0	0	0	1
3.52	3.913280002	-0.986520895	0	0.2297054131	-0.9732602032	0	0.9732602032	0.2297054131	0	0	0	1
3.53	3.913290911	-0.9867133476	0	0.2537942655	-0.9672582234	0	0.9672582234	0.2537942655	0	0	0	1
3.54	3.913299354	-0.9869822229	0	0.2783868464	-0.9604690332	0	0.9604690332	0.2783868464	0	0	0	1
3.55	3.913306101	-0.9873174487	0	0.3035737016	-0.9528079595	0	0.9528079595	0.3035737016	0	0	0	1
3.56	3.913311221	-0.9876908379	0	0.3293438667	-0.9442100494	0	0.9442100494	0.3293438667	0	0	0	1
3.57	3.913314072	-0.9880619833	0	0.3555868834	-0.9346432305	0	0.9346432305	0.3555868834	0	0	0	1
3.58	3.913313494	-0.9883861672	0	0.3821218447	-0.9241119498	0	0.9241119498	0.3821218447	0	0	0	1
3.59	3.91330802	-0.9886223391	0	0.4087372606	-0.9126520979	0	0.9126520979	0.4087372606	0	0	0	1
3.6	3.913296147	-0.9887385587	0	0.4352191006	-0.9003245718	0	0.9003245718	0.4352191006	0	0	0	1
3.61	3.913276542	-0.9887150768	0	0.4613621553	-0.8872119035	0	0.8872119035	0.4613621553	0	0	0	1
3.62	3.913248178	-0.9885451879	0	0.4869696242	-0.8734189058	0	0.8734189058	0.4869696242	0	0	0	1
3.63	3.913210262	-0.9882353471	0	0.511851615	-0.8590738759	0	0.8590738759	0.511851615	0	0	0	1
3.64	3.91316226	-0.9878049532	0	0.5358370615	-0.8443214101	0	0.8443214101	0.5358370615	0	0	0	1
3.65	3.9131039	-0.9872853884	0	0.5587926669	-0.829307395	0	0.829307395	0.5587926669	0	0	0	1
3.66	3.913035266	-0.9867177606	0	0.5806468024	-0.8141555692	0	0.8141555692	0.5806468024	0	0	0	1
3.67	3.912957013	-0.9861487252	0	0.6014116029	-0.7989393493	0	0.7989393493	0.6014116029	0	0	0	1
3.68	3.912870596	-0.9856246849	0	0.6211934664	-0.7836572448	0	0.7836572448	0.6211934664	0	0	0	1
3.69	3.912778393	-0.985184914	0	0.6401814296	-0.7682237546	0	0.7682237546	0.6401814296	0	0	0	1
3.7	3.912683559	-0.9848539052	0	0.6586082248	-0.7524860173	0	0.7524860173	0.6586082248	0	0	0	1
3.71	3.9125896	-0.9846340417	0	0.6766973979	-0.7362612523	0	0.7362612523	0.6766973979	0	0	0	1
3.72	3.912499841	-0.9845005291	0	0.6946123517	-0.7193842373	0	0.7193842373	0.6946123517	0	0	0	1
3.73	3.912417093	-0.9844005003	0	0.7124221164	-0.7017511867	0	0.7017511867	0.7124221164	0	0	0	1
3.74	3.912343763	-0.9842572415	0	0.730082582	-0.6833589272	0	0.6833589272	0.730082582	0	0	0	1
3.75	3.912282363	-0.983979274	0	0.7474359271	-0.6643339032	0	0.6643339032	0.7474359271	0	0	0	1
3.76	3.912236438	-0.9834732015	0	0.7642266954	-0.6449477173	0	0.6449477173	0.7642266954	0	0	0	1
3.77	3.912212002	-0.982658547	0	0.7801300431	-0.6256173877	0	0.6256173877	0.7801300431	0	0	0	1
3.78	3.912220547	-0.9814828758	0	0.7947888851	-0.6068860091	0	0.6068860091	0.7947888851	0	0	0	1
3.79	3.91228695	-0.9799343976	0	0.8078492491	-0.5893891674	0	0.5893891674	0.8078492491	0	0	0	1
3.8	3.912481927	-0.9780505689	0	0.818958731	-0.5738524174	0	0.5738524174	0.818958731	0	0	0	1
3.81	3.913454135	-0.9759512085	0	0.8269215095	-0.5623173633	0	0.5623173633	0.8269215095	0	0	0	1
3.82	3.916618598	-0.9740557665	0	0.8302763568	-0.5573519278	0	0.5573519278	0.8302763568	0	0	0	1
3.83	3.921353487	-0.9725169488	0	0.8309974481	-0.5562762275	0	0.5562762275	0.8309974481	0	0	0	1
3.84	3.926943925	-0.9712394846	0	0.8303199091	-0.5572870432	0	0.5572870432	0.8303199091	0	0	0	1
3.85	3.932963938	-0.9701305338	0	0.8287613034	-0.5596022713	0	0.5596022713	0.8287613034	0	0	0	1
3.86	3.939063165	-0.9691214219	0	0.8268137709	-0.5624757668	0	0.5624757668	0.8268137709	0	0	0	1
3.87	3.944965276	-0.9681768356	0	0.8250357167	-0.5650805838	0	0.5650805838	0.8250357167	0	0	0	1
3.88	3.950499674	-0.9672972526	0	0.8239297062	-0.5666920145	0	0.5666920145	0.8239297062	0	0	0	1
3.89	3.955579048	-0.9665110522	0	0.8239310808	-0.5666900159	0	0.5666900159	0.8239310808	0	0	0	1
3.9	3.960235781	-0.9660115211	0	0.8258121654	-0.5639452699	0	0.5639452699	0.8258121654	0	0	0	1
3.91	3.966194553	-0.9652477834	0	0.8253980866	-0.564551148	0	0.564551148	0.8253980866	0	0	0	1
3.92	3.973544774	-0.9638675697	0	0.824651734	-0.5656408026	0	0.5656408026	0.824651734	0	0	0	1
3.93	3.982167858	-0.9616393988	0	0.8249693415	-0.5651774815	0	0.5651774815	0.8249693415	0	0	0	1
3.94	3.992806007	-0.9587839417	0	0.825123373	-0.5649525815	0	0.5649525815	0.825123373	0	0	0	1
3.95	4.006580903	-0.9555260187	0	0.823291291	-0.5676191067	0	0.5676191067	0.823291291	0	0	0	1
3.96	4.024068679	-0.9525612036	0	0.8176296612	-0.5757445068	0	0.5757445068	0.8176296612	0	0	0	1
3.97	4.044921753	-0.9501234381	0	0.8074436544	-0.5899446965	0	0.5899446965	0.8074436544	0	0	0	1
3.98	4.068023857	-0.9476632142	0	0.7939978431	-0.6079205747	0	0.6079205747	0.7939978431	0	0	0	1
3.99	4.09204496	-0.9445282548	0	0.7794102483	-0.6265138984	0	0.6265138984	0.7794102483	0	0	0	1
4	4.11597049	-0.9405157391	0	0.7652493438	-0.6437339837	0	0.6437339837	0.7652493438	0	0	0	1
4.01	4.139312073	-0.9359235605	0	0.7519680324	-0.6591995739	0	0.6591995739	0.7519680324	0	0	0	1
4.02	4.162037052	-0.931303649	0	0.739148681	-0.6735422981	0	0.6735422981	0.739148681	0	0	0	1
4.03	4.184427589	-0.9271644139	0	0.7258790855	-0.6878223268	0	0.6878223268	0.7258790855	0	0	0	1
4.04	4.206897761	-0.9236650253	0	0.7111377466	-0.7030527046	0	0.7030527046	0.7111377466	0	0	0	1
4.05	4.229754251	-0.9206605045	0	0.6944706301	-0.7195210518	0	0.7195210518	0.6944706301	0	0	0	1
4.06	4.253234765	-0.9179926324	0	0.67560122	-0.7372672457	0	0.7372672457	0.67560122	0	0	0	1
4.07	4.277528244	-0.915610687	0	0.6540401033	-0.7564598755	0	0.7564598755	0.6540401033	0	0	0	1
4.08	4.302708012	-0.913488372	0	0.6292491261	-0.7772036653	0	0.7772036653	0.6292491261	0	0	0	1
4.09	4.328669634	-0.9115286656	0	0.600995936	-0.7992520785	0	0.7992520785	0.600995936	0	0	0	1
4.1	4.355141323	-0.9095605346	0	0.5695014828	-0.8219903047	0	0.8219903047	0.5695014828	0	0	0	1
4.11	4.381771807	-0.9074020644	0	0.5352808506	-0.8446741449	0	0.8446741449	0.5352808506	0	0	0	1
4.12	4.40824785	-0.9049223913	0	0.498825831	-0.8667022501	0	0.8667022501	0.498825831	0	0	0	1
4.13	4.434386558	-0.9020640854	0	0.4603367729	-0.8877443638	0	0.8877443638	0.4603367729	0	0	0	1
4.14	4.460163195	-0.8988252305	0	0.4196511719	-0.9076854598	0	0.9076854598	0.4196511719	0	0	0	1
4.15	4.485675085	-0.8952240606	0	0.3763725478	-0.9264684049	0	0.9264684049	0.3763725478	0	0	0	1
4.16	4.511076923	-0.8912719995	0	0.3300831527	-0.9439518591	0	0.9439518591	0.3300831527	0	0	0	1
4.17	4.536525165	-0.8869672031	0	0.2805178052	-0.9598488219	0	0.9598488219	0.2805178052	0	0	0	1
4.18	4.562153301	-0.8823048874	0	0.2276438632	-0.9737444591	0	0.9737444591	0.2276438632	0	0	0	1
4.19	4.588070917	-0.8772887921	0	0.1716741853	-0.9851537819	0	0.9851537819	0.1716741853	0	0	0	1
4.2	4.614376004	-0.8719335068	0	0.1130512246	-0.9935891609	0	0.9935891609	0.1130512246	0	0	0	1
4.21	4.641166931	-0.8662519419	0	0.05241333211	-0.9986254767	0	0.9986254767	0.05241333211	0	0	0	1
4.22	4.66854883	-0.8602355866	0	-0.009458843836	-0.9999552641	0	0.9999552641	-0.009458843836	0	0	0	1
4.23	4.696626531	-0.8538316144	0	-0.07172251965	-0.9974246238	0	0.9974246238	-0.07172251965	0	0	0	1
4.24	4.725476942	-0.846927634	0	-0.1335512165	-0.9910419126	0	0.9910419126	-0.1335512165	0	0	0	1
4.25	4.755103847	-0.8393592751	0	-0.1941809379	-0.98096573	0	0.98096573	-0.1941809379	0	0	0	1
4.26	4.78539144	-0.8309495398	0	-0.2529260192	-0.967485622	0	0.967485622	-0.2529260192	0	0	0	1
4.27	4.816082789	-0.8215718023	0	-0.3091959552	-0.9509983498	0	0.9509983498	-0.3091959552	0	0	0	1
4.28	4.846796527	-0.8112084314	0	-0.3625161768	-0.9319774791	0	0.9319774791	-0.3625161768	0	0	0	1
4.29	4.877060049	-0.7999850773	0	-0.4124924319	-0.9109610275	0	0.9109610275	-0.4124924319	0	0	0	1
4.3	4.906347381	-0.7881878902	0	-0.4587091217	-0.8885864852	0	0.8885864852	-0.4587091217	0	0	0	1
4.31	4.934121871	-0.7762662024	0	-0.5006486039	-0.8656506082	0	0.8656506082	-0.5006486039	0	0	0	1
4.32	4.959896304	-0.7647983716	0	-0.5377307831	-0.8431166022	0	0.8431166022	-0.5377307831	0	0	0	1
4.33	4.98328254	-0.7544242543	0	-0.5694015202	-0.8220595531	0	0.8220595531	-0.5694015202	0	0	0	1
4.34	5.004014556	-0.7457766583	0	-0.5951725177	-0.8035979556	0	0.8035979556	-0.5951725177	0	0	0	1
4.35	5.021957642	-0.7394119952	0	-0.6146585155	-0.7887933248	0	0.7887933248	-0.6146585155	0	0	0	1
4.36	5.037104521	-0.7357426113	0	-0.6276290882	-0.7785125096	0	0.7785125096	-0.6276290882	0	0	0	1
4.37	5.049558756	-0.7349946993	0	-0.6340333216	-0.7733057268	0	0.7733057268	-0.6340333216	0	0	0	1
4.38	5.059515163	-0.7371994111	0	-0.6340029892	-0.7733305954	0	0.7733305954	-0.6340029892	0	0	0	1
4.39	5.067239116	-0.7422165881	0	-0.6278443662	-0.7783389055	0	0.7783389055	-0.6278443662	0	0	0	1
4.4	5.073043112	-0.7497827932	0	-0.6160163186	-0.7877333909	0	0.7877333909	-0.6160163186	0	0	0	1
4.41	5.077260719	-0.7595502182	0	-0.5990658557	-0.8006997568	0	0.8006997568	-0.5990658557	0	0	0	1
4.42	5.080238055	-0.7710605042	0	-0.5778437352	-0.816147424	0	0.816147424	-0.5778437352	0	0	0	1
4.43	5.082270564	-0.7839689162	0	-0.5531434584	-0.8330860186	0	0.8330860186	-0.5531434584	0	0	0	1
4.44	5.083562297	-0.7982127649	0	-0.5249781499	-0.8511157043	0	0.8511157043	-0.5249781499	0	0	0	1
4.45	5.084309116	-0.8137775499	0	-0.4932626069	-0.8698804519	0	0.8698804519	-0.4932626069	0	0	0	1
4.46	5.084764164	-0.8305581282	0	-0.4583930787	-0.8887495628	0	0.8887495628	-0.4583930787	0	0	0	1
4.47	5.085227329	-0.8483990223	0	-0.4211727265	-0.9069804488	0	0.9069804488	-0.4211727265	0	0	0	1
4.48	5.086003032	-0.8671528812	0	-0.3825729114	-0.923925304	0	0.923925304	-0.3825729114	0	0	0	1
4.49	5.088684164	-0.8851529299	0	-0.3479578489	-0.9375101788	0	0.9375101788	-0.3479578489	0	0	0	1
4.5	5.091810642	-0.903465145	0	-0.3070752485	-0.9516852378	0	0.9516852378	-0.3070752485	0	0	0	1
4.51	5.094627969	-0.9214857731	0	-0.2641748859	-0.9644747947	0	0.9644747947	-0.2641748859	0	0	0	1
4.52	5.096908239	-0.9385476378	0	-0.2225730992	-0.9749160043	0	0.9749160043	-0.2225730992	0	0	0	1
4.53	5.098655907	-0.9541467789	0	-0.1834012839	-0.9830381321	0	0.9830381321	-0.1834012839	0	0	0	1
4.54	5.098986174	-0.961701781	0	-0.1736670476	-0.9848044256	0	0.9848044256	-0.1736670476	0	0	0	1
4.55	5.099308138	-0.9678990624	0	-0.1621107472	-0.9867725704	0	0.9867725704	-0.1621107472	0	0	0	1
4.56	5.099749356	-0.9731571038	0	-0.1443103839	-0.989532472	0	0.989532472	-0.1443103839	0	0	0	1
4.57	5.100209027	-0.9772596871	0	-0.1217396188	-0.9925620712	0	0.9925620712	-0.1217396188	0	0	0	1
4.58	5.100575344	-0.980202514	0	-0.09658858212	-0.9953243922	0	0.9953243922	-0.09658858212	0	0	0	1
4.59	5.100809997	-0.9821492912	0	-0.07042974284	-0.9975167424	0	0.9975167424	-0.07042974284	0	0	0	1
4.6	5.100926234	-0.9833507305	0	-0.0440880611	-0.9990276487	0	0.9990276487	-0.0440880611	0	0	0	1
4.61	5.100967337	-0.9840792542	0	-0.01800667287	-0.9998378667	0	0.9998378667	-0.01800667287	0	0	0	1
4.62	5.100990498	-0.9845771904	0	0.007773333506	-0.9999697872	0	0.9999697872	0.007773333506	0	0	0	1
4.63	5.101017045	-0.9850197348	0	0.0340028532	-0.9994217358	0	0.9994217358	0.0340028532	0	0	0	1
4.64	5.101055495	-0.9854520169	0	0.06048299117	-0.998169228	0	0.998169228	0.06048299117	0	0	0	1
4.65	5.101100651	-0.9858226376	0	0.0865394285	-0.9962484265	0	0.9962484265	0.0865394285	0	0	0	1
4.66	5.101145125	-0.9860866429	0	0.1118316141	-0.9937271708	0	0.9937271708	0.1118316141	0	0	0	1
4.67	5.101184718	-0.9862486876	0	0.1364357678	-0.9906489193	0	0.9906489193	0.1364357678	0	0	0	1
4.68	5.101217951	-0.9863437194	0	0.1605851203	-0.9870219953	0	0.9870219953	0.1605851203	0	0	0	1
4.69	5.101244543	-0.9864112021	0	0.1844979588	-0.9828328969	0	0.9828328969	0.1844979588	0	0	0	1
4.7	5.101264901	-0.9864865697	0	0.2083592591	-0.9780523601	0	0.9780523601	0.2083592591	0	0	0	1
4.71	5.101280063	-0.9866009612	0	0.2323524971	-0.9726316451	0	0.9726316451	0.2323524971	0	0	0	1
4.72	5.101291407	-0.9867782976	0	0.2566678145	-0.9664996808	0	0.9664996808	0.2566678145	0	0	0	1
4.73	5.101300181	-0.9870286799	0	0.2814703126	-0.9595699365	0	0.9595699365	0.2814703126	0	0	0	1
4.74	5.101307125	-0.9873437692	0	0.3068558231	-0.9517560107	0	0.9517560107	0.3068558231	0	0	0	1
4.75	5.101312344	-0.9876970163	0	0.332819062	-0.9429907062	0	0.9429907062	0.332819062	0	0	0	1
4.76	5.101315247	-0.9880490547	0	0.3592520573	-0.9332405688	0	0.9332405688	0.3592520573	0	0	0	1
4.77	5.101314708	-0.9883555929	0	0.385972379	-0.9225103374	0	0.9225103374	0.385972379	0	0	0	1
4.78	5.101309293	-0.9885751372	0	0.4127610224	-0.9108393593	0	0.9108393593	0.4127610224	0	0	0	1
4.79	5.101297493	-0.9886750276	0	0.4393928087	-0.8982950293	0	0.8982950293	0.4393928087	0	0	0	1
4.8	5.101277951	-0.9886347868	0	0.46564946	-0.8849692539	0	0.8849692539	0.46564946	0	0	0	1
4.81	5.101249556	-0.9884474555	0	0.4913208155	-0.8709786773	0	0.8709786773	0.4913208155	0	0	0	1
4.82	5.101211452	-0.9881200509	0	0.5162089013	-0.856462708	0	0.856462708	0.5162089013	0	0	0	1
4.83	5.101163012	-0.9876734252	0	0.5401404966	-0.8415748594	0	0.8415748594	0.5401404966	0	0	0	1
4.84	5.101103881	-0.9871411051	0	0.5629889639	-0.8264644133	0	0.8264644133	0.5629889639	0	0	0	1
4.85	5.101034128	-0.9865664679	0	0.5846985851	-0.8112506176	0	0.8112506176	0.5846985851	0	0	0	1
4.86	5.100954484	-0.9859978922	0	0.6053043881	-0.7959940941	0	0.7959940941	0.6053043881	0	0	0	1
4.87	5.100866577	-0.9854824034	0	0.6249381266	-0.7806742841	0	0.7806742841	0.6249381266	0	0	0	1
4.88	5.10077303	-0.9850582716	0	0.6438099458	-0.7651854374	0	0.7651854374	0.6438099458	0	0	0	1
4.89	5.10067725	-0.9847471505	0	0.662163823	-0.7493591072	0	0.7493591072	0.662163823	0	0	0	1
4.9	5.100582871	-0.9845465951	0	0.6802204716	-0.7330075784	0	0.7330075784	0.6802204716	0	0	0	1
4.91	5.100493258	-0.9844259853	0	0.6981296693	-0.7159713436	0	0.7159713436	0.6981296693	0	0	0	1
4.92	5.100411204	-0.9843264762	0	0.7159390969	-0.6981627385	0	0.6981627385	0.7159390969	0	0	0	1
4.93	5.10033912	-0.9841664861	0	0.7335794302	-0.6796037225	0	0.6796037225	0.7335794302	0	0	0	1
4.94	5.100279664	-0.9838519985	0	0.7508686266	-0.6604515922	0	0.6604515922	0.7508686266	0	0	0	1
4.95	5.10023674	-0.983290134	0	0.767531237	-0.6410115446	0	0.6410115446	0.767531237	0	0	0	1
4.96	5.100217207	-0.9824044109	0	0.7832297806	-0.6217323465	0	0.6217323465	0.7832297806	0	0	0	1
4.97	5.100234458	-0.9811497257	0	0.7976028027	-0.6031830312	0	0.6031830312	0.7976028027	0	0	0	1
4.98	5.100318757	-0.9795241764	0	0.8102983563	-0.5860175542	0	0.5860175542	0.8102983563	0	0	0	1
4.99	5.1005681	-0.9775769652	0	0.8209415943	-0.5710121704	0	0.5710121704	0.8209415943	0	0	0	1
5	5.10197091	-0.9754794546	0	0.8278681911	-0.5609226846	0	0.5609226846	0.8278681911	0	0	0	1
5.01	5.105572126	-0.9736653486	0	0.8304761189	-0.5570542308	0	0.5570542308	0.8304761189	0	0	0	1
5.02	5.110552711	-0.9721934688	0	0.8308311623	-0.5565245545	0	0.5565245545	0.8308311623	0	0	0	1
5.03	5.116282724	-0.9709611921	0	0.8299289427	-0.5578691155	0	0.5578691155	0.8299289427	0	0	0	1
5.04	5.122362513	-0.9698807244	0	0.8282472081	-0.5603628844	0	0.5603628844	0.8282472081	0	0	0	1
5.05	5.128454236	-0.968889622	0	0.8262992861	-0.5632312933	0	0.5632312933	0.8262992861	0	0	0	1
5.06	5.134304458	-0.9679609067	0	0.824642227	-0.5656546628	0	0.5656546628	0.824642227	0	0	0	1
5.07	5.139766044	-0.9671013375	0	0.8237519809	-0.5669503275	0	0.5669503275	0.8237519809	0	0	0	1
5.08	5.14473618	-0.9663719593	0	0.8242302061	-0.5662548607	0	0.5662548607	0.8242302061	0	0	0	1
5.09	5.149571576	-0.9658705709	0	0.8258813417	-0.5638439584	0	0.5638439584	0.8258813417	0	0	0	1
5.1	5.155956126	-0.9650060252	0	0.8250628969	-0.5650408978	0	0.5650408978	0.8250628969	0	0	0	1
5.11	5.163625666	-0.9634490001	0	0.8245535902	-0.5657838606	0	0.5657838606	0.8245535902	0	0	0	1
5.12	5.172715122	-0.9610842348	0	0.8249112024	-0.5652623357	0	0.5652623357	0.8249112024	0	0	0	1
5.13	5.184055037	-0.9581541701	0	0.8247098334	-0.5655560897	0	0.5655560897	0.8247098334	0	0	0	1
5.14	5.198749343	-0.9549441517	0	0.8220715802	-0.5693841559	0	0.5693841559	0.8220715802	0	0	0	1
5.15	5.217147906	-0.9521591672	0	0.8152866202	-0.5790576197	0	0.5790576197	0.8152866202	0	0	0	1
5.16	5.238695192	-0.9498166776	0	0.8041195851	-0.5944675709	0	0.5944675709	0.8041195851	0	0	0	1
5.17	5.262163348	-0.9472712405	0	0.7901763801	-0.6128795055	0	0.6128795055	0.7901763801	0	0	0	1
5.18	5.286253315	-0.9439399723	0	0.7755628758	-0.6312703269	0	0.6312703269	0.7755628758	0	0	0	1
5.19	5.310063241	-0.9397458586	0	0.7616127808	-0.6480323851	0	0.6480323851	0.7616127808	0	0	0	1
5.2	5.3332252	-0.9350731314	0	0.7485379421	-0.6630919613	0	0.6630919613	0.7485379421	0	0	0	1
5.21	5.355794576	-0.9304955997	0	0.7357764795	-0.6772244622	0	0.6772244622	0.7357764795	0	0	0	1
5.22	5.37811744	-0.9264703188	0	0.7223129483	-0.6915663415	0	0.6915663415	0.7223129483	0	0	0	1
5.23	5.400600046	-0.9230725591	0	0.7072137188	-0.7069998274	0	0.7069998274	0.7072137188	0	0	0	1
5.24	5.423530689	-0.9201326452	0	0.6901115221	-0.7237030379	0	0.7237030379	0.6901115221	0	0	0	1
5.25	5.447138779	-0.9175148517	0	0.6706954022	-0.7417328882	0	0.7417328882	0.6706954022	0	0	0	1
5.26	5.471592225	-0.915182732	0	0.6484420748	-0.7612639986	0	0.7612639986	0.6484420748	0	0	0	1
5.27	5.496924226	-0.9130976397	0	0.6228641042	-0.7823300504	0	0.7823300504	0.6228641042	0	0	0	1
5.28	5.522985357	-0.911141625	0	0.5938394427	-0.804583567	0	0.804583567	0.5938394427	0	0	0	1
5.29	5.54947378	-0.9091342822	0	0.5616869762	-0.8273498297	0	0.8273498297	0.5616869762	0	0	0	1
5.3	5.576036945	-0.9069015315	0	0.5269494558	-0.8498966237	0	0.8498966237	0.5269494558	0	0	0	1
5.31	5.602386748	-0.904329692	0	0.4900716589	-0.8716821491	0	0.8716821491	0.4900716589	0	0	0	1
5.32	5.628379185	-0.9013773435	0	0.4511678354	-0.8924391208	0	0.8924391208	0.4511678354	0	0	0	1
5.33	5.654025739	-0.8980508511	0	0.4100016361	-0.9120847869	0	0.9120847869	0.4100016361	0	0	0	1
5.34	5.679445812	-0.8943687399	0	0.3661489067	-0.9305562735	0	0.9305562735	0.3661489067	0	0	0	1
5.35	5.704800472	-0.8903389613	0	0.3192122888	-0.9476832354	0	0.9476832354	0.3192122888	0	0	0	1
5.36	5.730242389	-0.8859572498	0	0.2689758092	-0.9631469327	0	0.9631469327	0.2689758092	0	0	0	1
5.37	5.755898179	-0.8812192771	0	0.215463808	-0.9765118266	0	0.9765118266	0.215463808	0	0	0	1
5.38	5.781872261	-0.8761311871	0	0.158943588	-0.9872876662	0	0.9872876662	0.158943588	0	0	0	1
5.39	5.808259632	-0.8707083041	0	0.09990516838	-0.9949969635	0	0.9949969635	0.09990516838	0	0	0	1
5.4	5.835157423	-0.86496044	0	0.03902279296	-0.9992383207	0	0.9992383207	0.03902279296	0	0	0	1
5.41	5.862670111	-0.8588719865	0	-0.0229037205	-0.9997376754	0	0.9997376754	-0.0229037205	0	0	0	1
5.42	5.890898031	-0.8523783885	0	-0.08503521493	-0.9963779465	0	0.9963779465	-0.08503521493	0	0	0	1
5.43	5.919906206	-0.8453552911	0	-0.146564607	-0.9892010999	0	0.9892010999	-0.146564607	0	0	0	1
5.44	5.949677224	-0.8376320848	0	-0.2067530288	-0.9783931649	0	0.9783931649	-0.2067530288	0	0	0	1
5.45	5.980067711	-0.8290369402	0	-0.2649419631	-0.9642643601	0	0.9642643601	-0.2649419631	0	0	0	1
5.46	6.010794369	-0.8194610169	0	-0.3205703822	-0.9472246988	0	0.9472246988	-0.3205703822	0	0	0	1
5.47	6.041455406	-0.8089128623	0	-0.373186762	-0.9277562399	0	0.9277562399	-0.373186762	0	0	0	1
5.48	6.071564486	-0.7975484578	0	-0.4223996594	-0.9064096909	0	0.9064096909	-0.4223996594	0	0	0	1
5.49	6.100588894	-0.7856867031	0	-0.4677722962	-0.8838490136	0	0.8838490136	-0.4677722962	0	0	0	1
5.5	6.127997185	-0.7738059725	0	-0.5087666118	-0.8609044864	0	0.8609044864	-0.5087666118	0	0	0	1
5.51	6.153318191	-0.7625025209	0	-0.5447983656	-0.8385670759	0	0.8385670759	-0.5447983656	0	0	0	1
5.52	6.176185572	-0.7524212719	0	-0.5753190216	-0.8179291066	0	0.8179291066	-0.5753190216	0	0	0	1
5.53	6.196358542	-0.7441863762	0	-0.5998545723	-0.8001090501	0	0.8001090501	-0.5998545723	0	0	0	1
5.54	6.213727941	-0.7383314222	0	-0.6180448949	-0.7861428038	0	0.7861428038	-0.6180448949	0	0	0	1
5.55	6.228309487	-0.7352351379	0	-0.6296918834	-0.7768449858	0	0.7768449858	-0.6296918834	0	0	0	1
5.56	6.24022643	-0.735084984	0	-0.6347799285	-0.7726929807	0	0.7726929807	-0.6347799285	0	0	0	1
5.57	6.249689296	-0.7378752563	0	-0.6334755003	-0.7737627482	0	0.7737627482	-0.6334755003	0	0	0	1
5.58	6.256975114	-0.7434364136	0	-0.6261173512	-0.7797288391	0	0.7797288391	-0.6261173512	0	0	0	1
5.59	6.262403501	-0.7514859549	0	-0.6131890478	-0.7899361946	0	0.7899361946	-0.6131890478	0	0	0	1
5.6	6.266311113	-0.7616548212	0	-0.5952638995	-0.803530267	0	0.803530267	-0.5952638995	0	0	0	1
5.61	6.269043749	-0.7734755762	0	-0.5732690519	-0.8193671912	0	0.8193671912	-0.5732690519	0	0	0	1
5.62	6.27087785	-0.786663452	0	-0.547851275	-0.836575747	0	0.836575747	-0.547851275	0	0	0	1
5.63	6.272008866	-0.8011864291	0	-0.5189306234	-0.8548163593	0	0.8548163593	-0.5189306234	0	0	0	1
5.64	6.272642728	-0.8170149912	0	-0.4864976729	-0.8736818725	0	0.8736818725	-0.4864976729	0	0	0	1
5.65	6.273045753	-0.8340274763	0	-0.4510523537	-0.8924974926	0	0.8924974926	-0.4510523537	0	0	0	1
5.66	6.273522299	-0.8520679682	0	-0.4134442797	-0.9105294216	0	0.9105294216	-0.4134442797	0	0	0	1
5.67	6.27449459	-0.8708262028	0	-0.3753951158	-0.9268648807	0	0.9268648807	-0.3753951158	0	0	0	1
5.68	6.277450789	-0.8887802823	0	-0.3401506975	-0.940370939	0	0.940370939	-0.3401506975	0	0	0	1
5.69	6.280555416	-0.9071180391	0	-0.29839459	-0.9544425958	0	0.9544425958	-0.29839459	0	0	0	1
5.7	6.283269254	-0.9249855623	0	-0.2556227558	-0.9667766064	0	0.9667766064	-0.2556227558	0	0	0	1
5.71	6.285446293	-0.9418366802	0	-0.2142877747	-0.9767705716	0	0.9767705716	-0.2142877747	0	0	0	1
5.72	6.286927538	-0.9561324083	0	-0.1797659483	-0.9837094103	0	0.9837094103	-0.1797659483	0	0	0	1
5.73	6.287178685	-0.9630083836	0	-0.1717806149	-0.9851352295	0	0.9851352295	-0.1717806149	0	0	0	1
5.74	6.287528243	-0.9690531017	0	-0.158941511	-0.9872880006	0	0.9872880006	-0.158941511	0	0	0	1
5.75	6.287982921	-0.9740926567	0	-0.1400213498	-0.9901484846	0	0.9901484846	-0.1400213498	0	0	0	1
5.76	6.288430272	-0.9779582171	0	-0.1167704176	-0.9931589347	0	0.9931589347	-0.1167704176	0	0	0	1
5.77	6.288770446	-0.9806844364	0	-0.09132290589	-0.9958213328	0	0.9958213328	-0.09132290589	0	0	0	1
5.78	6.288978848	-0.982458563	0	-0.0650830534	-0.9978798506	0	0.9978798506	-0.0650830534	0	0	0	1
5.79	6.289075096	-0.9835413452	0	-0.03876534799	-0.9992483414	0	0.9992483414	-0.03876534799	0	0	0	1
5.8	6.289108849	-0.9842024987	0	-0.0127784718	-0.999918352	0	0.999918352	-0.0127784718	0	0	0	1
5.81	6.289130694	-0.9846762576	0	0.01305185896	-0.9999148209	0	0.9999148209	0.01305185896	0	0	0	1
5.82	6.289159162	-0.9851155046	0	0.03938908748	-0.9992239488	0	0.9992239488	0.03938908748	0	0	0	1
5.83	6.28919928	-0.9855389418	0	0.06584699334	-0.9978297317	0	0.9978297317	0.06584699334	0	0	0	1
5.84	6.289244582	-0.9858887882	0	0.09177577481	-0.9957796981	0	0.9957796981	0.09177577481	0	0	0	1
5.85	6.289288149	-0.9861293249	0	0.1169310452	-0.9931400358	0	0.9931400358	0.1169310452	0	0	0	1
5.86	6.289326463	-0.9862737305	0	0.1414412397	-0.989946653	0	0.989946653	0.1414412397	0	0	0	1
5.87	6.289358371	-0.9863592637	0	0.1655428653	-0.9862025957	0	0.9862025957	0.1655428653	0	0	0	1
5.88	6.289383725	-0.9864246543	0	0.1894445295	-0.9818914249	0	0.9818914249	0.1894445295	0	0	0	1
5.89	6.289403048	-0.9865044394	0	0.2133279325	-0.9769806514	0	0.9769806514	0.2133279325	0	0	0	1
5.9	6.289417454	-0.9866287411	0	0.2373786167	-0.9714172082	0	0.9714172082	0.2373786167	0	0	0	1
5.91	6.289428314	-0.9868193264	0	0.2617852309	-0.9651261539	0	0.9651261539	0.2617852309	0	0	0	1
5.92	6.289436804	-0.9870829698	0	0.2867034761	-0.9580193718	0	0.9580193718	0.2867034761	0	0	0	1
5.93	6.289443544	-0.9874075906	0	0.3122114715	-0.9500126299	0	0.9500126299	0.3122114715	0	0	0	1
5.94	6.289448494	-0.9877635654	0	0.3382827495	-0.9410445161	0	0.9410445161	0.3382827495	0	0	0	1
5.95	6.289450938	-0.9881098865	0	0.3647917572	-0.9310891331	0	0.9310891331	0.3647917572	0	0	0	1
5.96	6.289449662	-0.9884022249	0	0.3915458119	-0.9201586152	0	0.9201586152	0.3915458119	0	0	0	1
5.97	6.289443198	-0.9886004164	0	0.4183228615	-0.9082984001	0	0.9082984001	0.4183228615	0	0	0	1
5.98	6.289430049	-0.9886738837	0	0.4448977187	-0.8955813866	0	0.8955813866	0.4448977187	0	0	0	1
5.99	6.289408891	-0.9886047154	0	0.4710529855	-0.8821049171	0	0.8821049171	0.4710529855	0	0	0	1
6	6.289378693	-0.9883886346	0	0.4965806259	-0.8679906002	0	0.8679906002	0.4965806259	0	0	0	1
6.01	6.289338615	-0.9880354277	0	0.521285102	-0.8533825885	0	0.8533825885	0.521285102	0	0	0	1
6.02	6.289288067	-0.9875686695	0	0.5450005811	-0.8384356664	0	0.8384356664	0.5450005811	0	0	0	1
6.03	6.289226766	-0.987024232	0	0.5676131573	-0.8232953927	0	0.8232953927	0.5676131573	0	0	0	1
6.04	6.289154888	-0.9864470482	0	0.5890847919	-0.808071227	0	0.808071227	0.5890847919	0	0	0	1
6.05	6.289073327	-0.9858858707	0	0.6094713057	-0.7928081278	0	0.7928081278	0.6094713057	0	0	0	1
6.06	6.288983928	-0.9853866022	0	0.6289238892	-0.7774668749	0	0.7774668749	0.6289238892	0	0	0	1
6.07	6.288889508	-0.9849847908	0	0.6476650128	-0.7619252137	0	0.7619252137	0.6476650128	0	0	0	1
6.08	6.288793579	-0.9846975991	0	0.6659385906	-0.746006564	0	0.746006564	0.6659385906	0	0	0	1
6.09	6.288699788	-0.9845170243	0	0.6839541529	-0.7295249939	0	0.7295249939	0.6839541529	0	0	0	1
6.1	6.288611392	-0.9844063173	0	0.7018426123	-0.7123320487	0	0.7123320487	0.7018426123	0	0	0	1
6.11	6.288531078	-0.9843012217	0	0.7196275079	-0.6943603171	0	0.6943603171	0.7196275079	0	0	0	1
6.12	6.288461254	-0.9841165313	0	0.737214704	-0.6756585529	0	0.6756585529	0.737214704	0	0	0	1
6.13	6.288404737	-0.9837572135	0	0.7544000647	-0.6564149163	0	0.6564149163	0.7544000647	0	0	0	1
6.14	6.288365881	-0.9831325165	0	0.7708918085	-0.6369661055	0	0.6369661055	0.7708918085	0	0	0	1
6.15	6.288352494	-0.9821713785	0	0.7863438061	-0.6177891376	0	0.6177891376	0.7863438061	0	0	0	1
6.16	6.288380243	-0.9808369921	0	0.800394412	-0.5994737569	0	0.5994737569	0.800394412	0	0	0	1
6.17	6.288486139	-0.97913769	0	0.8126949012	-0.5826894521	0	0.5826894521	0.8126949012	0	0	0	1
6.18	6.288820889	-0.9771339963	0	0.8228015012	-0.568328857	0	0.568328857	0.8228015012	0	0	0	1
6.19	6.290699256	-0.9750649534	0	0.8286753658	-0.5597295222	0	0.5597295222	0.8286753658	0	0	0	1
6.2	6.294661936	-0.9733292843	0	0.83066928	-0.5567661514	0	0.5567661514	0.83066928	0	0	0	1
6.21	6.299836871	-0.9719162156	0	0.8307129	-0.5567010668	0	0.5567010668	0.8307129	0	0	0	1
6.22	6.305667425	-0.9707224461	0	0.8296138309	-0.5583376143	0	0.5583376143	0.8296138309	0	0	0	1
6.23	6.311772446	-0.9696651462	0	0.8278350083	-0.5609716562	0	0.5609716562	0.8278350083	0	0	0	1
6.24	6.317827677	-0.9686884553	0	0.8259082388	-0.5638045592	0	0.5638045592	0.8259082388	0	0	0	1
6.25	6.323602633	-0.9677733219	0	0.8243820198	-0.56603382	0	0.56603382	0.8243820198	0	0	0	1
6.26	6.328970947	-0.9669314953	0	0.8237040406	-0.5670199762	0	0.5670199762	0.8237040406	0	0	0	1
6.27	6.333803398	-0.9662728677	0	0.8247121978	-0.565552642	0	0.565552642	0.8247121978	0	0	0	1
6.28	6.338883998	-0.9657256641	0	0.8258696283	-0.563861115	0	0.563861115	0.8258696283	0	0	0	1
6.29	6.345595218	-0.9647519166	0	0.8248618726	-0.565334318	0	0.565334318	0.8248618726	0	0	0	1
6.3	6.353520525	-0.963018272	0	0.8245992892	-0.5657172547	0	0.5657172547	0.8245992892	0	0	0	1
6.31	6.363013668	-0.9605220814	0	0.8249621798	-0.565187935	0	0.565187935	0.8249621798	0	0	0	1
6.32	6.374986503	-0.9574995412	0	0.8244012068	-0.5660058748	0	0.5660058748	0.8244012068	0	0	0	1
6.33	6.390468876	-0.9543377681	0	0.820999467	-0.5709289581	0	0.5709289581	0.820999467	0	0	0	1
6.34	6.409610588	-0.9516818748	0	0.8132340082	-0.5819368075	0	0.5819368075	0.8132340082	0	0	0	1
6.35	6.431677591	-0.9493633436	0	0.8013068985	-0.5982535035	0	0.5982535035	0.8013068985	0	0	0	1
6.36	6.455374837	-0.9466894641	0	0.7870614584	-0.6168745907	0	0.6168745907	0.7870614584	0	0	0	1
6.37	6.479457196	-0.94316424	0	0.7725235283	-0.6349861402	0	0.6349861402	0.7725235283	0	0	0	1
6.38	6.503134966	-0.9388240752	0	0.7587878798	-0.6513378182	0	0.6513378182	0.7587878798	0	0	0	1
6.39	6.526144035	-0.9341177185	0	0.7458625097	-0.6660999299	0	0.6660999299	0.7458625097	0	0	0	1
6.4	6.548610015	-0.9296225864	0	0.7330755906	-0.6801471741	0	0.6801471741	0.7330755906	0	0	0	1
6.41	6.570921006	-0.9257296099	0	0.7193500097	-0.6946477982	0	0.6946477982	0.7193500097	0	0	0	1
6.42	6.593461223	-0.9224399364	0	0.7038736637	-0.710325183	0	0.710325183	0.7038736637	0	0	0	1
6.43	6.616501749	-0.919572671	0	0.6863394961	-0.7272813047	0	0.7272813047	0.6863394961	0	0	0	1
6.44	6.640262476	-0.9170155109	0	0.6663947349	-0.7455991264	0	0.7455991264	0.6663947349	0	0	0	1
6.45	6.664888894	-0.9147409813	0	0.6434952893	-0.765450072	0	0.765450072	0.6434952893	0	0	0	1
6.46	6.69037704	-0.912696802	0	0.6172105156	-0.786798055	0	0.786798055	0.6172105156	0	0	0	1
6.47	6.71653975	-0.9107476589	0	0.5875169309	-0.8092118733	0	0.8092118733	0.5875169309	0	0	0	1
6.48	6.743054373	-0.9087083095	0	0.5548066341	-0.8319793259	0	0.8319793259	0.5548066341	0	0	0	1
6.49	6.769573876	-0.906414396	0	0.5196266651	-0.8543934275	0	0.8543934275	0.5196266651	0	0	0	1
6.5	6.795835888	-0.9037677365	0	0.4823660124	-0.8759697655	0	0.8759697655	0.4823660124	0	0	0	1
6.51	6.821731557	-0.9007398449	0	0.4430578476	-0.8964930249	0	0.8964930249	0.4430578476	0	0	0	1
6.52	6.847300923	-0.8973423471	0	0.4014080016	-0.9158993483	0	0.9158993483	0.4014080016	0	0	0	1
6.53	6.872677641	-0.8935925061	0	0.3569807732	-0.9341117318	0	0.9341117318	0.3569807732	0	0	0	1
6.54	6.898024336	-0.8894950802	0	0.3094062959	-0.9509299364	0	0.9509299364	0.3094062959	0	0	0	1
6.55	6.923489199	-0.8850445466	0	0.2585150359	-0.966007234	0	0.966007234	0.2585150359	0	0	0	1
6.56	6.94919256	-0.88023783	0	0.2043835179	-0.9788908916	0	0.9788908916	0.2043835179	0	0	0	1
6.57	6.975235033	-0.8750835197	0	0.147327907	-0.9890877048	0	0.9890877048	0.147327907	0	0	0	1
6.58	7.001710411	-0.8695972712	0	0.08787985855	-0.996131081	0	0.996131081	0.08787985855	0	0	0	1
6.59	7.028717006	-0.8637859375	0	0.02674476985	-0.9996422947	0	0.9996422947	0.02674476985	0	0	0	1
6.6	7.0563596	-0.8576258483	0	-0.03526349512	-0.9993780495	0	0.9993780495	-0.03526349512	0	0	0	1
6.61	7.084734549	-0.8510409043	0	-0.09730962744	-0.9952541567	0	0.9952541567	-0.09730962744	0	0	0	1
6.62	7.1138948	-0.8438957388	0	-0.1586009722	-0.987342763	0	0.987342763	-0.1586009722	0	0	0	1
6.63	7.143801155	-0.8360150701	0	-0.2184166954	-0.9758555975	0	0.9758555975	-0.2184166954	0	0	0	1
6.64	7.174282949	-0.8272342924	0	-0.2761185391	-0.9611235885	0	0.9611235885	-0.2761185391	0	0	0	1
6.65	7.205031368	-0.8174640432	0	-0.3311684274	-0.9435716574	0	0.9435716574	-0.3311684274	0	0	0	1
6.66	7.235624979	-0.806740011	0	-0.3831327961	-0.9236932719	0	0.9236932719	-0.3831327961	0	0	0	1
6.67	7.26556623	-0.7952489025	0	-0.4316208419	-0.9020551252	0	0.9020551252	-0.4316208419	0	0	0	1
6.68	7.294317418	-0.7833417739	0	-0.4761758467	-0.8793500799	0	0.8793500799	-0.4761758467	0	0	0	1
6.69	7.321354629	-0.7715243743	0	-0.5162430422	-0.8564421296	0	0.8564421296	-0.5162430422	0	0	0	1
6.7	7.346223888	-0.7604082867	0	-0.5512382472	-0.834347886	0	0.834347886	-0.5512382472	0	0	0	1
6.71	7.368582098	-0.7506396705	0	-0.58062486	-0.8141712178	0	0.8141712178	-0.58062486	0	0	0	1
6.72	7.388214028	-0.7428304637	0	-0.6039472697	-0.7970242753	0	0.7970242753	-0.6039472697	0	0	0	1
6.73	7.405035379	-0.7374889638	0	-0.6208722598	-0.7839117533	0	0.7839117533	-0.6208722598	0	0	0	1
6.74	7.419084202	-0.7349585795	0	-0.6312362407	-0.7755906191	0	0.7755906191	-0.6312362407	0	0	0	1
6.75	7.430502211	-0.7353883339	0	-0.635059254	-0.7724634256	0	0.7724634256	-0.635059254	0	0	0	1
6.76	7.43951438	-0.7387376424	0	-0.6325417435	-0.7745262699	0	0.7745262699	-0.6325417435	0	0	0	1
6.77	7.446407785	-0.74481071	0	-0.6240531668	-0.7813818817	0	0.7813818817	-0.6240531668	0	0	0	1
6.78	7.451507372	-0.7533085751	0	-0.6100968096	-0.7923268788	0	0.7923268788	-0.6100968096	0	0	0	1
6.79	7.455152529	-0.7638393526	0	-0.5912882721	-0.8064602776	0	0.8064602776	-0.5912882721	0	0	0	1
6.8	7.457683702	-0.7759417022	0	-0.5685964067	-0.8226166338	0	0.8226166338	-0.5685964067	0	0	0	1
6.81	7.459357371	-0.7893928509	0	-0.5425020691	-0.8400544655	0	0.8400544655	-0.5425020691	0	0	0	1
6.82	7.460363889	-0.8041795757	0	-0.5128708578	-0.8584657729	0	0.8584657729	-0.5128708578	0	0	0	1
6.83	7.46092002	-0.8202544891	0	-0.4797832526	-0.8773870472	0	0.8773870472	-0.4797832526	0	0	0	1
6.84	7.461303399	-0.8374825996	0	-0.443831532	-0.896110245	0	0.896110245	-0.443831532	0	0	0	1
6.85	7.461820088	-0.8557102561	0	-0.4058973527	-0.913918672	0	0.913918672	-0.4058973527	0	0	0	1
6.86	7.463195115	-0.8742907749	0	-0.3691383244	-0.9293744657	0	0.9293744657	-0.3691383244	0	0	0	1
6.87	7.466228201	-0.8923604156	0	-0.3323173422	-0.9431676331	0	0.9431676331	-0.3323173422	0	0	0	1
6.88	7.46928913	-0.9106790281	0	-0.2899536206	-0.9570406982	0	0.9570406982	-0.2899536206	0	0	0	1
6.89	7.471897207	-0.9283701188	0	-0.247410397	-0.9689107779	0	0.9689107779	-0.247410397	0	0	0	1
6.9	7.473977545	-0.9450055193	0	-0.2063093763	-0.978486812	0	0.978486812	-0.2063093763	0	0	0	1
6.91	7.475150823	-0.9576530512	0	-0.1779017598	-0.9840482528	0	0.9840482528	-0.1779017598	0	0	0	1
6.92	7.475397111	-0.9642547787	0	-0.1697649248	-0.9854845865	0	0.9854845865	-0.1697649248	0	0	0	1
6.93	7.475772692	-0.970128136	0	-0.1556706241	-0.9878090184	0	0.9878090184	-0.1556706241	0	0	0	1
6.94	7.476236236	-0.9749452376	0	-0.1357254874	-0.9907464822	0	0.9907464822	-0.1357254874	0	0	0	1
6.95	7.476667963	-0.9785794689	0	-0.1118924456	-0.9937203231	0	0.9937203231	-0.1118924456	0	0	0	1
6.96	7.476982266	-0.98110166	0	-0.08620491483	-0.9962774276	0	0.9962774276	-0.08620491483	0	0	0	1
6.97	7.477166183	-0.9827186846	0	-0.05990861719	-0.9982038657	0	0.9982038657	-0.05990861719	0	0	0	1
6.98	7.477245113	-0.9836983136	0	-0.03362703073	-0.9994344515	0	0.9994344515	-0.03362703073	0	0	0	1
6.99	7.47727405	-0.9843054773	0	-0.007729129966	-0.9999701298	0	0.9999701298	-0.007729129966	0	0	0	1
7	7.477295805	-0.9847639649	0	0.01818159624	-0.9998347011	0	0.9998347011	0.01818159624	0	0	0	1
7.01	7.477326623	-0.9852023648	0	0.04459800521	-0.999005014	0	0.999005014	0.04459800521	0	0	0	1
7.02	7.477368329	-0.9856161092	0	0.07099721968	-0.9974765134	0	0.9974765134	0.07099721968	0	0	0	1
7.03	7.47741368	-0.9859455649	0	0.0967812388	-0.9953056776	0	0.9953056776	0.0967812388	0	0	0	1
7.04	7.477456355	-0.9861649602	0	0.1217965574	-0.9925550859	0	0.9925550859	0.1217965574	0	0	0	1
7.05	7.477493448	-0.9862946326	0	0.1462117939	-0.98925331	0	0.98925331	0.1462117939	0	0	0	1
7.06	7.477524064	-0.9863732952	0	0.1702627982	-0.9853986907	0	0.9853986907	0.1702627982	0	0	0	1
7.07	7.477548188	-0.9864388648	0	0.1941500545	-0.9809718428	0	0.9809718428	0.1941500545	0	0	0	1
7.08	7.477566466	-0.9865250307	0	0.2180537708	-0.9759367567	0	0.9759367567	0.2180537708	0	0	0	1
7.09	7.477580097	-0.9866607799	0	0.2421616271	-0.970235923	0	0.970235923	0.2421616271	0	0	0	1
7.1	7.477590446	-0.9868654748	0	0.2666595462	-0.9637907897	0	0.9637907897	0.2666595462	0	0	0	1
7.11	7.477598595	-0.9871423859	0	0.2916914742	-0.9565124588	0	0.9565124588	0.2916914742	0	0	0	1
7.12	7.477605036	-0.9874757438	0	0.317316396	-0.9483197271	0	0.9483197271	0.317316396	0	0	0	1
7.13	7.477609588	-0.9878331206	0	0.3434870282	-0.939157421	0	0.939157421	0.3434870282	0	0	0	1
7.14	7.477611423	-0.9881722562	0	0.3700620399	-0.9290070433	0	0.9290070433	0.3700620399	0	0	0	1
7.15	7.477609269	-0.9884489978	0	0.3968397385	-0.9178879136	0	0.9178879136	0.3968397385	0	0	0	1
7.16	7.477601628	-0.9886247195	0	0.4235958534	-0.9058512864	0	0.9058512864	0.4235958534	0	0	0	1
7.17	7.477587024	-0.9886711697	0	0.4501063749	-0.8929749443	0	0.8929749443	0.4501063749	0	0	0	1
7.18	7.477564196	-0.9885730291	0	0.47615578	-0.8793609459	0	0.8793609459	0.47615578	0	0	0	1
7.19	7.477532127	-0.9883287561	0	0.5015369313	-0.8651362358	0	0.8651362358	0.5015369313	0	0	0	1
7.2	7.477490036	-0.987950916	0	0.5260589141	-0.8504481283	0	0.8504481283	0.5260589141	0	0	0	1
7.21	7.477437387	-0.9874656721	0	0.5495641489	-0.8354515224	0	0.8354515224	0.5495641489	0	0	0	1
7.22	7.47737397	-0.9869109997	0	0.5719518545	-0.8202871912	0	0.8202871912	0.5719518545	0	0	0	1
7.23	7.477300081	-0.986333051	0	0.5932014484	-0.8050540613	0	0.8050540613	0.5932014484	0	0	0	1
7.24	7.477216783	-0.9857806066	0	0.6133882077	-0.7897815563	0	0.7897815563	0.6133882077	0	0	0	1
7.25	7.477126119	-0.9852981699	0	0.6326803985	-0.7744130121	0	0.7744130121	0.6326803985	0	0	0	1
7.26	7.4770311	-0.9849183675	0	0.651309126	-0.7588125081	0	0.7588125081	0.651309126	0	0	0	1
7.27	7.476935282	-0.9846537573	0	0.6695167144	-0.7427969905	0	0.7427969905	0.6695167144	0	0	0	1
7.28	7.476842287	-0.9844908367	0	0.6874998172	-0.7261845505	0	0.7261845505	0.6874998172	0	0	0	1
7.29	7.476755264	-0.9843871378	0	0.7053697223	-0.7088395833	0	0.7088395833	0.7053697223	0	0	0	1
7.3	7.476676803	-0.9842735313	0	0.7231267843	-0.6907153204	0	0.6907153204	0.7231267843	0	0	0	1
7.31	7.47660932	-0.9840618705	0	0.7406538352	-0.6718868181	0	0.6718868181	0.7406538352	0	0	0	1
7.32	7.476555838	-0.9836568164	0	0.7577273161	-0.6525713098	0	0.6525713098	0.7577273161	0	0	0	1
7.33	7.476521205	-0.982970284	0	0.7740418417	-0.6331344465	0	0.6331344465	0.7740418417	0	0	0	1
7.34	7.476514287	-0.9819369177	0	0.7892448953	-0.6140785741	0	0.6140785741	0.7892448953	0	0	0	1
7.35	7.476553385	-0.9805280558	0	0.8029763517	-0.596010888	0	0.596010888	0.8029763517	0	0	0	1
7.36	7.476683915	-0.9787619369	0	0.8148889875	-0.5796170616	0	0.5796170616	0.8148889875	0	0	0	1
7.37	7.477162789	-0.9767115469	0	0.8243750261	-0.5660440057	0	0.5660440057	0.8243750261	0	0	0	1
7.38	7.479507117	-0.9746908723	0	0.829297245	-0.5588077303	0	0.5588077303	0.829297245	0	0	0	1
7.39	7.483772489	-0.9730270348	0	0.8307928234	-0.5565817861	0	0.5565817861	0.8307928234	0	0	0	1
7.4	7.489111675	-0.9716651157	0	0.8305691648	-0.5569154895	0	0.5569154895	0.8305691648	0	0	0	1
7.41	7.495024949	-0.9705042932	0	0.8292983848	-0.5588060388	0	0.5588060388	0.8292983848	0	0	0	1
7.42	7.501143098	-0.9694663515	0	0.8274460865	-0.5615451664	0	0.5615451664	0.8274460865	0	0	0	1
7.43	7.507157306	-0.9685022201	0	0.825557584	-0.5643178852	0	0.5643178852	0.825557584	0	0	0	1
7.44	7.512858498	-0.9676000772	0	0.8241690795	-0.5663438253	0	0.5663438253	0.8241690795	0	0	0	1
7.45	7.518138596	-0.9667756598	0	0.8237007738	-0.5670247219	0	0.5670247219	0.8237007738	0	0	0	1
7.46	7.522865688	-0.9661868019	0	0.8251698432	-0.5648847049	0	0.5648847049	0.8251698432	0	0	0	1
7.47	7.528246379	-0.9655722681	0	0.8257425904	-0.5640471385	0	0.5640471385	0.8257425904	0	0	0	1
7.48	7.535232398	-0.9644782163	0	0.8247096923	-0.5655562956	0	0.5655562956	0.8247096923	0	0	0	1
7.49	7.543413251	-0.9625772058	0	0.8246647207	-0.5656218688	0	0.5656218688	0.8246647207	0	0	0	1
7.5	7.553312416	-0.9599657423	0	0.8249779285	-0.5651649471	0	0.5651649471	0.8249779285	0	0	0	1
7.51	7.565923664	-0.9568612323	0	0.8240071293	-0.5665794304	0	0.5665794304	0.8240071293	0	0	0	1
7.52	7.582148647	-0.9537697605	0	0.819824639	-0.5726146709	0	0.5726146709	0.819824639	0	0	0	1
7.53	7.601955661	-0.9512224676	0	0.8111486625	-0.5848400185	0	0.5848400185	0.8111486625	0	0	0	1
7.54	7.624455742	-0.948892351	0	0.7985870607	-0.6018793123	0	0.6018793123	0.7985870607	0	0	0	1
7.55	7.648317119	-0.94607403	0	0.7841424211	-0.620580908	0	0.620580908	0.7841424211	0	0	0	1
7.56	7.672363336	-0.9423676511	0	0.7697157437	-0.6383867745	0	0.6383867745	0.7697157437	0	0	0	1
7.57	7.695912651	-0.9379104978	0	0.7561715033	-0.6543734848	0	0.6543734848	0.7561715033	0	0	0	1
7.58	7.718791881	-0.9331997942	0	0.7433449642	-0.6689082629	0	0.6689082629	0.7433449642	0	0	0	1
7.59	7.741188008	-0.9288038811	0	0.7304700846	-0.6829446943	0	0.6829446943	0.7304700846	0	0	0	1
7.6	7.763515107	-0.9250397158	0	0.716444703	-0.6976438831	0	0.6976438831	0.716444703	0	0	0	1
7.61	7.786131885	-0.9218474523	0	0.7005839165	-0.7135700218	0	0.7135700218	0.7005839165	0	0	0	1
7.62	7.809295952	-0.9190462629	0	0.6826123129	-0.7307806991	0	0.7307806991	0.6826123129	0	0	0	1
7.63	7.8332173	-0.9165463771	0	0.6621312741	-0.7493878674	0	0.7493878674	0.6621312741	0	0	0	1
7.64	7.858017378	-0.9143241746	0	0.6385894006	-0.7695476447	0	0.7695476447	0.6385894006	0	0	0	1
7.65	7.8836561	-0.9123123029	0	0.6116209042	-0.7911509777	0	0.7911509777	0.6116209042	0	0	0	1
7.66	7.909913005	-0.9103606924	0	0.5812945803	-0.8136931921	0	0.8136931921	0.5812945803	0	0	0	1
7.67	7.93645098	-0.9082827782	0	0.5480589894	-0.8364396835	0	0.8364396835	0.5480589894	0	0	0	1
7.68	7.962931565	-0.9059249251	0	0.5124539664	-0.8587146979	0	0.8587146979	0.5124539664	0	0	0	1
7.69	7.989120006	-0.9032039534	0	0.4748061316	-0.8800904144	0	0.8800904144	0.4748061316	0	0	0	1
7.7	8.014939556	-0.9001022183	0	0.4350746905	-0.9003943656	0	0.9003943656	0.4350746905	0	0	0	1
7.71	8.040454106	-0.896634846	0	0.392920111	-0.9195726107	0	0.9195726107	0.392920111	0	0	0	1
7.72	8.065808269	-0.8928174029	0	0.3479035511	-0.9375303297	0	0.9375303297	0.3479035511	0	0	0	1
7.73	8.091164129	-0.8886517977	0	0.2996876657	-0.9540373698	0	0.9540373698	0.2996876657	0	0	0	1
7.74	8.116664334	-0.8841318047	0	0.2481504849	-0.968721496	0	0.968721496	0.2481504849	0	0	0	1
7.75	8.142424475	-0.8792563741	0	0.1934169762	-0.9811166461	0	0.9811166461	0.1934169762	0	0	0	1
7.76	8.16854246	-0.8740361921	0	0.1358482745	-0.9907296535	0	0.9907296535	0.1358482745	0	0	0	1
7.77	8.195112091	-0.8684867104	0	0.07601432214	-0.9971067259	0	0.9971067259	0.07601432214	0	0	0	1
7.78	8.222233121	-0.8626108133	0	0.01464840413	-0.9998927064	0	0.9998927064	0.01464840413	0	0	0	1
7.79	8.250010443	-0.8563759637	0	-0.04742542603	-0.9988747814	0	0.9988747814	-0.04742542603	0	0	0	1
7.8	8.278535324	-0.849694402	0	-0.1093766831	-0.9940003728	0	0.9940003728	-0.1093766831	0	0	0	1
7.81	8.307846703	-0.8424203994	0	-0.1704265804	-0.9853703774	0	0.9853703774	-0.1704265804	0	0	0	1
7.82	8.33788227	-0.8343759963	0	-0.2298704787	-0.9732212303	0	0.9732212303	-0.2298704787	0	0	0	1
7.83	8.368443517	-0.8254062823	0	-0.2870874787	-0.9579043687	0	0.9579043687	-0.2870874787	0	0	0	1
7.84	8.399196951	-0.8154433236	0	-0.3415610631	-0.9398595853	0	0.9398595853	-0.3415610631	0	0	0	1
7.85	8.429703732	-0.8045506135	0	-0.3928748861	-0.9195919333	0	0.9195919333	-0.3928748861	0	0	0	1
7.86	8.459455365	-0.7929459474	0	-0.4406336724	-0.8976870093	0	0.8976870093	-0.4406336724	0	0	0	1
7.87	8.487912702	-0.7810123745	0	-0.4843593681	-0.8748691345	0	0.8748691345	-0.4843593681	0	0	0	1
7.88	8.514560158	-0.769281818	0	-0.523481652	-0.8520369476	0	0.8520369476	-0.523481652	0	0	0	1
7.89	8.538963701	-0.7583776487	0	-0.5574236325	-0.830228218	0	0.830228218	-0.5574236325	0	0	0	1
7.9	8.560804046	-0.7489445846	0	-0.5856623444	-0.8105551297	0	0.8105551297	-0.5856623444	0	0	0	1
7.91	8.579891456	-0.741580134	0	-0.6077609403	-0.7941200409	0	0.7941200409	-0.6077609403	0	0	0	1
7.92	8.596166473	-0.7367646728	0	-0.6234159468	-0.7818903742	0	0.7818903742	-0.6234159468	0	0	0	1
7.93	8.609688832	-0.7348049469	0	-0.6324993488	-0.7745608909	0	0.7745608909	-0.6324993488	0	0	0	1
7.94	8.620618053	-0.7358117223	0	-0.6350668015	-0.7724572206	0	0.7724572206	-0.6350668015	0	0	0	1
7.95	8.62919299	-0.7397106691	0	-0.6313530097	-0.7754955687	0	0.7754955687	-0.6313530097	0	0	0	1
7.96	8.635710068	-0.7462817519	0	-0.6217575831	-0.783209747	0	0.783209747	-0.6217575831	0	0	0	1
7.97	8.640498092	-0.7552106485	0	-0.6067987683	-0.7948554931	0	0.7948554931	-0.6067987683	0	0	0	1
7.98	8.643899666	-0.7660810573	0	-0.587154733	-0.8094747182	0	0.8094747182	-0.587154733	0	0	0	1
7.99	8.64624539	-0.7784535617	0	-0.5637913453	-0.8259172592	0	0.8259172592	-0.5637913453	0	0	0	1
8	8.64777278	-0.7921648006	0	-0.5370212197	-0.8435687343	0	0.8435687343	-0.5370212197	0	0	0	1
8.01	8.648670667	-0.8072098215	0	-0.5066925768	-0.8621268077	0	0.8621268077	-0.5066925768	0	0	0	1
8.02	8.649167897	-0.8235219855	0	-0.4729858182	-0.8810700402	0	0.8810700402	-0.4729858182	0	0	0	1
8.03	8.649551209	-0.8409564766	0	-0.4365734908	-0.8996685985	0	0.8996685985	-0.4365734908	0	0	0	1
8.04	8.650126244	-0.8593641679	0	-0.3983581312	-0.9172299599	0	0.9172299599	-0.3983581312	0	0	0	1
8.05	8.651923342	-0.8777765231	0	-0.3625846449	-0.9319508438	0	0.9319508438	-0.3625846449	0	0	0	1
8.06	8.655005538	-0.8959332834	0	-0.324312646	-0.9459499499	0	0.9459499499	-0.324312646	0	0	0	1
8.07	8.658003245	-0.9141938376	0	-0.2815735076	-0.9595396604	0	0.9595396604	-0.2815735076	0	0	0	1
8.08	8.66050443	-0.9316945698	0	-0.2393133426	-0.9709423897	0	0.9709423897	-0.2393133426	0	0	0	1
8.09	8.662492816	-0.9481146475	0	-0.1983966365	-0.9801218162	0	0.9801218162	-0.1983966365	0	0	0	1
8.1	8.663358827	-0.9590107936	0	-0.1765377854	-0.9842938638	0	0.9842938638	-0.1765377854	0	0	0	1
8.11	8.663623132	-0.965467324	0	-0.1675266013	-0.9858675559	0	0.9858675559	-0.1675266013	0	0	0	1
8.12	8.664022695	-0.9711551747	0	-0.1522014661	-0.9883494897	0	0.9883494897	-0.1522014661	0	0	0	1
8.13	8.664490092	-0.9757457026	0	-0.1313192793	-0.9913401267	0	0.9913401267	-0.1313192793	0	0	0	1
8.14	8.664903023	-0.979152328	0	-0.1069882029	-0.9942602901	0	0.9942602901	-0.1069882029	0	0	0	1
8.15	8.665191346	-0.9814793107	0	-0.08110948769	-0.9967051976	0	0.9967051976	-0.08110948769	0	0	0	1
8.16	8.665351979	-0.9829504016	0	-0.05478004503	-0.998498446	0	0.998498446	-0.05478004503	0	0	0	1
8.17	8.665415878	-0.9838377906	0	-0.02854882849	-0.9995923991	0	0.9995923991	-0.02854882849	0	0	0	1
8.18	8.665441713	-0.9844002397	0	-0.002722228855	-0.9999962947	0	0.9999962947	-0.002722228855	0	0	0	1
8.19	8.665464237	-0.984848944	0	0.02328858219	-0.9997287842	0	0.9997287842	0.02328858219	0	0	0	1
8.2	8.665497494	-0.985286273	0	0.04975841626	-0.9987612828	0	0.9987612828	0.04975841626	0	0	0	1
8.21	8.665540536	-0.9856880357	0	0.07607276083	-0.9971022691	0	0.9971022691	0.07607276083	0	0	0	1
8.22	8.665585747	-0.9859963981	0	0.1017047695	-0.9948146259	0	0.9948146259	0.1017047695	0	0	0	1
8.23	8.665627473	-0.9861957808	0	0.1265848026	-0.9919557892	0	0.9919557892	0.1265848026	0	0	0	1
8.24	8.665663342	-0.9863124214	0	0.1509109946	-0.9885473543	0	0.9885473543	0.1509109946	0	0	0	1
8.25	8.665692681	-0.9863857644	0	0.1749151296	-0.9845835147	0	0.9845835147	0.1749151296	0	0	0	1
8.26	8.665715604	-0.9864528818	0	0.1987909261	-0.9800419214	0	0.9800419214	0.1987909261	0	0	0	1
8.27	8.665732882	-0.9865466641	0	0.2227185422	-0.9748827883	0	0.9748827883	0.2227185422	0	0	0	1
8.28	8.665745779	-0.9866947662	0	0.2468875151	-0.969044145	0	0.969044145	0.2468875151	0	0	0	1
8.29	8.66575564	-0.9869138702	0	0.2714792535	-0.9624442918	0	0.9624442918	0.2714792535	0	0	0	1
8.3	8.665763445	-0.9872036163	0	0.2966241497	-0.9549943004	0	0.9549943004	0.2966241497	0	0	0	1
8.31	8.665769564	-0.987544649	0	0.3223613289	-0.9466166984	0	0.9466166984	0.3223613289	0	0	0	1
8.32	8.665773677	-0.9879020064	0	0.3486232623	-0.9372629412	0	0.9372629412	0.3486232623	0	0	0	1
8.33	8.665774853	-0.9882324392	0	0.3752539154	-0.9269220566	0	0.9269220566	0.3752539154	0	0	0	1
8.34	8.665771758	-0.9884923611	0	0.4020445986	-0.9156200854	0	0.9156200854	0.4020445986	0	0	0	1
8.35	8.66576288	-0.9886448484	0	0.4287698401	-0.9034137614	0	0.9034137614	0.4287698401	0	0	0	1
8.36	8.665746768	-0.9886640253	0	0.4552068891	-0.8903856963	0	0.8903856963	0.4552068891	0	0	0	1
8.37	8.66572222	-0.9885372136	0	0.4811420569	-0.8766426416	0	0.8766426416	0.4811420569	0	0	0	1
8.38	8.665688259	-0.9882655947	0	0.5063702196	-0.8623161837	0	0.8623161837	0.5063702196	0	0	0	1
8.39	8.665644153	-0.9878644388	0	0.5307054011	-0.8475563564	0	0.8475563564	0.5307054011	0	0	0	1
8.4	8.665589419	-0.9873623924	0	0.5539990547	-0.8325172956	0	0.8325172956	0.5539990547	0	0	0	1
8.41	8.665523926	-0.9867993706	0	0.5761641977	-0.8173339693	0	0.8173339693	0.5761641977	0	0	0	1
8.42	8.665448096	-0.9862225378	0	0.5971980624	-0.8020938064	0	0.8020938064	0.5971980624	0	0	0	1
8.43	8.665363169	-0.985680418	0	0.6171950515	-0.7868101857	0	0.7868101857	0.6171950515	0	0	0	1
8.44	8.665271405	-0.9852158917	0	0.6363388235	-0.7714096847	0	0.7714096847	0.6363388235	0	0	0	1
8.45	8.665175922	-0.9848581404	0	0.6548677786	-0.75574347	0	0.75574347	0.6548677786	0	0	0	1
8.46	8.665080373	-0.9846151851	0	0.6730183466	-0.7396257872	0	0.7396257872	0.6730183466	0	0	0	1
8.47	8.664988304	-0.984467933	0	0.6909737962	-0.7228798054	0	0.7228798054	0.6909737962	0	0	0	1
8.48	8.66490275	-0.9843684231	0	0.7088251768	-0.7053841994	0	0.7053841994	0.7088251768	0	0	0	1
8.49	8.664826218	-0.9842430818	0	0.726550095	-0.6871134982	0	0.6871134982	0.726550095	0	0	0	1
8.5	8.664761181	-0.9840013573	0	0.7440094843	-0.6681690559	0	0.6681690559	0.7440094843	0	0	0	1
8.51	8.664710903	-0.9835480999	0	0.760961577	-0.6487969469	0	0.6487969469	0.760961577	0	0	0	1
8.52	8.664680778	-0.9827984084	0	0.7770887311	-0.629391058	0	0.629391058	0.7770887311	0	0	0	1
8.53	8.664680923	-0.9816930579	0	0.7920341131	-0.6104768331	0	0.6104768331	0.7920341131	0	0	0	1
8.54	8.664732709	-0.9802118928	0	0.8054393713	-0.5926781751	0	0.5926781751	0.8054393713	0	0	0	1
8.55	8.664892616	-0.9783829141	0	0.8169571387	-0.5766983904	0	0.5766983904	0.8169571387	0	0	0	1
8.56	8.665591024	-0.9762988662	0	0.8257122557	-0.5640915447	0	0.5640915447	0.8257122557	0	0	0	1
8.57	8.668378649	-0.974339427	0	0.8297808765	-0.558089327	0	0.558089327	0.8297808765	0	0	0	1
8.58	8.672906335	-0.9727426574	0	0.8308533666	-0.5564914044	0	0.5564914044	0.8308533666	0	0	0	1
8.59	8.678388112	-0.9714269411	0	0.8303902994	-0.5571821522	0	0.5571821522	0.8303902994	0	0	0	1
8.6	8.68436798	-0.9702953417	0	0.8289684643	-0.559295347	0	0.559295347	0.8289684643	0	0	0	1
8.61	8.690486955	-0.9692744476	0	0.8270651683	-0.5621060463	0	0.5621060463	0.8270651683	0	0	0	1
8.62	8.69645302	-0.9683221869	0	0.8252344321	-0.5647903434	0	0.5647903434	0.8252344321	0	0	0	1
8.63	8.702077903	-0.9674333845	0	0.8239962471	-0.5665952566	0	0.5665952566	0.8239962471	0	0	0	1
8.64	8.707268829	-0.9666278918	0	0.8237554579	-0.5669452756	0	0.5669452756	0.8237554579	0	0	0	1
8.65	8.71194483	-0.9660970551	0	0.8255374803	-0.5643472943	0	0.5643472943	0.8255374803	0	0	0	1
8.66	8.717654701	-0.9654073734	0	0.8255447576	-0.5643366489	0	0.5643366489	0.8255447576	0	0	0	1
8.67	8.724879426	-0.9641769673	0	0.824611667	-0.5656992122	0	0.5656992122	0.824611667	0	0	0	1
8.68	8.733332843	-0.9621171738	0	0.824745084	-0.565504683	0	0.565504683	0.824745084	0	0	0	1
8.69	8.743662117	-0.9594015759	0	0.8249540616	-0.5651997844	0	0.5651997844	0.8249540616	0	0	0	1
8.7	8.756935762	-0.9562346029	0	0.8235045053	-0.56730973	0	0.56730973	0.8235045053	0	0	0	1
8.71	8.773885234	-0.9532335123	0	0.8185042284	-0.5745005032	0	0.5745005032	0.8185042284	0	0	0	1
8.72	8.794306549	-0.9507771036	0	0.8089643008	-0.5878577719	0	0.5878577719	0.8089643008	0	0	0	1
8.73	8.817177037	-0.9484058279	0	0.7958638548	-0.6054756185	0	0.6054756185	0.7958638548	0	0	0	1
8.74	8.841152782	-0.9454298716	0	0.7813001831	-0.6241554485	0	0.6241554485	0.7813001831	0	0	0	1
8.75	8.865138054	-0.9415520932	0	0.7670145548	-0.6416297007	0	0.6416297007	0.7670145548	0	0	0	1
8.76	8.888556563	-0.937000524	0	0.7536485609	-0.6572776024	0	0.6572776024	0.7536485609	0	0	0	1
8.77	8.911317217	-0.9323088363	0	0.740887611	-0.6716290255	0	0.6716290255	0.740887611	0	0	0	1
8.78	8.933664081	-0.9280235492	0	0.7278780481	-0.6857066042	0	0.6857066042	0.7278780481	0	0	0	1
8.79	8.956022406	-0.9243830573	0	0.7135312827	-0.7006233715	0	0.7006233715	0.7135312827	0	0	0	1
8.8	8.978725623	-0.9212792267	0	0.6972832819	-0.7167956646	0	0.7167956646	0.6972832819	0	0	0	1
8.81	9.002020542	-0.9185399168	0	0.6788663954	-0.7342618179	0	0.7342618179	0.6788663954	0	0	0	1
8.82	9.026105673	-0.916095847	0	0.6578367467	-0.7531605504	0	0.7531605504	0.6578367467	0	0	0	1
8.83	9.051075994	-0.913922556	0	0.6336499102	-0.7736199269	0	0.7736199269	0.6336499102	0	0	0	1
8.84	9.076855324	-0.9119364972	0	0.6060133928	-0.795454441	0	0.795454441	0.6060133928	0	0	0	1
8.85	9.103193273	-0.9099751761	0	0.5750836362	-0.8180946225	0	0.8180946225	0.5750836362	0	0	0	1
8.86	9.12974299	-0.907853488	0	0.5413529639	-0.840795438	0	0.840795438	0.5413529639	0	0	0	1
8.87	9.156178833	-0.9054298313	0	0.5053413047	-0.8629195592	0	0.8629195592	0.5053413047	0	0	0	1
8.88	9.182294919	-0.902635384	0	0.4673086097	-0.8840942615	0	0.8840942615	0.4673086097	0	0	0	1
8.89	9.208045079	-0.8994617616	0	0.4271448264	-0.9041832211	0	0.9041832211	0.4271448264	0	0	0	1
8.9	9.233514195	-0.8959262884	0	0.3844737472	-0.9231359259	0	0.9231359259	0.3844737472	0	0	0	1
8.91	9.2588548	-0.8920423335	0	0.3388624353	-0.9408359315	0	0.9408359315	0.3388624353	0	0	0	1
8.92	9.284226711	-0.887809127	0	0.2900097527	-0.9570236901	0	0.9570236901	0.2900097527	0	0	0	1
8.93	9.309767334	-0.8832205841	0	0.2378408544	-0.9713041377	0	0.9713041377	0.2378408544	0	0	0	1
8.94	9.335587854	-0.87827775	0	0.1825274272	-0.983200762	0	0.983200762	0.1825274272	0	0	0	1
8.95	9.361784356	-0.8729932338	0	0.1244736586	-0.9922229126	0	0.9922229126	0.1244736586	0	0	0	1
8.96	9.388451215	-0.8673817742	0	0.06428601416	-0.9979315149	0	0.9979315149	0.06428601416	0	0	0	1
8.97	9.41568951	-0.8614409529	0	0.002720939828	-0.9999962982	0	0.9999962982	0.002720939828	0	0	0	1
8.98	9.443603575	-0.8551289116	0	-0.05939016216	-0.9982348464	0	0.9982348464	-0.05939016216	0	0	0	1
8.99	9.472278357	-0.8483463653	0	-0.1212234761	-0.9926252409	0	0.9926252409	-0.1212234761	0	0	0	1
9	9.501737075	-0.840938318	0	-0.1820138383	-0.983295969	0	0.983295969	-0.1820138383	0	0	0	1
9.01	9.531892878	-0.8327262434	0	-0.2410715779	-0.9705073386	0	0.9705073386	-0.2410715779	0	0	0	1
9.02	9.562520007	-0.8235673877	0	-0.2977943302	-0.9546300524	0	0.9546300524	-0.2977943302	0	0	0	1
9.03	9.593262223	-0.8134163764	0	-0.3516881477	-0.9361172185	0	0.9361172185	-0.3516881477	0	0	0	1
9.04	9.623664578	-0.802364962	0	-0.4023489675	-0.915486378	0	0.915486378	-0.4023489675	0	0	0	1
9.05	9.653209258	-0.7906623897	0	-0.4493715971	-0.8933449321	0	0.8933449321	-0.4493715971	0	0	0	1
9.06	9.681356642	-0.7787230168	0	-0.4922565356	-0.8704501727	0	0.8704501727	-0.4922565356	0	0	0	1
9.07	9.707603208	-0.767101429	0	-0.5304259751	-0.8477312575	0	0.8477312575	-0.5304259751	0	0	0	1
9.08	9.731535095	-0.7564304035	0	-0.5633101924	-0.8262455005	0	0.8262455005	-0.5633101924	0	0	0	1
9.09	9.752857145	-0.7473510975	0	-0.5903994036	-0.8071112341	0	0.8071112341	-0.5903994036	0	0	0	1
9.1	9.771404776	-0.740444001	0	-0.6112778987	-0.7914160288	0	0.7914160288	-0.6112778987	0	0	0	1
9.11	9.787142895	-0.7361593102	0	-0.6256745733	-0.7800841802	0	0.7800841802	-0.6256745733	0	0	0	1
9.12	9.800151917	-0.7347668856	0	-0.6334963746	-0.7737456581	0	0.7737456581	-0.6334963746	0	0	0	1
9.13	9.810608197	-0.7363401266	0	-0.634833913	-0.7726486284	0	0.7726486284	-0.634833913	0	0	0	1
9.14	9.818763328	-0.7407729844	0	-0.6299548739	-0.7766317382	0	0.7766317382	-0.6299548739	0	0	0	1
9.15	9.824921948	-0.747823656	0	-0.6192873263	-0.7851644462	0	0.7851644462	-0.6192873263	0	0	0	1
9.16	9.829416021	-0.7571623095	0	-0.6033623952	-0.7974671279	0	0.7974671279	-0.6033623952	0	0	0	1
9.17	9.832590949	-0.7683496148	0	-0.5829361358	-0.8125179762	0	0.8125179762	-0.5829361358	0	0	0	1
9.18	9.834763332	-0.780983039	0	-0.558920938	-0.8292209507	0	0.8292209507	-0.558920938	0	0	0	1
9.19	9.836154321	-0.7949511523	0	-0.5314765186	-0.8470730253	0	0.8470730253	-0.5314765186	0	0	0	1
9.2	9.836954668	-0.8102481826	0	-0.5004673659	-0.8657554018	0	0.8657554018	-0.5004673659	0	0	0	1
9.21	9.837405535	-0.8267886012	0	-0.4661763875	-0.884691797	0	0.884691797	-0.4661763875	0	0	0	1
9.22	9.837801452	-0.8444207728	0	-0.4293452004	-0.9031404646	0	0.9031404646	-0.4293452004	0	0	0	1
9.23	9.83844521	-0.863002176	0	-0.3908858724	-0.9204391532	0	0.9204391532	-0.3908858724	0	0	0	1
9.24	9.84065518	-0.8812237441	0	-0.3558492294	-0.9345433783	0	0.9345433783	-0.3558492294	0	0	0	1
9.25	9.843769612	-0.8994639932	0	-0.3162515133	-0.948675382	0	0.948675382	-0.3162515133	0	0	0	1
9.26	9.846689223	-0.9176317566	0	-0.2733392186	-0.9619177052	0	0.9619177052	-0.2733392186	0	0	0	1
9.27	9.849085493	-0.9349341023	0	-0.2313813823	-0.9728631229	0	0.9728631229	-0.2313813823	0	0	0	1
9.28	9.850986745	-0.9511389353	0	-0.1906044213	-0.9816669265	0	0.9816669265	-0.1906044213	0	0	0	1
9.29	9.851562167	-0.9602877782	0	-0.1752482765	-0.9845242717	0	0.9845242717	-0.1752482765	0	0	0	1
9.3	9.851852657	-0.9666338085	0	-0.1650792166	-0.9862803112	0	0.9862803112	-0.1650792166	0	0	0	1
9.31	9.852273348	-0.97212698	0	-0.1485689516	-0.9889020511	0	0.9889020511	-0.1485689516	0	0	0	1
9.32	9.852739541	-0.9764905595	0	-0.1268468811	-0.9919223098	0	0.9919223098	-0.1268468811	0	0	0	1
9.33	9.853131368	-0.9796767212	0	-0.1020959701	-0.9947745538	0	0.9947745538	-0.1020959701	0	0	0	1
9.34	9.853394078	-0.9818195774	0	-0.07606841605	-0.9971026006	0	0.9971026006	-0.07606841605	0	0	0	1
9.35	9.853532884	-0.9831570243	0	-0.04972530628	-0.9987629318	0	0.9987629318	-0.04972530628	0	0	0	1
9.36	9.85358432	-0.9839631138	0	-0.02355743791	-0.9997224851	0	0.9997224851	-0.02355743791	0	0	0	1
9.37	9.853608264	-0.9844895451	0	0.002227363285	-0.9999975194	0	0.9999975194	0.002227363285	0	0	0	1
9.38	9.853632181	-0.9849326191	0	0.02834582526	-0.9995981764	0	0.9995981764	0.02834582526	0	0	0	1
9.39	9.853667775	-0.9853676829	0	0.05484170208	-0.9984950614	0	0.9984950614	0.05484170208	0	0	0	1
9.4	9.853711834	-0.9857552872	0	0.0810514268	-0.9967099208	0	0.9967099208	0.0810514268	0	0	0	1
9.41	9.853756705	-0.9860423416	0	0.1065313288	-0.9943093462	0	0.9943093462	0.1065313288	0	0	0	1
9.42	9.853797423	-0.9862230928	0	0.1312855253	-0.9913445974	0	0.9913445974	0.1312855253	0	0	0	1
9.43	9.853832067	-0.9863283993	0	0.1555321011	-0.9878308385	0	0.9878308385	0.1555321011	0	0	0	1
9.44	9.853860152	-0.9863978619	0	0.1794964753	-0.9837586164	0	0.9837586164	0.1794964753	0	0	0	1
9.45	9.85388192	-0.9864677581	0	0.2033672462	-0.9791025294	0	0.9791025294	0.2033672462	0	0	0	1
9.46	9.853898258	-0.9865701437	0	0.2273254123	-0.9738188522	0	0.9738188522	0.2273254123	0	0	0	1
9.47	9.853910479	-0.9867311076	0	0.2515614905	-0.9678413178	0	0.9678413178	0.2515614905	0	0	0	1
9.48	9.853919888	-0.9869644366	0	0.2762505992	-0.9610856395	0	0.9610856395	0.2762505992	0	0	0	1
9.49	9.853927363	-0.9872661226	0	0.3015083879	-0.9534635242	0	0.9534635242	0.3015083879	0	0	0	1
9.5	9.853933141	-0.9876134124	0	0.3273536805	-0.9449018827	0	0.9449018827	0.3273536805	0	0	0	1
9.51	9.853936779	-0.9879691464	0	0.3536998868	-0.9353589632	0	0.9353589632	0.3536998868	0	0	0	1
9.52	9.853937254	-0.9882893357	0	0.3803775187	-0.9248313053	0	0.9248313053	0.3803775187	0	0	0	1
9.53	9.853933169	-0.9885312689	0	0.4071725972	-0.9133512337	0	0.9133512337	0.4071725972	0	0	0	1
9.54	9.853923013	-0.9886598473	0	0.4338590537	-0.9009807553	0	0.9009807553	0.4338590537	0	0	0	1
9.55	9.853905369	-0.988651635	0	0.4602158163	-0.887807075	0	0.887807075	0.4602158163	0	0	0	1
9.56	9.853879078	-0.9884965723	0	0.4860305784	-0.873941804	0	0.873941804	0.4860305784	0	0	0	1
9.57	9.853843218	-0.988198545	0	0.5111009763	-0.8595206757	0	0.8595206757	0.5111009763	0	0	0	1
9.58	9.853797104	-0.9877754569	0	0.5352464743	-0.8446959286	0	0.8446959286	0.5352464743	0	0	0	1
9.59	9.853740304	-0.9872583289	0	0.5583283224	-0.8296200844	0	0.8296200844	0.5583283224	0	0	0	1
9.6	9.853672776	-0.9866888393	0	0.5802740333	-0.8144212953	0	0.8144212953	0.5802740333	0	0	0	1
9.61	9.853595071	-0.9861149406	0	0.6010989725	-0.79917459	0	0.79917459	0.6010989725	0	0	0	1
9.62	9.85350862	-0.9855846267	0	0.6209162237	-0.7838769312	0	0.7838769312	0.6209162237	0	0	0	1
9.63	9.853415861	-0.9851387093	0	0.6399232578	-0.7684388226	0	0.7684388226	0.6399232578	0	0	0	1
9.64	9.853320075	-0.9848029989	0	0.6583618436	-0.7527015895	0	0.7527015895	0.6583618436	0	0	0	1
9.65	9.853224924	-0.9845806699	0	0.6764624771	-0.7364770988	0	0.7364770988	0.6764624771	0	0	0	1
9.66	9.853133883	-0.9844471029	0	0.6943939257	-0.7195950778	0	0.7195950778	0.6943939257	0	0	0	1
9.67	9.853049867	-0.9843490106	0	0.7122265461	-0.7019496756	0	0.7019496756	0.7122265461	0	0	0	1
9.68	9.852975333	-0.9842087962	0	0.7299151622	-0.6835377502	0	0.6835377502	0.7299151622	0	0	0	1
9.69	9.852912839	-0.983933952	0	0.7472994376	-0.6644874344	0	0.6644874344	0.7472994376	0	0	0	1
9.7	9.852865907	-0.9834300418	0	0.7641202013	-0.6450738857	0	0.6450738857	0.7641202013	0	0	0	1
9.71	9.852840584	-0.9826159025	0	0.7800493947	-0.6257179411	0	0.6257179411	0.7800493947	0	0	0	1
9.72	9.85284841	-0.9814388989	0	0.794727228	-0.606966748	0	0.606966748	0.794727228	0	0	0	1
9.73	9.852914521	-0.9798875204	0	0.8077983951	-0.5894588644	0	0.5894588644	0.8077983951	0	0	0	1
9.74	9.853110971	-0.9779999157	0	0.8189089167	-0.573923502	0	0.573923502	0.8189089167	0	0	0	1
9.75	9.854106162	-0.9758990384	0	0.8268338096	-0.5624463097	0	0.5624463097	0.8268338096	0	0	0	1
9.76	9.857302156	-0.9740075651	0	0.8301526107	-0.5575362256	0	0.5575362256	0.8301526107	0	0	0	1
9.77	9.86205909	-0.9724729484	0	0.8308600199	-0.5564814708	0	0.5564814708	0.8308600199	0	0	0	1
9.78	9.867665968	-0.9711991727	0	0.8301792865	-0.5574965042	0	0.5574965042	0.8301792865	0	0	0	1
9.79	9.873698532	-0.9700936157	0	0.8286256142	-0.559803172	0	0.559803172	0.8286256142	0	0	0	1
9.8	9.87980774	-0.9690878999	0	0.8266925334	-0.5626539392	0	0.5626539392	0.8266925334	0	0	0	1
9.81	9.885719591	-0.9681471459	0	0.8249381386	-0.5652230246	0	0.5652230246	0.8249381386	0	0	0	1
9.82	9.89126619	-0.9672722086	0	0.8238623898	-0.5667898752	0	0.5667898752	0.8238623898	0	0	0	1
9.83	9.89636078	-0.9664931439	0	0.8239080114	-0.5667235559	0	0.5667235559	0.8239080114	0	0	0	1
9.84	9.901061785	-0.9659967629	0	0.8257791024	-0.5639936826	0	0.5639936826	0.8257791024	0	0	0	1
9.85	9.907104145	-0.9652278426	0	0.8253173152	-0.5646692211	0	0.5646692211	0.8253173152	0	0	0	1
9.86	9.914547671	-0.9638478023	0	0.8245628239	-0.5657704034	0	0.5657704034	0.8245628239	0	0	0	1
9.87	9.923296706	-0.9616397861	0	0.8248260389	-0.5653865983	0	0.5653865983	0.8248260389	0	0	0	1
9.88	9.934092181	-0.9588250648	0	0.824867876	-0.5653255585	0	0.5653255585	0.824867876	0	0	0	1
9.89	9.948043997	-0.9556244801	0	0.822876859	-0.5682197418	0	0.5682197418	0.822876859	0	0	0	1
9.9	9.965700144	-0.9527271085	0	0.8170295743	-0.5765957636	0	0.5765957636	0.8170295743	0	0	0	1
9.91	9.986687061	-0.9503407209	0	0.8066782639	-0.5909908447	0	0.5909908447	0.8066782639	0	0	0	1
9.92	10.009871	-0.9479011404	0	0.7931293223	-0.6090532638	0	0.6090532638	0.7931293223	0	0	0	1
9.93	10.0339185	-0.9447584719	0	0.7785143849	-0.6276267621	0	0.6276267621	0.7785143849	0	0	0	1
9.94	10.05782284	-0.9407208333	0	0.7643904938	-0.6447535754	0	0.6447535754	0.7643904938	0	0	0	1
9.95	10.08111003	-0.9360967874	0	0.7511863977	-0.6600901423	0	0.6600901423	0.7511863977	0	0	0	1
9.96	10.10376327	-0.9314454118	0	0.7384587228	-0.6742986837	0	0.6742986837	0.7384587228	0	0	0	1
9.97	10.12607948	-0.9272781716	0	0.7252702859	-0.6884642419	0	0.6884642419	0.7252702859	0	0	0	1
9.98	10.14848139	-0.9237547729	0	0.7105862394	-0.7036101168	0	0.7036101168	0.7105862394	0	0	0	1
9.99	10.1712795	-0.920731415	0	0.693947158	-0.7200259314	0	0.7200259314	0.693947158	0	0	0	1
10	10.19471163	-0.9180508778	0	0.6750735279	-0.7377504537	0	0.7377504537	0.6750735279	0	0	0	1
