0	0.3970260562	-0.6564878236	0	0	0	0	0	0	0
0.01	0.4135215707	-0.6580637837	0	0	0	0	0	0	0
0.02	0.4279682652	-0.6652959488	0	0	0	0	0	0	0
0.03	0.4406057449	-0.6767232652	0	0	0	0	0	0	0
0.04	0.4519576246	-0.6914241841	0	0	0	0	0	0	0
0.05	0.4630453225	-0.7079107926	0	0	0	0	0	0	0
0.06	0.4750678077	-0.7247718975	0	0	0	0	0	0	0
0.07	0.488960933	-0.741267273	0	0	0	0	0	0	0
0.08	0.5051298643	-0.7572595666	0	0	0	0	0	0	0
0.09	0.5233944536	-0.7729835377	0	0	0	0	0	0	0
0.1	0.5430847303	-0.7888817575	0	0	0	0	0	0	0
0.11	0.5632338317	-0.8054803547	0	0	0	0	0	0	0
0.12	0.5827987431	-0.8232770116	0	0	0	0	0	0	0
0.13	0.6008397432	-0.8426506033	0	0	0	0	0	0	0
0.14	0.6166225439	-0.8638133838	0	0	0	0	0	0	0
0.15	0.6296428665	-0.8868170206	0	0	0	0	0	0	0
0.16	0.6375759014	-0.9131937942	0	0	0	0	0	0	0
0.17	0.6399976328	-0.9409936767	0	0	0	0	0	0	0
0.18	0.6409386322	-0.9607898968	0	34.63927445	1182.304219	0	0	0	0
0.19	0.6409927485	-0.9716030589	0	-357.9005803	1162.40612	0	0	0	0
0.2	0.6412109212	-0.9802787964	0	-706.7462615	1108.692305	0	0	0	0
0.21	0.641567626	-0.9865868059	0	-796.282978	1078.051275	0	0	0	0
0.22	0.6419101177	-0.9909627179	0	-639.8785002	1066.818794	0	0	0	0
0.23	0.6421097885	-0.9938841075	0	-312.1484212	1055.122714	0	0	0	0
0.24	0.6421943309	-0.9956713109	0	-174.3401678	1032.914485	0	0	0	0
0.25	0.6422675204	-0.9967305017	0	-167.123572	1032.59249	0	0	0	0
0.26	0.6423336989	-0.9974383367	0	-163.5559876	1034.475633	0	0	0	0
0.27	0.6424025799	-0.9978251549	0	-174.4275504	1015.364557	0	0	0	0
0.28	0.6424785263	-0.9977697523	0	-182.0609054	960.7327509	0	0	0	0
0.29	0.6425616644	-0.9971208272	0	-177.7845129	865.5324256	0	0	0	0
0.3	0.6426512254	-0.9957754087	0	-161.5261429	733.9327942	0	0	0	0
0.31	0.6427476191	-0.9937166852	0	-137.7532075	577.7875594	0	0	0	0
0.32	0.6428541512	-0.9910192601	0	-111.1096232	413.4361775	0	0	0	0
0.33	0.6429793134	-0.9878320539	0	-84.28110382	257.8861797	0	0	0	0
0.34	0.6431452016	-0.9843520137	0	-57.79578495	125.5502687	0	0	0	0
0.35	0.6434558353	-0.9807859652	0	-17.01677676	21.27118622	0	0	0	0
0.36	0.6446539713	-0.9771845015	0	0	0	0	0	0	0
0.37	0.6465523665	-0.9738337383	0	0	0	0	0	0	0
0.38	0.6482581281	-0.9711557281	0	0	0	0	0	0	0
0.39	0.6493706167	-0.9692998947	0	0	0	0	0	0	0
0.4	0.6497218721	-0.9682360569	0	-2.925449437	42.79900713	0	0	0	0
0.41	0.6497286858	-0.9677285403	0	-0.9263085442	87.53826208	0	0	0	0
0.42	0.6497365943	-0.9677336315	0	-4.115075174	137.1666207	0	0	0	0
0.43	0.6497548276	-0.9681965614	0	-10.64541571	184.6583063	0	0	0	0
0.44	0.6497841256	-0.9690015806	0	-18.29933271	223.3467433	0	0	0	0
0.45	0.6498222972	-0.9699931395	0	-24.98291548	249.2334898	0	0	0	0
0.46	0.6498672512	-0.9710085564	0	-29.96739077	260.6972975	0	0	0	0
0.47	0.6499183632	-0.9718998674	0	-33.50855617	257.2495068	0	0	0	0
0.48	0.6499769088	-0.9725433128	0	-36.13947861	238.9518171	0	0	0	0
0.49	0.6500467097	-0.9728439009	0	-38.21299192	206.5888192	0	0	0	0
0.5	0.6501357936	-0.9727392148	0	-39.71343026	162.1324445	0	0	0	0
0.51	0.6502626125	-0.9722031463	0	-39.99070932	109.0141593	0	0	0	0
0.52	0.6504866686	-0.9712483869	0	-35.27805984	52.16458036	0	0	0	0
0.53	0.6512456468	-0.9699388986	0	-2.872063468	3.607953049	0	0	0	0
0.54	0.653284888	-0.9684686974	0	0	0	0	0	0	0
0.55	0.6557515418	-0.9667942812	0	0	0	0	0	0	0
0.56	0.6579736211	-0.9648271554	0	0	0	0	0	0	0
0.57	0.6596827444	-0.9625891899	0	0	0	0	0	0	0
0.58	0.6608264158	-0.9601972759	0	0	0	0	0	0	0
0.59	0.6616044223	-0.9578837162	0	0	0	0	0	0	0
0.6	0.6625066865	-0.9560299217	0	0	0	0	0	0	0
0.61	0.6649344772	-0.9547039114	0	0	0	0	0	0	0
0.62	0.6700066094	-0.9536491184	0	0	0	0	0	0	0
0.63	0.6780396576	-0.9527259044	0	0	0	0	0	0	0
0.64	0.690409173	-0.9519003702	0	0	0	0	0	0	0
0.65	0.7086702466	-0.951130869	0	0	0	0	0	0	0
0.66	0.7327884557	-0.9506347056	0	0	0	0	0	0	0
0.67	0.7618341057	-0.9501452912	0	0	0	0	0	0	0
0.68	0.7942605059	-0.9489850127	0	0	0	0	0	0	0
0.69	0.8284712839	-0.9466293204	0	0	0	0	0	0	0
0.7	0.8633644888	-0.9430953102	0	0	0	0	0	0	0
0.71	0.8985800926	-0.9388569592	0	0	0	0	0	0	0
0.72	0.93449276	-0.9343674933	0	0	0	0	0	0	0
0.73	0.9716832969	-0.9296689818	0	0	0	0	0	0	0
0.74	1.010489818	-0.9244837455	0	0	0	0	0	0	0
0.75	1.050990766	-0.9184442653	0	0	0	0	0	0	0
0.76	1.093031622	-0.9112620571	0	0	0	0	0	0	0
0.77	1.136231315	-0.9027669015	0	0	0	0	0	0	0
0.78	1.180018022	-0.892901394	0	0	0	0	0	0	0
0.79	1.223743929	-0.8817319347	0	0	0	0	0	0	0
0.8	1.266842353	-0.8694525111	0	0	0	0	0	0	0
0.81	1.308953598	-0.8563350828	0	0	0	0	0	0	0
0.82	1.349948503	-0.8426440978	0	0	0	0	0	0	0
0.83	1.389866686	-0.8285594385	0	0	0	0	0	0	0
0.84	1.428815123	-0.8141479583	0	0	0	0	0	0	0
0.85	1.466870774	-0.7993806724	0	0	0	0	0	0	0
0.86	1.504005027	-0.7841827037	0	0	0	0	0	0	0
0.87	1.540038671	-0.7685012241	0	0	0	0	0	0	0
0.88	1.574633806	-0.7523786938	0	0	0	0	0	0	0
0.89	1.607326379	-0.7360147242	0	0	0	0	0	0	0
0.9	1.637588079	-0.7197995784	0	0	0	0	0	0	0
0.91	1.664902053	-0.7043083712	0	0	0	0	0	0	0
0.92	1.688829447	-0.6902564671	0	0	0	0	0	0	0
0.93	1.709058197	-0.6784208878	0	0	0	0	0	0	0
0.94	1.725423625	-0.669542332	0	0	0	0	0	0	0
0.95	1.737900894	-0.66422851	0	0	0	0	0	0	0
0.96	1.746582425	-0.6628739727	0	0	0	0	0	0	0
0.97	1.751650036	-0.6656148952	0	0	0	0	0	0	0
0.98	1.753356089	-0.6723249102	0	0	0	0	0	0	0
0.99	1.752015941	-0.6826522815	0	0	0	0	0	0	0
1	1.748010143	-0.6960889605	0	0	0	0	0	0	0
1.01	1.741784911	-0.7120555553	0	0	0	0	0	0	0
1.02	1.733848701	-0.7299751155	0	0	0	0	0	0	0
1.03	1.724751561	-0.7493159337	0	0	0	0	0	0	0
1.04	1.715060488	-0.769665141	0	0	0	0	0	0	0
1.05	1.705327517	-0.7907805831	0	0	0	0	0	0	0
1.06	1.696084325	-0.8125337959	0	0	0	0	0	0	0
1.07	1.687877299	-0.8347953252	0	0	0	0	0	0	0
1.08	1.681260774	-0.8574002881	0	0	0	0	0	0	0
1.09	1.676702673	-0.8802077525	0	0	0	0	0	0	0
1.1	1.675813842	-0.9019974717	0	0	0	0	0	0	0
1.11	1.678293014	-0.923680074	0	0	0	0	0	0	0
1.12	1.680395152	-0.94514809	0	0	0	0	0	0	0
1.13	1.681176231	-0.9599159472	0	-53.98759527	906.4571874	0	0	0	0
1.14	1.681243323	-0.9684416271	0	-263.4981465	933.8710574	0	0	0	0
1.15	1.68141654	-0.9758246064	0	-451.8811938	911.9465288	0	0	0	0
1.16	1.681664756	-0.9814371385	0	-493.4781967	861.5838383	0	0	0	0
1.17	1.681916206	-0.9851729355	0	-403.6908091	792.4910773	0	0	0	0
1.18	1.682100947	-0.9872879565	0	-226.2397721	721.7532651	0	0	0	0
1.19	1.682174246	-0.9882703691	0	-18.29351785	670.3450754	0	0	0	0
1.2	1.682131061	-0.9886693065	0	134.8687341	651.408086	0	0	0	0
1.21	1.682034385	-0.9889582833	0	153.6944007	670.1981577	0	0	0	0
1.22	1.681945531	-0.9894175238	0	133.5688195	706.5927012	0	0	0	0
1.23	1.681876089	-0.9900356112	0	106.0900183	739.58448	0	0	0	0
1.24	1.681823961	-0.9906910221	0	82.16857781	761.4474361	0	0	0	0
1.25	1.681784482	-0.9912662418	0	63.82435196	770.5359822	0	0	0	0
1.26	1.681753788	-0.9916770766	0	50.17706411	766.8592657	0	0	0	0
1.27	1.681729288	-0.9918708453	0	39.55941844	750.9327059	0	0	0	0
1.28	1.681709644	-0.9918188387	0	30.14924632	723.468302	0	0	0	0
1.29	1.681694682	-0.9915077895	0	20.35892357	685.1483348	0	0	0	0
1.3	1.681685354	-0.9909330942	0	9.004659123	636.7262449	0	0	0	0
1.31	1.681683756	-0.9900965577	0	-4.608637788	579.4797558	0	0	0	0
1.32	1.68169328	-0.9890091363	0	-20.54498973	515.7069936	0	0	0	0
1.33	1.681718733	-0.9876966018	0	-38.11527692	448.9687475	0	0	0	0
1.34	1.681766319	-0.9862047589	0	-55.97694477	383.9038869	0	0	0	0
1.35	1.68184315	-0.9846013838	0	-72.50653707	325.5991944	0	0	0	0
1.36	1.681955816	-0.9829728258	0	-86.29741584	278.6314641	0	0	0	0
1.37	1.68210723	-0.9814148705	0	-96.57273957	246.0667048	0	0	0	0
1.38	1.68229268	-0.9800191839	0	-103.3020633	228.7697791	0	0	0	0
1.39	1.682498611	-0.9788586601	0	-107.0714453	225.2780857	0	0	0	0
1.4	1.682708238	-0.9779755276	0	-108.7982612	232.2661306	0	0	0	0
1.41	1.682910021	-0.9773755386	0	-109.5986387	245.3836866	0	0	0	0
1.42	1.683100657	-0.9770285365	0	-110.525406	260.0020727	0	0	0	0
1.43	1.683282915	-0.9768734288	0	-112.2512883	271.7391929	0	0	0	0
1.44	1.683462626	-0.9768269086	0	-114.8952351	276.8953582	0	0	0	0
1.45	1.683646964	-0.9767947014	0	-118.0319835	272.8272688	0	0	0	0
1.46	1.683844113	-0.9766842944	0	-120.7928996	258.2238267	0	0	0	0
1.47	1.684063994	-0.9764167801	0	-121.9987637	233.208131	0	0	0	0
1.48	1.684320374	-0.9759357818	0	-120.2706263	199.2318816	0	0	0	0
1.49	1.684637513	-0.9752120994	0	-113.8907698	158.7764673	0	0	0	0
1.5	1.685107363	-0.9742428025	0	-91.78728845	114.7596493	0	0	0	0
1.51	1.685347577	-0.9755466345	0	-161.9185164	287.6983693	0	0	0	0
1.52	1.685547033	-0.9755597535	0	-84.81319379	234.6555691	0	0	0	0
1.53	1.685672648	-0.9752743778	0	-45.59961944	201.7944951	0	0	0	0
1.54	1.685728289	-0.9746690512	0	-2.970476098	154.3400484	0	0	0	0
1.55	1.685664027	-0.9737412151	0	38.64298967	107.3969143	0	0	0	0
1.56	1.685325605	-0.9725873106	0	54.7963424	68.51141411	0	0	0	0
1.57	1.683448336	-0.9712175468	0	5.894262493	7.721195792	0	0	0	0
1.58	1.678474239	-0.9691011167	0	0	0	0	0	0	0
1.59	1.67107702	-0.9657850846	0	0	0	0	0	0	0
1.6	1.661903993	-0.961388442	0	0	0	0	0	0	0
1.61	1.651718171	-0.9561745372	0	0	0	0	0	0	0
1.62	1.642017239	-0.9510840028	0	0	0	0	0	0	0
1.63	1.634868109	-0.9461882237	0	0	0	0	0	0	0
1.64	1.629537183	-0.9395556657	0	0	0	0	0	0	0
1.65	1.627006792	-0.9306012801	0	0	0	0	0	0	0
1.66	1.62973031	-0.9209465544	0	0	0	0	0	0	0
1.67	1.639239832	-0.9129869861	0	0	0	0	0	0	0
1.68	1.655839809	-0.9078506754	0	0	0	0	0	0	0
1.69	1.679028536	-0.9055693179	0	0	0	0	0	0	0
1.7	1.707791323	-0.9056906669	0	0	0	0	0	0	0
1.71	1.740539349	-0.9074848104	0	0	0	0	0	0	0
1.72	1.77521504	-0.9099461993	0	0	0	0	0	0	0
1.73	1.809987137	-0.9119112848	0	0	0	0	0	0	0
1.74	1.843690201	-0.9125515826	0	0	0	0	0	0	0
1.75	1.876125709	-0.9117782611	0	0	0	0	0	0	0
1.76	1.908017966	-0.9100767748	0	0	0	0	0	0	0
1.77	1.940519088	-0.908065105	0	0	0	0	0	0	0
1.78	1.974636559	-0.9061407556	0	0	0	0	0	0	0
1.79	2.010858891	-0.9043466206	0	0	0	0	0	0	0
1.8	2.049049128	-0.9024359958	0	0	0	0	0	0	0
1.81	2.088540876	-0.900042381	0	0	0	0	0	0	0
1.82	2.128347733	-0.8968519843	0	0	0	0	0	0	0
1.83	2.167413388	-0.8927106715	0	0	0	0	0	0	0
1.84	2.204839625	-0.8876440468	0	0	0	0	0	0	0
1.85	2.240045776	-0.8818104729	0	0	0	0	0	0	0
1.86	2.272838672	-0.8754261481	0	0	0	0	0	0	0
1.87	2.303394066	-0.8686982156	0	0	0	0	0	0	0
1.88	2.332177556	-0.8617819615	0	0	0	0	0	0	0
1.89	2.359845066	-0.8547518719	0	0	0	0	0	0	0
1.9	2.387139112	-0.8475586291	0	0	0	0	0	0	0
1.91	2.414757895	-0.8399558527	0	0	0	0	0	0	0
1.92	2.443130922	-0.8314468499	0	0	0	0	0	0	0
1.93	2.472101496	-0.8214339736	0	0	0	0	0	0	0
1.94	2.500787978	-0.8097219334	0	0	0	0	0	0	0
1.95	2.528035179	-0.7969234033	0	0	0	0	0	0	0
1.96	2.553048577	-0.7840381753	0	0	0	0	0	0	0
1.97	2.575337584	-0.7719637223	0	0	0	0	0	0	0
1.98	2.594450058	-0.761726066	0	0	0	0	0	0	0
1.99	2.61017771	-0.7543469948	0	0	0	0	0	0	0
2	2.622684227	-0.7503227993	0	0	0	0	0	0	0
2.01	2.632375018	-0.7496392001	0	0	0	0	0	0	0
2.02	2.639805268	-0.7519987546	0	0	0	0	0	0	0
2.03	2.64563604	-0.7569159631	0	0	0	0	0	0	0
2.04	2.650569434	-0.7638329769	0	0	0	0	0	0	0
2.05	2.655272307	-0.772251746	0	0	0	0	0	0	0
2.06	2.660301537	-0.7818034713	0	0	0	0	0	0	0
2.07	2.666046967	-0.7922216857	0	0	0	0	0	0	0
2.08	2.672711682	-0.8033050299	0	0	0	0	0	0	0
2.09	2.680234702	-0.8151312075	0	0	0	0	0	0	0
2.1	2.688376661	-0.8279666007	0	0	0	0	0	0	0
2.11	2.696889927	-0.8420060744	0	0	0	0	0	0	0
2.12	2.705597796	-0.857312657	0	0	0	0	0	0	0
2.13	2.713503616	-0.8746185667	0	0	0	0	0	0	0
2.14	2.71706053	-0.8938725427	0	0	0	0	0	0	0
2.15	2.720061071	-0.9123663478	0	0	0	0	0	0	0
2.16	2.722511664	-0.9299158486	0	0	0	0	0	0	0
2.17	2.724527292	-0.9464992751	0	0	0	0	0	0	0
2.18	2.72556901	-0.9583964927	0	-359.601399	675.5895979	0	0	0	0
2.19	2.725835897	-0.9650124342	0	-483.5945203	712.7216844	0	0	0	0
2.2	2.726228513	-0.9709248995	0	-552.6234876	703.3907583	0	0	0	0
2.21	2.726690047	-0.9757761305	0	-539.9870118	682.405323	0	0	0	0
2.22	2.727103712	-0.9794577108	0	-466.226553	654.2472995	0	0	0	0
2.23	2.727395534	-0.9820545379	0	-314.6972857	624.6263238	0	0	0	0
2.24	2.727559594	-0.9837665656	0	-152.9122891	598.2340804	0	0	0	0
2.25	2.727627884	-0.9848405992	0	-54.918963	580.024806	0	0	0	0
2.26	2.727662029	-0.9855211809	0	-40.59563594	573.9336693	0	0	0	0
2.27	2.727691885	-0.9860243411	0	-45.68931609	580.5403509	0	0	0	0
2.28	2.727729666	-0.9864621629	0	-59.61239205	588.998475	0	0	0	0
2.29	2.727774079	-0.9868146046	0	-63.65180128	589.1132644	0	0	0	0
2.3	2.727817423	-0.9870286162	0	-56.56143269	581.189863	0	0	0	0
2.31	2.727854149	-0.9870989	0	-44.52902833	570.7225101	0	0	0	0
2.32	2.727882295	-0.9870656852	0	-32.02518212	561.909603	0	0	0	0
2.33	2.727901858	-0.9869816969	0	-20.71530061	556.4856494	0	0	0	0
2.34	2.727913745	-0.9868937309	0	-11.32469175	555.1798031	0	0	0	0
2.35	2.727919482	-0.9868400678	0	-4.385495852	558.4485253	0	0	0	0
2.36	2.727920966	-0.986849612	0	0.03959967797	566.1076778	0	0	0	0
2.37	2.727919985	-0.9869368572	0	2.447359242	576.9103763	0	0	0	0
2.38	2.727917762	-0.987096891	0	3.729181154	588.6517813	0	0	0	0
2.39	2.72791476	-0.98730486	0	4.973089948	598.698211	0	0	0	0
2.4	2.727910635	-0.9875211667	0	7.237984679	604.6537089	0	0	0	0
2.41	2.727904356	-0.9877001363	0	11.35820224	604.8224026	0	0	0	0
2.42	2.727894417	-0.9877993562	0	17.66489441	598.4509495	0	0	0	0
2.43	2.72787914	-0.9877868899	0	25.92216108	585.7184628	0	0	0	0
2.44	2.727856955	-0.9876455021	0	35.49209827	567.6263579	0	0	0	0
2.45	2.727826527	-0.9873742983	0	45.64278204	545.8659383	0	0	0	0
2.46	2.727786816	-0.986988752	0	55.78877763	522.658265	0	0	0	0
2.47	2.727737121	-0.986519181	0	65.56527643	500.5076479	0	0	0	0
2.48	2.727677174	-0.9860075278	0	74.73546914	481.8383803	0	0	0	0
2.49	2.727607361	-0.9855019925	0	83.03169982	468.5543183	0	0	0	0
2.5	2.72752899	-0.9850499222	0	90.02703337	461.6445511	0	0	0	0
2.51	2.727444297	-0.9846892445	0	95.10666086	460.8750203	0	0	0	0
2.52	2.727356386	-0.9844408283	0	97.53194354	464.6680919	0	0	0	0
2.53	2.727268688	-0.9843009248	0	96.57036602	470.0670787	0	0	0	0
2.54	2.727184495	-0.9842365841	0	91.62605291	472.9981382	0	0	0	0
2.55	2.727106696	-0.9841855215	0	82.32459734	468.7753393	0	0	0	0
2.56	2.72703791	-0.9840615123	0	68.46542587	452.8250546	0	0	0	0
2.57	2.726981065	-0.9837651808	0	49.96496971	421.5524564	0	0	0	0
2.58	2.726940527	-0.9831988131	0	26.98487089	373.1983049	0	0	0	0
2.59	2.726924055	-0.982282699	0	0.1931228737	308.6079195	0	0	0	0
2.6	2.726947193	-0.9809713063	0	-28.88060713	231.6957459	0	0	0	0
2.61	2.727047265	-0.979266348	0	-56.97800632	149.3655805	0	0	0	0
2.62	2.727385502	-0.9772255739	0	-56.66779704	70.8624061	0	0	0	0
2.63	2.729390276	-0.9751020704	0	-33.35842839	43.49592522	0	0	0	0
2.64	2.733626407	-0.9733220534	0	-32.91145231	45.81512972	0	0	0	0
2.65	2.739158224	-0.971876907	0	-32.04485386	46.75406016	0	0	0	0
2.66	2.745383987	-0.9706587514	0	-29.08977691	43.59436874	0	0	0	0
2.67	2.751886142	-0.9695803848	0	-24.26138156	36.54043261	0	0	0	0
2.68	2.75830858	-0.9685826651	0	-18.66625622	27.74582262	0	0	0	0
2.69	2.764400385	-0.9676457698	0	-14.249291	20.69864711	0	0	0	0
2.7	2.770027886	-0.9667830693	0	-12.56462121	17.79061496	0	0	0	0
2.71	2.775086422	-0.9660798461	0	-30.60605668	41.99004707	0	0	0	0
2.72	2.78019342	-0.9655378661	0	-8.246550585	11.97766243	0	0	0	0
2.73	2.786871064	-0.9645595651	0	0	0	0	0	0	0
2.74	2.794701152	-0.9627513673	0	0	0	0	0	0	0
2.75	2.804057553	-0.9601208667	0	0	0	0	0	0	0
2.76	2.815967104	-0.9569493121	0	0	0	0	0	0	0
2.77	2.831551017	-0.9537312639	0	0	0	0	0	0	0
2.78	2.850959422	-0.9511261739	0	0	0	0	0	0	0
2.79	2.873412931	-0.9489069378	0	0	0	0	0	0	0
2.8	2.897573693	-0.9463354513	0	0	0	0	0	0	0
2.81	2.922166531	-0.9429043628	0	0	0	0	0	0	0
2.82	2.946378025	-0.9386589638	0	0	0	0	0	0	0
2.83	2.969923057	-0.9340588789	0	0	0	0	0	0	0
2.84	2.992913141	-0.9296770058	0	0	0	0	0	0	0
2.85	3.015732274	-0.9258568039	0	0	0	0	0	0	0
2.86	3.038755249	-0.9225549213	0	0	0	0	0	0	0
2.87	3.062274278	-0.919593326	0	0	0	0	0	0	0
2.88	3.086547143	-0.9168876434	0	0	0	0	0	0	0
2.89	3.111748521	-0.9144298378	0	0	0	0	0	0	0
2.9	3.137881583	-0.9121701015	0	0	0	0	0	0	0
2.91	3.164743467	-0.9099675119	0	0	0	0	0	0	0
2.92	3.191981269	-0.9076336201	0	0	0	0	0	0	0
2.93	3.219213657	-0.9050076927	0	0	0	0	0	0	0
2.94	3.246151262	-0.9020020831	0	0	0	0	0	0	0
2.95	3.272668085	-0.8986014312	0	0	0	0	0	0	0
2.96	3.29879584	-0.8948292534	0	0	0	0	0	0	0
2.97	3.324667135	-0.8907121758	0	0	0	0	0	0	0
2.98	3.350450015	-0.8862624663	0	0	0	0	0	0	0
2.99	3.376306761	-0.8814817363	0	0	0	0	0	0	0
3	3.402380392	-0.8763725186	0	0	0	0	0	0	0
3.01	3.428798042	-0.8709435574	0	0	0	0	0	0	0
3.02	3.455677912	-0.8652012205	0	0	0	0	0	0	0
3.03	3.483132673	-0.8591307473	0	0	0	0	0	0	0
3.04	3.511263314	-0.8526749072	0	0	0	0	0	0	0
3.05	3.540136479	-0.8457188627	0	0	0	0	0	0	0
3.06	3.569744515	-0.8380965478	0	0	0	0	0	0	0
3.07	3.599961361	-0.8296291105	0	0	0	0	0	0	0
3.08	3.630519847	-0.8201897737	0	0	0	0	0	0	0
3.09	3.661029375	-0.8097665136	0	0	0	0	0	0	0
3.1	3.691012674	-0.7984976702	0	0	0	0	0	0	0
3.11	3.719946468	-0.7866839522	0	0	0	0	0	0	0
3.12	3.747303675	-0.7747903087	0	0	0	0	0	0	0
3.13	3.772611041	-0.7634090673	0	0	0	0	0	0	0
3.14	3.795499185	-0.7531875497	0	0	0	0	0	0	0
3.15	3.8157247	-0.7447541579	0	0	0	0	0	0	0
3.16	3.833174569	-0.738651434	0	0	0	0	0	0	0
3.17	3.847867243	-0.7352640976	0	0	0	0	0	0	0
3.18	3.859924418	-0.7347933972	0	0	0	0	0	0	0
3.19	3.869558595	-0.73724374	0	0	0	0	0	0	0
3.2	3.877049979	-0.7424535647	0	0	0	0	0	0	0
3.21	3.882722437	-0.7501471713	0	0	0	0	0	0	0
3.22	3.886916761	-0.7599739168	0	0	0	0	0	0	0
3.23	3.889981102	-0.7714799286	0	0	0	0	0	0	0
3.24	3.8922059	-0.7843317351	0	0	0	0	0	0	0
3.25	3.893782328	-0.7984828938	0	0	0	0	0	0	0
3.26	3.894888713	-0.813934876	0	0	0	0	0	0	0
3.27	3.895758718	-0.8305957643	0	0	0	0	0	0	0
3.28	3.896671286	-0.8483204376	0	0	0	0	0	0	0
3.29	3.897906473	-0.8669737215	0	0	0	0	0	0	0
3.3	3.900703343	-0.8851248323	0	0	0	0	0	0	0
3.31	3.903836104	-0.9035303994	0	0	0	0	0	0	0
3.32	3.906645117	-0.9216113195	0	0	0	0	0	0	0
3.33	3.908914373	-0.9387128332	0	0	0	0	0	0	0
3.34	3.910644261	-0.9542867925	0	-363.8751083	455.3138961	0	0	0	0
3.35	3.910961072	-0.9617892412	0	-379.8462385	696.8441054	0	0	0	0
3.36	3.911280988	-0.9679709483	0	-515.8369535	691.4548463	0	0	0	0
3.37	3.911720923	-0.9731938755	0	-532.2653402	668.3876632	0	0	0	0
3.38	3.912180957	-0.9772522609	0	-492.8637397	635.1717176	0	0	0	0
3.39	3.912549494	-0.9801520357	0	-382.4636353	597.916428	0	0	0	0
3.4	3.91278725	-0.9820655584	0	-225.7867102	563.5787526	0	0	0	0
3.41	3.912906725	-0.9832480917	0	-92.20972658	538.6098194	0	0	0	0
3.42	3.912950835	-0.9839709101	0	-37.81061244	526.839592	0	0	0	0
3.43	3.912977242	-0.9844708271	0	-31.95997186	530.1236676	0	0	0	0
3.44	3.91300709	-0.984917419	0	-46.68552887	543.1939901	0	0	0	0
3.45	3.913048696	-0.9853535524	0	-61.28128481	554.0308986	0	0	0	0
3.46	3.913096681	-0.9857268683	0	-64.48790929	556.6649783	0	0	0	0
3.47	3.913143404	-0.98599157	0	-58.79714738	553.8293173	0	0	0	0
3.48	3.913184487	-0.9861525691	0	-49.61628984	550.2913924	0	0	0	0
3.49	3.913218457	-0.9862465161	0	-39.86789402	548.8094697	0	0	0	0
3.5	3.913245178	-0.9863152222	0	-30.69087652	550.4958386	0	0	0	0
3.51	3.913265274	-0.9863960196	0	-22.88081175	556.066603	0	0	0	0
3.52	3.913280002	-0.986520895	0	-17.03623129	565.9747858	0	0	0	0
3.53	3.913290911	-0.9867133476	0	-13.17281032	579.8736856	0	0	0	0
3.54	3.913299354	-0.9869822229	0	-10.72994152	596.3543412	0	0	0	0
3.55	3.913306101	-0.9873174487	0	-8.766098112	613.1995112	0	0	0	0
3.56	3.913311221	-0.9876908379	0	-6.204974812	627.9182451	0	0	0	0
3.57	3.913314072	-0.9880619833	0	-2.069570988	638.3132682	0	0	0	0
3.58	3.913313494	-0.9883861672	0	4.281671169	642.800111	0	0	0	0
3.59	3.91330802	-0.9886223391	0	12.95191567	640.5561336	0	0	0	0
3.6	3.913296147	-0.9887385587	0	23.50810189	631.4846723	0	0	0	0
3.61	3.913276542	-0.9887150768	0	35.17275099	616.1205988	0	0	0	0
3.62	3.913248178	-0.9885451879	0	47.10716162	595.5538794	0	0	0	0
3.63	3.913210262	-0.9882353471	0	58.64155193	571.4090228	0	0	0	0
3.64	3.91316226	-0.9878049532	0	69.34409531	545.7604251	0	0	0	0
3.65	3.9131039	-0.9872853884	0	79.00958178	520.9568236	0	0	0	0
3.66	3.913035266	-0.9867177606	0	87.5535454	499.3148313	0	0	0	0
3.67	3.912957013	-0.9861487252	0	94.86778902	482.7397014	0	0	0	0
3.68	3.912870596	-0.9856246849	0	100.6812245	472.3723767	0	0	0	0
3.69	3.912778393	-0.985184914	0	104.4977826	468.2903447	0	0	0	0
3.7	3.912683559	-0.9848539052	0	105.6881988	469.2748455	0	0	0	0
3.71	3.9125896	-0.9846340417	0	103.615721	472.7636471	0	0	0	0
3.72	3.912499841	-0.9845005291	0	97.8264177	475.063708	0	0	0	0
3.73	3.912417093	-0.9844005003	0	88.05929337	471.8219887	0	0	0	0
3.74	3.912343763	-0.9842572415	0	74.17041137	458.6631522	0	0	0	0
3.75	3.912282363	-0.983979274	0	56.10134219	431.9391951	0	0	0	0
3.76	3.912236438	-0.9834732015	0	33.9938171	389.502763	0	0	0	0
3.77	3.912212002	-0.982658547	0	8.356921007	331.4586644	0	0	0	0
3.78	3.912220547	-0.9814828758	0	-19.67290112	260.6481581	0	0	0	0
3.79	3.91228695	-0.9799343976	0	-47.86062538	182.6485318	0	0	0	0
3.8	3.912481927	-0.9780505689	0	-70.20904618	105.4758912	0	0	0	0
3.81	3.913454135	-0.9759512085	0	-41.34791135	52.39000876	0	0	0	0
3.82	3.916618598	-0.9740557665	0	-36.61080977	49.07765285	0	0	0	0
3.83	3.921353487	-0.9725169488	0	-36.15790063	50.88140979	0	0	0	0
3.84	3.926943925	-0.9712394846	0	-33.79476852	49.07599243	0	0	0	0
3.85	3.932963938	-0.9701305338	0	-29.52362103	43.45310437	0	0	0	0
3.86	3.939063165	-0.9691214219	0	-23.97528305	35.13956326	0	0	0	0
3.87	3.944965276	-0.9681768356	0	-18.80239434	27.11761508	0	0	0	0
3.88	3.950499674	-0.9672972526	0	-15.7446022	22.23193796	0	0	0	0
3.89	3.955579048	-0.9665110522	0	-21.19017244	29.17767126	0	0	0	0
3.9	3.960235781	-0.9660115211	0	-24.480202	34.17580725	0	0	0	0
3.91	3.966194553	-0.9652477834	0	0	0	0	0	0	0
3.92	3.973544774	-0.9638675697	0	0	0	0	0	0	0
3.93	3.982167858	-0.9616393988	0	0	0	0	0	0	0
3.94	3.992806007	-0.9587839417	0	0	0	0	0	0	0
3.95	4.006580903	-0.9555260187	0	0	0	0	0	0	0
3.96	4.024068679	-0.9525612036	0	0	0	0	0	0	0
3.97	4.044921753	-0.9501234381	0	0	0	0	0	0	0
3.98	4.068023857	-0.9476632142	0	0	0	0	0	0	0
3.99	4.09204496	-0.9445282548	0	0	0	0	0	0	0
4	4.11597049	-0.9405157391	0	0	0	0	0	0	0
4.01	4.139312073	-0.9359235605	0	0	0	0	0	0	0
4.02	4.162037052	-0.931303649	0	0	0	0	0	0	0
4.03	4.184427589	-0.9271644139	0	0	0	0	0	0	0
4.04	4.206897761	-0.9236650253	0	0	0	0	0	0	0
4.05	4.229754251	-0.9206605045	0	0	0	0	0	0	0
4.06	4.253234765	-0.9179926324	0	0	0	0	0	0	0
4.07	4.277528244	-0.915610687	0	0	0	0	0	0	0
4.08	4.302708012	-0.913488372	0	0	0	0	0	0	0
4.09	4.328669634	-0.9115286656	0	0	0	0	0	0	0
4.1	4.355141323	-0.9095605346	0	0	0	0	0	0	0
4.11	4.381771807	-0.9074020644	0	0	0	0	0	0	0
4.12	4.40824785	-0.9049223913	0	0	0	0	0	0	0
4.13	4.434386558	-0.9020640854	0	0	0	0	0	0	0
4.14	4.460163195	-0.8988252305	0	0	0	0	0	0	0
4.15	4.485675085	-0.8952240606	0	0	0	0	0	0	0
4.16	4.511076923	-0.8912719995	0	0	0	0	0	0	0
4.17	4.536525165	-0.8869672031	0	0	0	0	0	0	0
4.18	4.562153301	-0.8823048874	0	0	0	0	0	0	0
4.19	4.588070917	-0.8772887921	0	0	0	0	0	0	0
4.2	4.614376004	-0.8719335068	0	0	0	0	0	0	0
4.21	4.641166931	-0.8662519419	0	0	0	0	0	0	0
4.22	4.66854883	-0.8602355866	0	0	0	0	0	0	0
4.23	4.696626531	-0.8538316144	0	0	0	0	0	0	0
4.24	4.725476942	-0.846927634	0	0	0	0	0	0	0
4.25	4.755103847	-0.8393592751	0	0	0	0	0	0	0
4.26	4.78539144	-0.8309495398	0	0	0	0	0	0	0
4.27	4.816082789	-0.8215718023	0	0	0	0	0	0	0
4.28	4.846796527	-0.8112084314	0	0	0	0	0	0	0
4.29	4.877060049	-0.7999850773	0	0	0	0	0	0	0
4.3	4.906347381	-0.7881878902	0	0	0	0	0	0	0
4.31	4.934121871	-0.7762662024	0	0	0	0	0	0	0
4.32	4.959896304	-0.7647983716	0	0	0	0	0	0	0
4.33	4.98328254	-0.7544242543	0	0	0	0	0	0	0
4.34	5.004014556	-0.7457766583	0	0	0	0	0	0	0
4.35	5.021957642	-0.7394119952	0	0	0	0	0	0	0
4.36	5.037104521	-0.7357426113	0	0	0	0	0	0	0
4.37	5.049558756	-0.7349946993	0	0	0	0	0	0	0
4.38	5.059515163	-0.7371994111	0	0	0	0	0	0	0
4.39	5.067239116	-0.7422165881	0	0	0	0	0	0	0
4.4	5.073043112	-0.7497827932	0	0	0	0	0	0	0
4.41	5.077260719	-0.7595502182	0	0	0	0	0	0	0
4.42	5.080238055	-0.7710605042	0	0	0	0	0	0	0
4.43	5.082270564	-0.7839689162	0	0	0	0	0	0	0
4.44	5.083562297	-0.7982127649	0	0	0	0	0	0	0
4.45	5.084309116	-0.8137775499	0	0	0	0	0	0	0
4.46	5.084764164	-0.8305581282	0	0	0	0	0	0	0
4.47	5.085227329	-0.8483990223	0	0	0	0	0	0	0
4.48	5.086003032	-0.8671528812	0	0	0	0	0	0	0
4.49	5.088684164	-0.8851529299	0	0	0	0	0	0	0
4.5	5.091810642	-0.903465145	0	0	0	0	0	0	0
4.51	5.094627969	-0.9214857731	0	0	0	0	0	0	0
4.52	5.096908239	-0.9385476378	0	0	0	0	0	0	0
4.53	5.098655907	-0.9541467789	0	-351.9038008	440.4514804	0	0	0	0
4.54	5.098986174	-0.961701781	0	-382.5588143	696.3673085	0	0	0	0
4.55	5.099308138	-0.9678990624	0	-518.2175879	693.1354782	0	0	0	0
4.56	5.099749356	-0.9731571038	0	-535.1177709	671.8288989	0	0	0	0
4.57	5.100209027	-0.9772596871	0	-495.9197655	639.8674942	0	0	0	0
4.58	5.100575344	-0.980202514	0	-383.2348907	603.1861348	0	0	0	0
4.59	5.100809997	-0.9821492912	0	-223.8870833	568.5920215	0	0	0	0
4.6	5.100926234	-0.9833507305	0	-88.86978642	542.8225393	0	0	0	0
4.61	5.100967337	-0.9840792542	0	-34.57423238	530.2036559	0	0	0	0
4.62	5.100990498	-0.9845771904	0	-27.8869903	533.051741	0	0	0	0
4.63	5.101017045	-0.9850197348	0	-42.6871288	546.0023117	0	0	0	0
4.64	5.101055495	-0.9854520169	0	-57.5691998	556.8318224	0	0	0	0
4.65	5.101100651	-0.9858226376	0	-61.39354246	559.5848344	0	0	0	0
4.66	5.101145125	-0.9860866429	0	-56.6247325	556.9672455	0	0	0	0
4.67	5.101184718	-0.9862486876	0	-48.45477619	553.5902251	0	0	0	0
4.68	5.101217951	-0.9863437194	0	-39.57158159	552.0408595	0	0	0	0
4.69	5.101244543	-0.9864112021	0	-30.98968048	553.352138	0	0	0	0
4.7	5.101264901	-0.9864865697	0	-23.4895863	558.2685307	0	0	0	0
4.71	5.101280063	-0.9866009612	0	-17.70357038	567.3386059	0	0	0	0
4.72	5.101291407	-0.9867782976	0	-13.7293829	580.3352006	0	0	0	0
4.73	5.101300181	-0.9870286799	0	-11.09974349	595.9569844	0	0	0	0
4.74	5.101307125	-0.9873437692	0	-8.957524979	612.0561059	0	0	0	0
4.75	5.101312344	-0.9876970163	0	-6.283244339	626.1562906	0	0	0	0
4.76	5.101315247	-0.9880490547	0	-2.119381491	636.026639	0	0	0	0
4.77	5.101314708	-0.9883555929	0	4.187975764	640.02011	0	0	0	0
4.78	5.101309293	-0.9885751372	0	12.7769402	637.250286	0	0	0	0
4.79	5.101297493	-0.9886750276	0	23.25152332	627.582008	0	0	0	0
4.8	5.101277951	-0.9886347868	0	34.86884971	611.5556438	0	0	0	0
4.81	5.101249556	-0.9884474555	0	46.82381412	590.3349338	0	0	0	0
4.82	5.101211452	-0.9881200509	0	58.45598544	565.6569208	0	0	0	0
4.83	5.101163012	-0.9876734252	0	69.34201238	539.7363109	0	0	0	0
4.84	5.101103881	-0.9871411051	0	79.26067363	515.0387122	0	0	0	0
4.85	5.101034128	-0.9865664679	0	88.08539684	493.9285019	0	0	0	0
4.86	5.100954484	-0.9859978922	0	95.63840434	478.2645336	0	0	0	0
4.87	5.100866577	-0.9854824034	0	101.5650428	469.0468649	0	0	0	0
4.88	5.10077303	-0.9850582716	0	105.2915092	466.1229806	0	0	0	0
4.89	5.10067725	-0.9847471505	0	106.1558302	467.9852168	0	0	0	0
4.9	5.100582871	-0.9845465951	0	103.5447254	471.7609513	0	0	0	0
4.91	5.100493258	-0.9844259853	0	97.03959155	473.524069	0	0	0	0
4.92	5.100411204	-0.9843264762	0	86.43600163	468.7947925	0	0	0	0
4.93	5.10033912	-0.9841664861	0	71.63248673	453.235981	0	0	0	0
4.94	5.100279664	-0.9838519985	0	52.60896539	423.422864	0	0	0	0
4.95	5.10023674	-0.983290134	0	29.57989406	377.6146157	0	0	0	0
4.96	5.100217207	-0.9824044109	0	3.17988432	316.4736761	0	0	0	0
4.97	5.100234458	-0.9811497257	0	-25.25636703	243.4761206	0	0	0	0
4.98	5.100318757	-0.9795241764	0	-53.09266774	164.7829423	0	0	0	0
4.99	5.1005681	-0.9775769652	0	-69.82438305	88.95364083	0	0	0	0
5	5.10197091	-0.9754794546	0	-38.22638584	48.96153032	0	0	0	0
5.01	5.105572126	-0.9736653486	0	-36.24775978	49.20675582	0	0	0	0
5.02	5.110552711	-0.9721934688	0	-35.52822525	50.44503814	0	0	0	0
5.03	5.116282724	-0.9709611921	0	-32.81261062	47.90284872	0	0	0	0
5.04	5.122362513	-0.9698807244	0	-28.24345814	41.62246115	0	0	0	0
5.05	5.128454236	-0.968889622	0	-22.68458867	33.18595585	0	0	0	0
5.06	5.134304458	-0.9679609067	0	-17.92375175	25.76210511	0	0	0	0
5.07	5.139766044	-0.9671013375	0	-15.56357757	21.89537072	0	0	0	0
5.08	5.14473618	-0.9663719593	0	-30.94537444	42.27770476	0	0	0	0
5.09	5.149571576	-0.9658705709	0	-16.2012745	23.09469038	0	0	0	0
5.1	5.155956126	-0.9650060252	0	0	0	0	0	0	0
5.11	5.163625666	-0.9634490001	0	0	0	0	0	0	0
5.12	5.172715122	-0.9610842348	0	0	0	0	0	0	0
5.13	5.184055037	-0.9581541701	0	0	0	0	0	0	0
5.14	5.198749343	-0.9549441517	0	0	0	0	0	0	0
5.15	5.217147906	-0.9521591672	0	0	0	0	0	0	0
5.16	5.238695192	-0.9498166776	0	0	0	0	0	0	0
5.17	5.262163348	-0.9472712405	0	0	0	0	0	0	0
5.18	5.286253315	-0.9439399723	0	0	0	0	0	0	0
5.19	5.310063241	-0.9397458586	0	0	0	0	0	0	0
5.2	5.3332252	-0.9350731314	0	0	0	0	0	0	0
5.21	5.355794576	-0.9304955997	0	0	0	0	0	0	0
5.22	5.37811744	-0.9264703188	0	0	0	0	0	0	0
5.23	5.400600046	-0.9230725591	0	0	0	0	0	0	0
5.24	5.423530689	-0.9201326452	0	0	0	0	0	0	0
5.25	5.447138779	-0.9175148517	0	0	0	0	0	0	0
5.26	5.471592225	-0.915182732	0	0	0	0	0	0	0
5.27	5.496924226	-0.9130976397	0	0	0	0	0	0	0
5.28	5.522985357	-0.911141625	0	0	0	0	0	0	0
5.29	5.54947378	-0.9091342822	0	0	0	0	0	0	0
5.3	5.576036945	-0.9069015315	0	0	0	0	0	0	0
5.31	5.602386748	-0.904329692	0	0	0	0	0	0	0
5.32	5.628379185	-0.9013773435	0	0	0	0	0	0	0
5.33	5.654025739	-0.8980508511	0	0	0	0	0	0	0
5.34	5.679445812	-0.8943687399	0	0	0	0	0	0	0
5.35	5.704800472	-0.8903389613	0	0	0	0	0	0	0
5.36	5.730242389	-0.8859572498	0	0	0	0	0	0	0
5.37	5.755898179	-0.8812192771	0	0	0	0	0	0	0
5.38	5.781872261	-0.8761311871	0	0	0	0	0	0	0
5.39	5.808259632	-0.8707083041	0	0	0	0	0	0	0
5.4	5.835157423	-0.86496044	0	0	0	0	0	0	0
5.41	5.862670111	-0.8588719865	0	0	0	0	0	0	0
5.42	5.890898031	-0.8523783885	0	0	0	0	0	0	0
5.43	5.919906206	-0.8453552911	0	0	0	0	0	0	0
5.44	5.949677224	-0.8376320848	0	0	0	0	0	0	0
5.45	5.980067711	-0.8290369402	0	0	0	0	0	0	0
5.46	6.010794369	-0.8194610169	0	0	0	0	0	0	0
5.47	6.041455406	-0.8089128623	0	0	0	0	0	0	0
5.48	6.071564486	-0.7975484578	0	0	0	0	0	0	0
5.49	6.100588894	-0.7856867031	0	0	0	0	0	0	0
5.5	6.127997185	-0.7738059725	0	0	0	0	0	0	0
5.51	6.153318191	-0.7625025209	0	0	0	0	0	0	0
5.52	6.176185572	-0.7524212719	0	0	0	0	0	0	0
5.53	6.196358542	-0.7441863762	0	0	0	0	0	0	0
5.54	6.213727941	-0.7383314222	0	0	0	0	0	0	0
5.55	6.228309487	-0.7352351379	0	0	0	0	0	0	0
5.56	6.24022643	-0.735084984	0	0	0	0	0	0	0
5.57	6.249689296	-0.7378752563	0	0	0	0	0	0	0
5.58	6.256975114	-0.7434364136	0	0	0	0	0	0	0
5.59	6.262403501	-0.7514859549	0	0	0	0	0	0	0
5.6	6.266311113	-0.7616548212	0	0	0	0	0	0	0
5.61	6.269043749	-0.7734755762	0	0	0	0	0	0	0
5.62	6.27087785	-0.786663452	0	0	0	0	0	0	0
5.63	6.272008866	-0.8011864291	0	0	0	0	0	0	0
5.64	6.272642728	-0.8170149912	0	0	0	0	0	0	0
5.65	6.273045753	-0.8340274763	0	0	0	0	0	0	0
5.66	6.273522299	-0.8520679682	0	0	0	0	0	0	0
5.67	6.27449459	-0.8708262028	0	0	0	0	0	0	0
5.68	6.277450789	-0.8887802823	0	0	0	0	0	0	0
5.69	6.280555416	-0.9071180391	0	0	0	0	0	0	0
5.7	6.283269254	-0.9249855623	0	0	0	0	0	0	0
5.71	6.285446293	-0.9418366802	0	0	0	0	0	0	0
5.72	6.286927538	-0.9561324083	0	-442.4501297	576.1079544	0	0	0	0
5.73	6.287178685	-0.9630083836	0	-419.0240801	699.1850253	0	0	0	0
5.74	6.287528243	-0.9690531017	0	-529.8856944	690.3767565	0	0	0	0
5.75	6.287982921	-0.9740926567	0	-531.1832351	666.7831078	0	0	0	0
5.76	6.288430272	-0.9779582171	0	-480.1576636	633.1852856	0	0	0	0
5.77	6.288770446	-0.9806844364	0	-352.3953655	596.3045516	0	0	0	0
5.78	6.288978848	-0.982458563	0	-192.4826138	562.8106399	0	0	0	0
5.79	6.289075096	-0.9835413452	0	-69.22909649	539.3468836	0	0	0	0
5.8	6.289108849	-0.9842024987	0	-31.64396993	529.6951011	0	0	0	0
5.81	6.289130694	-0.9846762576	0	-29.18935862	535.2565396	0	0	0	0
5.82	6.289159162	-0.9851155046	0	-45.83995856	548.7354143	0	0	0	0
5.83	6.28919928	-0.9855389418	0	-58.90682149	558.0502783	0	0	0	0
5.84	6.289244582	-0.9858887882	0	-60.67764523	559.3270641	0	0	0	0
5.85	6.289288149	-0.9861293249	0	-54.98952188	556.2202478	0	0	0	0
5.86	6.289326463	-0.9862737305	0	-46.64933702	553.0581027	0	0	0	0
5.87	6.289358371	-0.9863592637	0	-37.85065115	551.9913856	0	0	0	0
5.88	6.289383725	-0.9864246543	0	-29.4830453	553.9254919	0	0	0	0
5.89	6.289403048	-0.9865044394	0	-22.33167776	559.6015652	0	0	0	0
5.9	6.289417454	-0.9866287411	0	-16.93718257	569.4679133	0	0	0	0
5.91	6.289428314	-0.9868193264	0	-13.29201577	583.0979524	0	0	0	0
5.92	6.289436804	-0.9870829698	0	-10.8427099	598.9894108	0	0	0	0
5.93	6.289443544	-0.9874075906	0	-8.680872477	614.8853767	0	0	0	0
5.94	6.289448494	-0.9877635654	0	-5.780336156	628.3185407	0	0	0	0
5.95	6.289450938	-0.9881098865	0	-1.221687109	637.1425076	0	0	0	0
5.96	6.289449662	-0.9884022249	0	5.555514298	639.8555325	0	0	0	0
5.97	6.289443198	-0.9886004164	0	14.57769586	635.7171264	0	0	0	0
5.98	6.289430049	-0.9886738837	0	25.35924551	624.7281742	0	0	0	0
5.99	6.289408891	-0.9886047154	0	37.13293156	607.5599518	0	0	0	0
6	6.289378693	-0.9883886346	0	49.09953401	585.4887367	0	0	0	0
6.01	6.289338615	-0.9880354277	0	60.64749921	560.3671299	0	0	0	0
6.02	6.289288067	-0.9875686695	0	71.39632965	534.4905322	0	0	0	0
6.03	6.289226766	-0.987024232	0	81.15122177	510.3416447	0	0	0	0
6.04	6.289154888	-0.9864470482	0	89.78397478	490.2185484	0	0	0	0
6.05	6.289073327	-0.9858858707	0	97.08372308	475.8334196	0	0	0	0
6.06	6.288983928	-0.9853866022	0	102.645734	467.9702059	0	0	0	0
6.07	6.288889508	-0.9849847908	0	105.8664524	466.2073202	0	0	0	0
6.08	6.288793579	-0.9846975991	0	106.0718263	468.737832	0	0	0	0
6.09	6.288699788	-0.9845170243	0	102.6814825	472.4385861	0	0	0	0
6.1	6.288611392	-0.9844063173	0	95.32925568	473.2120744	0	0	0	0
6.11	6.288531078	-0.9843012217	0	83.84351987	466.5439923	0	0	0	0
6.12	6.288461254	-0.9841165313	0	68.13443789	448.2229495	0	0	0	0
6.13	6.288404737	-0.9837572135	0	48.22253978	415.1117245	0	0	0	0
6.14	6.288365881	-0.9831325165	0	24.39768601	365.9211305	0	0	0	0
6.15	6.288352494	-0.9821713785	0	-2.586448524	301.8950052	0	0	0	0
6.16	6.288380243	-0.9808369921	0	-31.19265682	227.1038295	0	0	0	0
6.17	6.288486139	-0.97913769	0	-58.31477642	148.2294095	0	0	0	0
6.18	6.288820889	-0.9771339963	0	-59.16872643	73.98165977	0	0	0	0
6.19	6.290699256	-0.9750649534	0	-36.91142701	47.8412656	0	0	0	0
6.2	6.294661936	-0.9733292843	0	-36.223821	49.70779703	0	0	0	0
6.21	6.299836871	-0.9719162156	0	-35.10826578	50.20467606	0	0	0	0
6.22	6.305667425	-0.9707224461	0	-31.99449811	46.8657067	0	0	0	0
6.23	6.311772446	-0.9696651462	0	-27.11600081	39.94071243	0	0	0	0
6.24	6.317827677	-0.9686884553	0	-21.57465578	31.45969839	0	0	0	0
6.25	6.323602633	-0.9677733219	0	-17.22285043	24.64409693	0	0	0	0
6.26	6.328970947	-0.9669314953	0	-15.49540149	21.69933883	0	0	0	0
6.27	6.333803398	-0.9662728677	0	-35.85183062	48.85347467	0	0	0	0
6.28	6.338883998	-0.9657256641	0	-8.659227205	12.5925452	0	0	0	0
6.29	6.345595218	-0.9647519166	0	0	0	0	0	0	0
6.3	6.353520525	-0.963018272	0	0	0	0	0	0	0
6.31	6.363013668	-0.9605220814	0	0	0	0	0	0	0
6.32	6.374986503	-0.9574995412	0	0	0	0	0	0	0
6.33	6.390468876	-0.9543377681	0	0	0	0	0	0	0
6.34	6.409610588	-0.9516818748	0	0	0	0	0	0	0
6.35	6.431677591	-0.9493633436	0	0	0	0	0	0	0
6.36	6.455374837	-0.9466894641	0	0	0	0	0	0	0
6.37	6.479457196	-0.94316424	0	0	0	0	0	0	0
6.38	6.503134966	-0.9388240752	0	0	0	0	0	0	0
6.39	6.526144035	-0.9341177185	0	0	0	0	0	0	0
6.4	6.548610015	-0.9296225864	0	0	0	0	0	0	0
6.41	6.570921006	-0.9257296099	0	0	0	0	0	0	0
6.42	6.593461223	-0.9224399364	0	0	0	0	0	0	0
6.43	6.616501749	-0.919572671	0	0	0	0	0	0	0
6.44	6.640262476	-0.9170155109	0	0	0	0	0	0	0
6.45	6.664888894	-0.9147409813	0	0	0	0	0	0	0
6.46	6.69037704	-0.912696802	0	0	0	0	0	0	0
6.47	6.71653975	-0.9107476589	0	0	0	0	0	0	0
6.48	6.743054373	-0.9087083095	0	0	0	0	0	0	0
6.49	6.769573876	-0.906414396	0	0	0	0	0	0	0
6.5	6.795835888	-0.9037677365	0	0	0	0	0	0	0
6.51	6.821731557	-0.9007398449	0	0	0	0	0	0	0
6.52	6.847300923	-0.8973423471	0	0	0	0	0	0	0
6.53	6.872677641	-0.8935925061	0	0	0	0	0	0	0
6.54	6.898024336	-0.8894950802	0	0	0	0	0	0	0
6.55	6.923489199	-0.8850445466	0	0	0	0	0	0	0
6.56	6.94919256	-0.88023783	0	0	0	0	0	0	0
6.57	6.975235033	-0.8750835197	0	0	0	0	0	0	0
6.58	7.001710411	-0.8695972712	0	0	0	0	0	0	0
6.59	7.028717006	-0.8637859375	0	0	0	0	0	0	0
6.6	7.0563596	-0.8576258483	0	0	0	0	0	0	0
6.61	7.084734549	-0.8510409043	0	0	0	0	0	0	0
6.62	7.1138948	-0.8438957388	0	0	0	0	0	0	0
6.63	7.143801155	-0.8360150701	0	0	0	0	0	0	0
6.64	7.174282949	-0.8272342924	0	0	0	0	0	0	0
6.65	7.205031368	-0.8174640432	0	0	0	0	0	0	0
6.66	7.235624979	-0.806740011	0	0	0	0	0	0	0
6.67	7.26556623	-0.7952489025	0	0	0	0	0	0	0
6.68	7.294317418	-0.7833417739	0	0	0	0	0	0	0
6.69	7.321354629	-0.7715243743	0	0	0	0	0	0	0
6.7	7.346223888	-0.7604082867	0	0	0	0	0	0	0
6.71	7.368582098	-0.7506396705	0	0	0	0	0	0	0
6.72	7.388214028	-0.7428304637	0	0	0	0	0	0	0
6.73	7.405035379	-0.7374889638	0	0	0	0	0	0	0
6.74	7.419084202	-0.7349585795	0	0	0	0	0	0	0
6.75	7.430502211	-0.7353883339	0	0	0	0	0	0	0
6.76	7.43951438	-0.7387376424	0	0	0	0	0	0	0
6.77	7.446407785	-0.74481071	0	0	0	0	0	0	0
6.78	7.451507372	-0.7533085751	0	0	0	0	0	0	0
6.79	7.455152529	-0.7638393526	0	0	0	0	0	0	0
6.8	7.457683702	-0.7759417022	0	0	0	0	0	0	0
6.81	7.459357371	-0.7893928509	0	0	0	0	0	0	0
6.82	7.460363889	-0.8041795757	0	0	0	0	0	0	0
6.83	7.46092002	-0.8202544891	0	0	0	0	0	0	0
6.84	7.461303399	-0.8374825996	0	0	0	0	0	0	0
6.85	7.461820088	-0.8557102561	0	0	0	0	0	0	0
6.86	7.463195115	-0.8742907749	0	0	0	0	0	0	0
6.87	7.466228201	-0.8923604156	0	0	0	0	0	0	0
6.88	7.46928913	-0.9106790281	0	0	0	0	0	0	0
6.89	7.471897207	-0.9283701188	0	0	0	0	0	0	0
6.9	7.473977545	-0.9450055193	0	0	0	0	0	0	0
6.91	7.475150823	-0.9576530512	0	-358.8724752	642.4778	0	0	0	0
6.92	7.475397111	-0.9642547787	0	-450.823128	699.6306785	0	0	0	0
6.93	7.475772692	-0.970128136	0	-536.388502	686.7134113	0	0	0	0
6.94	7.476236236	-0.9749452376	0	-525.7138521	660.933325	0	0	0	0
6.95	7.476667963	-0.9785794689	0	-461.1396226	626.1022505	0	0	0	0
6.96	7.476982266	-0.98110166	0	-321.1375153	589.3470175	0	0	0	0
6.97	7.477166183	-0.9827186846	0	-163.586789	557.3122931	0	0	0	0
6.98	7.477245113	-0.9836983136	0	-53.95773274	536.3411747	0	0	0	0
6.99	7.47727405	-0.9843054773	0	-28.47187778	529.7054369	0	0	0	0
7	7.477295805	-0.9847639649	0	-31.65246372	537.7002961	0	0	0	0
7.01	7.477326623	-0.9852023648	0	-49.07724441	551.1789747	0	0	0	0
7.02	7.477368329	-0.9856161092	0	-60.02580923	558.8949251	0	0	0	0
7.03	7.47741368	-0.9859455649	0	-59.90648002	558.9218654	0	0	0	0
7.04	7.477456355	-0.9861649602	0	-53.42652041	555.5299201	0	0	0	0
7.05	7.477493448	-0.9862946326	0	-44.921941	552.6738439	0	0	0	0
7.06	7.477524064	-0.9863732952	0	-36.16767592	552.1338385	0	0	0	0
7.07	7.477548188	-0.9864388648	0	-27.99102978	554.7352548	0	0	0	0
7.08	7.477566466	-0.9865250307	0	-21.16384054	561.2057042	0	0	0	0
7.09	7.477580097	-0.9866607799	0	-16.13777318	571.8648842	0	0	0	0
7.1	7.477590446	-0.9868654748	0	-12.78703196	586.0766879	0	0	0	0
7.11	7.477598595	-0.9871423859	0	-10.46907297	602.1565209	0	0	0	0
7.12	7.477605036	-0.9874757438	0	-8.237833568	617.7541984	0	0	0	0
7.13	7.477609588	-0.9878331206	0	-5.076371047	630.4368896	0	0	0	0
7.14	7.477611423	-0.9881722562	0	-0.1108606284	638.1597402	0	0	0	0
7.15	7.477609269	-0.9884489978	0	7.125287976	639.5643222	0	0	0	0
7.16	7.477601628	-0.9886247195	0	16.54789013	634.0611435	0	0	0	0
7.17	7.477587024	-0.9886711697	0	27.59579259	621.7873417	0	0	0	0
7.18	7.477564196	-0.9885730291	0	39.46815665	603.5319771	0	0	0	0
7.19	7.477532127	-0.9883287561	0	51.39904116	580.6958266	0	0	0	0
7.2	7.477490036	-0.987950916	0	62.81868584	555.2318349	0	0	0	0
7.21	7.477437387	-0.9874656721	0	73.38988453	529.4970956	0	0	0	0
7.22	7.47737397	-0.9869109997	0	82.94249655	505.9704011	0	0	0	0
7.23	7.477300081	-0.986333051	0	91.34499511	486.8650452	0	0	0	0
7.24	7.477216783	-0.9857806066	0	98.35359956	473.736957	0	0	0	0
7.25	7.477126119	-0.9852981699	0	103.5085978	467.1532817	0	0	0	0
7.26	7.4770311	-0.9849183675	0	106.1918208	466.4331608	0	0	0	0
7.27	7.476935282	-0.9846537573	0	105.7322618	469.4812468	0	0	0	0
7.28	7.476842287	-0.9844908367	0	101.5797372	472.9527329	0	0	0	0
7.29	7.476755264	-0.9843871378	0	93.41586973	472.6142786	0	0	0	0
7.3	7.476676803	-0.9842735313	0	81.0979727	463.9495366	0	0	0	0
7.31	7.47660932	-0.9840618705	0	64.54962539	442.9014772	0	0	0	0
7.32	7.476555838	-0.9836568164	0	43.82621789	406.6387074	0	0	0	0
7.33	7.476521205	-0.982970284	0	19.29257162	354.3247602	0	0	0	0
7.34	7.476514287	-0.9819369177	0	-8.169847859	287.7575048	0	0	0	0
7.35	7.476553385	-0.9805280558	0	-36.81286928	211.5502487	0	0	0	0
7.36	7.476683915	-0.9787619369	0	-62.94080477	132.8706985	0	0	0	0
7.37	7.477162789	-0.9767115469	0	-50.32863543	63.05697966	0	0	0	0
7.38	7.479507117	-0.9746908723	0	-36.37212047	47.70512282	0	0	0	0
7.39	7.483772489	-0.9730270348	0	-36.16108521	50.09643862	0	0	0	0
7.4	7.489111675	-0.9716651157	0	-34.64616017	49.84952496	0	0	0	0
7.41	7.495024949	-0.9705042932	0	-31.15243446	45.74859941	0	0	0	0
7.42	7.501143098	-0.9694663515	0	-26.01857886	38.28703958	0	0	0	0
7.43	7.507157306	-0.9685022201	0	-20.56414121	29.88777304	0	0	0	0
7.44	7.512858498	-0.9676000772	0	-16.65016916	23.72430123	0	0	0	0
7.45	7.518138596	-0.9667756598	0	-15.59175828	21.7403091	0	0	0	0
7.46	7.522865688	-0.9661868019	0	-34.89371523	47.76330894	0	0	0	0
7.47	7.528246379	-0.9655722681	0	-2.015153443	2.990856563	0	0	0	0
7.48	7.535232398	-0.9644782163	0	0	0	0	0	0	0
7.49	7.543413251	-0.9625772058	0	0	0	0	0	0	0
7.5	7.553312416	-0.9599657423	0	0	0	0	0	0	0
7.51	7.565923664	-0.9568612323	0	0	0	0	0	0	0
7.52	7.582148647	-0.9537697605	0	0	0	0	0	0	0
7.53	7.601955661	-0.9512224676	0	0	0	0	0	0	0
7.54	7.624455742	-0.948892351	0	0	0	0	0	0	0
7.55	7.648317119	-0.94607403	0	0	0	0	0	0	0
7.56	7.672363336	-0.9423676511	0	0	0	0	0	0	0
7.57	7.695912651	-0.9379104978	0	0	0	0	0	0	0
7.58	7.718791881	-0.9331997942	0	0	0	0	0	0	0
7.59	7.741188008	-0.9288038811	0	0	0	0	0	0	0
7.6	7.763515107	-0.9250397158	0	0	0	0	0	0	0
7.61	7.786131885	-0.9218474523	0	0	0	0	0	0	0
7.62	7.809295952	-0.9190462629	0	0	0	0	0	0	0
7.63	7.8332173	-0.9165463771	0	0	0	0	0	0	0
7.64	7.858017378	-0.9143241746	0	0	0	0	0	0	0
7.65	7.8836561	-0.9123123029	0	0	0	0	0	0	0
7.66	7.909913005	-0.9103606924	0	0	0	0	0	0	0
7.67	7.93645098	-0.9082827782	0	0	0	0	0	0	0
7.68	7.962931565	-0.9059249251	0	0	0	0	0	0	0
7.69	7.989120006	-0.9032039534	0	0	0	0	0	0	0
7.7	8.014939556	-0.9001022183	0	0	0	0	0	0	0
7.71	8.040454106	-0.896634846	0	0	0	0	0	0	0
7.72	8.065808269	-0.8928174029	0	0	0	0	0	0	0
7.73	8.091164129	-0.8886517977	0	0	0	0	0	0	0
7.74	8.116664334	-0.8841318047	0	0	0	0	0	0	0
7.75	8.142424475	-0.8792563741	0	0	0	0	0	0	0
7.76	8.16854246	-0.8740361921	0	0	0	0	0	0	0
7.77	8.195112091	-0.8684867104	0	0	0	0	0	0	0
7.78	8.222233121	-0.8626108133	0	0	0	0	0	0	0
7.79	8.250010443	-0.8563759637	0	0	0	0	0	0	0
7.8	8.278535324	-0.849694402	0	0	0	0	0	0	0
7.81	8.307846703	-0.8424203994	0	0	0	0	0	0	0
7.82	8.33788227	-0.8343759963	0	0	0	0	0	0	0
7.83	8.368443517	-0.8254062823	0	0	0	0	0	0	0
7.84	8.399196951	-0.8154433236	0	0	0	0	0	0	0
7.85	8.429703732	-0.8045506135	0	0	0	0	0	0	0
7.86	8.459455365	-0.7929459474	0	0	0	0	0	0	0
7.87	8.487912702	-0.7810123745	0	0	0	0	0	0	0
7.88	8.514560158	-0.769281818	0	0	0	0	0	0	0
7.89	8.538963701	-0.7583776487	0	0	0	0	0	0	0
7.9	8.560804046	-0.7489445846	0	0	0	0	0	0	0
7.91	8.579891456	-0.741580134	0	0	0	0	0	0	0
7.92	8.596166473	-0.7367646728	0	0	0	0	0	0	0
7.93	8.609688832	-0.7348049469	0	0	0	0	0	0	0
7.94	8.620618053	-0.7358117223	0	0	0	0	0	0	0
7.95	8.62919299	-0.7397106691	0	0	0	0	0	0	0
7.96	8.635710068	-0.7462817519	0	0	0	0	0	0	0
7.97	8.640498092	-0.7552106485	0	0	0	0	0	0	0
7.98	8.643899666	-0.7660810573	0	0	0	0	0	0	0
7.99	8.64624539	-0.7784535617	0	0	0	0	0	0	0
8	8.64777278	-0.7921648006	0	0	0	0	0	0	0
8.01	8.648670667	-0.8072098215	0	0	0	0	0	0	0
8.02	8.649167897	-0.8235219855	0	0	0	0	0	0	0
8.03	8.649551209	-0.8409564766	0	0	0	0	0	0	0
8.04	8.650126244	-0.8593641679	0	0	0	0	0	0	0
8.05	8.651923342	-0.8777765231	0	0	0	0	0	0	0
8.06	8.655005538	-0.8959332834	0	0	0	0	0	0	0
8.07	8.658003245	-0.9141938376	0	0	0	0	0	0	0
8.08	8.66050443	-0.9316945698	0	0	0	0	0	0	0
8.09	8.662492816	-0.9481146475	0	0	0	0	0	0	0
8.1	8.663358827	-0.9590107936	0	-327.407759	682.6880138	0	0	0	0
8.11	8.663623132	-0.965467324	0	-477.9278019	698.6905235	0	0	0	0
8.12	8.664022695	-0.9711551747	0	-538.9020355	682.581512	0	0	0	0
8.13	8.664490092	-0.9757457026	0	-518.6335251	654.6490925	0	0	0	0
8.14	8.664903023	-0.979152328	0	-438.8907237	618.8931139	0	0	0	0
8.15	8.665191346	-0.9814793107	0	-289.4702615	582.5091014	0	0	0	0
8.16	8.665351979	-0.9829504016	0	-136.7941559	552.2039566	0	0	0	0
8.17	8.665415878	-0.9838377906	0	-42.75112675	533.8299685	0	0	0	0
8.18	8.665441713	-0.9844002397	0	-26.76262841	530.2307726	0	0	0	0
8.19	8.665464237	-0.984848944	0	-34.73778539	540.3145511	0	0	0	0
8.2	8.665497494	-0.985286273	0	-52.07588332	553.3244651	0	0	0	0
8.21	8.665540536	-0.9856880357	0	-60.7671643	559.3960781	0	0	0	0
8.22	8.665585747	-0.9859963981	0	-58.96689895	558.3655794	0	0	0	0
8.23	8.665627473	-0.9861957808	0	-51.84882052	554.8440465	0	0	0	0
8.24	8.665663342	-0.9863124214	0	-43.21615579	552.3533501	0	0	0	0
8.25	8.665692681	-0.9863857644	0	-34.51867252	552.3683905	0	0	0	0
8.26	8.665715604	-0.9864528818	0	-26.54510029	555.6703646	0	0	0	0
8.27	8.665732882	-0.9865466641	0	-20.05063222	562.9551801	0	0	0	0
8.28	8.665745779	-0.9866947662	0	-15.38149471	574.3914223	0	0	0	0
8.29	8.66575564	-0.9869138702	0	-12.29405729	589.1275134	0	0	0	0
8.3	8.665763445	-0.9872036163	0	-10.07227575	605.3111935	0	0	0	0
8.31	8.665769564	-0.987544649	0	-7.73797968	620.527239	0	0	0	0
8.32	8.665773677	-0.9879020064	0	-4.283487864	632.3893693	0	0	0	0
8.33	8.665774853	-0.9882324392	0	1.104314876	638.9690566	0	0	0	0
8.34	8.665771758	-0.9884923611	0	8.790051468	639.0560096	0	0	0	0
8.35	8.66576288	-0.9886448484	0	18.58530931	632.2065802	0	0	0	0
8.36	8.665746768	-0.9886640253	0	29.86144363	618.691073	0	0	0	0
8.37	8.66572222	-0.9885372136	0	41.8005423	599.4174055	0	0	0	0
8.38	8.665688259	-0.9882655947	0	53.670774	575.9015871	0	0	0	0
8.39	8.665644153	-0.9878644388	0	64.94704216	550.1898178	0	0	0	0
8.4	8.665589419	-0.9873623924	0	75.33221807	524.6895014	0	0	0	0
8.41	8.665523926	-0.9867993706	0	84.6752715	501.8603312	0	0	0	0
8.42	8.665448096	-0.9862225378	0	92.83227168	483.8185096	0	0	0	0
8.43	8.665363169	-0.985680418	0	99.52565465	471.9511156	0	0	0	0
8.44	8.665271405	-0.9852158917	0	104.2542852	466.6052164	0	0	0	0
8.45	8.665175922	-0.9848581404	0	106.3755913	466.8183067	0	0	0	0
8.46	8.665080373	-0.9846151851	0	105.2337914	470.2442987	0	0	0	0
8.47	8.664988304	-0.984467933	0	100.3189381	473.3248861	0	0	0	0
8.48	8.66490275	-0.9843684231	0	91.35954545	471.7196873	0	0	0	0
8.49	8.664826218	-0.9842430818	0	78.22441561	460.9442208	0	0	0	0
8.5	8.664761181	-0.9840013573	0	60.85159027	437.1156089	0	0	0	0
8.51	8.664710903	-0.9835480999	0	39.34673044	397.728427	0	0	0	0
8.52	8.664680778	-0.9827984084	0	14.15534847	342.4193381	0	0	0	0
8.53	8.664680923	-0.9816930579	0	-13.7104329	273.5355296	0	0	0	0
8.54	8.664732709	-0.9802118928	0	-42.25443193	196.2185358	0	0	0	0
8.55	8.664892616	-0.9783829141	0	-66.89478905	118.0932491	0	0	0	0
8.56	8.665591024	-0.9762988662	0	-44.39242747	55.87831593	0	0	0	0
8.57	8.668378649	-0.974339427	0	-36.20070122	48.03704586	0	0	0	0
8.58	8.672906335	-0.9727426574	0	-36.0303781	50.34866465	0	0	0	0
8.59	8.678388112	-0.9714269411	0	-34.12062443	49.35756212	0	0	0	0
8.6	8.68436798	-0.9702953417	0	-30.26252231	44.52044206	0	0	0	0
8.61	8.690486955	-0.9692744476	0	-24.93016902	36.63012088	0	0	0	0
8.62	8.69645302	-0.9683221869	0	-19.63424839	28.43672322	0	0	0	0
8.63	8.702077903	-0.9674333845	0	-16.19477149	22.97875292	0	0	0	0
8.64	8.707268829	-0.9666278918	0	-16.63926856	23.09090413	0	0	0	0
8.65	8.71194483	-0.9660970551	0	-30.17342031	41.71089742	0	0	0	0
8.66	8.717654701	-0.9654073734	0	0	0	0	0	0	0
8.67	8.724879426	-0.9641769673	0	0	0	0	0	0	0
8.68	8.733332843	-0.9621171738	0	0	0	0	0	0	0
8.69	8.743662117	-0.9594015759	0	0	0	0	0	0	0
8.7	8.756935762	-0.9562346029	0	0	0	0	0	0	0
8.71	8.773885234	-0.9532335123	0	0	0	0	0	0	0
8.72	8.794306549	-0.9507771036	0	0	0	0	0	0	0
8.73	8.817177037	-0.9484058279	0	0	0	0	0	0	0
8.74	8.841152782	-0.9454298716	0	0	0	0	0	0	0
8.75	8.865138054	-0.9415520932	0	0	0	0	0	0	0
8.76	8.888556563	-0.937000524	0	0	0	0	0	0	0
8.77	8.911317217	-0.9323088363	0	0	0	0	0	0	0
8.78	8.933664081	-0.9280235492	0	0	0	0	0	0	0
8.79	8.956022406	-0.9243830573	0	0	0	0	0	0	0
8.8	8.978725623	-0.9212792267	0	0	0	0	0	0	0
8.81	9.002020542	-0.9185399168	0	0	0	0	0	0	0
8.82	9.026105673	-0.916095847	0	0	0	0	0	0	0
8.83	9.051075994	-0.913922556	0	0	0	0	0	0	0
8.84	9.076855324	-0.9119364972	0	0	0	0	0	0	0
8.85	9.103193273	-0.9099751761	0	0	0	0	0	0	0
8.86	9.12974299	-0.907853488	0	0	0	0	0	0	0
8.87	9.156178833	-0.9054298313	0	0	0	0	0	0	0
8.88	9.182294919	-0.902635384	0	0	0	0	0	0	0
8.89	9.208045079	-0.8994617616	0	0	0	0	0	0	0
8.9	9.233514195	-0.8959262884	0	0	0	0	0	0	0
8.91	9.2588548	-0.8920423335	0	0	0	0	0	0	0
8.92	9.284226711	-0.887809127	0	0	0	0	0	0	0
8.93	9.309767334	-0.8832205841	0	0	0	0	0	0	0
8.94	9.335587854	-0.87827775	0	0	0	0	0	0	0
8.95	9.361784356	-0.8729932338	0	0	0	0	0	0	0
8.96	9.388451215	-0.8673817742	0	0	0	0	0	0	0
8.97	9.41568951	-0.8614409529	0	0	0	0	0	0	0
8.98	9.443603575	-0.8551289116	0	0	0	0	0	0	0
8.99	9.472278357	-0.8483463653	0	0	0	0	0	0	0
9	9.501737075	-0.840938318	0	0	0	0	0	0	0
9.01	9.531892878	-0.8327262434	0	0	0	0	0	0	0
9.02	9.562520007	-0.8235673877	0	0	0	0	0	0	0
9.03	9.593262223	-0.8134163764	0	0	0	0	0	0	0
9.04	9.623664578	-0.802364962	0	0	0	0	0	0	0
9.05	9.653209258	-0.7906623897	0	0	0	0	0	0	0
9.06	9.681356642	-0.7787230168	0	0	0	0	0	0	0
9.07	9.707603208	-0.767101429	0	0	0	0	0	0	0
9.08	9.731535095	-0.7564304035	0	0	0	0	0	0	0
9.09	9.752857145	-0.7473510975	0	0	0	0	0	0	0
9.1	9.771404776	-0.740444001	0	0	0	0	0	0	0
9.11	9.787142895	-0.7361593102	0	0	0	0	0	0	0
9.12	9.800151917	-0.7347668856	0	0	0	0	0	0	0
9.13	9.810608197	-0.7363401266	0	0	0	0	0	0	0
9.14	9.818763328	-0.7407729844	0	0	0	0	0	0	0
9.15	9.824921948	-0.747823656	0	0	0	0	0	0	0
9.16	9.829416021	-0.7571623095	0	0	0	0	0	0	0
9.17	9.832590949	-0.7683496148	0	0	0	0	0	0	0
9.18	9.834763332	-0.780983039	0	0	0	0	0	0	0
9.19	9.836154321	-0.7949511523	0	0	0	0	0	0	0
9.2	9.836954668	-0.8102481826	0	0	0	0	0	0	0
9.21	9.837405535	-0.8267886012	0	0	0	0	0	0	0
9.22	9.837801452	-0.8444207728	0	0	0	0	0	0	0
9.23	9.83844521	-0.863002176	0	0	0	0	0	0	0
9.24	9.84065518	-0.8812237441	0	0	0	0	0	0	0
9.25	9.843769612	-0.8994639932	0	0	0	0	0	0	0
9.26	9.846689223	-0.9176317566	0	0	0	0	0	0	0
9.27	9.849085493	-0.9349341023	0	0	0	0	0	0	0
9.28	9.850986745	-0.9511389353	0	-44.49253168	56.04879967	0	0	0	0
9.29	9.851562167	-0.9602877782	0	-340.4154537	692.4209534	0	0	0	0
9.3	9.851852657	-0.9666338085	0	-499.8006076	696.7843943	0	0	0	0
9.31	9.852273348	-0.97212698	0	-538.4593289	678.0802466	0	0	0	0
9.32	9.852739541	-0.9764905595	0	-509.5647367	648.1299103	0	0	0	0
9.33	9.853131368	-0.9796767212	0	-414.0237471	611.7428388	0	0	0	0
9.34	9.853394078	-0.9818195774	0	-258.1871643	575.9776209	0	0	0	0
9.35	9.853532884	-0.9831570243	0	-112.5600591	547.6148156	0	0	0	0
9.36	9.85358432	-0.9839631138	0	-35.94539199	531.8697299	0	0	0	0
9.37	9.853608264	-0.9844895451	0	-26.34232826	531.2900729	0	0	0	0
9.38	9.853632181	-0.9849326191	0	-38.12230598	542.9962657	0	0	0	0
9.39	9.853667775	-0.9853676829	0	-54.66927628	555.149941	0	0	0	0
9.4	9.853711834	-0.9857552872	0	-61.10492005	559.6162077	0	0	0	0
9.41	9.853756705	-0.9860423416	0	-57.86217253	557.7337734	0	0	0	0
9.42	9.853797423	-0.9862230928	0	-50.25060863	554.2154038	0	0	0	0
9.43	9.853832067	-0.9863283993	0	-41.53253852	552.133856	0	0	0	0
9.44	9.853860152	-0.9863978619	0	-32.9147823	552.7240797	0	0	0	0
9.45	9.85388192	-0.9864677581	0	-25.17782328	556.7481664	0	0	0	0
9.46	9.853898258	-0.9865701437	0	-19.01960812	564.8454929	0	0	0	0
9.47	9.853910479	-0.9867311076	0	-14.68710409	577.0165437	0	0	0	0
9.48	9.853919888	-0.9869644366	0	-11.83127896	592.1987103	0	0	0	0
9.49	9.853927363	-0.9872661226	0	-9.666486189	608.3911949	0	0	0	0
9.5	9.853933141	-0.9876134124	0	-7.195863301	623.144531	0	0	0	0
9.51	9.853936779	-0.9879691464	0	-3.421938171	634.1238599	0	0	0	0
9.52	9.853937254	-0.9882893357	0	2.396077953	639.529578	0	0	0	0
9.53	9.853933169	-0.9885312689	0	10.51687484	638.2988403	0	0	0	0
9.54	9.853923013	-0.9886598473	0	20.65494806	630.1308643	0	0	0	0
9.55	9.853905369	-0.988651635	0	32.12442468	615.4229604	0	0	0	0
9.56	9.853879078	-0.9884965723	0	44.10276007	595.2022285	0	0	0	0
9.57	9.853843218	-0.988198545	0	55.89185382	571.0926804	0	0	0	0
9.58	9.853797104	-0.9877754569	0	67.01432745	545.2265394	0	0	0	0
9.59	9.853740304	-0.9872583289	0	77.20926304	520.0496851	0	0	0	0
9.6	9.853672776	-0.9866888393	0	86.33875461	497.9880463	0	0	0	0
9.61	9.853595071	-0.9861149406	0	94.24362059	481.0469215	0	0	0	0
9.62	9.85350862	-0.9855846267	0	100.6020004	470.4358205	0	0	0	0
9.63	9.853415861	-0.9851387093	0	104.8852319	466.2642639	0	0	0	0
9.64	9.853320075	-0.9848029989	0	106.4342998	467.3118622	0	0	0	0
9.65	9.853224924	-0.9845806699	0	104.6009247	470.9801122	0	0	0	0
9.66	9.853133883	-0.9844471029	0	98.92633843	473.5171275	0	0	0	0
9.67	9.853049867	-0.9843490106	0	89.17697594	470.5008059	0	0	0	0
9.68	9.852975333	-0.9842087962	0	75.22698626	457.5037419	0	0	0	0
9.69	9.852912839	-0.983933952	0	57.04215487	430.8398298	0	0	0	0
9.7	9.852865907	-0.9834300418	0	34.78457309	388.3574291	0	0	0	0
9.71	9.852840584	-0.9826159025	0	8.983859666	330.1821471	0	0	0	0
9.72	9.85284841	-0.9814388989	0	-19.20494957	259.2096794	0	0	0	0
9.73	9.852914521	-0.9798875204	0	-47.50758835	181.0785192	0	0	0	0
9.74	9.853110971	-0.9779999157	0	-69.79139452	103.8861505	0	0	0	0
9.75	9.854106162	-0.9758990384	0	-40.61198012	51.48884457	0	0	0	0
9.76	9.857302156	-0.9740075651	0	-36.18683279	48.55708297	0	0	0	0
9.77	9.86205909	-0.9724729484	0	-35.82344112	50.45583739	0	0	0	0
9.78	9.867665968	-0.9711991727	0	-33.53090504	48.73013424	0	0	0	0
9.79	9.873698532	-0.9700936157	0	-29.32583828	43.18841025	0	0	0	0
9.8	9.87980774	-0.9690878999	0	-23.8555892	34.98225685	0	0	0	0
9.81	9.885719591	-0.9681471459	0	-18.78767169	27.11133148	0	0	0	0
9.82	9.89126619	-0.9672722086	0	-15.85614981	22.40497576	0	0	0	0
9.83	9.89636078	-0.9664931439	0	-22.25553683	30.65500677	0	0	0	0
9.84	9.901061785	-0.9659967629	0	-23.78029074	33.31764543	0	0	0	0
9.85	9.907104145	-0.9652278426	0	0	0	0	0	0	0
9.86	9.914547671	-0.9638478023	0	0	0	0	0	0	0
9.87	9.923296706	-0.9616397861	0	0	0	0	0	0	0
9.88	9.934092181	-0.9588250648	0	0	0	0	0	0	0
9.89	9.948043997	-0.9556244801	0	0	0	0	0	0	0
9.9	9.965700144	-0.9527271085	0	0	0	0	0	0	0
9.91	9.986687061	-0.9503407209	0	0	0	0	0	0	0
9.92	10.009871	-0.9479011404	0	0	0	0	0	0	0
9.93	10.0339185	-0.9447584719	0	0	0	0	0	0	0
9.94	10.05782284	-0.9407208333	0	0	0	0	0	0	0
9.95	10.08111003	-0.9360967874	0	0	0	0	0	0	0
9.96	10.10376327	-0.9314454118	0	0	0	0	0	0	0
9.97	10.12607948	-0.9272781716	0	0	0	0	0	0	0
9.98	10.14848139	-0.9237547729	0	0	0	0	0	0	0
9.99	10.1712795	-0.920731415	0	0	0	0	0	0	0
10	10.19471163	-0.9180508778	0	0	0	0	0	0	0
