0.005	-0.48973	0.03827	0.13312	0	0	0	0	0	9.0971e-006
0.01	-0.48973	0.038262	0.13312	0	0	0	0	0	3.85e-006
0.015	-0.48975	0.038254	0.13311	0	0	0	0	0	-1.8573e-006
0.02	-0.4897	0.038259	0.13313	0	0	0	0	0	-4.5512e-006
0.025	-0.48969	0.038254	0.13313	0	0	0	0	0	-7.7647e-007
0.03	-0.48972	0.038248	0.13312	0	0	0	0	0	5.8477e-006
0.035	-0.48975	0.038241	0.13311	0	0	0	0	0	7.6234e-006
0.04	-0.48976	0.038237	0.13311	0	0	0	0	0	2.4403e-006
0.045	-0.48974	0.038244	0.13313	0	0	0	0	0	-4.1535e-006
0.05	-0.48972	0.038241	0.13313	0	0	0	0	0	-6.1432e-006
0.055	-0.48971	0.038239	0.13315	0	0	0	0	0	-3.1218e-006
0.06	-0.48974	0.038232	0.13314	0	0	0	0	0	1.9546e-006
0.065	-0.48969	0.038241	0.13315	0	0	0	0	0	7.4267e-006
0.07	-0.48975	0.038227	0.13314	0	0	0	0	0	1.1409e-005
0.075	-0.48978	0.038215	0.13315	0	0	0	0	0	1.0611e-005
0.08	-0.48975	0.038217	0.13316	0	0	0	0	0	4.7833e-006
0.085	-0.48977	0.038209	0.13315	0	0	0	0	0	-2.6385e-006
0.09	-0.48975	0.038206	0.13317	0	0	0	0	0	-7.8706e-006
0.095	-0.48972	0.038221	0.13318	0	0	0	0	0	-7.7447e-006
0.1	-0.48973	0.038221	0.13319	0	0	0	0	0	-1.2164e-006
0.105	-0.48974	0.038217	0.13319	0	0	0	0	0	8.8727e-006
0.11	-0.48976	0.038207	0.13319	0	0	0	0	0	1.7367e-005
0.115	-0.4898	0.038196	0.13318	0	0	0	0	0	2.0097e-005
0.12	-0.48983	0.038195	0.13317	0	0	0	0	0	1.6581e-005
0.125	-0.48985	0.038191	0.13317	0	0	0	0	0	1.0034e-005
0.13	-0.48983	0.038193	0.13318	0	0	0	0	0	3.9086e-006
0.135	-0.48983	0.038194	0.13317	0	0	0	0	0	-3.6509e-007
0.14	-0.48978	0.038211	0.13319	0	0	0	0	0	-2.8528e-006
0.145	-0.48985	0.038194	0.13318	0	0	0	0	0	-5.0865e-006
0.15	-0.4898	0.038209	0.13321	0	0	0	0	0	-7.0552e-006
0.155	-0.48979	0.038214	0.13322	0	0	0	0	0	-4.3988e-006
0.16	-0.48978	0.038212	0.13323	0	0	0	0	0	4.6059e-006
0.165	-0.48985	0.0382	0.13321	0	0	0	0	0	1.3719e-005
0.17	-0.48984	0.038199	0.13322	0	0	0	0	0	1.6935e-005
0.175	-0.48988	0.038195	0.13322	0	0	0	0	0	1.5338e-005
0.18	-0.48988	0.038198	0.13322	0	0	0	0	0	1.2061e-005
0.185	-0.48987	0.038201	0.13324	0	0	0	0	0	7.7378e-006
0.19	-0.48992	0.038194	0.13323	0	0	0	0	0	3.4756e-006
0.195	-0.48986	0.038212	0.13326	0	0	0	0	0	2.1177e-006
0.2	-0.48993	0.038192	0.13325	0	0	0	0	0	3.2726e-006
0.205	-0.48994	0.038193	0.13326	0	0	0	0	0	3.4704e-006
0.21	-0.48989	0.038208	0.13328	0	0	0	0	0	2.5293e-006
0.215	-0.48994	0.038205	0.13327	0	0	0	0	0	1.7636e-006
0.22	-0.48994	0.038203	0.13328	0	0	0	0	0	1.0663e-006
0.225	-0.48989	0.038217	0.13329	0	0	0	0	0	1.885e-006
0.23	-0.48992	0.038205	0.13329	0	0	0	0	0	3.1431e-006
0.235	-0.48999	0.038201	0.13327	0	0	0	0	0	-5.0979e-007
0.24	-0.4899	0.038221	0.13329	0	0	0	0	0	-7.9424e-006
0.245	-0.48988	0.038231	0.13329	0	0	0	0	0	-1.1113e-005
0.25	-0.48988	0.038227	0.13329	0	0	0	0	0	-7.2902e-006
0.255	-0.48987	0.038221	0.1333	0	0	0	0	0	3.114e-007
0.26	-0.48987	0.038221	0.13329	0	0	0	0	0	8.7466e-006
0.265	-0.48995	0.038205	0.13327	0	0	0	0	0	1.4704e-005
0.27	-0.48993	0.038213	0.13327	0	0	0	0	0	1.5158e-005
0.275	-0.48994	0.038205	0.13326	0	0	0	0	0	1.0782e-005
0.28	-0.48994	0.038205	0.13326	0	0	0	0	0	4.5999e-006
0.285	-0.48995	0.038207	0.13326	0	0	0	0	0	-7.4414e-007
0.29	-0.48991	0.038214	0.13326	0	0	0	0	0	-2.9591e-006
0.295	-0.48993	0.038207	0.13327	0	0	0	0	0	-9.0116e-007
0.3	-0.48993	0.03821	0.13327	0	0	0	0	0	3.2984e-006
0.305	-0.48994	0.038206	0.13325	0	0	0	0	0	6.0676e-006
0.31	-0.48993	0.038206	0.13327	0	0	0	0	0	5.951e-006
0.315	-0.48996	0.0382	0.13325	0	0	0	0	0	2.7918e-006
0.32	-0.48993	0.038203	0.13326	0	0	0	0	0	-2.5934e-006
0.325	-0.4899	0.0382	0.13327	0	0	0	0	0	-6.7807e-006
0.33	-0.48991	0.038194	0.13327	0	0	0	0	0	-6.643e-006
0.335	-0.48989	0.038198	0.13327	0	0	0	0	0	-2.9601e-006
0.34	-0.48989	0.038192	0.13327	0	0	0	0	0	8.6806e-007
0.345	-0.4899	0.038185	0.13327	0	0	0	0	0	2.19e-006
0.35	-0.48989	0.038192	0.13326	0	0	0	0	0	1.1489e-006
0.355	-0.48988	0.038186	0.13327	0	0	0	0	0	-3.1719e-007
0.36	-0.48989	0.038187	0.13327	0	0	0	0	0	-1.3741e-006
0.365	-0.48992	0.038177	0.13325	0	0	0	0	0	-1.9702e-006
0.37	-0.48982	0.038205	0.13328	0	0	0	0	0	-7.2534e-007
0.375	-0.48991	0.038184	0.13325	0	0	0	0	0	1.6973e-006
0.38	-0.48988	0.038193	0.13325	0	0	0	0	0	1.7807e-006
0.385	-0.48987	0.038193	0.13324	0	0	0	0	0	-7.0288e-007
0.39	-0.48987	0.038192	0.13324	0	0	0	0	0	-3.1444e-006
0.395	-0.48987	0.038203	0.13323	0	0	0	0	0	-4.462e-006
0.4	-0.48983	0.038214	0.13322	0	0	0	0	0	-4.3194e-006
0.405	-0.4898	0.038223	0.13323	0	0	0	0	0	-2.8396e-006
0.41	-0.48984	0.038216	0.13321	0	0	0	0	0	-1.8558e-006
0.415	-0.48979	0.038227	0.13321	0	0	0	0	0	-2.4036e-006
0.42	-0.48977	0.03824	0.13322	0	0	0	0	0	-2.7224e-006
0.425	-0.48981	0.038235	0.13321	0	0	0	0	0	-1.2307e-006
0.43	-0.48978	0.038247	0.13321	0	0	0	0	0	1.94e-006
0.435	-0.48979	0.038255	0.1332	0	0	0	0	0	5.3861e-006
0.44	-0.4898	0.038256	0.13319	0	0	0	0	0	6.18e-006
0.445	-0.48984	0.038244	0.13317	0	0	0	0	0	3.1453e-006
0.45	-0.48977	0.038266	0.13319	0	0	0	0	0	-2.6621e-007
0.455	-0.48978	0.038274	0.13318	0	0	0	0	0	-7.3754e-007
0.46	-0.4898	0.038273	0.13317	0	0	0	0	0	9.3046e-008
0.465	-0.48979	0.03828	0.13318	0	0	0	0	0	-5.4669e-007
0.47	-0.48977	0.038284	0.13317	0	0	0	0	0	-1.9335e-006
0.475	-0.48976	0.038295	0.13318	0	0	0	0	0	-1.8046e-006
0.48	-0.48978	0.038293	0.13317	0	0	0	0	0	-1.5794e-007
0.485	-0.48978	0.038298	0.13318	0	0	0	0	0	6.1341e-007
0.49	-0.48979	0.038298	0.13318	0	0	0	0	0	-3.3013e-007
0.495	-0.48977	0.038305	0.13319	0	0	0	0	0	-2.2157e-007
0.5	-0.48977	0.03831	0.13318	0	0	0	0	0	3.1983e-006
0.505	-0.48979	0.03831	0.13318	0	0	0	0	0	7.9545e-006
0.51	-0.48981	0.038309	0.13318	0	0	0	0	0	1.0071e-005
0.515	-0.48984	0.03831	0.13318	0	0	0	0	0	7.1902e-006
0.52	-0.48984	0.038314	0.13317	0	0	0	0	0	1.403e-009
0.525	-0.48982	0.038321	0.13318	0	0	0	0	0	-7.6202e-006
0.53	-0.4898	0.038329	0.13318	0	0	0	0	0	-1.0682e-005
0.535	-0.48975	0.038345	0.1332	0	0	0	0	0	-7.2087e-006
0.54	-0.48979	0.038339	0.13318	0	0	0	0	0	-7.7403e-007
0.545	-0.48979	0.038336	0.13319	0	0	0	0	0	2.9112e-006
0.55	-0.48979	0.038342	0.13318	0	0	0	0	0	2.1847e-006
0.555	-0.48979	0.038351	0.13318	0	0	0	0	0	-3.4273e-007
0.56	-0.48977	0.038366	0.13319	0	0	0	0	0	-2.1087e-006
0.565	-0.4898	0.03836	0.13318	0	0	0	0	0	-2.7587e-006
0.57	-0.48977	0.038369	0.1332	0	0	0	0	0	-2.3623e-006
0.575	-0.48977	0.03837	0.13319	0	0	0	0	0	8.7358e-007
0.58	-0.48974	0.038381	0.1332	0	0	0	0	0	7.1616e-006
0.585	-0.48983	0.038366	0.13317	0	0	0	0	0	1.1589e-005
0.59	-0.48982	0.03837	0.13318	0	0	0	0	0	1.0547e-005
0.595	-0.48981	0.038377	0.13317	0	0	0	0	0	7.4895e-006
0.6	-0.48982	0.038379	0.13318	0	0	0	0	0	6.6947e-006
0.605	-0.48984	0.038377	0.13318	0	0	0	0	0	6.5942e-006
0.61	-0.48988	0.038373	0.13317	0	0	0	0	0	3.2823e-006
0.615	-0.48983	0.038381	0.13318	0	0	0	0	0	-2.9474e-006
0.62	-0.48985	0.038382	0.13318	0	0	0	0	0	-7.8574e-006
0.625	-0.48982	0.038388	0.13319	0	0	0	0	0	-7.9916e-006
0.63	-0.48984	0.038383	0.1332	0	0	0	0	0	-3.4371e-006
0.635	-0.48983	0.038381	0.13319	0	0	0	0	0	2.4693e-006
0.64	-0.48984	0.038382	0.13319	0	0	0	0	0	5.8359e-006
0.645	-0.48988	0.038377	0.13318	0	0	0	0	0	5.1205e-006
0.65	-0.48986	0.038386	0.1332	0	0	0	0	0	2.3707e-006
0.655	-0.48988	0.038374	0.1332	0	0	0	0	0	3.2242e-007
0.66	-0.4899	0.038373	0.13319	0	0	0	0	0	-7.7666e-007
0.665	-0.48985	0.038386	0.13321	0	0	0	0	0	-3.4677e-007
0.67	-0.48987	0.038377	0.1332	0	0	0	0	0	2.5933e-006
0.675	-0.48989	0.038366	0.1332	0	0	0	0	0	5.8378e-006
0.68	-0.4899	0.038367	0.1332	0	0	0	0	0	6.7686e-006
0.685	-0.48992	0.038362	0.13321	0	0	0	0	0	5.5917e-006
0.69	-0.4899	0.038366	0.13321	0	0	0	0	0	3.3291e-006
0.695	-0.48993	0.038356	0.13321	0	0	0	0	0	-1.5808e-007
0.7	-0.48992	0.038355	0.13322	0	0	0	0	0	-4.3773e-006
0.705	-0.48987	0.038369	0.13324	0	0	0	0	0	-6.6807e-006
0.71	-0.48991	0.038357	0.13322	0	0	0	0	0	-6.4119e-006
0.715	-0.4899	0.038352	0.13323	0	0	0	0	0	-5.6237e-006
0.72	-0.48988	0.038354	0.13324	0	0	0	0	0	-3.4974e-006
0.725	-0.48986	0.03836	0.13325	0	0	0	0	0	1.2287e-006
0.73	-0.48992	0.03834	0.13323	0	0	0	0	0	5.07e-006
0.735	-0.4899	0.038346	0.13323	0	0	0	0	0	5.5017e-006
0.74	-0.48989	0.038342	0.13325	0	0	0	0	0	4.8739e-006
0.745	-0.48991	0.038335	0.13323	0	0	0	0	0	4.2969e-006
0.75	-0.48992	0.03833	0.13324	0	0	0	0	0	2.509e-006
0.755	-0.48991	0.038322	0.13325	0	0	0	0	0	4.3703e-007
0.76	-0.4899	0.038325	0.13326	0	0	0	0	0	-1.8693e-008
0.765	-0.48991	0.038318	0.13326	0	0	0	0	0	6.6992e-007
0.77	-0.48994	0.038308	0.13327	0	0	0	0	0	5.4511e-007
0.775	-0.48988	0.038319	0.13328	0	0	0	0	0	-1.4777e-006
0.78	-0.48994	0.038299	0.13328	0	0	0	0	0	-4.4743e-006
0.785	-0.48988	0.038314	0.1333	0	0	0	0	0	-4.9908e-006
0.79	-0.4899	0.038313	0.1333	0	0	0	0	0	-9.7699e-007
0.795	-0.48992	0.038306	0.1333	0	0	0	0	0	3.5552e-006
0.8	-0.48991	0.038307	0.1333	0	0	0	0	0	4.2426e-006
0.805	-0.48991	0.038302	0.13331	0	0	0	0	0	1.9391e-006
0.81	-0.48992	0.038298	0.13331	0	0	0	0	0	-9.5135e-007
0.815	-0.48991	0.038297	0.13332	0	0	0	0	0	-2.9764e-006
0.82	-0.48993	0.038293	0.13333	0	0	0	0	0	-4.2996e-006
0.825	-0.48991	0.038295	0.13332	0	0	0	0	0	-6.5249e-006
0.83	-0.48989	0.038294	0.13332	0	0	0	0	0	-8.8796e-006
0.835	-0.48989	0.038293	0.13333	0	0	0	0	0	-7.5366e-006
0.84	-0.48983	0.038299	0.13334	0	0	0	0	0	-1.0124e-006
0.845	-0.48991	0.038284	0.13332	0	0	0	0	0	5.8997e-006
0.85	-0.4899	0.038286	0.13333	0	0	0	0	0	7.4028e-006
0.855	-0.48992	0.038275	0.13332	0	0	0	0	0	3.5546e-006
0.86	-0.48989	0.038284	0.13332	0	0	0	0	0	-2.9062e-006
0.865	-0.48991	0.038274	0.13332	0	0	0	0	0	-9.646e-006
0.87	-0.48982	0.038293	0.13334	0	0	0	0	0	-1.2026e-005
0.875	-0.48986	0.038285	0.13334	0	0	0	0	0	-6.7138e-006
0.88	-0.48984	0.038284	0.13334	0	0	0	0	0	2.5949e-006
0.885	-0.48984	0.038281	0.13335	0	0	0	0	0	8.3684e-006
0.89	-0.48988	0.038265	0.13334	0	0	0	0	0	5.9206e-006
0.895	-0.48984	0.038269	0.13336	0	0	0	0	0	-1.8529e-006
0.9	-0.48982	0.038273	0.13337	0	0	0	0	0	-7.0644e-006
0.905	-0.48979	0.03827	0.13336	0	0	0	0	0	-7.3709e-006
0.91	-0.4898	0.038264	0.13336	0	0	0	0	0	-7.6667e-006
0.915	-0.48977	0.038265	0.13339	0	0	0	0	0	-9.1691e-006
0.92	-0.48972	0.038273	0.1334	0	0	0	0	0	-6.6625e-006
0.925	-0.48973	0.038266	0.13339	0	0	0	0	0	3.4883e-007
0.93	-0.48975	0.038254	0.13339	0	0	0	0	0	4.7415e-006
0.935	-0.48972	0.038256	0.13341	0	0	0	0	0	3.1926e-006
0.94	-0.48972	0.038254	0.1334	0	0	0	0	0	-8.746e-007
0.945	-0.48971	0.038254	0.13342	0	0	0	0	0	-5.1763e-006
0.95	-0.48969	0.038249	0.13343	0	0	0	0	0	-8.6846e-006
0.955	-0.48965	0.038266	0.13344	0	0	0	0	0	-8.4333e-006
0.96	-0.48963	0.038271	0.13344	0	0	0	0	0	-4.3421e-006
0.965	-0.48964	0.038257	0.13343	0	0	0	0	0	-1.5092e-006
0.97	-0.48963	0.038257	0.13344	0	0	0	0	0	-2.5651e-006
0.975	-0.48958	0.038268	0.13346	0	0	0	0	0	-4.0916e-006
0.98	-0.48959	0.038262	0.13344	0	0	0	0	0	-3.7945e-006
0.985	-0.48957	0.038267	0.13346	0	0	0	0	0	-3.8585e-006
0.99	-0.48958	0.03826	0.13346	0	0	0	0	0	-5.8007e-006
0.995	-0.48952	0.038277	0.13347	0	0	0	0	0	-7.8095e-006
1	-0.48954	0.038269	0.13347	0	0	0	0	0	-7.3464e-006
1.005	-0.48947	0.038274	0.13348	0	0	0	0	0	-4.3542e-006
1.01	-0.48952	0.038259	0.13346	0	0	0	0	0	-2.1048e-006
1.015	-0.4895	0.038259	0.13347	0	0	0	0	0	-3.5921e-006
1.02	-0.48944	0.038276	0.13349	0	0	0	0	0	-7.3489e-006
1.025	-0.48945	0.038261	0.1335	0	0	0	0	0	-1.0766e-005
1.03	-0.48943	0.038251	0.13351	0	0	0	0	0	-1.4328e-005
1.035	-0.4894	0.038248	0.13353	0	0	0	0	0	-1.7601e-005
1.04	-0.48933	0.038248	0.13358	0	0	0	0	0	-1.7322e-005
1.045	-0.48933	0.038246	0.13359	0	0	0	0	0	-1.2939e-005
1.05	-0.48931	0.03824	0.13361	0	0	0	0	0	-7.8014e-006
1.055	-0.48928	0.03823	0.13362	0	0	0	0	0	-4.5502e-006
1.06	-0.4893	0.038219	0.13363	0	0	0	0	0	-3.5147e-006
1.065	-0.48929	0.038208	0.13364	0	0	0	0	0	-2.9416e-006
1.07	-0.48925	0.038203	0.13367	0	0	0	0	0	-4.3005e-007
1.075	-0.48928	0.038178	0.13366	0	0	0	0	0	2.8568e-006
1.08	-0.4893	0.038154	0.13366	0	0	0	0	0	3.8863e-006
1.085	-0.48923	0.038153	0.13367	0	0	0	0	0	3.1216e-006
1.09	-0.48924	0.038137	0.13367	0	0	0	0	0	6.8528e-007
1.095	-0.4892	0.038125	0.13369	0	0	0	0	0	-8.254e-006
1.1	-0.48917	0.038116	0.13369	0	0	0	0	0	-2.8214e-005
1.105	-0.48916	0.038099	0.13368	0	0	0	0	0	-5.3441e-005
1.11	-0.48893	0.038178	0.1337	0	0	0	0	0	-6.5084e-005
1.115	-0.48889	0.038173	0.13369	0	0	0	0	0	-5.0729e-005
1.12	-0.48889	0.03816	0.13368	0	0	0	0	0	-2.28e-005
1.125	-0.48889	0.038139	0.13368	0	0	0	0	0	-1.8713e-006
1.13	-0.48887	0.038128	0.13367	0	0	0	0	0	5.4657e-006
1.135	-0.48884	0.038116	0.13368	0	0	0	0	0	4.5168e-006
1.14	-0.48882	0.038101	0.13368	0	0	0	0	0	1.6991e-006
1.145	-0.48882	0.038098	0.13368	0	0	0	0	0	-4.4394e-007
1.15	-0.48879	0.038086	0.13368	0	0	0	0	0	-1.8265e-006
1.155	-0.48877	0.038078	0.13369	0	0	0	0	0	-2.4459e-006
1.16	-0.48877	0.038067	0.1337	0	0	0	0	0	-2.3715e-006
1.165	-0.48874	0.03807	0.13371	0	0	0	0	0	-1.9356e-006
1.17	-0.48874	0.038061	0.13372	0	0	0	0	0	-1.5443e-006
1.175	-0.48874	0.03805	0.13372	0	0	0	0	0	-1.418e-006
1.18	-0.48872	0.038033	0.13375	0	0	0	0	0	-1.3632e-006
1.185	-0.4887	0.03802	0.13375	0	0	0	0	0	-1.0796e-006
1.19	-0.48868	0.038012	0.13375	0	0	0	0	0	-4.4111e-007
1.195	-0.48869	0.037991	0.13375	0	0	0	0	0	2.189e-007
1.2	-0.48868	0.037987	0.13377	0	0	0	0	0	1.0025e-007
1.205	-0.48868	0.037973	0.13378	0	0	0	0	0	-7.3457e-007
1.21	-0.48869	0.037958	0.13379	0	0	0	0	0	-9.5915e-007
1.215	-0.48867	0.037946	0.1338	0	0	0	0	0	-1.1498e-007
1.22	-0.48867	0.037929	0.13381	0	0	0	0	0	3.0489e-007
1.225	-0.48866	0.03792	0.13383	0	0	0	0	0	-1.3639e-006
1.23	-0.48863	0.037911	0.13383	0	0	0	0	0	-4.9494e-006
1.235	-0.4886	0.037909	0.13384	0	0	0	0	0	-8.2409e-006
1.24	-0.48859	0.037905	0.13383	0	0	0	0	0	-9.1106e-006
1.245	-0.48858	0.037904	0.13384	0	0	0	0	0	-8.103e-006
1.25	-0.48856	0.037895	0.13383	0	0	0	0	0	-7.5977e-006
1.255	-0.48854	0.037893	0.13382	0	0	0	0	0	-8.3791e-006
1.26	-0.4885	0.037888	0.13382	0	0	0	0	0	-9.1454e-006
1.265	-0.48848	0.037889	0.13381	0	0	0	0	0	-9.2611e-006
1.27	-0.48849	0.037886	0.1338	0	0	0	0	0	-9.46e-006
1.275	-0.48847	0.037885	0.13379	0	0	0	0	0	-1.0054e-005
1.28	-0.48847	0.037876	0.13378	0	0	0	0	0	-1.0445e-005
1.285	-0.48846	0.037879	0.13377	0	0	0	0	0	-1.0225e-005
1.29	-0.48845	0.037883	0.13378	0	0	0	0	0	-1.0049e-005
1.295	-0.48846	0.037876	0.13378	0	0	0	0	0	-1.1381e-005
1.3	-0.48845	0.037869	0.13377	0	0	0	0	0	-1.4723e-005
1.305	-0.48845	0.037873	0.13377	0	0	0	0	0	-1.8714e-005
1.31	-0.48846	0.03786	0.13376	0	0	0	0	0	-2.1793e-005
1.315	-0.48842	0.03786	0.13375	0	0	0	0	0	-2.3755e-005
1.32	-0.48839	0.037868	0.13374	0	0	0	0	0	-2.5403e-005
1.325	-0.48838	0.037879	0.13371	0	0	0	0	0	-2.7353e-005
1.33	-0.48834	0.037888	0.13368	0	0	0	0	0	-2.9644e-005
1.335	-0.4883	0.037903	0.13365	0	0	0	0	0	-3.205e-005
1.34	-0.48827	0.037909	0.13361	0	0	0	0	0	-3.3563e-005
1.345	-0.48823	0.037929	0.13356	0	0	0	0	0	-3.2942e-005
1.35	-0.4882	0.037941	0.1335	0	0	0	0	0	-3.0713e-005
1.355	-0.48816	0.037951	0.13345	0	0	0	0	0	-2.8247e-005
1.36	-0.48811	0.037964	0.1334	0	0	0	0	0	-2.5123e-005
1.365	-0.48807	0.037978	0.13332	0	0	0	0	0	-2.0333e-005
1.37	-0.48807	0.037987	0.13324	0	0	0	0	0	-1.5465e-005
1.375	-0.48805	0.037998	0.13319	0	0	0	0	0	-1.3301e-005
1.38	-0.48801	0.038011	0.13312	0	0	0	0	0	-1.3485e-005
1.385	-0.48799	0.038014	0.13306	0	0	0	0	0	-1.2974e-005
1.39	-0.48795	0.038025	0.13302	0	0	0	0	0	-1.0525e-005
1.395	-0.48793	0.038027	0.13296	0	0	0	0	0	-7.977e-006
1.4	-0.48791	0.038024	0.13293	0	0	0	0	0	-7.3441e-006
1.405	-0.48788	0.038024	0.1329	0	0	0	0	0	-8.5548e-006
1.41	-0.48784	0.038027	0.13288	0	0	0	0	0	-1.0306e-005
1.415	-0.48781	0.038018	0.13286	0	0	0	0	0	-1.2048e-005
1.42	-0.4878	0.038022	0.13284	0	0	0	0	0	-1.4057e-005
1.425	-0.48776	0.038024	0.13285	0	0	0	0	0	-1.5916e-005
1.43	-0.48772	0.03803	0.13282	0	0	0	0	0	-1.6879e-005
1.435	-0.4877	0.03803	0.13281	0	0	0	0	0	-1.7755e-005
1.44	-0.48767	0.038034	0.1328	0	0	0	0	0	-2.0249e-005
1.445	-0.48763	0.038049	0.13279	0	0	0	0	0	-2.4363e-005
1.45	-0.48761	0.038063	0.13279	0	0	0	0	0	-2.817e-005
1.455	-0.48757	0.038076	0.13277	0	0	0	0	0	-3.021e-005
1.46	-0.48753	0.038085	0.13276	0	0	0	0	0	-3.1028e-005
1.465	-0.4875	0.038095	0.13275	0	0	0	0	0	-3.2108e-005
1.47	-0.48747	0.038116	0.13273	0	0	0	0	0	-3.3629e-005
1.475	-0.48743	0.038132	0.13272	0	0	0	0	0	-3.4147e-005
1.48	-0.4874	0.038147	0.1327	0	0	0	0	0	-3.2732e-005
1.485	-0.48736	0.038164	0.13267	0	0	0	0	0	-3.0382e-005
1.49	-0.48733	0.03818	0.13265	0	0	0	0	0	-2.9033e-005
1.495	-0.48729	0.038195	0.13262	0	0	0	0	0	-2.9896e-005
1.5	-0.48727	0.038211	0.13261	0	0	0	0	0	-3.2694e-005
1.505	-0.48724	0.038231	0.13258	0	0	0	0	0	-3.5774e-005
1.51	-0.48719	0.038262	0.13257	0	0	0	0	0	-3.6957e-005
1.515	-0.48717	0.03828	0.13255	0	0	0	0	0	-3.579e-005
1.52	-0.48715	0.038305	0.13253	0	0	0	0	0	-3.4111e-005
1.525	-0.48711	0.038326	0.1325	0	0	0	0	0	-3.2846e-005
1.53	-0.48709	0.038347	0.13248	0	0	0	0	0	-3.1105e-005
1.535	-0.48706	0.03837	0.13245	0	0	0	0	0	-2.8801e-005
1.54	-0.48704	0.038385	0.13243	0	0	0	0	0	-2.632e-005
1.545	-0.48701	0.038401	0.13242	0	0	0	0	0	-2.3008e-005
1.55	-0.48701	0.038407	0.13238	0	0	0	0	0	-1.9164e-005
1.555	-0.48701	0.038417	0.13237	0	0	0	0	0	-1.7327e-005
1.56	-0.48701	0.038431	0.13237	0	0	0	0	0	-1.945e-005
1.565	-0.487	0.038449	0.13236	0	0	0	0	0	-2.4613e-005
1.57	-0.48699	0.038464	0.13236	0	0	0	0	0	-3.0929e-005
1.575	-0.48699	0.038491	0.13236	0	0	0	0	0	-3.7481e-005
1.58	-0.487	0.038515	0.13235	0	0	0	0	0	-4.3878e-005
1.585	-0.48697	0.038553	0.13236	0	0	0	0	0	-5.0036e-005
1.59	-0.48698	0.03859	0.13235	0	0	0	0	0	-5.6e-005
1.595	-0.48696	0.038631	0.13234	0	0	0	0	0	-6.1422e-005
1.6	-0.48695	0.03868	0.13234	0	0	0	0	0	-6.5886e-005
1.605	-0.48694	0.038724	0.13232	0	0	0	0	0	-6.9232e-005
1.61	-0.48691	0.038764	0.13229	0	0	0	0	0	-7.1341e-005
1.615	-0.4869	0.038804	0.13222	0	0	0	0	0	-7.2028e-005
1.62	-0.48691	0.038854	0.13216	0	0	0	0	0	-7.1049e-005
1.625	-0.48691	0.038907	0.13207	0	0	0	0	0	-6.8625e-005
1.63	-0.48693	0.038959	0.13197	0	0	0	0	0	-6.5797e-005
1.635	-0.48696	0.039009	0.13188	0	0	0	0	0	-6.3953e-005
1.64	-0.48698	0.039055	0.1318	0	0	0	0	0	-6.4043e-005
1.645	-0.487	0.039106	0.13173	0	0	0	0	0	-6.595e-005
1.65	-0.48702	0.039144	0.13168	0	0	0	0	0	-6.9278e-005
1.655	-0.48705	0.039186	0.13167	0	0	0	0	0	-7.4734e-005
1.66	-0.48705	0.03922	0.13167	0	0	0	0	0	-8.3103e-005
1.665	-0.48703	0.039267	0.13169	0	0	0	0	0	-9.3177e-005
1.67	-0.48703	0.039322	0.13173	0	0	0	0	0	-0.00010287
1.675	-0.48703	0.039387	0.1318	0	0	0	0	0	-0.00011115
1.68	-0.48706	0.039462	0.13188	0	0	0	0	0	-0.00011663
1.685	-0.48708	0.039545	0.13196	0	0	0	0	0	-0.00011481
1.69	-0.48708	0.039631	0.13204	0	0	0	0	0	-9.9646e-005
1.695	-0.48705	0.039722	0.13213	0	0	0	0	0	-7.6345e-005
1.7	-0.48729	0.039726	0.13218	0	0	0	0	0	-7.0482e-005
1.705	-0.48728	0.039826	0.13227	0	0	0	0	0	-0.00010096
1.71	-0.48725	0.039948	0.13236	0	0	0	0	0	-0.00014974
1.715	-0.48717	0.040102	0.13245	0	0	0	0	0	-0.00018324
1.72	-0.48712	0.040235	0.13253	0	0	0	0	0	-0.00019061
1.725	-0.48708	0.040337	0.13262	0	0	0	0	0	-0.00018483
1.73	-0.48704	0.040454	0.1327	0	0	0	0	0	-0.00018038
1.735	-0.48696	0.040586	0.13278	0	0	0	0	0	-0.000178
1.74	-0.48687	0.040721	0.13282	0	0	0	0	0	-0.0001713
1.745	-0.48685	0.040822	0.13285	0	0	0	0	0	-0.00016208
1.75	-0.48678	0.040918	0.13288	0	0	0	0	0	-0.00015877
1.755	-0.48673	0.04102	0.13292	0	0	0	0	0	-0.0001634
1.76	-0.48666	0.041147	0.13293	0	0	0	0	0	-0.00017027
1.765	-0.48662	0.041278	0.13295	0	0	0	0	0	-0.00017496
1.77	-0.48658	0.041396	0.13297	0	0	0	0	0	-0.00018006
1.775	-0.48654	0.041514	0.133	0	0	0	0	0	-0.00019142
1.78	-0.48643	0.041652	0.13304	0	0	0	0	0	-0.00020938
1.785	-0.48631	0.0418	0.1331	0	0	0	0	0	-0.00022802
1.79	-0.48619	0.041963	0.13317	0	0	0	0	0	-0.00024399
1.795	-0.48606	0.042147	0.13325	0	0	0	0	0	-0.00025861
1.8	-0.48587	0.042342	0.13335	0	0	0	0	0	-0.00027361
1.805	-0.48575	0.042528	0.13346	0	0	0	0	0	-0.00029175
1.81	-0.48557	0.042757	0.13357	0	0	0	0	0	-0.00031685
1.815	-0.48536	0.042991	0.13371	0	0	0	0	0	-0.0003489
1.82	-0.48512	0.043235	0.13385	0	0	0	0	0	-0.00038275
1.825	-0.48481	0.043524	0.13402	0	0	0	0	0	-0.00041153
1.83	-0.48449	0.043813	0.13421	0	0	0	0	0	-0.00043248
1.835	-0.48415	0.044127	0.13439	0	0	0	0	0	-0.00044977
1.84	-0.4838	0.044449	0.13458	0	0	0	0	0	-0.00046595
1.845	-0.4834	0.044759	0.13479	0	0	0	0	0	-0.00047688
1.85	-0.48304	0.045093	0.13496	0	0	0	0	0	-0.00048049
1.855	-0.4826	0.045415	0.13512	0	0	0	0	0	-0.00048308
1.86	-0.48213	0.045749	0.13525	0	0	0	0	0	-0.00049334
1.865	-0.48164	0.046119	0.13535	0	0	0	0	0	-0.0005135
1.87	-0.48111	0.046469	0.13541	0	0	0	0	0	-0.00053777
1.875	-0.48065	0.046835	0.13543	0	0	0	0	0	-0.00055747
1.88	-0.48017	0.047229	0.13538	0	0	0	0	0	-0.00056564
1.885	-0.47968	0.047615	0.13527	0	0	0	0	0	-0.00056098
1.89	-0.47925	0.048014	0.13513	0	0	0	0	0	-0.00055007
1.895	-0.4788	0.048409	0.13493	0	0	0	0	0	-0.00054179
1.9	-0.47842	0.048793	0.13469	0	0	0	0	0	-0.00053997
1.905	-0.478	0.049206	0.13444	0	0	0	0	0	-0.00054008
1.91	-0.47763	0.049616	0.13417	0	0	0	0	0	-0.00053177
1.915	-0.47726	0.050012	0.13393	0	0	0	0	0	-0.00050659
1.92	-0.47701	0.050376	0.13362	0	0	0	0	0	-0.00046492
1.925	-0.47682	0.050678	0.13331	0	0	0	0	0	-0.00041446
1.93	-0.47671	0.050923	0.13298	0	0	0	0	0	-0.00036221
1.935	-0.47657	0.051143	0.13268	0	0	0	0	0	-0.00030679
1.94	-0.47641	0.051325	0.13237	0	0	0	0	0	-0.00024466
1.945	-0.4763	0.051453	0.13205	0	0	0	0	0	-0.0001844
1.95	-0.47628	0.051537	0.13176	0	0	0	0	0	-0.00014119
1.955	-0.4763	0.051586	0.13149	0	0	0	0	0	-0.00011495
1.96	-0.47636	0.051623	0.13125	0	0	0	0	0	-8.9894e-005
1.965	-0.47642	0.05165	0.131	0	0	0	0	0	-6.066e-005
1.97	-0.47648	0.051698	0.13078	0	0	0	0	0	-4.5308e-005
1.975	-0.4765	0.051778	0.13057	0	0	0	0	0	-6.7951e-005
1.98	-0.47648	0.051901	0.13042	0	0	0	0	0	-0.00013611
1.985	-0.47636	0.052083	0.13029	0	0	0	0	0	-0.00023577
1.99	-0.4762	0.052295	0.13019	0	0	0	0	0	-0.00034168
1.995	-0.47583	0.052605	0.13024	0	0	0	0	0	-0.00043824
2	-0.47562	0.052853	0.13018	0	0	0	0	0	-0.00054175
2.005	-0.47538	0.053336	0.13013	0	0	0	0	0	-0.00067243
2.01	-0.47494	0.054157	0.1302	0	0	0	0	0	-0.00079932
2.015	-0.47442	0.054886	0.13032	0	0	0	0	0	-0.00088422
2.02	-0.47417	0.05559	0.13048	0	0	0	0	0	-0.00096842
2.025	-0.47358	0.056521	0.13069	0	0	0	0	0	-0.0011194
2.03	-0.47268	0.057572	0.13101	0	0	0	0	0	-0.0013259
2.035	-0.47157	0.058757	0.13148	0	0	0	0	0	-0.0015192
2.04	-0.47051	0.060085	0.13192	0	0	0	0	0	-0.0016732
2.045	-0.46954	0.0615	0.13235	0	0	0	0	0	-0.0018279
2.05	-0.46814	0.063114	0.13294	0	0	0	0	0	-0.0020241
2.055	-0.46674	0.064858	0.13351	0	0	0	0	0	-0.0022647
2.06	-0.46473	0.066828	0.13426	0	0	0	0	0	-0.0025232
2.065	-0.4626	0.068927	0.13507	0	0	0	0	0	-0.0027669
2.07	-0.46051	0.071221	0.13586	0	0	0	0	0	-0.0029802
2.075	-0.45771	0.073637	0.13681	0	0	0	0	0	-0.0031776
2.08	-0.45476	0.076132	0.13773	0	0	0	0	0	-0.0033799
2.085	-0.45123	0.07866	0.13883	0	0	0	0	0	-0.0035702
2.09	-0.44757	0.081086	0.14001	0	0	0	0	0	-0.0037331
2.095	-0.44351	0.083558	0.14126	0	0	0	0	0	-0.0038806
2.1	-0.43902	0.086032	0.14254	0	0	0	0	0	-0.0040623
2.105	-0.4341	0.088537	0.14382	0	0	0	0	0	-0.0043219
2.11	-0.42865	0.09119	0.14527	0	0	0	0	0	-0.0046588
2.115	-0.42203	0.094443	0.14693	0	0	0	0	0	-0.0050273
2.12	-0.41457	0.098478	0.14857	0	0	0	0	0	-0.0053795
2.125	-0.40682	0.10313	0.15006	0	0	0	0	0	-0.0056791
2.13	-0.39884	0.10848	0.15155	0	0	0	0	0	-0.0059031
2.135	-0.39075	0.11447	0.15311	0	0	0	0	0	-0.006037
2.14	-0.38346	0.1207	0.15429	0	0	0	0	0	-0.0061184
2.145	-0.3754	0.12728	0.15581	0	0	0	0	0	-0.0061733
2.15	-0.36786	0.1341	0.15704	0	0	0	0	0	-0.0062285
2.155	-0.35981	0.14096	0.15828	0	0	0	0	0	-0.0062582
2.16	-0.35219	0.14772	0.15911	0	0	0	0	0	-0.0062714
2.165	-0.34423	0.15432	0.15974	0	0	0	0	0	-0.0062762
2.17	-0.33598	0.16049	0.15998	0	0	0	0	0	-0.0062779
2.175	-0.32714	0.16636	0.16004	0	0	0	0	0	-0.0062608
2.18	-0.31778	0.17156	0.15992	0	0	0	0	0	-0.0062117
2.185	-0.30711	0.17627	0.16	0	0	0	0	0	-0.0061343
2.19	-0.29673	0.18031	0.15969	0	0	0	0	0	-0.0060494
2.195	-0.2862	0.18376	0.15919	0	0	0	0	0	-0.0059428
2.2	-0.2749	0.18671	0.15893	0	0	0	0	0	-0.0058182
2.205	-0.263	0.18924	0.15889	0	0	0	0	0	-0.005697
2.21	-0.25108	0.19123	0.15874	0	0	0	0	0	-0.0056021
2.215	-0.23827	0.19287	0.15886	0	0	0	0	0	-0.0055429
2.22	-0.22543	0.1941	0.15892	0	0	0	0	0	-0.0055151
2.225	-0.21182	0.19504	0.15916	0	0	0	0	0	-0.0055068
2.23	-0.19775	0.19569	0.15948	0	0	0	0	0	-0.0055143
2.235	-0.18318	0.19615	0.15992	0	0	0	0	0	-0.0055431
2.24	-0.16812	0.19648	0.1604	0	0	0	0	0	-0.0055848
2.245	-0.15294	0.1966	0.16094	0	0	0	0	0	-0.0056173
2.25	-0.13755	0.19659	0.16153	0	0	0	0	0	-0.0056401
2.255	-0.12192	0.19656	0.16223	0	0	0	0	0	-0.0056626
2.26	-0.10629	0.1965	0.16293	0	0	0	0	0	-0.0056819
2.265	-0.090472	0.19636	0.16372	0	0	0	0	0	-0.0056892
2.27	-0.074771	0.1962	0.16446	0	0	0	0	0	-0.0056834
2.275	-0.058961	0.19606	0.16527	0	0	0	0	0	-0.0056666
2.28	-0.043226	0.19588	0.16607	0	0	0	0	0	-0.0056381
2.285	-0.027602	0.19566	0.16691	0	0	0	0	0	-0.0056031
2.29	-0.012216	0.19534	0.16777	0	0	0	0	0	-0.0055693
2.295	0.0030746	0.19491	0.16865	0	0	0	0	0	-0.0055485
2.3	0.018234	0.19432	0.16956	0	0	0	0	0	-0.0055463
2.305	0.03303	0.19352	0.17045	0	0	0	0	0	-0.0055578
2.31	0.047803	0.19256	0.17137	0	0	0	0	0	-0.005573
2.315	0.062287	0.19138	0.17229	0	0	0	0	0	-0.0055776
2.32	0.076877	0.19017	0.17327	0	0	0	0	0	-0.0055756
2.325	0.09112	0.18878	0.17424	0	0	0	0	0	-0.0055594
2.33	0.10528	0.18739	0.17522	0	0	0	0	0	-0.0055324
2.335	0.11966	0.186	0.17626	0	0	0	0	0	-0.0054941
2.34	0.13356	0.18451	0.17727	0	0	0	0	0	-0.0054444
2.345	0.14739	0.18298	0.17834	0	0	0	0	0	-0.005392
2.35	0.16118	0.18142	0.17947	0	0	0	0	0	-0.0053353
2.355	0.17498	0.17988	0.18066	0	0	0	0	0	-0.0052682
2.36	0.18845	0.17821	0.18186	0	0	0	0	0	-0.0051832
2.365	0.20166	0.17646	0.18308	0	0	0	0	0	-0.0050925
2.37	0.21467	0.17458	0.18432	0	0	0	0	0	-0.0050069
2.375	0.22746	0.17255	0.18563	0	0	0	0	0	-0.0049309
2.38	0.23987	0.17033	0.18689	0	0	0	0	0	-0.00486
2.385	0.25189	0.16787	0.1882	0	0	0	0	0	-0.0047886
2.39	0.26367	0.16514	0.18945	0	0	0	0	0	-0.0047127
2.395	0.27502	0.16215	0.19069	0	0	0	0	0	-0.0046351
2.4	0.28573	0.15883	0.1918	0	0	0	0	0	-0.0045607
2.405	0.29628	0.15526	0.19286	0	0	0	0	0	-0.0045055
2.41	0.3063	0.15131	0.19379	0	0	0	0	0	-0.004476
2.415	0.31609	0.14706	0.1946	0	0	0	0	0	-0.0044777
2.42	0.32527	0.14239	0.19529	0	0	0	0	0	-0.0044934
2.425	0.33426	0.13739	0.19587	0	0	0	0	0	-0.0045172
2.43	0.34296	0.13203	0.19632	0	0	0	0	0	-0.0045407
2.435	0.35107	0.12625	0.19664	0	0	0	0	0	-0.0045568
2.44	0.35886	0.12013	0.19682	0	0	0	0	0	-0.0045707
2.445	0.36594	0.11355	0.19683	0	0	0	0	0	-0.0045812
2.45	0.37263	0.10663	0.19672	0	0	0	0	0	-0.0046096
2.455	0.37846	0.099177	0.19645	0	0	0	0	0	-0.0046588
2.46	0.38328	0.09124	0.19595	0	0	0	0	0	-0.0047115
2.465	0.38843	0.083245	0.19549	0	0	0	0	0	-0.0047264
2.47	0.39239	0.074762	0.19481	0	0	0	0	0	-0.0044901
2.475	0.39592	0.066124	0.19403	0	0	0	0	0	-0.0037477
2.48	0.3984	0.058033	0.19338	0	0	0	0	0	-0.0024025
2.485	0.39944	0.053698	0.19425	0	0	0	0	0	-0.00081217
2.49	0.39699	0.049471	0.19439	0	0	0	0	0	0.00049373
2.495	0.39346	0.045924	0.19506	0	0	0	0	0	0.0012007
2.5	0.38994	0.043486	0.19401	0	0	0	0	0	0.0013622
2.505	0.38745	0.041931	0.19279	0	0	0	0	0	0.0011007
2.51	0.38653	0.040743	0.19284	0	0	0	0	0	0.00060634
2.515	0.38745	0.039633	0.19319	0	0	0	0	0	0.00018672
2.52	0.38883	0.038357	0.19284	0	0	0	0	0	7.112e-005
2.525	0.38982	0.036982	0.19165	0	0	0	0	0	0.00021269
2.53	0.39009	0.036067	0.19043	0	0	0	0	0	0.00036444
2.535	0.38991	0.035839	0.18952	0	0	0	0	0	0.00031734
2.54	0.38996	0.036004	0.1891	0	0	0	0	0	5.8746e-005
2.545	0.39079	0.036318	0.18894	0	0	0	0	0	-0.00025884
2.55	0.39188	0.036648	0.1887	0	0	0	0	0	-0.00046372
2.555	0.39251	0.036978	0.1885	0	0	0	0	0	-0.00048402
2.56	0.39253	0.037293	0.18852	0	0	0	0	0	-0.00036664
2.565	0.39232	0.037576	0.18857	0	0	0	0	0	-0.00021255
2.57	0.39228	0.037667	0.18856	0	0	0	0	0	-9.4682e-005
2.575	0.39248	0.037545	0.18852	0	0	0	0	0	-2.9605e-005
2.58	0.39273	0.037331	0.1885	0	0	0	0	0	-2.3539e-006
2.585	0.39291	0.037152	0.18849	0	0	0	0	0	3.7338e-006
2.59	0.39301	0.037051	0.18845	0	0	0	0	0	-1.1436e-006
2.595	0.39311	0.03698	0.18843	0	0	0	0	0	-9.5188e-006
2.6	0.39318	0.036897	0.18844	0	0	0	0	0	-1.5809e-005
2.605	0.39321	0.036823	0.18845	0	0	0	0	0	-1.8054e-005
2.61	0.39323	0.036799	0.18845	0	0	0	0	0	-1.6602e-005
2.615	0.39321	0.036801	0.18843	0	0	0	0	0	-1.1689e-005
2.62	0.3932	0.036815	0.18839	0	0	0	0	0	-3.9892e-006
2.625	0.3932	0.036819	0.18832	0	0	0	0	0	3.9367e-006
2.63	0.39321	0.036806	0.18824	0	0	0	0	0	8.0954e-006
2.635	0.39324	0.036801	0.18815	0	0	0	0	0	5.6139e-006
2.64	0.39329	0.03681	0.18805	0	0	0	0	0	-2.3411e-006
2.645	0.39334	0.036829	0.18796	0	0	0	0	0	-1.0708e-005
2.65	0.3934	0.036857	0.18785	0	0	0	0	0	-1.4708e-005
2.655	0.39342	0.036882	0.18772	0	0	0	0	0	-1.3242e-005
2.66	0.39342	0.036893	0.1876	0	0	0	0	0	-8.0705e-006
2.665	0.39342	0.036901	0.1875	0	0	0	0	0	-1.6984e-006
2.67	0.39342	0.036901	0.18742	0	0	0	0	0	3.6561e-006
2.675	0.39343	0.036902	0.18736	0	0	0	0	0	6.9715e-006
2.68	0.39344	0.036903	0.18731	0	0	0	0	0	8.8258e-006
2.685	0.39346	0.0369	0.18727	0	0	0	0	0	1.0422e-005
2.69	0.39347	0.036902	0.18723	0	0	0	0	0	1.2381e-005
2.695	0.39348	0.036906	0.18717	0	0	0	0	0	1.4291e-005
2.7	0.39348	0.036932	0.1871	0	0	0	0	0	1.5236e-005
2.705	0.39348	0.036957	0.18704	0	0	0	0	0	1.497e-005
2.71	0.39349	0.036985	0.18698	0	0	0	0	0	1.4214e-005
2.715	0.39349	0.037016	0.18693	0	0	0	0	0	1.3653e-005
2.72	0.39348	0.037048	0.18689	0	0	0	0	0	1.3488e-005
2.725	0.39346	0.037078	0.18685	0	0	0	0	0	1.3919e-005
2.73	0.39345	0.037106	0.18683	0	0	0	0	0	1.5344e-005
2.735	0.39344	0.037129	0.18681	0	0	0	0	0	1.7966e-005
2.74	0.39341	0.037148	0.18679	0	0	0	0	0	2.1103e-005
2.745	0.39338	0.037165	0.18676	0	0	0	0	0	2.3435e-005
2.75	0.39336	0.037183	0.18674	0	0	0	0	0	2.4363e-005
2.755	0.39333	0.037201	0.18672	0	0	0	0	0	2.4451e-005
2.76	0.39331	0.037219	0.18671	0	0	0	0	0	2.4525e-005
2.765	0.39327	0.037231	0.1867	0	0	0	0	0	2.4822e-005
2.77	0.39322	0.037237	0.18671	0	0	0	0	0	2.4992e-005
2.775	0.39317	0.037241	0.18673	0	0	0	0	0	2.4833e-005
2.78	0.39311	0.037241	0.18677	0	0	0	0	0	2.4823e-005
2.785	0.39306	0.037248	0.18681	0	0	0	0	0	2.5699e-005
2.79	0.39299	0.037251	0.18686	0	0	0	0	0	2.7701e-005
2.795	0.39291	0.037257	0.18691	0	0	0	0	0	3.0561e-005
2.8	0.39281	0.037261	0.18696	0	0	0	0	0	3.4071e-005
2.805	0.39272	0.037271	0.18701	0	0	0	0	0	3.7966e-005
2.81	0.39262	0.037276	0.18707	0	0	0	0	0	4.1678e-005
2.815	0.39252	0.037278	0.18711	0	0	0	0	0	4.4806e-005
2.82	0.39242	0.037277	0.18716	0	0	0	0	0	4.7154e-005
2.825	0.3923	0.037273	0.18722	0	0	0	0	0	4.8488e-005
2.83	0.39217	0.037263	0.18729	0	0	0	0	0	4.8866e-005
2.835	0.39206	0.037256	0.18737	0	0	0	0	0	4.8927e-005
2.84	0.39194	0.037248	0.18745	0	0	0	0	0	4.9528e-005
2.845	0.39182	0.037241	0.18753	0	0	0	0	0	5.081e-005
2.85	0.39169	0.037238	0.18761	0	0	0	0	0	5.188e-005
2.855	0.39156	0.03723	0.18769	0	0	0	0	0	5.1911e-005
2.86	0.39143	0.037222	0.18777	0	0	0	0	0	5.1095e-005
2.865	0.3913	0.037219	0.18785	0	0	0	0	0	5.0015e-005
2.87	0.39116	0.037218	0.18792	0	0	0	0	0	4.8593e-005
2.875	0.39104	0.03722	0.18799	0	0	0	0	0	4.6327e-005
2.88	0.39091	0.037223	0.18804	0	0	0	0	0	4.3359e-005
2.885	0.39081	0.037234	0.18809	0	0	0	0	0	4.064e-005
2.89	0.39069	0.037242	0.18812	0	0	0	0	0	3.8941e-005
2.895	0.39058	0.037258	0.18812	0	0	0	0	0	3.795e-005
2.9	0.39048	0.037276	0.18811	0	0	0	0	0	3.6389e-005
2.905	0.3904	0.037299	0.18808	0	0	0	0	0	3.3452e-005
2.91	0.39032	0.037324	0.18804	0	0	0	0	0	2.9911e-005
2.915	0.39026	0.037352	0.18799	0	0	0	0	0	2.7281e-005
2.92	0.3902	0.037379	0.18792	0	0	0	0	0	2.6371e-005
2.925	0.39014	0.037414	0.18784	0	0	0	0	0	2.6865e-005
2.93	0.39009	0.037454	0.18775	0	0	0	0	0	2.7856e-005
2.935	0.39004	0.037497	0.18766	0	0	0	0	0	2.8657e-005
2.94	0.38998	0.037548	0.18759	0	0	0	0	0	2.9184e-005
2.945	0.38993	0.037599	0.18751	0	0	0	0	0	2.9859e-005
2.95	0.38989	0.037646	0.18744	0	0	0	0	0	3.0947e-005
2.955	0.38984	0.037693	0.18737	0	0	0	0	0	3.1848e-005
2.96	0.38979	0.037737	0.1873	0	0	0	0	0	3.1643e-005
2.965	0.38975	0.037781	0.18723	0	0	0	0	0	3.0445e-005
2.97	0.38969	0.037816	0.18716	0	0	0	0	0	2.9332e-005
2.975	0.38963	0.037849	0.18709	0	0	0	0	0	2.894e-005
2.98	0.38955	0.037878	0.18703	0	0	0	0	0	2.8813e-005
2.985	0.38949	0.037906	0.18697	0	0	0	0	0	2.8176e-005
2.99	0.38944	0.037932	0.18691	0	0	0	0	0	2.6913e-005
2.995	0.38941	0.037949	0.18684	0	0	0	0	0	2.5448e-005
3	0.38938	0.037965	0.18676	0	0	0	0	0	2.3944e-005
3.005	0.38936	0.03798	0.18668	0	0	0	0	0	2.23e-005
3.01	0.38935	0.037999	0.18659	0	0	0	0	0	2.0768e-005
3.015	0.38934	0.038014	0.18651	0	0	0	0	0	1.9915e-005
3.02	0.38932	0.038025	0.18643	0	0	0	0	0	2.0015e-005
3.025	0.3893	0.038037	0.18637	0	0	0	0	0	2.0858e-005
3.03	0.38926	0.038042	0.18633	0	0	0	0	0	2.2157e-005
3.035	0.38923	0.038046	0.1863	0	0	0	0	0	2.3626e-005
3.04	0.38917	0.038041	0.18628	0	0	0	0	0	2.4754e-005
3.045	0.38913	0.038039	0.18627	0	0	0	0	0	2.5156e-005
3.05	0.38908	0.038038	0.18627	0	0	0	0	0	2.4848e-005
3.055	0.38902	0.038028	0.18627	0	0	0	0	0	2.4056e-005
3.06	0.38898	0.038023	0.18628	0	0	0	0	0	2.3172e-005
3.065	0.38894	0.038013	0.1863	0	0	0	0	0	2.263e-005
3.07	0.3889	0.038005	0.18633	0	0	0	0	0	2.2589e-005
3.075	0.38887	0.037993	0.18636	0	0	0	0	0	2.2806e-005
3.08	0.38882	0.037978	0.18641	0	0	0	0	0	2.2666e-005
3.085	0.38878	0.037966	0.18647	0	0	0	0	0	2.1498e-005
3.09	0.38874	0.037951	0.18653	0	0	0	0	0	1.923e-005
3.095	0.38872	0.037937	0.18659	0	0	0	0	0	1.6523e-005
3.1	0.3887	0.037919	0.18665	0	0	0	0	0	1.4124e-005
3.105	0.38868	0.037904	0.18669	0	0	0	0	0	1.2373e-005
3.11	0.38867	0.037889	0.18671	0	0	0	0	0	1.1224e-005
3.115	0.38864	0.037881	0.18673	0	0	0	0	0	1.067e-005
3.12	0.38862	0.037874	0.18674	0	0	0	0	0	1.0914e-005
3.125	0.38858	0.037873	0.18674	0	0	0	0	0	1.174e-005
3.13	0.38855	0.037875	0.18674	0	0	0	0	0	1.2178e-005
3.135	0.38853	0.037881	0.18673	0	0	0	0	0	1.132e-005
3.14	0.38851	0.037882	0.18671	0	0	0	0	0	9.3035e-006
3.145	0.38849	0.037882	0.18669	0	0	0	0	0	7.5303e-006
3.15	0.38847	0.037884	0.18668	0	0	0	0	0	7.4705e-006
3.155	0.38842	0.037881	0.18666	0	0	0	0	0	9.0027e-006
3.16	0.38838	0.037881	0.18665	0	0	0	0	0	1.0595e-005
3.165	0.38833	0.037881	0.18665	0	0	0	0	0	1.1134e-005
3.17	0.38829	0.037886	0.18666	0	0	0	0	0	1.0987e-005
3.175	0.38824	0.037886	0.18667	0	0	0	0	0	1.1139e-005
3.18	0.38819	0.037879	0.18669	0	0	0	0	0	1.1852e-005
3.185	0.38813	0.037872	0.18672	0	0	0	0	0	1.2549e-005
3.19	0.38808	0.037863	0.18676	0	0	0	0	0	1.2536e-005
3.195	0.38802	0.037857	0.1868	0	0	0	0	0	1.1606e-005
3.2	0.38797	0.037845	0.18685	0	0	0	0	0	1.0317e-005
3.205	0.38794	0.037836	0.18691	0	0	0	0	0	9.5289e-006
3.21	0.38789	0.037821	0.18698	0	0	0	0	0	9.4746e-006
3.215	0.38784	0.03781	0.18705	0	0	0	0	0	9.6208e-006
3.22	0.38778	0.037797	0.18713	0	0	0	0	0	9.3724e-006
3.225	0.38772	0.037786	0.1872	0	0	0	0	0	8.7374e-006
3.23	0.38766	0.037776	0.18727	0	0	0	0	0	8.3091e-006
3.235	0.38761	0.037771	0.18733	0	0	0	0	0	8.6123e-006
3.24	0.38756	0.037765	0.18738	0	0	0	0	0	9.5534e-006
3.245	0.38748	0.037756	0.18741	0	0	0	0	0	1.032e-005
3.25	0.38743	0.037752	0.18744	0	0	0	0	0	1.0063e-005
3.255	0.38738	0.037747	0.18745	0	0	0	0	0	8.9778e-006
3.26	0.38735	0.037744	0.18746	0	0	0	0	0	8.0237e-006
3.265	0.38729	0.037735	0.18745	0	0	0	0	0	7.5243e-006
3.27	0.38725	0.037727	0.18745	0	0	0	0	0	6.7052e-006
3.275	0.38721	0.037724	0.18747	0	0	0	0	0	4.6141e-006
3.28	0.38718	0.037723	0.1875	0	0	0	0	0	1.3921e-006
3.285	0.38716	0.037721	0.18754	0	0	0	0	0	-1.5732e-006
3.29	0.38714	0.037723	0.18758	0	0	0	0	0	-3.1315e-006
3.295	0.38711	0.037721	0.18761	0	0	0	0	0	-3.407e-006
3.3	0.38709	0.037726	0.18765	0	0	0	0	0	-3.048e-006
3.305	0.38706	0.037724	0.18767	0	0	0	0	0	-2.4555e-006
3.31	0.38703	0.037727	0.18769	0	0	0	0	0	-1.7412e-006
3.315	0.38701	0.037729	0.18771	0	0	0	0	0	-7.081e-007
3.32	0.38698	0.03773	0.18774	0	0	0	0	0	6.7555e-007
3.325	0.38693	0.037727	0.18776	0	0	0	0	0	1.8099e-006
3.33	0.3869	0.037723	0.1878	0	0	0	0	0	2.1783e-006
3.335	0.38689	0.03772	0.18783	0	0	0	0	0	1.8881e-006
3.34	0.38689	0.037716	0.18786	0	0	0	0	0	1.0898e-006
3.345	0.38689	0.03771	0.18787	0	0	0	0	0	-2.8401e-007
3.35	0.38692	0.037707	0.18789	0	0	0	0	0	-2.0119e-006
3.355	0.38695	0.0377	0.18789	0	0	0	0	0	-3.3899e-006
3.36	0.38698	0.037698	0.1879	0	0	0	0	0	-3.8418e-006
3.365	0.38702	0.037696	0.18788	0	0	0	0	0	-3.5576e-006
3.37	0.38706	0.037695	0.18785	0	0	0	0	0	-3.182e-006
3.375	0.38711	0.037697	0.18781	0	0	0	0	0	-3.0637e-006
3.38	0.38714	0.03769	0.18776	0	0	0	0	0	-3.1422e-006
3.385	0.38718	0.037688	0.18771	0	0	0	0	0	-3.3514e-006
3.39	0.3872	0.037679	0.18766	0	0	0	0	0	-3.7913e-006
3.395	0.38722	0.037672	0.18761	0	0	0	0	0	-4.3528e-006
3.4	0.38724	0.037666	0.18757	0	0	0	0	0	-4.6556e-006
3.405	0.38726	0.03766	0.18753	0	0	0	0	0	-4.6908e-006
3.41	0.38727	0.037654	0.1875	0	0	0	0	0	-4.6307e-006
3.415	0.38728	0.037646	0.18747	0	0	0	0	0	-4.1772e-006
3.42	0.38728	0.037638	0.18746	0	0	0	0	0	-3.1873e-006
3.425	0.38725	0.037631	0.18745	0	0	0	0	0	-2.3261e-006
3.43	0.38723	0.037625	0.18744	0	0	0	0	0	-2.2264e-006
3.435	0.38721	0.037618	0.18743	0	0	0	0	0	-2.5556e-006
3.44	0.3872	0.037611	0.18743	0	0	0	0	0	-2.5014e-006
3.445	0.38717	0.037601	0.18743	0	0	0	0	0	-1.7761e-006
3.45	0.38715	0.037593	0.18743	0	0	0	0	0	-6.2702e-007
3.455	0.38713	0.037587	0.18743	0	0	0	0	0	6.4358e-007
3.46	0.3871	0.037576	0.18744	0	0	0	0	0	1.667e-006
3.465	0.38709	0.037566	0.18745	0	0	0	0	0	1.9914e-006
3.47	0.38708	0.03756	0.18746	0	0	0	0	0	1.9338e-006
3.475	0.38708	0.037556	0.18746	0	0	0	0	0	2.6918e-006
3.48	0.38707	0.037554	0.18744	0	0	0	0	0	4.5967e-006
3.485	0.38707	0.037556	0.18743	0	0	0	0	0	6.5302e-006
3.49	0.38707	0.037563	0.18742	0	0	0	0	0	7.5714e-006
3.495	0.38707	0.037574	0.1874	0	0	0	0	0	7.7448e-006
3.5	0.38707	0.037578	0.18739	0	0	0	0	0	7.3837e-006
3.505	0.38707	0.037583	0.18738	0	0	0	0	0	6.8576e-006
3.51	0.38705	0.037594	0.18739	0	0	0	0	0	6.6537e-006
3.515	0.38704	0.037607	0.1874	0	0	0	0	0	7.1875e-006
3.52	0.38702	0.037618	0.18741	0	0	0	0	0	8.5565e-006
3.525	0.38699	0.037629	0.18743	0	0	0	0	0	1.0485e-005
3.53	0.38695	0.037644	0.18746	0	0	0	0	0	1.207e-005
3.535	0.3869	0.037655	0.18749	0	0	0	0	0	1.1883e-005
3.54	0.38685	0.037659	0.18752	0	0	0	0	0	9.26e-006
3.545	0.38682	0.03766	0.18754	0	0	0	0	0	5.2227e-006
3.55	0.38681	0.037659	0.18756	0	0	0	0	0	1.8165e-006
3.555	0.3868	0.03766	0.18756	0	0	0	0	0	5.6835e-007
3.56	0.3868	0.03767	0.18755	0	0	0	0	0	1.3877e-006
3.565	0.3868	0.037677	0.18753	0	0	0	0	0	3.0075e-006
3.57	0.38681	0.037687	0.18752	0	0	0	0	0	4.4508e-006
3.575	0.3868	0.037705	0.18751	0	0	0	0	0	5.5275e-006
3.58	0.38679	0.037717	0.18749	0	0	0	0	0	6.3036e-006
3.585	0.38677	0.037732	0.18748	0	0	0	0	0	6.6053e-006
3.59	0.38676	0.037752	0.18747	0	0	0	0	0	5.8929e-006
3.595	0.38673	0.037765	0.18746	0	0	0	0	0	4.0285e-006
3.6	0.38671	0.037774	0.18747	0	0	0	0	0	2.0198e-006
3.605	0.38668	0.037773	0.18747	0	0	0	0	0	8.4372e-007
3.61	0.38665	0.037772	0.18747	0	0	0	0	0	2.2094e-007
3.615	0.38662	0.037768	0.18746	0	0	0	0	0	-4.7886e-007
3.62	0.3866	0.037757	0.18746	0	0	0	0	0	-1.4302e-006
3.625	0.38658	0.037746	0.18746	0	0	0	0	0	-2.7363e-006
3.63	0.38656	0.03773	0.18748	0	0	0	0	0	-4.4147e-006
3.635	0.38655	0.037713	0.1875	0	0	0	0	0	-6.0435e-006
3.64	0.38655	0.037694	0.18752	0	0	0	0	0	-6.9323e-006
3.645	0.38655	0.037675	0.18753	0	0	0	0	0	-6.756e-006
3.65	0.38654	0.037656	0.18755	0	0	0	0	0	-5.8314e-006
3.655	0.38653	0.037643	0.18757	0	0	0	0	0	-4.7077e-006
3.66	0.38652	0.037632	0.18759	0	0	0	0	0	-3.9301e-006
3.665	0.38651	0.037619	0.1876	0	0	0	0	0	-3.9234e-006
3.67	0.3865	0.037611	0.18762	0	0	0	0	0	-4.4369e-006
3.675	0.38649	0.037604	0.18763	0	0	0	0	0	-4.4942e-006
3.68	0.38647	0.037601	0.18763	0	0	0	0	0	-3.3724e-006
3.685	0.38646	0.037599	0.18764	0	0	0	0	0	-1.4466e-006
3.69	0.38644	0.037593	0.18763	0	0	0	0	0	1.4899e-007
3.695	0.38642	0.037589	0.18763	0	0	0	0	0	5.907e-007
3.7	0.38641	0.037585	0.18763	0	0	0	0	0	2.343e-008
3.705	0.3864	0.037582	0.18764	0	0	0	0	0	-5.8324e-007
3.71	0.38639	0.03758	0.18765	0	0	0	0	0	-3.6193e-007
3.715	0.38638	0.037576	0.18766	0	0	0	0	0	4.7451e-007
3.72	0.38636	0.037572	0.18767	0	0	0	0	0	1.0347e-006
3.725	0.38635	0.037562	0.18769	0	0	0	0	0	1.0897e-006
3.73	0.38634	0.037551	0.18771	0	0	0	0	0	1.1952e-006
3.735	0.38632	0.037541	0.18774	0	0	0	0	0	1.5439e-006
3.74	0.38631	0.037533	0.18777	0	0	0	0	0	1.5933e-006
3.745	0.38629	0.037522	0.18781	0	0	0	0	0	6.8939e-007
3.75	0.38628	0.037505	0.18785	0	0	0	0	0	-1.2108e-006
3.755	0.38628	0.037495	0.1879	0	0	0	0	0	-3.2036e-006
3.76	0.38628	0.037486	0.18794	0	0	0	0	0	-4.41e-006
3.765	0.38628	0.03747	0.18798	0	0	0	0	0	-4.9616e-006
3.77	0.38628	0.037456	0.18803	0	0	0	0	0	-5.2045e-006
3.775	0.38627	0.037443	0.18806	0	0	0	0	0	-5.0081e-006
3.78	0.38626	0.037432	0.18809	0	0	0	0	0	-4.2388e-006
3.785	0.38625	0.037423	0.18813	0	0	0	0	0	-2.9384e-006
3.79	0.38624	0.037411	0.18815	0	0	0	0	0	-1.3757e-006
3.795	0.38623	0.037399	0.18818	0	0	0	0	0	-4.3681e-008
3.8	0.38619	0.037387	0.1882	0	0	0	0	0	6.9539e-007
3.805	0.38618	0.037374	0.18824	0	0	0	0	0	9.3101e-007
3.81	0.38616	0.037358	0.18828	0	0	0	0	0	1.2582e-006
3.815	0.38614	0.037341	0.18832	0	0	0	0	0	2.2631e-006
3.82	0.38611	0.037325	0.18837	0	0	0	0	0	3.8343e-006
3.825	0.38608	0.037303	0.18842	0	0	0	0	0	5.2947e-006
3.83	0.38605	0.037286	0.18847	0	0	0	0	0	6.1261e-006
3.835	0.38602	0.037267	0.18854	0	0	0	0	0	6.1772e-006
3.84	0.38599	0.037245	0.1886	0	0	0	0	0	5.4833e-006
3.845	0.38596	0.037222	0.18866	0	0	0	0	0	4.1652e-006
3.85	0.38595	0.037204	0.18872	0	0	0	0	0	2.2617e-006
3.855	0.38593	0.037181	0.18878	0	0	0	0	0	-4.0123e-007
3.86	0.38592	0.037164	0.18884	0	0	0	0	0	-3.5879e-006
3.865	0.38593	0.037145	0.1889	0	0	0	0	0	-6.1099e-006
3.87	0.38595	0.037128	0.18895	0	0	0	0	0	-6.8196e-006
3.875	0.38596	0.037111	0.18899	0	0	0	0	0	-6.2033e-006
3.88	0.38597	0.0371	0.18903	0	0	0	0	0	-5.728e-006
3.885	0.38599	0.037093	0.18905	0	0	0	0	0	-5.8983e-006
3.89	0.386	0.037083	0.18908	0	0	0	0	0	-6.0138e-006
3.895	0.38602	0.037075	0.18909	0	0	0	0	0	-5.5175e-006
3.9	0.38604	0.037069	0.18909	0	0	0	0	0	-4.6335e-006
3.905	0.38605	0.037064	0.18909	0	0	0	0	0	-4.016e-006
3.91	0.38606	0.037062	0.18908	0	0	0	0	0	-3.9671e-006
3.915	0.38606	0.03706	0.18907	0	0	0	0	0	-3.9794e-006
3.92	0.38607	0.037057	0.18906	0	0	0	0	0	-3.5082e-006
3.925	0.38608	0.037056	0.18905	0	0	0	0	0	-2.7817e-006
3.93	0.38608	0.037054	0.18903	0	0	0	0	0	-2.433e-006
3.935	0.38608	0.037052	0.18902	0	0	0	0	0	-2.7534e-006
3.94	0.38609	0.037051	0.18901	0	0	0	0	0	-3.319e-006
3.945	0.3861	0.037049	0.189	0	0	0	0	0	-3.3744e-006
3.95	0.38612	0.037047	0.189	0	0	0	0	0	-2.6814e-006
3.955	0.38612	0.03704	0.189	0	0	0	0	0	-1.7863e-006
3.96	0.38613	0.037036	0.189	0	0	0	0	0	-1.4647e-006
3.965	0.38613	0.037035	0.18901	0	0	0	0	0	-2.0093e-006
3.97	0.38614	0.037031	0.18901	0	0	0	0	0	-2.9568e-006
3.975	0.38614	0.037027	0.18902	0	0	0	0	0	-3.5067e-006
3.98	0.38615	0.037025	0.18902	0	0	0	0	0	-3.4507e-006
3.985	0.38616	0.037023	0.18902	0	0	0	0	0	-3.25e-006
3.99	0.38616	0.03702	0.18902	0	0	0	0	0	-2.9925e-006
3.995	0.38616	0.037016	0.18903	0	0	0	0	0	-2.1799e-006
4	0.38616	0.037015	0.18902	0	0	0	0	0	-6.2416e-007
4.005	0.38615	0.037015	0.18902	0	0	0	0	0	1.1622e-006
4.01	0.38615	0.037015	0.18901	0	0	0	0	0	2.5152e-006
4.015	0.38614	0.037013	0.18901	0	0	0	0	0	3.0777e-006
4.02	0.38613	0.037014	0.189	0	0	0	0	0	2.8906e-006
4.025	0.38613	0.037013	0.189	0	0	0	0	0	2.5819e-006
4.03	0.38614	0.037018	0.189	0	0	0	0	0	2.8619e-006
4.035	0.38613	0.037022	0.18899	0	0	0	0	0	3.6676e-006
4.04	0.38613	0.037026	0.189	0	0	0	0	0	4.7168e-006
4.045	0.38612	0.037026	0.189	0	0	0	0	0	6.1782e-006
4.05	0.3861	0.037031	0.18901	0	0	0	0	0	7.906e-006
4.055	0.38609	0.037034	0.18902	0	0	0	0	0	9.2333e-006
4.06	0.38608	0.037039	0.18903	0	0	0	0	0	9.721e-006
4.065	0.38605	0.037043	0.18904	0	0	0	0	0	9.0449e-006
4.07	0.38604	0.037045	0.18906	0	0	0	0	0	6.927e-006
4.075	0.38603	0.037051	0.18909	0	0	0	0	0	3.9349e-006
4.08	0.38603	0.037053	0.18911	0	0	0	0	0	1.2269e-006
4.085	0.38603	0.03705	0.18914	0	0	0	0	0	-8.1015e-007
4.09	0.38604	0.037051	0.18916	0	0	0	0	0	-2.5908e-006
4.095	0.38605	0.037048	0.18918	0	0	0	0	0	-4.2038e-006
4.1	0.38607	0.037049	0.18921	0	0	0	0	0	-5.2071e-006
4.105	0.38607	0.037046	0.18923	0	0	0	0	0	-5.2451e-006
4.11	0.38608	0.037047	0.18926	0	0	0	0	0	-4.5342e-006
4.115	0.3861	0.037049	0.18928	0	0	0	0	0	-3.9138e-006
4.12	0.3861	0.037049	0.18929	0	0	0	0	0	-4.0652e-006
4.125	0.38611	0.037052	0.1893	0	0	0	0	0	-4.6402e-006
4.13	0.38612	0.037054	0.1893	0	0	0	0	0	-4.8842e-006
4.135	0.38611	0.037056	0.1893	0	0	0	0	0	-4.7533e-006
4.14	0.38611	0.037062	0.1893	0	0	0	0	0	-4.716e-006
4.145	0.38611	0.037065	0.1893	0	0	0	0	0	-5.1404e-006
4.15	0.38611	0.03707	0.1893	0	0	0	0	0	-6.1141e-006
4.155	0.38611	0.037076	0.1893	0	0	0	0	0	-7.3254e-006
4.16	0.38612	0.037079	0.18929	0	0	0	0	0	-8.1302e-006
4.165	0.38614	0.037083	0.18929	0	0	0	0	0	-8.067e-006
4.17	0.38614	0.037089	0.18929	0	0	0	0	0	-7.4125e-006
4.175	0.38615	0.037092	0.18928	0	0	0	0	0	-6.8966e-006
4.18	0.38615	0.037092	0.18929	0	0	0	0	0	-6.831e-006
4.185	0.38615	0.037095	0.18928	0	0	0	0	0	-6.9268e-006
4.19	0.38615	0.037099	0.18928	0	0	0	0	0	-6.7918e-006
4.195	0.38615	0.037106	0.18928	0	0	0	0	0	-6.2894e-006
4.2	0.38614	0.03711	0.18928	0	0	0	0	0	-5.6929e-006
4.205	0.38615	0.037114	0.18928	0	0	0	0	0	-5.5059e-006
4.21	0.38614	0.037115	0.18928	0	0	0	0	0	-5.812e-006
4.215	0.38615	0.037121	0.18928	0	0	0	0	0	-6.1349e-006
4.22	0.38614	0.037123	0.18929	0	0	0	0	0	-6.221e-006
4.225	0.38615	0.037122	0.18929	0	0	0	0	0	-6.384e-006
4.23	0.38615	0.037122	0.18929	0	0	0	0	0	-7.0214e-006
4.235	0.38616	0.037125	0.18928	0	0	0	0	0	-8.144e-006
4.24	0.38618	0.037128	0.18927	0	0	0	0	0	-9.069e-006
4.245	0.38619	0.037126	0.18927	0	0	0	0	0	-8.7989e-006
4.25	0.3862	0.03713	0.18926	0	0	0	0	0	-7.2959e-006
4.255	0.38621	0.037136	0.18924	0	0	0	0	0	-5.6916e-006
4.26	0.38621	0.037136	0.18922	0	0	0	0	0	-4.7331e-006
4.265	0.38621	0.037139	0.18921	0	0	0	0	0	-4.0865e-006
4.27	0.3862	0.03714	0.18919	0	0	0	0	0	-3.4443e-006
4.275	0.3862	0.037144	0.18917	0	0	0	0	0	-3.163e-006
4.28	0.38621	0.03715	0.18915	0	0	0	0	0	-3.5057e-006
4.285	0.38621	0.037151	0.18915	0	0	0	0	0	-3.9673e-006
4.29	0.38621	0.037153	0.18914	0	0	0	0	0	-4.0091e-006
4.295	0.3862	0.037154	0.18913	0	0	0	0	0	-3.9985e-006
4.3	0.38621	0.037163	0.18914	0	0	0	0	0	-4.4528e-006
4.305	0.38621	0.037165	0.18915	0	0	0	0	0	-5.0794e-006
4.31	0.38622	0.037167	0.18915	0	0	0	0	0	-5.4903e-006
4.315	0.38624	0.03717	0.18916	0	0	0	0	0	-5.9245e-006
4.32	0.38626	0.03717	0.18917	0	0	0	0	0	-6.5562e-006
4.325	0.38629	0.037173	0.18917	0	0	0	0	0	-7.0036e-006
4.33	0.38631	0.037172	0.18917	0	0	0	0	0	-6.9895e-006
4.335	0.38632	0.037171	0.18917	0	0	0	0	0	-6.7081e-006
4.34	0.38636	0.037175	0.18917	0	0	0	0	0	-6.3974e-006
4.345	0.38638	0.037174	0.18917	0	0	0	0	0	-6.1648e-006
4.35	0.3864	0.037173	0.18916	0	0	0	0	0	-6.0339e-006
4.355	0.38644	0.037177	0.18915	0	0	0	0	0	-5.8663e-006
4.36	0.38646	0.037177	0.18914	0	0	0	0	0	-5.5733e-006
4.365	0.38648	0.037181	0.18913	0	0	0	0	0	-5.2095e-006
4.37	0.38649	0.037181	0.18911	0	0	0	0	0	-4.8311e-006
4.375	0.38651	0.037185	0.1891	0	0	0	0	0	-4.7083e-006
4.38	0.38651	0.037186	0.18909	0	0	0	0	0	-5.0913e-006
4.385	0.38652	0.037189	0.18909	0	0	0	0	0	-5.5633e-006
4.39	0.38653	0.037192	0.18908	0	0	0	0	0	-5.5923e-006
4.395	0.38654	0.037193	0.18908	0	0	0	0	0	-5.4368e-006
4.4	0.38655	0.037199	0.18909	0	0	0	0	0	-5.7778e-006
4.405	0.38656	0.037204	0.1891	0	0	0	0	0	-7.0089e-006
4.41	0.38657	0.037207	0.18911	0	0	0	0	0	-8.7241e-006
4.415	0.3866	0.037208	0.18912	0	0	0	0	0	-9.7e-006
4.42	0.38663	0.037209	0.18914	0	0	0	0	0	-9.2673e-006
4.425	0.38666	0.037208	0.18915	0	0	0	0	0	-8.2914e-006
4.43	0.3867	0.037206	0.18916	0	0	0	0	0	-8.026e-006
4.435	0.38674	0.037203	0.18918	0	0	0	0	0	-8.6585e-006
4.44	0.38678	0.0372	0.18919	0	0	0	0	0	-9.4624e-006
4.445	0.38682	0.037197	0.18919	0	0	0	0	0	-9.8458e-006
4.45	0.38685	0.037195	0.18919	0	0	0	0	0	-9.8236e-006
4.455	0.3869	0.037197	0.18917	0	0	0	0	0	-9.9135e-006
4.46	0.38694	0.037195	0.18915	0	0	0	0	0	-1.0765e-005
4.465	0.38699	0.037203	0.18911	0	0	0	0	0	-1.2421e-005
4.47	0.38703	0.037206	0.18907	0	0	0	0	0	-1.423e-005
4.475	0.38708	0.037215	0.18901	0	0	0	0	0	-1.5758e-005
4.48	0.38713	0.037222	0.18894	0	0	0	0	0	-1.7167e-005
4.485	0.38718	0.037239	0.18885	0	0	0	0	0	-1.8519e-005
4.49	0.38725	0.037255	0.18876	0	0	0	0	0	-1.914e-005
4.495	0.38732	0.037272	0.18866	0	0	0	0	0	-1.8264e-005
4.5	0.3874	0.037289	0.18855	0	0	0	0	0	-1.6339e-005
4.505	0.38745	0.037307	0.18844	0	0	0	0	0	-1.4797e-005
4.51	0.38751	0.037332	0.18834	0	0	0	0	0	-1.4481e-005
4.515	0.38755	0.037354	0.18824	0	0	0	0	0	-1.5142e-005
4.52	0.3876	0.037379	0.18817	0	0	0	0	0	-1.6171e-005
4.525	0.38765	0.037401	0.1881	0	0	0	0	0	-1.7102e-005
4.53	0.38768	0.037421	0.18805	0	0	0	0	0	-1.7681e-005
4.535	0.38772	0.037439	0.188	0	0	0	0	0	-1.7884e-005
4.54	0.38774	0.037459	0.18796	0	0	0	0	0	-1.7881e-005
4.545	0.38777	0.037474	0.18793	0	0	0	0	0	-1.7767e-005
4.55	0.38779	0.037493	0.18791	0	0	0	0	0	-1.7443e-005
4.555	0.38781	0.037511	0.18788	0	0	0	0	0	-1.6815e-005
4.56	0.38783	0.037525	0.18786	0	0	0	0	0	-1.5918e-005
4.565	0.38785	0.037537	0.18784	0	0	0	0	0	-1.493e-005
4.57	0.38786	0.037552	0.18782	0	0	0	0	0	-1.421e-005
4.575	0.38787	0.037565	0.1878	0	0	0	0	0	-1.4014e-005
4.58	0.38788	0.03758	0.18778	0	0	0	0	0	-1.4236e-005
4.585	0.3879	0.037593	0.18776	0	0	0	0	0	-1.4472e-005
4.59	0.3879	0.037609	0.18774	0	0	0	0	0	-1.4484e-005
4.595	0.3879	0.037622	0.18772	0	0	0	0	0	-1.4323e-005
4.6	0.3879	0.037638	0.18769	0	0	0	0	0	-1.3755e-005
4.605	0.38791	0.037659	0.18766	0	0	0	0	0	-1.2531e-005
4.61	0.3879	0.037676	0.18763	0	0	0	0	0	-1.1166e-005
4.615	0.3879	0.03769	0.18759	0	0	0	0	0	-1.037e-005
4.62	0.38789	0.0377	0.18756	0	0	0	0	0	-9.9138e-006
4.625	0.38789	0.037716	0.18754	0	0	0	0	0	-8.9429e-006
4.63	0.38788	0.037728	0.18751	0	0	0	0	0	-7.487e-006
4.635	0.38786	0.037737	0.18748	0	0	0	0	0	-6.674e-006
4.64	0.38785	0.037749	0.18746	0	0	0	0	0	-7.0352e-006
4.645	0.38784	0.037758	0.18743	0	0	0	0	0	-7.7902e-006
4.65	0.38783	0.037772	0.18741	0	0	0	0	0	-8.0806e-006
4.655	0.38782	0.037784	0.18739	0	0	0	0	0	-7.9234e-006
4.66	0.38781	0.037794	0.18737	0	0	0	0	0	-7.8452e-006
4.665	0.3878	0.037807	0.18735	0	0	0	0	0	-8.1701e-006
4.67	0.38779	0.037817	0.18733	0	0	0	0	0	-8.7298e-006
4.675	0.38778	0.037827	0.18731	0	0	0	0	0	-8.9432e-006
4.68	0.38778	0.03784	0.1873	0	0	0	0	0	-8.4457e-006
4.685	0.38776	0.037846	0.18728	0	0	0	0	0	-7.6441e-006
4.69	0.38776	0.037855	0.18726	0	0	0	0	0	-7.0679e-006
4.695	0.38774	0.037863	0.18724	0	0	0	0	0	-6.7303e-006
4.7	0.38772	0.037872	0.18723	0	0	0	0	0	-6.462e-006
4.705	0.38772	0.03788	0.18721	0	0	0	0	0	-6.1195e-006
4.71	0.38769	0.037888	0.18719	0	0	0	0	0	-5.8009e-006
4.715	0.38767	0.037896	0.18717	0	0	0	0	0	-6.2421e-006
4.72	0.38766	0.037908	0.18715	0	0	0	0	0	-8.0315e-006
4.725	0.38766	0.037919	0.18713	0	0	0	0	0	-1.0493e-005
4.73	0.38765	0.03793	0.18711	0	0	0	0	0	-1.243e-005
4.735	0.38765	0.037945	0.18709	0	0	0	0	0	-1.3399e-005
4.74	0.38764	0.037957	0.18707	0	0	0	0	0	-1.3608e-005
4.745	0.38764	0.037968	0.18705	0	0	0	0	0	-1.3212e-005
4.75	0.38764	0.037981	0.18703	0	0	0	0	0	-1.2075e-005
4.755	0.38763	0.03799	0.18702	0	0	0	0	0	-9.9821e-006
4.76	0.38763	0.038002	0.18701	0	0	0	0	0	-7.0936e-006
4.765	0.38762	0.038012	0.187	0	0	0	0	0	-4.2443e-006
4.77	0.38759	0.038018	0.18699	0	0	0	0	0	-2.3333e-006
4.775	0.38757	0.038029	0.18698	0	0	0	0	0	-1.3679e-006
4.78	0.38754	0.038033	0.18698	0	0	0	0	0	-9.1308e-007
4.785	0.38752	0.038037	0.18698	0	0	0	0	0	-9.4639e-007
4.79	0.38751	0.038043	0.18698	0	0	0	0	0	-1.4684e-006
4.795	0.3875	0.038049	0.18698	0	0	0	0	0	-2.0669e-006
4.8	0.38748	0.038054	0.18697	0	0	0	0	0	-2.4909e-006
4.805	0.38746	0.038063	0.18697	0	0	0	0	0	-3.0085e-006
4.81	0.38745	0.038071	0.18697	0	0	0	0	0	-3.643e-006
4.815	0.38744	0.038077	0.18697	0	0	0	0	0	-3.7527e-006
4.82	0.38742	0.038084	0.18697	0	0	0	0	0	-3.056e-006
4.825	0.3874	0.03809	0.18697	0	0	0	0	0	-2.176e-006
4.83	0.38737	0.038091	0.18698	0	0	0	0	0	-1.6318e-006
4.835	0.38736	0.0381	0.18698	0	0	0	0	0	-1.1903e-006
4.84	0.38734	0.0381	0.18699	0	0	0	0	0	-6.0554e-007
4.845	0.38732	0.038103	0.18701	0	0	0	0	0	-1.8834e-007
4.85	0.3873	0.038105	0.18702	0	0	0	0	0	-3.211e-007
4.855	0.38728	0.038107	0.18704	0	0	0	0	0	-9.2193e-007
4.86	0.38725	0.038108	0.18707	0	0	0	0	0	-1.642e-006
4.865	0.38722	0.038114	0.18709	0	0	0	0	0	-2.0581e-006
4.87	0.3872	0.038113	0.18712	0	0	0	0	0	-1.8181e-006
4.875	0.38716	0.038112	0.18715	0	0	0	0	0	-1.0786e-006
4.88	0.38713	0.038114	0.18718	0	0	0	0	0	-3.9802e-007
4.885	0.38709	0.038112	0.18721	0	0	0	0	0	-6.0115e-008
4.89	0.38706	0.038116	0.18724	0	0	0	0	0	2.7505e-007
4.895	0.38703	0.038121	0.18728	0	0	0	0	0	1.228e-006
4.9	0.38701	0.038131	0.18731	0	0	0	0	0	2.8972e-006
4.905	0.38698	0.03814	0.18734	0	0	0	0	0	4.7324e-006
4.91	0.38696	0.038154	0.18738	0	0	0	0	0	6.357e-006
4.915	0.38695	0.038166	0.18743	0	0	0	0	0	7.857e-006
4.92	0.38694	0.038184	0.18747	0	0	0	0	0	9.1992e-006
4.925	0.38693	0.038199	0.18752	0	0	0	0	0	9.9857e-006
4.93	0.38693	0.038215	0.18758	0	0	0	0	0	9.8219e-006
4.935	0.38693	0.038223	0.18763	0	0	0	0	0	8.6875e-006
4.94	0.38692	0.038229	0.18768	0	0	0	0	0	7.1332e-006
4.945	0.38692	0.038231	0.18773	0	0	0	0	0	5.9721e-006
4.95	0.38691	0.038232	0.18777	0	0	0	0	0	5.4733e-006
4.955	0.38689	0.038232	0.18781	0	0	0	0	0	5.1343e-006
4.96	0.38687	0.038232	0.18785	0	0	0	0	0	4.3148e-006
4.965	0.38685	0.038225	0.18789	0	0	0	0	0	2.8897e-006
4.97	0.38683	0.038226	0.18793	0	0	0	0	0	1.4097e-006
4.975	0.38681	0.038217	0.18797	0	0	0	0	0	5.8772e-007
4.98	0.38678	0.038209	0.18801	0	0	0	0	0	5.4803e-007
4.985	0.38675	0.038204	0.18805	0	0	0	0	0	1.0427e-006
4.99	0.38673	0.038192	0.18809	0	0	0	0	0	2.2957e-006
4.995	0.38669	0.03818	0.18814	0	0	0	0	0	4.4388e-006
