0.005	-0.4896	0.27811	0.1326	0	0	0	0	0	-5.3826e-006
0.01	-0.4896	0.2781	0.13261	0	0	0	0	0	-1.2293e-005
0.015	-0.48961	0.27808	0.13262	0	0	0	0	0	-1.6425e-005
0.02	-0.48956	0.27809	0.13263	0	0	0	0	0	-1.3659e-005
0.025	-0.48956	0.27808	0.13264	0	0	0	0	0	-5.1736e-006
0.03	-0.48959	0.27807	0.13264	0	0	0	0	0	1.326e-007
0.035	-0.48959	0.27806	0.13264	0	0	0	0	0	-2.3762e-006
0.04	-0.48959	0.27805	0.13266	0	0	0	0	0	-6.3844e-006
0.045	-0.48957	0.27806	0.13268	0	0	0	0	0	-5.3949e-006
0.05	-0.48957	0.27805	0.13269	0	0	0	0	0	-6.7968e-007
0.055	-0.48956	0.27805	0.13272	0	0	0	0	0	3.3991e-006
0.06	-0.4896	0.27804	0.13273	0	0	0	0	0	7.2151e-006
0.065	-0.48954	0.27805	0.13276	0	0	0	0	0	1.6281e-005
0.07	-0.48961	0.27803	0.13276	0	0	0	0	0	2.8866e-005
0.075	-0.48963	0.27802	0.13277	0	0	0	0	0	3.3229e-005
0.08	-0.48963	0.27802	0.13279	0	0	0	0	0	2.5643e-005
0.085	-0.48964	0.27803	0.13281	0	0	0	0	0	1.7112e-005
0.09	-0.48962	0.27803	0.13283	0	0	0	0	0	1.9793e-005
0.095	-0.48965	0.27803	0.13284	0	0	0	0	0	3.5522e-005
0.1	-0.48964	0.27804	0.13286	0	0	0	0	0	5.8526e-005
0.105	-0.48969	0.27803	0.13286	0	0	0	0	0	8.1282e-005
0.11	-0.48974	0.27803	0.13286	0	0	0	0	0	9.3597e-005
0.115	-0.48981	0.27801	0.13284	0	0	0	0	0	8.9469e-005
0.12	-0.48983	0.27801	0.13285	0	0	0	0	0	7.6527e-005
0.125	-0.48986	0.27802	0.13284	0	0	0	0	0	6.7351e-005
0.13	-0.48988	0.27802	0.13284	0	0	0	0	0	6.6362e-005
0.135	-0.48992	0.27802	0.13283	0	0	0	0	0	7.1462e-005
0.14	-0.48989	0.27804	0.13285	0	0	0	0	0	7.9173e-005
0.145	-0.49001	0.27802	0.13283	0	0	0	0	0	8.3868e-005
0.15	-0.48999	0.27804	0.13285	0	0	0	0	0	8.546e-005
0.155	-0.49	0.27805	0.13286	0	0	0	0	0	9.4158e-005
0.16	-0.49003	0.27805	0.13286	0	0	0	0	0	0.00011236
0.165	-0.49013	0.27803	0.13284	0	0	0	0	0	0.00012583
0.17	-0.49018	0.27804	0.13285	0	0	0	0	0	0.00012405
0.175	-0.49022	0.27805	0.13286	0	0	0	0	0	0.00011374
0.18	-0.49026	0.27805	0.13286	0	0	0	0	0	0.00010561
0.185	-0.49031	0.27804	0.13286	0	0	0	0	0	9.8369e-005
0.19	-0.49038	0.27804	0.13286	0	0	0	0	0	8.6275e-005
0.195	-0.49033	0.27807	0.13289	0	0	0	0	0	7.325e-005
0.2	-0.49042	0.27805	0.13288	0	0	0	0	0	6.3974e-005
0.205	-0.49043	0.27805	0.13289	0	0	0	0	0	5.465e-005
0.21	-0.49042	0.27806	0.13291	0	0	0	0	0	4.3611e-005
0.215	-0.49046	0.27806	0.13291	0	0	0	0	0	3.5041e-005
0.22	-0.49047	0.27806	0.13291	0	0	0	0	0	3.1882e-005
0.225	-0.49044	0.27808	0.13293	0	0	0	0	0	3.331e-005
0.23	-0.49048	0.27807	0.13293	0	0	0	0	0	3.0568e-005
0.235	-0.49055	0.27806	0.13291	0	0	0	0	0	1.0403e-005
0.24	-0.49046	0.27808	0.13293	0	0	0	0	0	-2.5311e-005
0.245	-0.49044	0.27808	0.13293	0	0	0	0	0	-5.7028e-005
0.25	-0.49041	0.27808	0.13293	0	0	0	0	0	-6.8263e-005
0.255	-0.49036	0.27807	0.13293	0	0	0	0	0	-5.5266e-005
0.26	-0.49036	0.27806	0.13292	0	0	0	0	0	-2.698e-005
0.265	-0.4904	0.27804	0.13289	0	0	0	0	0	-1.2977e-006
0.27	-0.4904	0.27803	0.13289	0	0	0	0	0	9.166e-006
0.275	-0.49042	0.27801	0.13287	0	0	0	0	0	4.6148e-006
0.28	-0.49038	0.27801	0.13288	0	0	0	0	0	-9.2692e-006
0.285	-0.49042	0.278	0.13286	0	0	0	0	0	-2.8378e-005
0.29	-0.49033	0.278	0.13289	0	0	0	0	0	-4.7049e-005
0.295	-0.49034	0.27799	0.13289	0	0	0	0	0	-5.9842e-005
0.3	-0.49032	0.27798	0.13288	0	0	0	0	0	-6.9145e-005
0.305	-0.49027	0.27797	0.13289	0	0	0	0	0	-7.8734e-005
0.31	-0.49025	0.27796	0.13288	0	0	0	0	0	-9.1998e-005
0.315	-0.49022	0.27794	0.13287	0	0	0	0	0	-0.00011639
0.32	-0.49016	0.27793	0.13287	0	0	0	0	0	-0.00015067
0.325	-0.49006	0.27793	0.13287	0	0	0	0	0	-0.00017667
0.33	-0.48996	0.27792	0.13288	0	0	0	0	0	-0.00017653
0.335	-0.48987	0.27792	0.13288	0	0	0	0	0	-0.0001635
0.34	-0.48985	0.2779	0.13286	0	0	0	0	0	-0.00019542
0.345	-0.48979	0.27788	0.13285	0	0	0	0	0	-0.00033053
0.35	-0.48971	0.27786	0.13284	0	0	0	0	0	-0.00052598
0.355	-0.48906	0.27798	0.13294	0	0	0	0	0	-0.00061724
0.36	-0.48901	0.27796	0.13293	0	0	0	0	0	-0.00050731
0.365	-0.48903	0.27793	0.1329	0	0	0	0	0	-0.00030274
0.37	-0.48885	0.27795	0.13293	0	0	0	0	0	-0.00015019
0.375	-0.48892	0.27792	0.13288	0	0	0	0	0	-8.3628e-005
0.38	-0.48884	0.27792	0.13288	0	0	0	0	0	-7.2308e-005
0.385	-0.4888	0.2779	0.13286	0	0	0	0	0	-8.2277e-005
0.39	-0.48878	0.27789	0.13285	0	0	0	0	0	-9.3661e-005
0.395	-0.48873	0.27788	0.13284	0	0	0	0	0	-0.00010202
0.4	-0.48868	0.27787	0.13283	0	0	0	0	0	-0.00010492
0.405	-0.4886	0.27787	0.13282	0	0	0	0	0	-0.00010134
0.41	-0.48862	0.27784	0.13279	0	0	0	0	0	-9.904e-005
0.415	-0.48855	0.27784	0.13279	0	0	0	0	0	-0.00010402
0.42	-0.48848	0.27784	0.13277	0	0	0	0	0	-0.00010837
0.425	-0.48847	0.27782	0.13274	0	0	0	0	0	-0.00010159
0.43	-0.48839	0.27783	0.13274	0	0	0	0	0	-8.2422e-005
0.435	-0.4884	0.27781	0.13271	0	0	0	0	0	-5.833e-005
0.44	-0.48839	0.2778	0.13269	0	0	0	0	0	-4.3361e-005
0.445	-0.48841	0.27778	0.13265	0	0	0	0	0	-4.6067e-005
0.45	-0.48834	0.27779	0.13266	0	0	0	0	0	-5.6817e-005
0.455	-0.48831	0.27778	0.13264	0	0	0	0	0	-5.7783e-005
0.46	-0.48831	0.27778	0.13261	0	0	0	0	0	-4.4125e-005
0.465	-0.48829	0.27778	0.13261	0	0	0	0	0	-2.5945e-005
0.47	-0.48829	0.27778	0.1326	0	0	0	0	0	-1.4571e-005
0.475	-0.48828	0.27779	0.1326	0	0	0	0	0	-1.3648e-005
0.48	-0.48828	0.2778	0.13259	0	0	0	0	0	-1.7421e-005
0.485	-0.48827	0.2778	0.13258	0	0	0	0	0	-1.6852e-005
0.49	-0.48828	0.2778	0.13257	0	0	0	0	0	-8.6485e-006
0.495	-0.48826	0.27782	0.13257	0	0	0	0	0	4.5522e-006
0.5	-0.48828	0.27783	0.13255	0	0	0	0	0	1.7899e-005
0.505	-0.4883	0.27783	0.13254	0	0	0	0	0	2.5545e-005
0.51	-0.48832	0.27783	0.13252	0	0	0	0	0	2.4178e-005
0.515	-0.48833	0.27784	0.1325	0	0	0	0	0	1.5068e-005
0.52	-0.48835	0.27785	0.13248	0	0	0	0	0	4.4467e-007
0.525	-0.48832	0.27787	0.13248	0	0	0	0	0	-1.5824e-005
0.53	-0.48831	0.27788	0.13247	0	0	0	0	0	-2.4809e-005
0.535	-0.48826	0.2779	0.13247	0	0	0	0	0	-1.8342e-005
0.54	-0.48829	0.2779	0.13244	0	0	0	0	0	1.5533e-006
0.545	-0.48831	0.27791	0.13243	0	0	0	0	0	2.3417e-005
0.55	-0.48833	0.27792	0.13241	0	0	0	0	0	3.7462e-005
0.555	-0.48834	0.27793	0.1324	0	0	0	0	0	4.3787e-005
0.56	-0.48834	0.27795	0.1324	0	0	0	0	0	4.7343e-005
0.565	-0.48839	0.27795	0.13238	0	0	0	0	0	5.0456e-005
0.57	-0.48843	0.27796	0.13237	0	0	0	0	0	6.4136e-005
0.575	-0.48843	0.27797	0.13236	0	0	0	0	0	0.00012486
0.58	-0.48846	0.27798	0.13235	0	0	0	0	0	0.00026788
0.585	-0.4886	0.27797	0.1323	0	0	0	0	0	0.00044808
0.59	-0.4891	0.27786	0.13221	0	0	0	0	0	0.00052741
0.595	-0.48913	0.27787	0.13219	0	0	0	0	0	0.0004252
0.6	-0.48916	0.27788	0.13218	0	0	0	0	0	0.00021396
0.605	-0.4892	0.27789	0.13217	0	0	0	0	0	-6.4165e-006
0.61	-0.48928	0.27789	0.13214	0	0	0	0	0	-0.00018751
0.615	-0.48887	0.27802	0.13222	0	0	0	0	0	-0.00026224
0.62	-0.48892	0.27803	0.13221	0	0	0	0	0	-0.00018984
0.625	-0.48891	0.27805	0.13222	0	0	0	0	0	-4.8213e-005
0.63	-0.48898	0.27805	0.13221	0	0	0	0	0	5.4759e-005
0.635	-0.48898	0.27806	0.13222	0	0	0	0	0	9.4625e-005
0.64	-0.48901	0.27807	0.13221	0	0	0	0	0	0.00010046
0.645	-0.48909	0.27807	0.1322	0	0	0	0	0	9.1258e-005
0.65	-0.48909	0.27808	0.13222	0	0	0	0	0	7.2725e-005
0.655	-0.48911	0.27808	0.13222	0	0	0	0	0	5.4475e-005
0.66	-0.48916	0.27808	0.13222	0	0	0	0	0	4.4283e-005
0.665	-0.48913	0.27809	0.13225	0	0	0	0	0	4.2899e-005
0.67	-0.48917	0.27809	0.13224	0	0	0	0	0	4.8914e-005
0.675	-0.4892	0.27808	0.13226	0	0	0	0	0	5.7131e-005
0.68	-0.48922	0.27809	0.13227	0	0	0	0	0	5.9674e-005
0.685	-0.48926	0.27808	0.13229	0	0	0	0	0	5.2297e-005
0.69	-0.48924	0.27809	0.13231	0	0	0	0	0	3.4173e-005
0.695	-0.4893	0.27807	0.13231	0	0	0	0	0	4.5711e-006
0.7	-0.4893	0.27807	0.13234	0	0	0	0	0	-2.2895e-005
0.705	-0.4892	0.27808	0.13237	0	0	0	0	0	-5.929e-006
0.71	-0.48924	0.27806	0.13238	0	0	0	0	0	8.9724e-005
0.715	-0.48923	0.27805	0.13239	0	0	0	0	0	0.00022192
0.72	-0.4896	0.27793	0.13235	0	0	0	0	0	0.0002785
0.725	-0.48952	0.27792	0.13239	0	0	0	0	0	0.00020284
0.73	-0.48959	0.27789	0.13237	0	0	0	0	0	6.4299e-005
0.735	-0.48954	0.27788	0.1324	0	0	0	0	0	-4.1643e-005
0.74	-0.48948	0.27786	0.13243	0	0	0	0	0	-8.275e-005
0.745	-0.4895	0.27784	0.13244	0	0	0	0	0	-7.7862e-005
0.75	-0.48947	0.27782	0.13247	0	0	0	0	0	-6.0995e-005
0.755	-0.48944	0.2778	0.1325	0	0	0	0	0	-5.3215e-005
0.76	-0.48941	0.27778	0.13254	0	0	0	0	0	-5.9768e-005
0.765	-0.4894	0.27775	0.13257	0	0	0	0	0	-8.2182e-005
0.77	-0.48936	0.27774	0.1326	0	0	0	0	0	-0.00011478
0.775	-0.48927	0.27772	0.13265	0	0	0	0	0	-0.00014228
0.78	-0.48925	0.27769	0.13268	0	0	0	0	0	-0.00015467
0.785	-0.48913	0.27769	0.13273	0	0	0	0	0	-0.00015651
0.79	-0.4891	0.27767	0.13274	0	0	0	0	0	-0.00016065
0.795	-0.48906	0.27764	0.13276	0	0	0	0	0	-0.00017679
0.8	-0.48895	0.27762	0.1328	0	0	0	0	0	-0.00019982
0.805	-0.48888	0.27759	0.13282	0	0	0	0	0	-0.00021525
0.81	-0.48879	0.27756	0.13285	0	0	0	0	0	-0.00021635
0.815	-0.48868	0.27754	0.13288	0	0	0	0	0	-0.00021248
0.82	-0.48865	0.2775	0.13287	0	0	0	0	0	-0.00022476
0.825	-0.48852	0.27748	0.13289	0	0	0	0	0	-0.00026162
0.83	-0.48838	0.27745	0.13292	0	0	0	0	0	-0.00030293
0.835	-0.48825	0.27743	0.13294	0	0	0	0	0	-0.00032487
0.84	-0.48807	0.27741	0.13297	0	0	0	0	0	-0.0003273
0.845	-0.48804	0.27735	0.13295	0	0	0	0	0	-0.00033131
0.85	-0.48788	0.27733	0.13296	0	0	0	0	0	-0.00035361
0.855	-0.48772	0.2773	0.13297	0	0	0	0	0	-0.00038674
0.86	-0.48756	0.27726	0.13297	0	0	0	0	0	-0.00041571
0.865	-0.48741	0.27721	0.13298	0	0	0	0	0	-0.00043481
0.87	-0.48717	0.27717	0.13301	0	0	0	0	0	-0.00043928
0.875	-0.48703	0.27711	0.13301	0	0	0	0	0	-0.00042603
0.88	-0.48686	0.27705	0.13302	0	0	0	0	0	-0.00040407
0.885	-0.48671	0.27698	0.13303	0	0	0	0	0	-0.00038961
0.89	-0.4866	0.2769	0.13303	0	0	0	0	0	-0.00039515
0.895	-0.48639	0.27685	0.13306	0	0	0	0	0	-0.00042246
0.9	-0.4862	0.27679	0.13307	0	0	0	0	0	-0.00046692
0.905	-0.48599	0.27671	0.13308	0	0	0	0	0	-0.00052815
0.91	-0.4858	0.27662	0.13308	0	0	0	0	0	-0.00060111
0.915	-0.48547	0.27656	0.13311	0	0	0	0	0	-0.00066034
0.92	-0.48516	0.27652	0.13314	0	0	0	0	0	-0.00068031
0.925	-0.48493	0.27645	0.13313	0	0	0	0	0	-0.0006728
0.93	-0.48471	0.27637	0.13313	0	0	0	0	0	-0.00067466
0.935	-0.4844	0.27629	0.13316	0	0	0	0	0	-0.00070279
0.94	-0.48411	0.2762	0.13316	0	0	0	0	0	-0.00074461
0.945	-0.48378	0.27611	0.13319	0	0	0	0	0	-0.00078161
0.95	-0.48347	0.27603	0.13319	0	0	0	0	0	-0.0008084
0.955	-0.48314	0.27597	0.1332	0	0	0	0	0	-0.00083217
0.96	-0.48279	0.27589	0.1332	0	0	0	0	0	-0.00085542
0.965	-0.48247	0.27579	0.13319	0	0	0	0	0	-0.00087
0.97	-0.48211	0.27569	0.13319	0	0	0	0	0	-0.00086819
0.975	-0.48173	0.27559	0.13321	0	0	0	0	0	-0.00085354
0.98	-0.48145	0.2755	0.13317	0	0	0	0	0	-0.00084492
0.985	-0.4811	0.27539	0.13316	0	0	0	0	0	-0.00086059
0.99	-0.48076	0.27527	0.13314	0	0	0	0	0	-0.00089415
0.995	-0.48035	0.27517	0.13313	0	0	0	0	0	-0.00092045
1	-0.48	0.27508	0.1331	0	0	0	0	0	-0.00092026
1.005	-0.4796	0.27499	0.13308	0	0	0	0	0	-0.00089485
1.01	-0.47931	0.27486	0.13304	0	0	0	0	0	-0.00086524
1.015	-0.47896	0.27473	0.13302	0	0	0	0	0	-0.00086104
1.02	-0.47859	0.27463	0.13301	0	0	0	0	0	-0.0009029
1.025	-0.47825	0.27453	0.13297	0	0	0	0	0	-0.0009878
1.03	-0.47784	0.27442	0.13296	0	0	0	0	0	-0.0010639
1.035	-0.47711	0.27441	0.13302	0	0	0	0	0	-0.0010617
1.04	-0.47701	0.27421	0.13296	0	0	0	0	0	-0.0010056
1.045	-0.47666	0.27409	0.13292	0	0	0	0	0	-0.00097978
1.05	-0.47582	0.27408	0.13297	0	0	0	0	0	-0.00098165
1.055	-0.47587	0.27383	0.13287	0	0	0	0	0	-0.001021
1.06	-0.4755	0.27369	0.13282	0	0	0	0	0	-0.0011602
1.065	-0.47455	0.27371	0.13288	0	0	0	0	0	-0.0013044
1.07	-0.47418	0.27355	0.13285	0	0	0	0	0	-0.0013012
1.075	-0.47378	0.27338	0.13281	0	0	0	0	0	-0.0011902
1.08	-0.47332	0.27324	0.13276	0	0	0	0	0	-0.0010958
1.085	-0.4729	0.27312	0.13273	0	0	0	0	0	-0.0010656
1.09	-0.4725	0.27295	0.13267	0	0	0	0	0	-0.0010905
1.095	-0.47197	0.27279	0.13264	0	0	0	0	0	-0.0011398
1.1	-0.47149	0.27263	0.1326	0	0	0	0	0	-0.0011888
1.105	-0.47111	0.27247	0.13254	0	0	0	0	0	-0.001238
1.11	-0.47036	0.27241	0.13254	0	0	0	0	0	-0.0012709
1.115	-0.46986	0.27222	0.13249	0	0	0	0	0	-0.001251
1.12	-0.46945	0.27205	0.13245	0	0	0	0	0	-0.0011897
1.125	-0.46896	0.27189	0.13245	0	0	0	0	0	-0.001128
1.13	-0.46854	0.27169	0.13243	0	0	0	0	0	-0.0010875
1.135	-0.46816	0.27151	0.13243	0	0	0	0	0	-0.0010713
1.14	-0.46764	0.27137	0.13245	0	0	0	0	0	-0.0010647
1.145	-0.46726	0.27117	0.13246	0	0	0	0	0	-0.0010523
1.15	-0.46689	0.27098	0.13248	0	0	0	0	0	-0.0010443
1.155	-0.46639	0.27084	0.13252	0	0	0	0	0	-0.0010466
1.16	-0.46602	0.27066	0.13254	0	0	0	0	0	-0.001047
1.165	-0.46559	0.27049	0.13258	0	0	0	0	0	-0.0010442
1.17	-0.46515	0.27033	0.13261	0	0	0	0	0	-0.0010474
1.175	-0.46479	0.27016	0.13263	0	0	0	0	0	-0.0010646
1.18	-0.46429	0.26999	0.13268	0	0	0	0	0	-0.0010938
1.185	-0.46386	0.26979	0.1327	0	0	0	0	0	-0.0011205
1.19	-0.46343	0.2696	0.1327	0	0	0	0	0	-0.0011341
1.195	-0.4629	0.26945	0.13274	0	0	0	0	0	-0.001131
1.2	-0.46255	0.26923	0.13277	0	0	0	0	0	-0.0011185
1.205	-0.46208	0.26903	0.13279	0	0	0	0	0	-0.0011113
1.21	-0.46159	0.26887	0.13283	0	0	0	0	0	-0.0011061
1.215	-0.46121	0.26864	0.13285	0	0	0	0	0	-0.0010959
1.22	-0.46072	0.26843	0.1329	0	0	0	0	0	-0.0010917
1.225	-0.46034	0.26827	0.13293	0	0	0	0	0	-0.0011078
1.23	-0.45986	0.26809	0.13295	0	0	0	0	0	-0.0011455
1.235	-0.45934	0.2679	0.13296	0	0	0	0	0	-0.0011868
1.24	-0.45891	0.26771	0.13295	0	0	0	0	0	-0.0012108
1.245	-0.45833	0.26756	0.13296	0	0	0	0	0	-0.0012077
1.25	-0.4579	0.26735	0.13293	0	0	0	0	0	-0.001184
1.255	-0.45747	0.26714	0.13288	0	0	0	0	0	-0.001166
1.26	-0.45692	0.26698	0.13286	0	0	0	0	0	-0.0011641
1.265	-0.45648	0.26677	0.13281	0	0	0	0	0	-0.001164
1.27	-0.45605	0.26658	0.13277	0	0	0	0	0	-0.0011563
1.275	-0.45551	0.26644	0.13272	0	0	0	0	0	-0.0011343
1.28	-0.45509	0.26625	0.13264	0	0	0	0	0	-0.001104
1.285	-0.45471	0.26607	0.13255	0	0	0	0	0	-0.001098
1.29	-0.45424	0.26594	0.13248	0	0	0	0	0	-0.0011267
1.295	-0.45371	0.26578	0.1324	0	0	0	0	0	-0.0011514
1.3	-0.45326	0.2656	0.13227	0	0	0	0	0	-0.0011458
1.305	-0.45286	0.26546	0.13217	0	0	0	0	0	-0.0011292
1.31	-0.45237	0.26532	0.13206	0	0	0	0	0	-0.0011162
1.315	-0.45188	0.26517	0.13194	0	0	0	0	0	-0.0010934
1.32	-0.45146	0.26501	0.13182	0	0	0	0	0	-0.0010651
1.325	-0.45106	0.26489	0.13166	0	0	0	0	0	-0.0010657
1.33	-0.45061	0.26477	0.13149	0	0	0	0	0	-0.0011118
1.335	-0.4501	0.26464	0.13131	0	0	0	0	0	-0.001173
1.34	-0.44958	0.2645	0.13112	0	0	0	0	0	-0.0012036
1.345	-0.44906	0.26438	0.13089	0	0	0	0	0	-0.0011876
1.35	-0.44862	0.26424	0.13064	0	0	0	0	0	-0.0011509
1.355	-0.44817	0.26407	0.13038	0	0	0	0	0	-0.0011339
1.36	-0.44768	0.2639	0.13013	0	0	0	0	0	-0.0011534
1.365	-0.44718	0.26373	0.12987	0	0	0	0	0	-0.0011931
1.37	-0.44668	0.26353	0.12959	0	0	0	0	0	-0.0012256
1.375	-0.44617	0.26333	0.12934	0	0	0	0	0	-0.0012337
1.38	-0.44564	0.26314	0.12909	0	0	0	0	0	-0.0012215
1.385	-0.44516	0.26292	0.12884	0	0	0	0	0	-0.0012151
1.39	-0.44469	0.26271	0.12862	0	0	0	0	0	-0.0012428
1.395	-0.44413	0.26246	0.12839	0	0	0	0	0	-0.0012953
1.4	-0.44353	0.26224	0.12818	0	0	0	0	0	-0.0013287
1.405	-0.44298	0.26198	0.128	0	0	0	0	0	-0.001321
1.41	-0.44249	0.26173	0.12782	0	0	0	0	0	-0.0012999
1.415	-0.44194	0.2615	0.12767	0	0	0	0	0	-0.0012949
1.42	-0.44137	0.26123	0.12754	0	0	0	0	0	-0.0012993
1.425	-0.44084	0.26101	0.12742	0	0	0	0	0	-0.0012964
1.43	-0.44031	0.26074	0.12731	0	0	0	0	0	-0.0012814
1.435	-0.43974	0.26052	0.12723	0	0	0	0	0	-0.0012545
1.44	-0.43926	0.26028	0.12713	0	0	0	0	0	-0.0012246
1.445	-0.43878	0.26004	0.12703	0	0	0	0	0	-0.0012123
1.45	-0.43822	0.25986	0.12696	0	0	0	0	0	-0.0012195
1.455	-0.43771	0.25963	0.12686	0	0	0	0	0	-0.0012279
1.46	-0.43723	0.2594	0.12679	0	0	0	0	0	-0.0012299
1.465	-0.43665	0.25919	0.12673	0	0	0	0	0	-0.0012275
1.47	-0.43618	0.25897	0.12664	0	0	0	0	0	-0.0012244
1.475	-0.43569	0.25877	0.12657	0	0	0	0	0	-0.0012256
1.48	-0.4351	0.25857	0.12649	0	0	0	0	0	-0.0012221
1.485	-0.43463	0.25835	0.12641	0	0	0	0	0	-0.0012037
1.49	-0.43415	0.25813	0.12633	0	0	0	0	0	-0.0011818
1.495	-0.43361	0.25791	0.12624	0	0	0	0	0	-0.0011664
1.5	-0.43317	0.2577	0.12616	0	0	0	0	0	-0.00116
1.505	-0.43271	0.25747	0.12608	0	0	0	0	0	-0.0011635
1.51	-0.43213	0.25729	0.12601	0	0	0	0	0	-0.0011636
1.515	-0.43167	0.25709	0.12591	0	0	0	0	0	-0.0011483
1.52	-0.43126	0.25686	0.1258	0	0	0	0	0	-0.0011337
1.525	-0.43073	0.25669	0.12569	0	0	0	0	0	-0.0011281
1.53	-0.43022	0.25649	0.12558	0	0	0	0	0	-0.0011112
1.535	-0.42982	0.25627	0.12546	0	0	0	0	0	-0.0010813
1.54	-0.42938	0.25607	0.12534	0	0	0	0	0	-0.0010604
1.545	-0.42891	0.25586	0.12523	0	0	0	0	0	-0.0010463
1.55	-0.42844	0.25565	0.1251	0	0	0	0	0	-0.0010145
1.555	-0.42805	0.25544	0.12498	0	0	0	0	0	-0.00096585
1.56	-0.42771	0.25523	0.12486	0	0	0	0	0	-0.00093276
1.565	-0.4273	0.25503	0.12474	0	0	0	0	0	-0.00092997
1.57	-0.42688	0.25486	0.12463	0	0	0	0	0	-0.00093235
1.575	-0.42648	0.25469	0.1245	0	0	0	0	0	-0.00091348
1.58	-0.42612	0.25453	0.12436	0	0	0	0	0	-0.00088441
1.585	-0.42578	0.2544	0.12423	0	0	0	0	0	-0.0008824
1.59	-0.42542	0.25428	0.12408	0	0	0	0	0	-0.00092646
1.595	-0.42499	0.25415	0.12395	0	0	0	0	0	-0.00099141
1.6	-0.42452	0.25406	0.12381	0	0	0	0	0	-0.0010306
1.605	-0.42409	0.25397	0.12368	0	0	0	0	0	-0.0010235
1.61	-0.4237	0.25383	0.12351	0	0	0	0	0	-0.00099351
1.615	-0.4233	0.25372	0.12334	0	0	0	0	0	-0.0009733
1.62	-0.4229	0.25364	0.12319	0	0	0	0	0	-0.00096204
1.625	-0.42247	0.25355	0.12302	0	0	0	0	0	-0.00093029
1.63	-0.4221	0.25344	0.12286	0	0	0	0	0	-0.00086688
1.635	-0.42182	0.25335	0.1227	0	0	0	0	0	-0.00080856
1.64	-0.42153	0.25324	0.12256	0	0	0	0	0	-0.00080357
1.645	-0.42117	0.25312	0.12245	0	0	0	0	0	-0.00085125
1.65	-0.42074	0.25303	0.12236	0	0	0	0	0	-0.00090476
1.655	-0.42035	0.25294	0.12228	0	0	0	0	0	-0.0009352
1.66	-0.41999	0.2528	0.1222	0	0	0	0	0	-0.00096243
1.665	-0.41956	0.25268	0.12214	0	0	0	0	0	-0.0010104
1.67	-0.41906	0.2526	0.1221	0	0	0	0	0	-0.0010668
1.675	-0.4186	0.25251	0.12209	0	0	0	0	0	-0.0011148
1.68	-0.41822	0.25241	0.12206	0	0	0	0	0	-0.0011616
1.685	-0.41764	0.25238	0.12208	0	0	0	0	0	-0.001204
1.69	-0.41717	0.25234	0.12209	0	0	0	0	0	-0.0012187
1.695	-0.41668	0.2523	0.12211	0	0	0	0	0	-0.0012059
1.7	-0.41634	0.25218	0.12211	0	0	0	0	0	-0.0011829
1.705	-0.41585	0.25218	0.12216	0	0	0	0	0	-0.0011432
1.71	-0.41521	0.25221	0.12223	0	0	0	0	0	-0.0010845
1.715	-0.41512	0.2521	0.12221	0	0	0	0	0	-0.0010807
1.72	-0.41449	0.2521	0.12229	0	0	0	0	0	-0.0012115
1.725	-0.4139	0.25206	0.12237	0	0	0	0	0	-0.0014323
1.73	-0.41318	0.25201	0.12246	0	0	0	0	0	-0.0016291
1.735	-0.41244	0.25198	0.12256	0	0	0	0	0	-0.001732
1.74	-0.41167	0.2519	0.12266	0	0	0	0	0	-0.0017355
1.745	-0.411	0.25178	0.12272	0	0	0	0	0	-0.0016822
1.75	-0.41029	0.25162	0.12279	0	0	0	0	0	-0.0016353
1.755	-0.40962	0.25144	0.12287	0	0	0	0	0	-0.0016411
1.76	-0.40889	0.25128	0.12296	0	0	0	0	0	-0.0017001
1.765	-0.40807	0.2511	0.12309	0	0	0	0	0	-0.0017726
1.77	-0.40726	0.25094	0.12323	0	0	0	0	0	-0.0018313
1.775	-0.40651	0.25072	0.12334	0	0	0	0	0	-0.0019031
1.78	-0.40562	0.2505	0.12345	0	0	0	0	0	-0.0020304
1.785	-0.40463	0.2503	0.12361	0	0	0	0	0	-0.0022057
1.79	-0.40356	0.25009	0.12378	0	0	0	0	0	-0.0023791
1.795	-0.40246	0.24989	0.12395	0	0	0	0	0	-0.0025165
1.8	-0.40135	0.24967	0.1241	0	0	0	0	0	-0.0026264
1.805	-0.40015	0.24947	0.12429	0	0	0	0	0	-0.0027332
1.81	-0.39889	0.2493	0.12451	0	0	0	0	0	-0.0028492
1.815	-0.39764	0.2491	0.12469	0	0	0	0	0	-0.0029862
1.82	-0.39628	0.24893	0.12492	0	0	0	0	0	-0.0031498
1.825	-0.39471	0.24879	0.1252	0	0	0	0	0	-0.0033118
1.83	-0.39325	0.2486	0.12545	0	0	0	0	0	-0.0034408
1.835	-0.39171	0.24843	0.1257	0	0	0	0	0	-0.0035422
1.84	-0.39005	0.24827	0.126	0	0	0	0	0	-0.0036298
1.845	-0.38843	0.24807	0.12627	0	0	0	0	0	-0.0037147
1.85	-0.38675	0.24784	0.12654	0	0	0	0	0	-0.0038116
1.855	-0.38493	0.24757	0.12681	0	0	0	0	0	-0.0039181
1.86	-0.38319	0.24727	0.12703	0	0	0	0	0	-0.0040192
1.865	-0.38128	0.247	0.12728	0	0	0	0	0	-0.0040985
1.87	-0.37936	0.24667	0.12748	0	0	0	0	0	-0.0041407
1.875	-0.37755	0.24637	0.12763	0	0	0	0	0	-0.0041537
1.88	-0.37557	0.24607	0.1278	0	0	0	0	0	-0.0041539
1.885	-0.37372	0.24573	0.12787	0	0	0	0	0	-0.0041462
1.89	-0.37187	0.24542	0.12794	0	0	0	0	0	-0.0041342
1.895	-0.36995	0.24512	0.12797	0	0	0	0	0	-0.0041117
1.9	-0.36818	0.24477	0.12792	0	0	0	0	0	-0.0040603
1.905	-0.36633	0.24446	0.12789	0	0	0	0	0	-0.0039595
1.91	-0.36457	0.24416	0.12785	0	0	0	0	0	-0.0037908
1.915	-0.36295	0.2438	0.12778	0	0	0	0	0	-0.0035677
1.92	-0.36152	0.24339	0.12766	0	0	0	0	0	-0.0033358
1.925	-0.36003	0.24297	0.12758	0	0	0	0	0	-0.0031148
1.93	-0.35871	0.24248	0.12746	0	0	0	0	0	-0.0028794
1.935	-0.35746	0.24199	0.12733	0	0	0	0	0	-0.0026068
1.94	-0.35636	0.24141	0.12721	0	0	0	0	0	-0.0023016
1.945	-0.35539	0.24075	0.12707	0	0	0	0	0	-0.0019873
1.95	-0.3546	0.24007	0.12696	0	0	0	0	0	-0.0016863
1.955	-0.35385	0.23939	0.12689	0	0	0	0	0	-0.001396
1.96	-0.35318	0.23874	0.12685	0	0	0	0	0	-0.0010968
1.965	-0.35278	0.23815	0.12676	0	0	0	0	0	-0.00080406
1.97	-0.35252	0.23768	0.12668	0	0	0	0	0	-0.00058839
1.975	-0.3523	0.23735	0.12662	0	0	0	0	0	-0.00051533
1.98	-0.35204	0.23719	0.12661	0	0	0	0	0	-0.00059272
1.985	-0.35171	0.23723	0.12665	0	0	0	0	0	-0.00077206
1.99	-0.35127	0.2375	0.12675	0	0	0	0	0	-0.00098048
1.995	-0.35065	0.23805	0.12699	0	0	0	0	0	-0.0011726
2	-0.35028	0.23867	0.12712	0	0	0	0	0	-0.0013754
2.005	-0.3499	0.23975	0.12733	0	0	0	0	0	-0.0016293
2.01	-0.34924	0.24142	0.12777	0	0	0	0	0	-0.0018918
2.015	-0.34871	0.24317	0.12822	0	0	0	0	0	-0.0021181
2.02	-0.34834	0.24514	0.12885	0	0	0	0	0	-0.0023812
2.025	-0.34771	0.24762	0.12957	0	0	0	0	0	-0.0027812
2.03	-0.34698	0.25045	0.13042	0	0	0	0	0	-0.0033191
2.035	-0.34585	0.25368	0.13154	0	0	0	0	0	-0.003892
2.04	-0.34473	0.25729	0.13276	0	0	0	0	0	-0.0044222
2.045	-0.34381	0.26124	0.13398	0	0	0	0	0	-0.0049365
2.05	-0.34249	0.26564	0.13546	0	0	0	0	0	-0.0055314
2.055	-0.34115	0.27042	0.13703	0	0	0	0	0	-0.0062799
2.06	-0.33951	0.27564	0.13876	0	0	0	0	0	-0.0071407
2.065	-0.33736	0.28133	0.14068	0	0	0	0	0	-0.0080029
2.07	-0.33546	0.28734	0.14252	0	0	0	0	0	-0.0087793
2.075	-0.33289	0.29366	0.1445	0	0	0	0	0	-0.0094111
2.08	-0.32997	0.3003	0.14643	0	0	0	0	0	-0.010142
2.085	-0.32862	0.30715	0.14751	0	0	0	0	0	-0.011549
2.09	-0.32398	0.31414	0.14978	0	0	0	0	0	-0.013522
2.095	-0.31909	0.3212	0.15193	0	0	0	0	0	-0.015495
2.1	-0.31397	0.32833	0.15406	0	0	0	0	0	-0.01685
2.105	-0.30889	0.33537	0.15581	0	0	0	0	0	-0.017774
2.11	-0.30311	0.34237	0.15761	0	0	0	0	0	-0.018757
2.115	-0.29663	0.34917	0.15944	0	0	0	0	0	-0.02003
2.12	-0.28983	0.35616	0.16121	0	0	0	0	0	-0.021546
2.125	-0.28279	0.36313	0.16282	0	0	0	0	0	-0.023131
2.13	-0.27516	0.37003	0.16429	0	0	0	0	0	-0.024644
2.135	-0.26747	0.37695	0.16555	0	0	0	0	0	-0.025975
2.14	-0.2598	0.3838	0.16648	0	0	0	0	0	-0.02712
2.145	-0.25188	0.39059	0.1672	0	0	0	0	0	-0.028127
2.15	-0.24366	0.39736	0.16784	0	0	0	0	0	-0.028965
2.155	-0.23547	0.40408	0.16838	0	0	0	0	0	-0.029586
2.16	-0.22726	0.41069	0.16882	0	0	0	0	0	-0.030001
2.165	-0.21905	0.41721	0.16912	0	0	0	0	0	-0.03036
2.17	-0.21067	0.42355	0.16934	0	0	0	0	0	-0.030738
2.175	-0.20194	0.42973	0.16974	0	0	0	0	0	-0.03107
2.18	-0.19333	0.43554	0.17001	0	0	0	0	0	-0.031267
2.185	-0.18446	0.44102	0.17032	0	0	0	0	0	-0.031263
2.19	-0.17565	0.44618	0.17063	0	0	0	0	0	-0.031067
2.195	-0.16677	0.45098	0.17092	0	0	0	0	0	-0.030656
2.2	-0.15808	0.45544	0.17115	0	0	0	0	0	-0.030118
2.205	-0.14952	0.45953	0.1714	0	0	0	0	0	-0.029571
2.21	-0.14098	0.46317	0.17163	0	0	0	0	0	-0.029142
2.215	-0.13241	0.46644	0.17187	0	0	0	0	0	-0.02887
2.22	-0.12387	0.46931	0.17212	0	0	0	0	0	-0.028707
2.225	-0.11512	0.47178	0.17239	0	0	0	0	0	-0.028582
2.23	-0.10663	0.4739	0.17256	0	0	0	0	0	-0.028505
2.235	-0.097931	0.47572	0.17275	0	0	0	0	0	-0.028517
2.24	-0.089112	0.47733	0.17296	0	0	0	0	0	-0.028612
2.245	-0.080282	0.4787	0.17318	0	0	0	0	0	-0.02872
2.25	-0.071414	0.47981	0.17342	0	0	0	0	0	-0.0288
2.255	-0.062461	0.48073	0.17369	0	0	0	0	0	-0.028859
2.26	-0.053596	0.48145	0.17391	0	0	0	0	0	-0.028905
2.265	-0.044499	0.48201	0.17424	0	0	0	0	0	-0.028926
2.27	-0.035626	0.48235	0.17449	0	0	0	0	0	-0.028893
2.275	-0.026599	0.48251	0.17481	0	0	0	0	0	-0.028786
2.28	-0.017663	0.48248	0.17513	0	0	0	0	0	-0.028597
2.285	-0.0088141	0.48228	0.17548	0	0	0	0	0	-0.028352
2.29	-4.8948e-005	0.48188	0.17582	0	0	0	0	0	-0.028117
2.295	0.0087156	0.48134	0.17623	0	0	0	0	0	-0.02793
2.3	0.017533	0.48059	0.17668	0	0	0	0	0	-0.027764
2.305	0.026191	0.47963	0.17709	0	0	0	0	0	-0.027617
2.31	0.034911	0.47848	0.1775	0	0	0	0	0	-0.02753
2.315	0.043652	0.47719	0.17795	0	0	0	0	0	-0.027512
2.32	0.052408	0.47573	0.17842	0	0	0	0	0	-0.027526
2.325	0.061188	0.4741	0.17891	0	0	0	0	0	-0.02755
2.33	0.069902	0.4723	0.17937	0	0	0	0	0	-0.027602
2.335	0.078773	0.47035	0.17989	0	0	0	0	0	-0.027682
2.34	0.087615	0.46824	0.1804	0	0	0	0	0	-0.02773
2.345	0.096497	0.46598	0.18096	0	0	0	0	0	-0.027709
2.35	0.10527	0.46358	0.18149	0	0	0	0	0	-0.027646
2.355	0.11411	0.46102	0.18207	0	0	0	0	0	-0.027586
2.36	0.12296	0.45828	0.18266	0	0	0	0	0	-0.027516
2.365	0.13174	0.45538	0.18323	0	0	0	0	0	-0.027407
2.37	0.14043	0.45231	0.18378	0	0	0	0	0	-0.027268
2.375	0.14917	0.44907	0.18433	0	0	0	0	0	-0.02713
2.38	0.15777	0.44562	0.18481	0	0	0	0	0	-0.027013
2.385	0.16638	0.442	0.18531	0	0	0	0	0	-0.026933
2.39	0.17495	0.43817	0.18579	0	0	0	0	0	-0.026863
2.395	0.1835	0.43413	0.18624	0	0	0	0	0	-0.026756
2.4	0.19192	0.42988	0.18665	0	0	0	0	0	-0.026591
2.405	0.20026	0.4254	0.18703	0	0	0	0	0	-0.026398
2.41	0.2085	0.4207	0.1874	0	0	0	0	0	-0.026229
2.415	0.21674	0.41575	0.18782	0	0	0	0	0	-0.026099
2.42	0.22495	0.4106	0.18824	0	0	0	0	0	-0.026001
2.425	0.23306	0.4052	0.18868	0	0	0	0	0	-0.025929
2.43	0.24115	0.39958	0.18915	0	0	0	0	0	-0.025886
2.435	0.24929	0.39376	0.18965	0	0	0	0	0	-0.025862
2.44	0.25731	0.38769	0.19011	0	0	0	0	0	-0.025834
2.445	0.26529	0.38141	0.19056	0	0	0	0	0	-0.025817
2.45	0.27322	0.37492	0.19099	0	0	0	0	0	-0.025834
2.455	0.28114	0.3682	0.19141	0	0	0	0	0	-0.025883
2.46	0.28893	0.36129	0.19177	0	0	0	0	0	-0.025932
2.465	0.29666	0.35418	0.19209	0	0	0	0	0	-0.025932
2.47	0.30431	0.34689	0.19239	0	0	0	0	0	-0.025758
2.475	0.31196	0.33948	0.19279	0	0	0	0	0	-0.025223
2.48	0.31904	0.33191	0.19323	0	0	0	0	0	-0.024237
2.485	0.3247	0.32438	0.1934	0	0	0	0	0	-0.023006
2.49	0.32958	0.31682	0.19387	0	0	0	0	0	-0.021969
2.495	0.33458	0.30994	0.19393	0	0	0	0	0	-0.021403
2.5	0.33972	0.30349	0.19369	0	0	0	0	0	-0.021185
2.505	0.34505	0.29783	0.19378	0	0	0	0	0	-0.021113
2.51	0.35117	0.29348	0.19388	0	0	0	0	0	-0.021077
2.515	0.35847	0.28985	0.19393	0	0	0	0	0	-0.020896
2.52	0.36609	0.28626	0.19374	0	0	0	0	0	-0.020336
2.525	0.37297	0.28246	0.193	0	0	0	0	0	-0.019344
2.53	0.37887	0.27903	0.19226	0	0	0	0	0	-0.018163
2.535	0.38418	0.27632	0.19163	0	0	0	0	0	-0.017077
2.54	0.38963	0.27427	0.19112	0	0	0	0	0	-0.01614
2.545	0.39536	0.27273	0.1906	0	0	0	0	0	-0.015155
2.55	0.40104	0.27176	0.19001	0	0	0	0	0	-0.013939
2.555	0.40612	0.27148	0.18939	0	0	0	0	0	-0.012564
2.56	0.41035	0.27158	0.18884	0	0	0	0	0	-0.011339
2.565	0.4142	0.27169	0.18835	0	0	0	0	0	-0.010538
2.57	0.41807	0.27145	0.1878	0	0	0	0	0	-0.010151
2.575	0.42193	0.27076	0.18721	0	0	0	0	0	-0.0099002
2.58	0.42551	0.26957	0.18669	0	0	0	0	0	-0.0094773
2.585	0.42843	0.2679	0.18632	0	0	0	0	0	-0.008765
2.59	0.43076	0.26601	0.1862	0	0	0	0	0	-0.0078673
2.595	0.43273	0.26411	0.18613	0	0	0	0	0	-0.0069503
2.6	0.43454	0.26244	0.18594	0	0	0	0	0	-0.0060975
2.605	0.43612	0.26099	0.1857	0	0	0	0	0	-0.0052919
2.61	0.43747	0.25977	0.1855	0	0	0	0	0	-0.0045083
2.615	0.43864	0.25889	0.18527	0	0	0	0	0	-0.0037665
2.62	0.43967	0.25836	0.185	0	0	0	0	0	-0.0031287
2.625	0.44059	0.25803	0.18468	0	0	0	0	0	-0.0026636
2.63	0.44145	0.25778	0.1843	0	0	0	0	0	-0.0023964
2.635	0.44233	0.25755	0.18389	0	0	0	0	0	-0.0022795
2.64	0.44325	0.25734	0.18347	0	0	0	0	0	-0.0022183
2.645	0.44405	0.25713	0.183	0	0	0	0	0	-0.0021394
2.65	0.44485	0.25696	0.18257	0	0	0	0	0	-0.002024
2.655	0.44556	0.25677	0.18211	0	0	0	0	0	-0.0018798
2.66	0.44619	0.25656	0.18166	0	0	0	0	0	-0.0017118
2.665	0.44676	0.2563	0.18128	0	0	0	0	0	-0.0015137
2.67	0.44714	0.25599	0.18092	0	0	0	0	0	-0.0012769
2.675	0.44748	0.2557	0.18065	0	0	0	0	0	-0.00099962
2.68	0.44768	0.25547	0.1804	0	0	0	0	0	-0.00068632
2.685	0.44776	0.2553	0.1802	0	0	0	0	0	-0.00035285
2.69	0.44775	0.25522	0.18003	0	0	0	0	0	-2.2709e-005
2.695	0.44765	0.25526	0.17989	0	0	0	0	0	0.00028789
2.7	0.44745	0.25538	0.17977	0	0	0	0	0	0.00057402
2.705	0.44718	0.25558	0.17965	0	0	0	0	0	0.00083495
2.71	0.44683	0.25584	0.17955	0	0	0	0	0	0.0010701
2.715	0.4464	0.25615	0.17947	0	0	0	0	0	0.0012805
2.72	0.44591	0.25651	0.1794	0	0	0	0	0	0.0014722
2.725	0.44536	0.2569	0.17936	0	0	0	0	0	0.001654
2.73	0.44474	0.25731	0.17934	0	0	0	0	0	0.0018301
2.735	0.44405	0.25772	0.17932	0	0	0	0	0	0.0019939
2.74	0.44329	0.25813	0.17929	0	0	0	0	0	0.0021344
2.745	0.44249	0.25855	0.17927	0	0	0	0	0	0.0022501
2.75	0.44167	0.25899	0.17928	0	0	0	0	0	0.0023538
2.755	0.4408	0.25945	0.17929	0	0	0	0	0	0.0024645
2.76	0.43989	0.25993	0.17931	0	0	0	0	0	0.0025937
2.765	0.43891	0.26043	0.17934	0	0	0	0	0	0.002737
2.77	0.43786	0.26094	0.17938	0	0	0	0	0	0.0028788
2.775	0.43678	0.26149	0.17945	0	0	0	0	0	0.0030086
2.78	0.43566	0.26206	0.17954	0	0	0	0	0	0.003131
2.785	0.4345	0.26266	0.17965	0	0	0	0	0	0.0032577
2.79	0.43328	0.26329	0.17976	0	0	0	0	0	0.0033935
2.795	0.43199	0.26393	0.17989	0	0	0	0	0	0.0035304
2.8	0.43066	0.26458	0.18003	0	0	0	0	0	0.0036592
2.805	0.42929	0.26524	0.18016	0	0	0	0	0	0.0037742
2.81	0.42785	0.26589	0.18031	0	0	0	0	0	0.0038716
2.815	0.4264	0.26653	0.18045	0	0	0	0	0	0.0039493
2.82	0.42489	0.26716	0.1806	0	0	0	0	0	0.0040106
2.825	0.42339	0.26778	0.18076	0	0	0	0	0	0.0040666
2.83	0.42184	0.2684	0.18094	0	0	0	0	0	0.0041305
2.835	0.42029	0.26903	0.18112	0	0	0	0	0	0.0042094
2.84	0.41867	0.26964	0.18129	0	0	0	0	0	0.0042951
2.845	0.41703	0.27025	0.18147	0	0	0	0	0	0.0043652
2.85	0.41534	0.27087	0.18164	0	0	0	0	0	0.004399
2.855	0.41369	0.27147	0.18182	0	0	0	0	0	0.0043977
2.86	0.41205	0.27207	0.182	0	0	0	0	0	0.0043844
2.865	0.41041	0.27267	0.18218	0	0	0	0	0	0.0043821
2.87	0.40874	0.27325	0.18234	0	0	0	0	0	0.0043894
2.875	0.40705	0.27381	0.18249	0	0	0	0	0	0.004382
2.88	0.40538	0.27437	0.18261	0	0	0	0	0	0.0043422
2.885	0.40378	0.27493	0.18273	0	0	0	0	0	0.0042858
2.89	0.4022	0.27545	0.18282	0	0	0	0	0	0.0042427
2.895	0.40057	0.27595	0.18286	0	0	0	0	0	0.0042186
2.9	0.39895	0.27644	0.18287	0	0	0	0	0	0.0041929
2.905	0.39739	0.27692	0.18288	0	0	0	0	0	0.004155
2.91	0.39582	0.27739	0.18286	0	0	0	0	0	0.0041114
2.915	0.39426	0.27784	0.18282	0	0	0	0	0	0.0040688
2.92	0.39276	0.27829	0.18278	0	0	0	0	0	0.0040359
2.925	0.39123	0.27872	0.1827	0	0	0	0	0	0.0040211
2.93	0.38969	0.27915	0.18261	0	0	0	0	0	0.004021
2.935	0.38818	0.27957	0.18252	0	0	0	0	0	0.004023
2.94	0.3866	0.27998	0.1824	0	0	0	0	0	0.0040137
2.945	0.3851	0.28039	0.18231	0	0	0	0	0	0.0039867
2.95	0.3836	0.28078	0.18219	0	0	0	0	0	0.0039426
2.955	0.38209	0.28115	0.18207	0	0	0	0	0	0.003885
2.96	0.38065	0.28152	0.18197	0	0	0	0	0	0.0038173
2.965	0.37919	0.28187	0.18184	0	0	0	0	0	0.0037414
2.97	0.37781	0.28221	0.18173	0	0	0	0	0	0.0036589
2.975	0.37643	0.28252	0.18161	0	0	0	0	0	0.0035701
2.98	0.37508	0.28281	0.18149	0	0	0	0	0	0.003473
2.985	0.3738	0.2831	0.18139	0	0	0	0	0	0.0033616
2.99	0.37253	0.28336	0.18127	0	0	0	0	0	0.0032296
2.995	0.37136	0.28359	0.18116	0	0	0	0	0	0.0030815
3	0.37027	0.28379	0.18104	0	0	0	0	0	0.0029384
3.005	0.36917	0.28398	0.1809	0	0	0	0	0	0.0028193
3.01	0.36814	0.28415	0.18079	0	0	0	0	0	0.0027305
3.015	0.36716	0.2843	0.18069	0	0	0	0	0	0.0026743
3.02	0.36614	0.28442	0.18059	0	0	0	0	0	0.0026404
3.025	0.36512	0.28453	0.18051	0	0	0	0	0	0.0026028
3.03	0.36415	0.28465	0.18047	0	0	0	0	0	0.0025512
3.035	0.36322	0.28475	0.18047	0	0	0	0	0	0.0025037
3.04	0.36226	0.28484	0.18047	0	0	0	0	0	0.0024767
3.045	0.36132	0.28492	0.18051	0	0	0	0	0	0.0024621
3.05	0.36037	0.28501	0.18057	0	0	0	0	0	0.0024374
3.055	0.35945	0.2851	0.18066	0	0	0	0	0	0.0023848
3.06	0.35856	0.28517	0.18077	0	0	0	0	0	0.0023005
3.065	0.35773	0.28523	0.1809	0	0	0	0	0	0.0021945
3.07	0.35693	0.28528	0.18103	0	0	0	0	0	0.002081
3.075	0.35617	0.28533	0.18118	0	0	0	0	0	0.0019682
3.08	0.35545	0.28537	0.18134	0	0	0	0	0	0.0018585
3.085	0.35479	0.2854	0.1815	0	0	0	0	0	0.0017549
3.09	0.35414	0.28544	0.18166	0	0	0	0	0	0.0016617
3.095	0.35353	0.28547	0.1818	0	0	0	0	0	0.0015831
3.1	0.35296	0.28551	0.18194	0	0	0	0	0	0.0015268
3.105	0.35239	0.28554	0.18206	0	0	0	0	0	0.0014998
3.11	0.35182	0.28557	0.18217	0	0	0	0	0	0.0015018
3.115	0.35125	0.2856	0.18227	0	0	0	0	0	0.0015263
3.12	0.35065	0.28564	0.18237	0	0	0	0	0	0.0015614
3.125	0.35003	0.28568	0.18245	0	0	0	0	0	0.0015908
3.13	0.34941	0.28573	0.18253	0	0	0	0	0	0.0016044
3.135	0.34879	0.28577	0.1826	0	0	0	0	0	0.0016053
3.14	0.34819	0.28583	0.18265	0	0	0	0	0	0.0016045
3.145	0.34757	0.28588	0.1827	0	0	0	0	0	0.0016117
3.15	0.34697	0.28594	0.18276	0	0	0	0	0	0.0016294
3.155	0.34633	0.286	0.18281	0	0	0	0	0	0.0016496
3.16	0.34567	0.28606	0.18287	0	0	0	0	0	0.0016592
3.165	0.34505	0.28612	0.18293	0	0	0	0	0	0.001653
3.17	0.34442	0.28619	0.183	0	0	0	0	0	0.0016352
3.175	0.3438	0.28625	0.18307	0	0	0	0	0	0.0016065
3.18	0.34319	0.2863	0.18316	0	0	0	0	0	0.0015611
3.185	0.34262	0.28636	0.18326	0	0	0	0	0	0.0014953
3.19	0.34206	0.28641	0.18336	0	0	0	0	0	0.0014124
3.195	0.34154	0.28646	0.18348	0	0	0	0	0	0.0013207
3.2	0.34107	0.2865	0.1836	0	0	0	0	0	0.0012331
3.205	0.34063	0.28654	0.18372	0	0	0	0	0	0.0011619
3.21	0.3402	0.28658	0.18384	0	0	0	0	0	0.0011084
3.215	0.33979	0.28661	0.18397	0	0	0	0	0	0.0010651
3.22	0.33938	0.28665	0.1841	0	0	0	0	0	0.0010246
3.225	0.33899	0.28668	0.18423	0	0	0	0	0	0.0009826
3.23	0.33863	0.28672	0.18436	0	0	0	0	0	0.00093653
3.235	0.33828	0.28676	0.18448	0	0	0	0	0	0.00088255
3.24	0.33796	0.2868	0.18458	0	0	0	0	0	0.00081408
3.245	0.33765	0.28683	0.18466	0	0	0	0	0	0.0007258
3.25	0.33741	0.28687	0.18473	0	0	0	0	0	0.00062068
3.255	0.33721	0.28691	0.18478	0	0	0	0	0	0.000508
3.26	0.33705	0.28695	0.18481	0	0	0	0	0	0.00039241
3.265	0.33692	0.28697	0.18484	0	0	0	0	0	0.00026828
3.27	0.33684	0.28697	0.18487	0	0	0	0	0	0.00013198
3.275	0.33684	0.28695	0.1849	0	0	0	0	0	3.1784e-007
3.28	0.33689	0.28694	0.18494	0	0	0	0	0	-9.6834e-005
3.285	0.33693	0.28699	0.18497	0	0	0	0	0	-0.00014788
3.29	0.33697	0.28705	0.185	0	0	0	0	0	-0.00016996
3.295	0.33703	0.28712	0.18501	0	0	0	0	0	-0.00018921
3.3	0.33709	0.28718	0.18502	0	0	0	0	0	-0.0002243
3.305	0.33716	0.28723	0.18501	0	0	0	0	0	-0.00028067
3.31	0.33725	0.28728	0.185	0	0	0	0	0	-0.00033826
3.315	0.33751	0.28721	0.18501	0	0	0	0	0	-0.0003616
3.32	0.33751	0.28732	0.18497	0	0	0	0	0	-0.00035583
3.325	0.33764	0.28734	0.18494	0	0	0	0	0	-0.00037236
3.33	0.33779	0.28734	0.18492	0	0	0	0	0	-0.00043994
3.335	0.33799	0.28734	0.1849	0	0	0	0	0	-0.00054027
3.34	0.33823	0.28733	0.18486	0	0	0	0	0	-0.00064256
3.345	0.33853	0.28731	0.18482	0	0	0	0	0	-0.00072266
3.35	0.33882	0.28728	0.18477	0	0	0	0	0	-0.00077033
3.355	0.33914	0.28724	0.1847	0	0	0	0	0	-0.00079254
3.36	0.33945	0.28723	0.18462	0	0	0	0	0	-0.00080474
3.365	0.33975	0.2872	0.18454	0	0	0	0	0	-0.00081788
3.37	0.34009	0.28719	0.18446	0	0	0	0	0	-0.0008264
3.375	0.34043	0.28716	0.18439	0	0	0	0	0	-0.00080998
3.38	0.34072	0.28713	0.18431	0	0	0	0	0	-0.0007541
3.385	0.341	0.28712	0.18423	0	0	0	0	0	-0.00066302
3.39	0.34121	0.28711	0.18416	0	0	0	0	0	-0.00055751
3.395	0.34138	0.2871	0.18411	0	0	0	0	0	-0.00046713
3.4	0.34153	0.2871	0.18407	0	0	0	0	0	-0.00041023
3.405	0.34168	0.2871	0.18405	0	0	0	0	0	-0.00037567
3.41	0.34181	0.28709	0.18404	0	0	0	0	0	-0.00032886
3.415	0.34189	0.28708	0.18403	0	0	0	0	0	-0.00022462
3.42	0.34191	0.28707	0.18405	0	0	0	0	0	-6.6952e-006
3.425	0.3419	0.28707	0.18408	0	0	0	0	0	0.00036769
3.43	0.34193	0.28707	0.18415	0	0	0	0	0	0.00078821
3.435	0.3408	0.28684	0.18353	0	0	0	0	0	0.00090929
3.44	0.34081	0.28683	0.18363	0	0	0	0	0	0.00048603
3.445	0.34078	0.28681	0.18373	0	0	0	0	0	-0.00022571
3.45	0.34167	0.28702	0.18445	0	0	0	0	0	-0.00068621
3.455	0.34167	0.28701	0.18455	0	0	0	0	0	-0.00065697
3.46	0.34166	0.28699	0.18464	0	0	0	0	0	-0.00036881
3.465	0.34169	0.28697	0.18474	0	0	0	0	0	-0.00013814
3.47	0.34174	0.28695	0.18483	0	0	0	0	0	-5.5379e-005
3.475	0.34179	0.28693	0.1849	0	0	0	0	0	-5.9127e-005
3.48	0.34182	0.28691	0.18495	0	0	0	0	0	-8.5421e-005
3.485	0.34186	0.28689	0.18501	0	0	0	0	0	-0.00010346
3.49	0.34191	0.28687	0.18506	0	0	0	0	0	-0.00010308
3.495	0.34194	0.28685	0.18512	0	0	0	0	0	-8.5345e-005
3.5	0.34196	0.28682	0.18517	0	0	0	0	0	-5.8402e-005
3.505	0.342	0.28681	0.18523	0	0	0	0	0	-3.1644e-005
3.51	0.34196	0.28681	0.18528	0	0	0	0	0	-1.3905e-005
3.515	0.34198	0.28681	0.18537	0	0	0	0	0	-7.7255e-006
3.52	0.34197	0.2868	0.18545	0	0	0	0	0	-1.4587e-006
3.525	0.34198	0.28679	0.18555	0	0	0	0	0	1.946e-005
3.53	0.34194	0.28678	0.18564	0	0	0	0	0	5.4622e-005
3.535	0.3419	0.28677	0.18573	0	0	0	0	0	8.8064e-005
3.54	0.34183	0.28676	0.1858	0	0	0	0	0	0.00010036
3.545	0.3418	0.28674	0.18587	0	0	0	0	0	8.3692e-005
3.55	0.34179	0.28673	0.18593	0	0	0	0	0	4.6795e-005
3.555	0.34178	0.28672	0.18597	0	0	0	0	0	2.6185e-006
3.56	0.34179	0.28671	0.186	0	0	0	0	0	-3.8422e-005
3.565	0.34185	0.28671	0.18605	0	0	0	0	0	-6.2122e-005
3.57	0.34186	0.2867	0.18609	0	0	0	0	0	-5.823e-005
3.575	0.34187	0.28669	0.18613	0	0	0	0	0	-3.1179e-005
3.58	0.34187	0.28669	0.18616	0	0	0	0	0	8.8105e-006
3.585	0.34183	0.28668	0.18619	0	0	0	0	0	5.5384e-005
3.59	0.34181	0.28668	0.18625	0	0	0	0	0	0.00010584
3.595	0.34171	0.28667	0.18629	0	0	0	0	0	0.00015871
3.6	0.34167	0.28667	0.18637	0	0	0	0	0	0.00021267
3.605	0.34154	0.28666	0.18644	0	0	0	0	0	0.000264
3.61	0.34143	0.28666	0.18652	0	0	0	0	0	0.0003027
3.615	0.34129	0.28666	0.18659	0	0	0	0	0	0.00031734
3.62	0.34117	0.28666	0.18666	0	0	0	0	0	0.00030418
3.625	0.34107	0.28666	0.18672	0	0	0	0	0	0.00026865
3.63	0.34099	0.28665	0.18679	0	0	0	0	0	0.00021859
3.635	0.34092	0.28665	0.18685	0	0	0	0	0	0.00015709
3.64	0.34086	0.28664	0.18691	0	0	0	0	0	8.9052e-005
3.645	0.34087	0.28666	0.18699	0	0	0	0	0	3.6078e-005
3.65	0.34089	0.28667	0.18706	0	0	0	0	0	2.4879e-005
3.655	0.34084	0.28667	0.18711	0	0	0	0	0	5.3347e-005
3.66	0.34078	0.28668	0.18716	0	0	0	0	0	9.1007e-005
3.665	0.34074	0.28669	0.18721	0	0	0	0	0	0.00011597
3.67	0.34069	0.2867	0.18726	0	0	0	0	0	0.00012785
3.675	0.34061	0.28672	0.18731	0	0	0	0	0	0.00013354
3.68	0.34059	0.28674	0.18738	0	0	0	0	0	0.00014295
3.685	0.34052	0.28675	0.18742	0	0	0	0	0	0.00016161
3.69	0.34043	0.28676	0.18746	0	0	0	0	0	0.00017465
3.695	0.34034	0.28676	0.18749	0	0	0	0	0	0.00015851
3.7	0.3403	0.28677	0.18752	0	0	0	0	0	0.00011252
3.705	0.34031	0.28678	0.18758	0	0	0	0	0	5.947e-005
3.71	0.34027	0.28678	0.18761	0	0	0	0	0	1.4209e-005
3.715	0.34026	0.28678	0.18764	0	0	0	0	0	-2.2739e-005
3.72	0.34026	0.28678	0.18768	0	0	0	0	0	-3.4484e-005
3.725	0.34024	0.28677	0.18771	0	0	0	0	0	3.0367e-005
3.73	0.3403	0.28678	0.18777	0	0	0	0	0	0.00022209
3.735	0.34034	0.28678	0.18783	0	0	0	0	0	0.00045659
3.74	0.3394	0.28655	0.18725	0	0	0	0	0	0.00047576
3.745	0.33941	0.28655	0.1873	0	0	0	0	0	0.00022744
3.75	0.3404	0.28677	0.18799	0	0	0	0	0	6.5593e-005
3.755	0.33947	0.28655	0.18742	0	0	0	0	0	0.0001663
3.76	0.33948	0.28655	0.18747	0	0	0	0	0	0.00026366
3.765	0.33947	0.28655	0.18753	0	0	0	0	0	0.00019496
3.77	0.33947	0.28655	0.1876	0	0	0	0	0	7.8543e-005
3.775	0.33946	0.28655	0.18765	0	0	0	0	0	1.5473e-005
3.78	0.33945	0.28655	0.18771	0	0	0	0	0	5.9884e-006
3.785	0.33944	0.28655	0.18777	0	0	0	0	0	2.4755e-005
3.79	0.3394	0.28654	0.18782	0	0	0	0	0	5.3121e-005
3.795	0.33939	0.28654	0.18787	0	0	0	0	0	7.8309e-005
3.8	0.33938	0.28654	0.18792	0	0	0	0	0	7.154e-005
3.805	0.33935	0.28654	0.18797	0	0	0	0	0	-3.1579e-005
3.81	0.33934	0.28654	0.18803	0	0	0	0	0	-0.00029489
3.815	0.33934	0.28653	0.18809	0	0	0	0	0	-0.00064699
3.82	0.34026	0.28675	0.18877	0	0	0	0	0	-0.0008279
3.825	0.34026	0.28675	0.18884	0	0	0	0	0	-0.00066999
3.83	0.34027	0.28675	0.18891	0	0	0	0	0	-0.00033893
3.835	0.34028	0.28674	0.18898	0	0	0	0	0	-9.6717e-005
3.84	0.34028	0.28673	0.18905	0	0	0	0	0	-2.3334e-005
3.845	0.34032	0.28671	0.18913	0	0	0	0	0	-6.2558e-005
3.85	0.34036	0.2867	0.1892	0	0	0	0	0	-0.00014303
3.855	0.34045	0.2867	0.18928	0	0	0	0	0	-0.00021564
3.86	0.34057	0.28669	0.18936	0	0	0	0	0	-0.00025544
3.865	0.34066	0.28669	0.18942	0	0	0	0	0	-0.00026239
3.87	0.34075	0.28669	0.18947	0	0	0	0	0	-0.0002518
3.875	0.34086	0.28668	0.18952	0	0	0	0	0	-0.0002346
3.88	0.34093	0.28668	0.18955	0	0	0	0	0	-0.00021337
3.885	0.34101	0.28667	0.18958	0	0	0	0	0	-0.00018867
3.89	0.34108	0.28667	0.1896	0	0	0	0	0	-0.00015884
3.895	0.34113	0.28666	0.18961	0	0	0	0	0	-0.00012343
3.9	0.34116	0.28666	0.18962	0	0	0	0	0	-8.8865e-005
3.905	0.34119	0.28665	0.18963	0	0	0	0	0	-6.3896e-005
3.91	0.34121	0.28665	0.18963	0	0	0	0	0	-5.15e-005
3.915	0.34123	0.28665	0.18963	0	0	0	0	0	-4.8259e-005
3.92	0.34126	0.28665	0.18962	0	0	0	0	0	-5.0394e-005
3.925	0.34127	0.28665	0.18961	0	0	0	0	0	-5.8642e-005
3.93	0.3413	0.28665	0.1896	0	0	0	0	0	-7.331e-005
3.935	0.34134	0.28665	0.18958	0	0	0	0	0	-8.9152e-005
3.94	0.34138	0.28665	0.18957	0	0	0	0	0	-0.00010114
3.945	0.34142	0.28665	0.18956	0	0	0	0	0	-0.0001097
3.95	0.34147	0.28665	0.18955	0	0	0	0	0	-0.00011862
3.955	0.34151	0.28664	0.18955	0	0	0	0	0	-0.00012853
3.96	0.34159	0.28665	0.18955	0	0	0	0	0	-0.00013387
3.965	0.34161	0.28665	0.18954	0	0	0	0	0	-0.00013111
3.97	0.34167	0.28665	0.18954	0	0	0	0	0	-0.00012329
3.975	0.34172	0.28665	0.18955	0	0	0	0	0	-0.0001124
3.98	0.34176	0.28665	0.18955	0	0	0	0	0	-9.9088e-005
3.985	0.34178	0.28665	0.18954	0	0	0	0	0	-8.7766e-005
3.99	0.34182	0.28665	0.18953	0	0	0	0	0	-8.1439e-005
3.995	0.34185	0.28665	0.18953	0	0	0	0	0	-7.7058e-005
4	0.34188	0.28665	0.18952	0	0	0	0	0	-7.2009e-005
4.005	0.3419	0.28665	0.1895	0	0	0	0	0	-6.8559e-005
4.01	0.34193	0.28665	0.18949	0	0	0	0	0	-7.0003e-005
4.015	0.34194	0.28665	0.18946	0	0	0	0	0	-7.8122e-005
4.02	0.34198	0.28665	0.18943	0	0	0	0	0	-9.2629e-005
4.025	0.34203	0.28665	0.18941	0	0	0	0	0	-0.00011079
4.03	0.34207	0.28665	0.18938	0	0	0	0	0	-0.00013056
4.035	0.34212	0.28665	0.18935	0	0	0	0	0	-0.0001514
4.04	0.34219	0.28665	0.18932	0	0	0	0	0	-0.00017092
4.045	0.34225	0.28665	0.1893	0	0	0	0	0	-0.00018571
4.05	0.34233	0.28665	0.18928	0	0	0	0	0	-0.00019552
4.055	0.34239	0.28665	0.18926	0	0	0	0	0	-0.00020446
4.06	0.34247	0.28665	0.18925	0	0	0	0	0	-0.00021945
4.065	0.34255	0.28665	0.18923	0	0	0	0	0	-0.00024685
4.07	0.34264	0.28665	0.18922	0	0	0	0	0	-0.0002862
4.075	0.34278	0.28665	0.18921	0	0	0	0	0	-0.00032505
4.08	0.34291	0.28665	0.18919	0	0	0	0	0	-0.00034748
4.085	0.34304	0.28665	0.18918	0	0	0	0	0	-0.00034963
4.09	0.34317	0.28665	0.18915	0	0	0	0	0	-0.00034051
4.095	0.34329	0.28664	0.18913	0	0	0	0	0	-0.00032949
4.1	0.34342	0.28664	0.18911	0	0	0	0	0	-0.00031746
4.105	0.34354	0.28664	0.18908	0	0	0	0	0	-0.00030005
4.11	0.34364	0.28664	0.18905	0	0	0	0	0	-0.00027605
4.115	0.34374	0.28664	0.18902	0	0	0	0	0	-0.00024744
4.12	0.34381	0.28665	0.18899	0	0	0	0	0	-0.00021432
4.125	0.3439	0.28666	0.18896	0	0	0	0	0	-0.00017545
4.13	0.34394	0.28666	0.18893	0	0	0	0	0	-0.00013379
4.135	0.34397	0.28667	0.1889	0	0	0	0	0	-9.8054e-005
4.14	0.34399	0.28668	0.18887	0	0	0	0	0	-7.6086e-005
4.145	0.34401	0.28669	0.18884	0	0	0	0	0	-6.7996e-005
4.15	0.34404	0.2867	0.18881	0	0	0	0	0	-6.6975e-005
4.155	0.34406	0.28671	0.18878	0	0	0	0	0	-6.542e-005
4.16	0.34409	0.28672	0.18875	0	0	0	0	0	-6.0086e-005
4.165	0.3441	0.28673	0.18871	0	0	0	0	0	-5.2808e-005
4.17	0.34413	0.28674	0.18868	0	0	0	0	0	-4.5785e-005
4.175	0.34413	0.28675	0.18865	0	0	0	0	0	-3.7312e-005
4.18	0.34415	0.28676	0.18863	0	0	0	0	0	-2.4198e-005
4.185	0.34415	0.28676	0.1886	0	0	0	0	0	-5.9017e-006
4.19	0.34415	0.28677	0.18858	0	0	0	0	0	1.4507e-005
4.195	0.34413	0.28678	0.18856	0	0	0	0	0	3.1671e-005
4.2	0.34411	0.28678	0.18854	0	0	0	0	0	4.1078e-005
4.205	0.3441	0.28679	0.18853	0	0	0	0	0	4.1831e-005
4.21	0.34407	0.2868	0.18852	0	0	0	0	0	3.5435e-005
4.215	0.34407	0.2868	0.1885	0	0	0	0	0	2.4059e-005
4.22	0.34406	0.28681	0.18848	0	0	0	0	0	1.1096e-005
4.225	0.34407	0.28681	0.18846	0	0	0	0	0	-1.7118e-007
4.23	0.34408	0.28681	0.18844	0	0	0	0	0	-9.3796e-006
4.235	0.34407	0.28681	0.18841	0	0	0	0	0	-1.9033e-005
4.24	0.34411	0.28682	0.18838	0	0	0	0	0	-3.0001e-005
4.245	0.34412	0.28681	0.18835	0	0	0	0	0	-3.9878e-005
4.25	0.34414	0.28681	0.18831	0	0	0	0	0	-4.6344e-005
4.255	0.34417	0.28681	0.18827	0	0	0	0	0	-4.7899e-005
4.26	0.34419	0.28681	0.18823	0	0	0	0	0	-4.6193e-005
4.265	0.34421	0.28681	0.18819	0	0	0	0	0	-4.7885e-005
4.27	0.34423	0.2868	0.18815	0	0	0	0	0	-5.8552e-005
4.275	0.34425	0.2868	0.18811	0	0	0	0	0	-7.7341e-005
4.28	0.34429	0.2868	0.18807	0	0	0	0	0	-9.7999e-005
4.285	0.34434	0.2868	0.18804	0	0	0	0	0	-0.00011434
4.29	0.34439	0.2868	0.18801	0	0	0	0	0	-0.00012745
4.295	0.34444	0.28679	0.18798	0	0	0	0	0	-0.00014688
4.3	0.34449	0.2868	0.18796	0	0	0	0	0	-0.00018095
4.305	0.34459	0.2868	0.18794	0	0	0	0	0	-0.00022564
4.31	0.3447	0.2868	0.18791	0	0	0	0	0	-0.00026803
4.315	0.34481	0.2868	0.18788	0	0	0	0	0	-0.00029846
4.32	0.34495	0.2868	0.18786	0	0	0	0	0	-0.00031679
4.325	0.34507	0.28679	0.18782	0	0	0	0	0	-0.00033255
4.33	0.3452	0.28678	0.18779	0	0	0	0	0	-0.00035718
4.335	0.34536	0.28677	0.18775	0	0	0	0	0	-0.00038892
4.34	0.34553	0.28677	0.18771	0	0	0	0	0	-0.00041189
4.345	0.34569	0.28676	0.18765	0	0	0	0	0	-0.00041333
4.35	0.34585	0.28675	0.18759	0	0	0	0	0	-0.00039437
4.355	0.34599	0.28674	0.18754	0	0	0	0	0	-0.00036372
4.36	0.34613	0.28673	0.18748	0	0	0	0	0	-0.00032905
4.365	0.34624	0.28672	0.18743	0	0	0	0	0	-0.00029585
4.37	0.34634	0.28671	0.18737	0	0	0	0	0	-0.00026812
4.375	0.34645	0.2867	0.18732	0	0	0	0	0	-0.00024563
4.38	0.34654	0.2867	0.18727	0	0	0	0	0	-0.00022453
4.385	0.34662	0.2867	0.18723	0	0	0	0	0	-0.00020497
4.39	0.34669	0.2867	0.18719	0	0	0	0	0	-0.00019564
4.395	0.34677	0.2867	0.18716	0	0	0	0	0	-0.00020781
4.4	0.34686	0.2867	0.18712	0	0	0	0	0	-0.00024484
4.405	0.34698	0.2867	0.18709	0	0	0	0	0	-0.00029853
4.41	0.34713	0.2867	0.18705	0	0	0	0	0	-0.00035751
4.415	0.34729	0.2867	0.18702	0	0	0	0	0	-0.00041751
4.42	0.34748	0.2867	0.18698	0	0	0	0	0	-0.00047922
4.425	0.34768	0.2867	0.18694	0	0	0	0	0	-0.0005393
4.43	0.34793	0.2867	0.18689	0	0	0	0	0	-0.00058839
4.435	0.34817	0.28669	0.18684	0	0	0	0	0	-0.00061789
4.44	0.34842	0.28669	0.18679	0	0	0	0	0	-0.00062642
4.445	0.34866	0.28668	0.18674	0	0	0	0	0	-0.00061705
4.45	0.34891	0.28668	0.18667	0	0	0	0	0	-0.00059145
4.455	0.34913	0.28667	0.18659	0	0	0	0	0	-0.0005551
4.46	0.34934	0.28666	0.18651	0	0	0	0	0	-0.00052494
4.465	0.34955	0.28665	0.1864	0	0	0	0	0	-0.00052163
4.47	0.34978	0.28664	0.18627	0	0	0	0	0	-0.00055511
4.475	0.35001	0.28662	0.18611	0	0	0	0	0	-0.00061948
4.48	0.3503	0.28661	0.18594	0	0	0	0	0	-0.000693
4.485	0.35059	0.28661	0.18577	0	0	0	0	0	-0.00074128
4.49	0.35094	0.28661	0.1856	0	0	0	0	0	-0.00073343
4.495	0.35122	0.2866	0.18538	0	0	0	0	0	-0.00067053
4.5	0.35143	0.28659	0.18514	0	0	0	0	0	-0.00059736
4.505	0.35163	0.28658	0.18489	0	0	0	0	0	-0.00056502
4.51	0.35186	0.28657	0.18466	0	0	0	0	0	-0.00057687
4.515	0.35215	0.28658	0.18445	0	0	0	0	0	-0.00058939
4.52	0.35237	0.28658	0.18425	0	0	0	0	0	-0.0005699
4.525	0.35256	0.28658	0.18405	0	0	0	0	0	-0.00053258
4.53	0.35273	0.28658	0.18385	0	0	0	0	0	-0.00050894
4.535	0.35293	0.2866	0.18369	0	0	0	0	0	-0.00050031
4.54	0.35315	0.28662	0.18355	0	0	0	0	0	-0.0004747
4.545	0.35331	0.28664	0.18341	0	0	0	0	0	-0.00041115
4.55	0.35341	0.28666	0.18326	0	0	0	0	0	-0.0003314
4.555	0.35352	0.28667	0.1831	0	0	0	0	0	-0.00027716
4.56	0.35361	0.28668	0.18294	0	0	0	0	0	-0.00027172
4.565	0.35371	0.28669	0.18279	0	0	0	0	0	-0.00030395
4.57	0.35386	0.28671	0.18265	0	0	0	0	0	-0.00033193
4.575	0.35401	0.28673	0.18251	0	0	0	0	0	-0.00031434
4.58	0.35408	0.28674	0.18234	0	0	0	0	0	-0.00025238
4.585	0.35414	0.28675	0.18217	0	0	0	0	0	-0.00018478
4.59	0.35419	0.28676	0.182	0	0	0	0	0	-0.00014106
4.595	0.35424	0.28677	0.18184	0	0	0	0	0	-0.0001185
4.6	0.35428	0.28679	0.1817	0	0	0	0	0	-9.9349e-005
4.605	0.35431	0.28681	0.18154	0	0	0	0	0	-7.3678e-005
4.61	0.35431	0.28682	0.18137	0	0	0	0	0	-4.4506e-005
4.615	0.35432	0.28684	0.1812	0	0	0	0	0	-2.1317e-005
4.62	0.3543	0.28685	0.18103	0	0	0	0	0	-1.3911e-005
4.625	0.35431	0.28688	0.18088	0	0	0	0	0	-2.3139e-005
4.63	0.35432	0.2869	0.18074	0	0	0	0	0	-3.3412e-005
4.635	0.35433	0.28692	0.18059	0	0	0	0	0	-2.5013e-005
4.64	0.35432	0.28693	0.18045	0	0	0	0	0	4.1795e-006
4.645	0.3543	0.28694	0.1803	0	0	0	0	0	3.512e-005
4.65	0.35426	0.28695	0.18016	0	0	0	0	0	4.3864e-005
4.655	0.35424	0.28697	0.18002	0	0	0	0	0	2.2259e-005
4.66	0.35424	0.28699	0.1799	0	0	0	0	0	-1.2198e-005
4.665	0.35426	0.287	0.17977	0	0	0	0	0	-2.8947e-005
4.67	0.35426	0.28702	0.17965	0	0	0	0	0	-1.0383e-005
4.675	0.35425	0.28704	0.17952	0	0	0	0	0	3.5132e-005
4.68	0.35421	0.28705	0.17939	0	0	0	0	0	8.2279e-005
4.685	0.35415	0.28705	0.17926	0	0	0	0	0	0.00010571
4.69	0.3541	0.28706	0.17913	0	0	0	0	0	9.4948e-005
4.695	0.35407	0.28708	0.17901	0	0	0	0	0	6.2408e-005
4.7	0.35406	0.28709	0.17889	0	0	0	0	0	3.581e-005
4.705	0.35405	0.28712	0.17877	0	0	0	0	0	3.8785e-005
4.71	0.35402	0.28713	0.17864	0	0	0	0	0	7.3651e-005
4.715	0.35395	0.28714	0.1785	0	0	0	0	0	0.00011786
4.72	0.35388	0.28715	0.17836	0	0	0	0	0	0.00014113
4.725	0.35383	0.28716	0.17822	0	0	0	0	0	0.00013064
4.73	0.35379	0.28717	0.1781	0	0	0	0	0	9.787e-005
4.735	0.35377	0.28719	0.17798	0	0	0	0	0	6.4567e-005
4.74	0.35375	0.28721	0.17786	0	0	0	0	0	4.693e-005
4.745	0.35373	0.28723	0.17774	0	0	0	0	0	5.0064e-005
4.75	0.3537	0.28725	0.17762	0	0	0	0	0	7.0365e-005
4.755	0.35366	0.28726	0.1775	0	0	0	0	0	9.967e-005
4.76	0.3536	0.28727	0.17739	0	0	0	0	0	0.00012726
4.765	0.35353	0.28728	0.17727	0	0	0	0	0	0.00014211
4.77	0.35346	0.2873	0.17717	0	0	0	0	0	0.00013987
4.775	0.35341	0.28732	0.17708	0	0	0	0	0	0.00012729
4.78	0.35334	0.28734	0.17699	0	0	0	0	0	0.00011564
4.785	0.3533	0.28736	0.17691	0	0	0	0	0	0.00011294
4.79	0.35324	0.28737	0.17683	0	0	0	0	0	0.00012177
4.795	0.35318	0.28739	0.17674	0	0	0	0	0	0.00013852
4.8	0.3531	0.28741	0.17666	0	0	0	0	0	0.00015602
4.805	0.35303	0.28743	0.17658	0	0	0	0	0	0.00016998
4.81	0.35296	0.28744	0.1765	0	0	0	0	0	0.00018028
4.815	0.35288	0.28746	0.17643	0	0	0	0	0	0.00018663
4.82	0.3528	0.28747	0.17636	0	0	0	0	0	0.00018747
4.825	0.35272	0.28749	0.17629	0	0	0	0	0	0.00018303
4.83	0.35264	0.2875	0.17622	0	0	0	0	0	0.00017563
4.835	0.35258	0.28751	0.17616	0	0	0	0	0	0.00016753
4.84	0.35251	0.28752	0.17611	0	0	0	0	0	0.00015862
4.845	0.35245	0.28753	0.17606	0	0	0	0	0	0.00014654
4.85	0.35238	0.28754	0.17601	0	0	0	0	0	0.00012956
4.855	0.35233	0.28755	0.17598	0	0	0	0	0	0.00011036
4.86	0.3523	0.28756	0.17594	0	0	0	0	0	9.7006e-005
4.865	0.35225	0.28758	0.17591	0	0	0	0	0	9.5895e-005
4.87	0.35221	0.28759	0.17589	0	0	0	0	0	0.0001046
4.875	0.35215	0.2876	0.17586	0	0	0	0	0	0.00011629
4.88	0.3521	0.28761	0.17583	0	0	0	0	0	0.00012804
4.885	0.35204	0.28762	0.1758	0	0	0	0	0	0.00014091
4.89	0.35197	0.28763	0.17578	0	0	0	0	0	0.00015516
4.895	0.35191	0.28764	0.17577	0	0	0	0	0	0.0001693
4.9	0.35183	0.28765	0.17575	0	0	0	0	0	0.00018159
4.905	0.35175	0.28766	0.17574	0	0	0	0	0	0.00019107
4.91	0.35167	0.28767	0.17574	0	0	0	0	0	0.0001994
4.915	0.35159	0.28768	0.17574	0	0	0	0	0	0.00020947
4.92	0.3515	0.28769	0.17575	0	0	0	0	0	0.00021929
4.925	0.3514	0.28769	0.17576	0	0	0	0	0	0.0002208
4.93	0.35133	0.2877	0.17578	0	0	0	0	0	0.00020885
4.935	0.35125	0.2877	0.17581	0	0	0	0	0	0.00018823
4.94	0.35119	0.2877	0.17584	0	0	0	0	0	0.00016889
4.945	0.35112	0.28771	0.17588	0	0	0	0	0	0.00015675
4.95	0.35106	0.28772	0.17593	0	0	0	0	0	0.00015131
4.955	0.351	0.28773	0.17598	0	0	0	0	0	0.00014907
4.96	0.35094	0.28774	0.17603	0	0	0	0	0	0.00014493
4.965	0.35087	0.28774	0.17609	0	0	0	0	0	0.00013432
4.97	0.35083	0.28775	0.17616	0	0	0	0	0	0.00011914
4.975	0.35078	0.28776	0.17622	0	0	0	0	0	0.00010773
4.98	0.35074	0.28777	0.17629	0	0	0	0	0	0.00010749
4.985	0.35068	0.28777	0.17635	0	0	0	0	0	0.00012192
4.99	0.35063	0.28777	0.17643	0	0	0	0	0	0.00015249
4.995	0.35055	0.28777	0.1765	0	0	0	0	0	0.00019508
