0.005	-0.45852	0.72093	0.15476	0	0	0	0	0	0.00024407
0.01	-0.45854	0.72092	0.15479	0	0	0	0	0	0.00023592
0.015	-0.45855	0.72091	0.15482	0	0	0	0	0	0.00026232
0.02	-0.45858	0.7209	0.15484	0	0	0	0	0	0.00032798
0.025	-0.45861	0.7209	0.15486	0	0	0	0	0	0.00039557
0.03	-0.45867	0.72089	0.15487	0	0	0	0	0	0.00042426
0.035	-0.45867	0.72089	0.1549	0	0	0	0	0	0.00042326
0.04	-0.4587	0.72088	0.15492	0	0	0	0	0	0.00042989
0.045	-0.45876	0.72088	0.15494	0	0	0	0	0	0.0004428
0.05	-0.45879	0.72087	0.15496	0	0	0	0	0	0.0004449
0.055	-0.45882	0.72087	0.15498	0	0	0	0	0	0.00045554
0.06	-0.45887	0.72086	0.155	0	0	0	0	0	0.00049579
0.065	-0.4589	0.72086	0.15502	0	0	0	0	0	0.00055295
0.07	-0.45896	0.72086	0.15504	0	0	0	0	0	0.00060135
0.075	-0.459	0.72086	0.15506	0	0	0	0	0	0.00062024
0.08	-0.45908	0.72086	0.15507	0	0	0	0	0	0.00060162
0.085	-0.4591	0.72087	0.15509	0	0	0	0	0	0.00057254
0.09	-0.45913	0.72087	0.15511	0	0	0	0	0	0.00057817
0.095	-0.45922	0.72087	0.15512	0	0	0	0	0	0.00061853
0.1	-0.45926	0.72088	0.15514	0	0	0	0	0	0.00066092
0.105	-0.45932	0.72088	0.15515	0	0	0	0	0	0.00069388
0.11	-0.45939	0.72088	0.15516	0	0	0	0	0	0.00070652
0.115	-0.45945	0.72088	0.15517	0	0	0	0	0	0.00068186
0.12	-0.45949	0.7209	0.15518	0	0	0	0	0	0.00063585
0.125	-0.45955	0.7209	0.15518	0	0	0	0	0	0.00060118
0.13	-0.4596	0.72091	0.15518	0	0	0	0	0	0.00059203
0.135	-0.45965	0.72092	0.15519	0	0	0	0	0	0.0006159
0.14	-0.4597	0.72093	0.15519	0	0	0	0	0	0.00067285
0.145	-0.45978	0.72094	0.15518	0	0	0	0	0	0.00072597
0.15	-0.45985	0.72095	0.15518	0	0	0	0	0	0.00072849
0.155	-0.4599	0.72096	0.15518	0	0	0	0	0	0.00068479
0.16	-0.45997	0.72096	0.15518	0	0	0	0	0	0.00063683
0.165	-0.46001	0.72097	0.15519	0	0	0	0	0	0.00061096
0.17	-0.46008	0.72099	0.15519	0	0	0	0	0	0.0006101
0.175	-0.46013	0.72101	0.1552	0	0	0	0	0	0.00063178
0.18	-0.46018	0.72102	0.1552	0	0	0	0	0	0.0006725
0.185	-0.46024	0.72103	0.1552	0	0	0	0	0	0.00071204
0.19	-0.46032	0.72104	0.1552	0	0	0	0	0	0.00070653
0.195	-0.46038	0.72106	0.15519	0	0	0	0	0	0.0006307
0.2	-0.46041	0.72107	0.15519	0	0	0	0	0	0.00052845
0.205	-0.46044	0.72108	0.1552	0	0	0	0	0	0.00047288
0.21	-0.4605	0.72108	0.15519	0	0	0	0	0	0.00047621
0.215	-0.46053	0.7211	0.1552	0	0	0	0	0	0.00049823
0.22	-0.46058	0.7211	0.1552	0	0	0	0	0	0.00051567
0.225	-0.46063	0.7211	0.1552	0	0	0	0	0	0.00052986
0.23	-0.46066	0.72111	0.15519	0	0	0	0	0	0.00054209
0.235	-0.46071	0.72111	0.15519	0	0	0	0	0	0.00053674
0.24	-0.46077	0.7211	0.15518	0	0	0	0	0	0.00048063
0.245	-0.46079	0.72109	0.15517	0	0	0	0	0	0.0003705
0.25	-0.4608	0.72109	0.15517	0	0	0	0	0	0.00026988
0.255	-0.46079	0.72108	0.15517	0	0	0	0	0	0.00024989
0.26	-0.46085	0.72105	0.15516	0	0	0	0	0	0.00030605
0.265	-0.46085	0.72104	0.15515	0	0	0	0	0	0.00037892
0.27	-0.46091	0.72103	0.15514	0	0	0	0	0	0.0004254
0.275	-0.46093	0.72101	0.15513	0	0	0	0	0	0.00043252
0.28	-0.46096	0.721	0.15512	0	0	0	0	0	0.00040015
0.285	-0.461	0.72098	0.1551	0	0	0	0	0	0.00033838
0.29	-0.461	0.72097	0.1551	0	0	0	0	0	0.000273
0.295	-0.46102	0.72094	0.15508	0	0	0	0	0	0.00022147
0.3	-0.46105	0.72092	0.15506	0	0	0	0	0	0.00017341
0.305	-0.46103	0.7209	0.15506	0	0	0	0	0	0.00013148
0.31	-0.46104	0.72088	0.15504	0	0	0	0	0	0.00011426
0.315	-0.46104	0.72085	0.15502	0	0	0	0	0	9.9493e-005
0.32	-0.46105	0.72083	0.155	0	0	0	0	0	4.5506e-005
0.325	-0.46103	0.7208	0.15498	0	0	0	0	0	-2.726e-005
0.33	-0.46098	0.72078	0.15498	0	0	0	0	0	-5.4161e-005
0.335	-0.46097	0.72076	0.15496	0	0	0	0	0	-5.6525e-005
0.34	-0.46097	0.72072	0.15493	0	0	0	0	0	-0.0001933
0.345	-0.46095	0.72069	0.15491	0	0	0	0	0	-0.00061046
0.35	-0.46092	0.72066	0.15489	0	0	0	0	0	-0.0011724
0.355	-0.46046	0.72072	0.15494	0	0	0	0	0	-0.0014299
0.36	-0.46045	0.72069	0.15492	0	0	0	0	0	-0.0011312
0.365	-0.46046	0.72065	0.15489	0	0	0	0	0	-0.00058699
0.37	-0.46041	0.72063	0.15488	0	0	0	0	0	-0.00021294
0.375	-0.4604	0.7206	0.15485	0	0	0	0	0	-8.338e-005
0.38	-0.46038	0.72057	0.15482	0	0	0	0	0	-8.0519e-005
0.385	-0.46036	0.72055	0.1548	0	0	0	0	0	-0.00011424
0.39	-0.46035	0.72052	0.15477	0	0	0	0	0	-0.000155
0.395	-0.46032	0.7205	0.15475	0	0	0	0	0	-0.0002032
0.4	-0.46031	0.72047	0.15472	0	0	0	0	0	-0.0002566
0.405	-0.46026	0.72045	0.15469	0	0	0	0	0	-0.00030539
0.41	-0.46024	0.72043	0.15467	0	0	0	0	0	-0.00034867
0.415	-0.4602	0.72041	0.15465	0	0	0	0	0	-0.00039282
0.42	-0.46016	0.7204	0.15462	0	0	0	0	0	-0.00042698
0.425	-0.46011	0.72038	0.15459	0	0	0	0	0	-0.00043296
0.43	-0.46008	0.72036	0.15457	0	0	0	0	0	-0.00041777
0.435	-0.46004	0.72034	0.15454	0	0	0	0	0	-0.00040425
0.44	-0.46001	0.72033	0.15452	0	0	0	0	0	-0.00040021
0.445	-0.45997	0.72031	0.15449	0	0	0	0	0	-0.00039271
0.45	-0.45994	0.7203	0.15448	0	0	0	0	0	-0.0003644
0.455	-0.45991	0.72029	0.15445	0	0	0	0	0	-0.00031342
0.46	-0.45989	0.72029	0.15442	0	0	0	0	0	-0.00025639
0.465	-0.45986	0.72029	0.1544	0	0	0	0	0	-0.00021811
0.47	-0.45986	0.72028	0.15438	0	0	0	0	0	-0.00022473
0.475	-0.45984	0.72029	0.15437	0	0	0	0	0	-0.00028061
0.48	-0.4598	0.7203	0.15435	0	0	0	0	0	-0.00034354
0.485	-0.45977	0.7203	0.15433	0	0	0	0	0	-0.00035055
0.49	-0.45973	0.72031	0.15431	0	0	0	0	0	-0.00027619
0.495	-0.45973	0.72032	0.15429	0	0	0	0	0	-0.00016378
0.5	-0.45973	0.72033	0.15426	0	0	0	0	0	-9.2927e-005
0.505	-0.45974	0.72035	0.15423	0	0	0	0	0	-0.00010125
0.51	-0.45971	0.72036	0.15421	0	0	0	0	0	-0.00014397
0.515	-0.45968	0.72037	0.15419	0	0	0	0	0	-0.00015305
0.52	-0.45968	0.72039	0.15417	0	0	0	0	0	-0.00012752
0.525	-0.45968	0.72041	0.15413	0	0	0	0	0	-0.00012723
0.53	-0.45967	0.72042	0.1541	0	0	0	0	0	-0.00018272
0.535	-0.45965	0.72044	0.15409	0	0	0	0	0	-0.000242
0.54	-0.45961	0.72046	0.15407	0	0	0	0	0	-0.00021455
0.545	-0.4596	0.72047	0.15404	0	0	0	0	0	-7.6644e-005
0.55	-0.45964	0.72048	0.15401	0	0	0	0	0	9.2579e-005
0.555	-0.45964	0.7205	0.15398	0	0	0	0	0	0.00020527
0.56	-0.45968	0.72052	0.15395	0	0	0	0	0	0.00024357
0.565	-0.4597	0.72053	0.15393	0	0	0	0	0	0.00023871
0.57	-0.45974	0.72054	0.1539	0	0	0	0	0	0.00025131
0.575	-0.45977	0.72056	0.15387	0	0	0	0	0	0.00039121
0.58	-0.4598	0.72058	0.15384	0	0	0	0	0	0.00077417
0.585	-0.45984	0.7206	0.15382	0	0	0	0	0	0.0013183
0.59	-0.46025	0.72052	0.15373	0	0	0	0	0	0.0016456
0.595	-0.46032	0.72054	0.1537	0	0	0	0	0	0.0014764
0.6	-0.46034	0.72056	0.15368	0	0	0	0	0	0.00097924
0.605	-0.46041	0.72057	0.15366	0	0	0	0	0	0.00044841
0.61	-0.4605	0.72059	0.15363	0	0	0	0	0	2.0663e-005
0.615	-0.46026	0.7207	0.15366	0	0	0	0	0	-0.00013756
0.62	-0.46032	0.72071	0.15365	0	0	0	0	0	8.7162e-005
0.625	-0.46041	0.72072	0.15363	0	0	0	0	0	0.00049034
0.63	-0.4605	0.72073	0.15361	0	0	0	0	0	0.00078643
0.635	-0.46053	0.72074	0.15361	0	0	0	0	0	0.00094077
0.64	-0.46063	0.72075	0.15359	0	0	0	0	0	0.0010523
0.645	-0.46074	0.72076	0.15358	0	0	0	0	0	0.0011414
0.65	-0.46084	0.72076	0.15358	0	0	0	0	0	0.0011824
0.655	-0.46092	0.72076	0.15358	0	0	0	0	0	0.0011939
0.66	-0.46102	0.72075	0.15357	0	0	0	0	0	0.0012069
0.665	-0.46113	0.72075	0.15357	0	0	0	0	0	0.0012157
0.67	-0.46124	0.72075	0.15357	0	0	0	0	0	0.0012071
0.675	-0.46132	0.72074	0.15358	0	0	0	0	0	0.0011985
0.68	-0.46142	0.72073	0.15359	0	0	0	0	0	0.001208
0.685	-0.46153	0.72072	0.1536	0	0	0	0	0	0.0012089
0.69	-0.46163	0.72071	0.15361	0	0	0	0	0	0.0011612
0.695	-0.46171	0.7207	0.15362	0	0	0	0	0	0.0010778
0.7	-0.4618	0.72068	0.15364	0	0	0	0	0	0.0010272
0.705	-0.46188	0.72066	0.15365	0	0	0	0	0	0.0010981
0.71	-0.46196	0.72063	0.15366	0	0	0	0	0	0.0013528
0.715	-0.46204	0.7206	0.15367	0	0	0	0	0	0.001692
0.72	-0.46243	0.72047	0.15363	0	0	0	0	0	0.001821
0.725	-0.46245	0.72045	0.15366	0	0	0	0	0	0.0015898
0.73	-0.46254	0.7204	0.15366	0	0	0	0	0	0.0012053
0.735	-0.46262	0.72035	0.15367	0	0	0	0	0	0.00091784
0.74	-0.46266	0.7203	0.15369	0	0	0	0	0	0.00078008
0.745	-0.46273	0.72025	0.1537	0	0	0	0	0	0.00074053
0.75	-0.46278	0.7202	0.15372	0	0	0	0	0	0.00074148
0.755	-0.46284	0.72015	0.15374	0	0	0	0	0	0.00073751
0.76	-0.46289	0.7201	0.15375	0	0	0	0	0	0.00068312
0.765	-0.46294	0.72005	0.15376	0	0	0	0	0	0.00054473
0.77	-0.46295	0.72	0.15378	0	0	0	0	0	0.00034287
0.775	-0.46296	0.71996	0.1538	0	0	0	0	0	0.00015163
0.78	-0.46292	0.71992	0.15383	0	0	0	0	0	3.8286e-005
0.785	-0.46293	0.71987	0.15384	0	0	0	0	0	-1.3004e-005
0.79	-0.46293	0.71983	0.15384	0	0	0	0	0	-8.9014e-005
0.795	-0.4629	0.71978	0.15386	0	0	0	0	0	-0.00023194
0.8	-0.46285	0.71973	0.15387	0	0	0	0	0	-0.00038775
0.805	-0.46279	0.71968	0.15388	0	0	0	0	0	-0.00047377
0.81	-0.46272	0.71963	0.15389	0	0	0	0	0	-0.00046072
0.815	-0.46268	0.71957	0.15389	0	0	0	0	0	-0.00041031
0.82	-0.46267	0.7195	0.15387	0	0	0	0	0	-0.00042873
0.825	-0.46259	0.71944	0.15387	0	0	0	0	0	-0.00055159
0.83	-0.46251	0.71938	0.15387	0	0	0	0	0	-0.00070965
0.835	-0.46242	0.71931	0.15387	0	0	0	0	0	-0.00081716
0.84	-0.46232	0.71923	0.15386	0	0	0	0	0	-0.00084643
0.845	-0.46224	0.71916	0.15384	0	0	0	0	0	-0.00084157
0.85	-0.46217	0.71908	0.15382	0	0	0	0	0	-0.00088213
0.855	-0.46205	0.71901	0.15381	0	0	0	0	0	-0.00099223
0.86	-0.46193	0.71893	0.15379	0	0	0	0	0	-0.0011092
0.865	-0.46179	0.71884	0.15378	0	0	0	0	0	-0.001173
0.87	-0.46169	0.71875	0.15375	0	0	0	0	0	-0.0011947
0.875	-0.46156	0.71865	0.15373	0	0	0	0	0	-0.0012176
0.88	-0.46144	0.71853	0.15372	0	0	0	0	0	-0.0012528
0.885	-0.4613	0.71841	0.1537	0	0	0	0	0	-0.0012787
0.89	-0.46117	0.71828	0.15368	0	0	0	0	0	-0.0012886
0.895	-0.46104	0.71814	0.15366	0	0	0	0	0	-0.0013248
0.9	-0.46091	0.71798	0.15363	0	0	0	0	0	-0.0014421
0.905	-0.46073	0.71783	0.15362	0	0	0	0	0	-0.0016416
0.91	-0.46056	0.71768	0.15359	0	0	0	0	0	-0.0018707
0.915	-0.46033	0.71755	0.15358	0	0	0	0	0	-0.0020669
0.92	-0.4601	0.71742	0.15357	0	0	0	0	0	-0.0021997
0.925	-0.45989	0.71727	0.15355	0	0	0	0	0	-0.0023075
0.93	-0.45966	0.7171	0.15354	0	0	0	0	0	-0.0024565
0.935	-0.4594	0.71692	0.15354	0	0	0	0	0	-0.0026425
0.94	-0.45912	0.71673	0.15353	0	0	0	0	0	-0.0027783
0.945	-0.45881	0.71655	0.15353	0	0	0	0	0	-0.0027938
0.95	-0.45856	0.71639	0.15351	0	0	0	0	0	-0.0027392
0.955	-0.45832	0.71623	0.15349	0	0	0	0	0	-0.0027423
0.96	-0.45801	0.71604	0.15349	0	0	0	0	0	-0.0028461
0.965	-0.45772	0.71583	0.15348	0	0	0	0	0	-0.0029732
0.97	-0.45741	0.71561	0.15346	0	0	0	0	0	-0.0030396
0.975	-0.45711	0.7154	0.15345	0	0	0	0	0	-0.0030228
0.98	-0.45682	0.71522	0.15342	0	0	0	0	0	-0.0029657
0.985	-0.45654	0.715	0.1534	0	0	0	0	0	-0.0029472
0.99	-0.45624	0.71477	0.15337	0	0	0	0	0	-0.0030084
0.995	-0.45593	0.71454	0.15335	0	0	0	0	0	-0.0031
1	-0.4556	0.71434	0.15332	0	0	0	0	0	-0.0031231
1.005	-0.45529	0.71413	0.15328	0	0	0	0	0	-0.0030368
1.01	-0.45501	0.7139	0.15325	0	0	0	0	0	-0.0029189
1.015	-0.45472	0.71366	0.15323	0	0	0	0	0	-0.002906
1.02	-0.45444	0.71342	0.15319	0	0	0	0	0	-0.0030838
1.025	-0.45413	0.71319	0.15315	0	0	0	0	0	-0.0034022
1.03	-0.45375	0.71296	0.15313	0	0	0	0	0	-0.0036282
1.035	-0.45317	0.7128	0.15315	0	0	0	0	0	-0.0035557
1.04	-0.45313	0.71249	0.15307	0	0	0	0	0	-0.003358
1.045	-0.45282	0.71225	0.15303	0	0	0	0	0	-0.0033258
1.05	-0.45213	0.71209	0.15306	0	0	0	0	0	-0.0033502
1.055	-0.45211	0.71174	0.15296	0	0	0	0	0	-0.0033435
1.06	-0.45184	0.71148	0.15291	0	0	0	0	0	-0.003523
1.065	-0.45115	0.71132	0.15294	0	0	0	0	0	-0.003764
1.07	-0.45089	0.71102	0.15288	0	0	0	0	0	-0.0036777
1.075	-0.45053	0.7107	0.15285	0	0	0	0	0	-0.0032652
1.08	-0.45021	0.71041	0.15281	0	0	0	0	0	-0.0028146
1.085	-0.45002	0.71011	0.15276	0	0	0	0	0	-0.0025588
1.09	-0.44972	0.70977	0.15272	0	0	0	0	0	-0.0025412
1.095	-0.44938	0.7094	0.15269	0	0	0	0	0	-0.0025947
1.1	-0.4491	0.70904	0.15265	0	0	0	0	0	-0.0025835
1.105	-0.44889	0.70869	0.1526	0	0	0	0	0	-0.0025561
1.11	-0.44855	0.7083	0.15259	0	0	0	0	0	-0.002537
1.115	-0.44824	0.70791	0.15257	0	0	0	0	0	-0.0024342
1.12	-0.44806	0.70753	0.15255	0	0	0	0	0	-0.002224
1.125	-0.44778	0.70714	0.15255	0	0	0	0	0	-0.0019623
1.13	-0.44754	0.70671	0.15256	0	0	0	0	0	-0.0016714
1.135	-0.44745	0.7063	0.15255	0	0	0	0	0	-0.0013923
1.14	-0.4472	0.70593	0.15257	0	0	0	0	0	-0.0011711
1.145	-0.44704	0.70548	0.1526	0	0	0	0	0	-0.001011
1.15	-0.44698	0.70507	0.15262	0	0	0	0	0	-0.00095682
1.155	-0.44676	0.70467	0.15266	0	0	0	0	0	-0.0010167
1.16	-0.44662	0.70422	0.1527	0	0	0	0	0	-0.00106
1.165	-0.44644	0.70381	0.15275	0	0	0	0	0	-0.0009687
1.17	-0.4463	0.70339	0.15278	0	0	0	0	0	-0.00076894
1.175	-0.44622	0.70295	0.15282	0	0	0	0	0	-0.00057835
1.18	-0.44609	0.70254	0.15288	0	0	0	0	0	-0.000475
1.185	-0.44598	0.7021	0.15293	0	0	0	0	0	-0.00042261
1.19	-0.44588	0.70163	0.15298	0	0	0	0	0	-0.00032535
1.195	-0.44573	0.70121	0.15305	0	0	0	0	0	-0.0001321
1.2	-0.44574	0.70071	0.1531	0	0	0	0	0	0.00011177
1.205	-0.44564	0.70021	0.15315	0	0	0	0	0	0.0003296
1.21	-0.44561	0.69975	0.15321	0	0	0	0	0	0.00050094
1.215	-0.44559	0.69923	0.15326	0	0	0	0	0	0.00061748
1.22	-0.44555	0.69871	0.15331	0	0	0	0	0	0.00065883
1.225	-0.44556	0.69823	0.15336	0	0	0	0	0	0.00063701
1.23	-0.44547	0.6977	0.15341	0	0	0	0	0	0.0006121
1.235	-0.44545	0.69716	0.15344	0	0	0	0	0	0.00063723
1.24	-0.44545	0.69661	0.15345	0	0	0	0	0	0.00070181
1.245	-0.44539	0.69609	0.15347	0	0	0	0	0	0.0008042
1.25	-0.44536	0.69552	0.15347	0	0	0	0	0	0.00097744
1.255	-0.44541	0.69494	0.15345	0	0	0	0	0	0.0011732
1.26	-0.44542	0.69437	0.15344	0	0	0	0	0	0.0012726
1.265	-0.44544	0.69378	0.15342	0	0	0	0	0	0.0012385
1.27	-0.44546	0.69321	0.15338	0	0	0	0	0	0.0011617
1.275	-0.44538	0.69264	0.15337	0	0	0	0	0	0.0011673
1.28	-0.44543	0.69206	0.15333	0	0	0	0	0	0.00125
1.285	-0.44549	0.69145	0.15327	0	0	0	0	0	0.0012293
1.29	-0.44551	0.69088	0.15322	0	0	0	0	0	0.0010074
1.295	-0.44536	0.69031	0.15317	0	0	0	0	0	0.00075627
1.3	-0.44535	0.68975	0.1531	0	0	0	0	0	0.00067355
1.305	-0.44535	0.68918	0.15303	0	0	0	0	0	0.00069964
1.31	-0.44531	0.68864	0.15297	0	0	0	0	0	0.0006686
1.315	-0.44523	0.68809	0.1529	0	0	0	0	0	0.00052069
1.32	-0.44521	0.68755	0.15282	0	0	0	0	0	0.00026388
1.325	-0.44508	0.68703	0.15276	0	0	0	0	0	-8.1475e-005
1.33	-0.44496	0.68651	0.15268	0	0	0	0	0	-0.00047116
1.335	-0.44479	0.68597	0.15258	0	0	0	0	0	-0.00085967
1.34	-0.44458	0.68545	0.15249	0	0	0	0	0	-0.0011948
1.345	-0.44435	0.68491	0.15238	0	0	0	0	0	-0.0014185
1.35	-0.44411	0.68438	0.15225	0	0	0	0	0	-0.0015265
1.355	-0.44391	0.68381	0.15211	0	0	0	0	0	-0.001588
1.36	-0.44366	0.68323	0.15198	0	0	0	0	0	-0.0016772
1.365	-0.44339	0.68265	0.15184	0	0	0	0	0	-0.001816
1.37	-0.44314	0.68203	0.15169	0	0	0	0	0	-0.0019965
1.375	-0.44281	0.68142	0.15156	0	0	0	0	0	-0.0021968
1.38	-0.44249	0.68082	0.15142	0	0	0	0	0	-0.0023887
1.385	-0.44218	0.68015	0.15128	0	0	0	0	0	-0.0025932
1.39	-0.44187	0.67949	0.15114	0	0	0	0	0	-0.0028487
1.395	-0.44142	0.67882	0.151	0	0	0	0	0	-0.0031058
1.4	-0.44102	0.67815	0.15085	0	0	0	0	0	-0.0032928
1.405	-0.44063	0.67746	0.1507	0	0	0	0	0	-0.0034455
1.41	-0.4402	0.67677	0.15058	0	0	0	0	0	-0.0036286
1.415	-0.43974	0.67611	0.15046	0	0	0	0	0	-0.0038251
1.42	-0.43927	0.6754	0.15035	0	0	0	0	0	-0.0039989
1.425	-0.43882	0.67477	0.15025	0	0	0	0	0	-0.0041519
1.43	-0.43832	0.6741	0.15017	0	0	0	0	0	-0.0042751
1.435	-0.43782	0.67347	0.1501	0	0	0	0	0	-0.0043431
1.44	-0.43734	0.67287	0.15003	0	0	0	0	0	-0.0043825
1.445	-0.43688	0.67223	0.14995	0	0	0	0	0	-0.0044615
1.45	-0.43634	0.67165	0.14989	0	0	0	0	0	-0.0045775
1.455	-0.4358	0.67102	0.14984	0	0	0	0	0	-0.0046525
1.46	-0.43535	0.67044	0.14978	0	0	0	0	0	-0.0046663
1.465	-0.43477	0.66986	0.14975	0	0	0	0	0	-0.0046643
1.47	-0.43431	0.66929	0.1497	0	0	0	0	0	-0.0046858
1.475	-0.43378	0.66872	0.14966	0	0	0	0	0	-0.0047389
1.48	-0.43323	0.66817	0.14964	0	0	0	0	0	-0.0047627
1.485	-0.43271	0.66758	0.1496	0	0	0	0	0	-0.0046815
1.49	-0.43224	0.667	0.14956	0	0	0	0	0	-0.0044934
1.495	-0.43169	0.6664	0.14952	0	0	0	0	0	-0.0042544
1.5	-0.43131	0.66583	0.14947	0	0	0	0	0	-0.0040642
1.505	-0.43085	0.66521	0.14943	0	0	0	0	0	-0.0039981
1.51	-0.43033	0.66462	0.14939	0	0	0	0	0	-0.0039896
1.515	-0.42988	0.66402	0.14934	0	0	0	0	0	-0.0039328
1.52	-0.42948	0.66341	0.14928	0	0	0	0	0	-0.0038585
1.525	-0.42902	0.66281	0.14922	0	0	0	0	0	-0.00383
1.53	-0.42853	0.66221	0.14917	0	0	0	0	0	-0.003805
1.535	-0.42811	0.66162	0.1491	0	0	0	0	0	-0.0037536
1.54	-0.42771	0.66104	0.14903	0	0	0	0	0	-0.0037576
1.545	-0.42726	0.66046	0.14897	0	0	0	0	0	-0.0038658
1.55	-0.42677	0.65987	0.14891	0	0	0	0	0	-0.0039815
1.555	-0.42629	0.65931	0.14885	0	0	0	0	0	-0.0040043
1.56	-0.4259	0.65872	0.14878	0	0	0	0	0	-0.003981
1.565	-0.42543	0.65818	0.14872	0	0	0	0	0	-0.0040088
1.57	-0.42497	0.65764	0.14866	0	0	0	0	0	-0.0040769
1.575	-0.42447	0.65714	0.14859	0	0	0	0	0	-0.0041303
1.58	-0.42404	0.65663	0.14851	0	0	0	0	0	-0.004192
1.585	-0.42357	0.65614	0.14842	0	0	0	0	0	-0.004336
1.59	-0.4231	0.65565	0.14834	0	0	0	0	0	-0.0045579
1.595	-0.42251	0.65517	0.14827	0	0	0	0	0	-0.0047536
1.6	-0.42201	0.65472	0.14818	0	0	0	0	0	-0.0048376
1.605	-0.42145	0.65426	0.14809	0	0	0	0	0	-0.0048306
1.61	-0.42096	0.65379	0.148	0	0	0	0	0	-0.0048072
1.615	-0.42044	0.65332	0.1479	0	0	0	0	0	-0.0048093
1.62	-0.4199	0.65288	0.14782	0	0	0	0	0	-0.0047985
1.625	-0.41936	0.65243	0.14773	0	0	0	0	0	-0.0047055
1.63	-0.41886	0.65197	0.14764	0	0	0	0	0	-0.0045453
1.635	-0.41841	0.65151	0.14755	0	0	0	0	0	-0.0044454
1.64	-0.41793	0.65103	0.14748	0	0	0	0	0	-0.0045276
1.645	-0.41742	0.65055	0.14741	0	0	0	0	0	-0.0047708
1.65	-0.4168	0.65009	0.14735	0	0	0	0	0	-0.0050269
1.655	-0.41626	0.64966	0.14727	0	0	0	0	0	-0.0051927
1.66	-0.4157	0.64918	0.1472	0	0	0	0	0	-0.0053155
1.665	-0.41512	0.64871	0.14712	0	0	0	0	0	-0.0054751
1.67	-0.41446	0.64825	0.14706	0	0	0	0	0	-0.0056692
1.675	-0.41382	0.64777	0.147	0	0	0	0	0	-0.0058896
1.68	-0.41322	0.64725	0.14694	0	0	0	0	0	-0.0061812
1.685	-0.41243	0.64681	0.14691	0	0	0	0	0	-0.0065406
1.69	-0.41172	0.64634	0.14687	0	0	0	0	0	-0.0068832
1.695	-0.41098	0.64588	0.14685	0	0	0	0	0	-0.0071503
1.7	-0.41015	0.64542	0.14685	0	0	0	0	0	-0.0072887
1.705	-0.40938	0.64498	0.14685	0	0	0	0	0	-0.0072363
1.71	-0.4085	0.64453	0.14685	0	0	0	0	0	-0.0070936
1.715	-0.40803	0.64398	0.14678	0	0	0	0	0	-0.0071789
1.72	-0.4071	0.64349	0.1468	0	0	0	0	0	-0.0076918
1.725	-0.40622	0.643	0.14682	0	0	0	0	0	-0.0083901
1.73	-0.40518	0.64252	0.14685	0	0	0	0	0	-0.0089051
1.735	-0.40425	0.64203	0.14686	0	0	0	0	0	-0.0091314
1.74	-0.40323	0.64149	0.14689	0	0	0	0	0	-0.0092144
1.745	-0.40227	0.64093	0.1469	0	0	0	0	0	-0.0093264
1.75	-0.40119	0.64032	0.14691	0	0	0	0	0	-0.0095459
1.755	-0.4002	0.6397	0.14692	0	0	0	0	0	-0.0098918
1.76	-0.39909	0.63908	0.14695	0	0	0	0	0	-0.010346
1.765	-0.39786	0.6384	0.14699	0	0	0	0	0	-0.010822
1.77	-0.39666	0.63779	0.14704	0	0	0	0	0	-0.01129
1.775	-0.39546	0.6371	0.14707	0	0	0	0	0	-0.011886
1.78	-0.39409	0.63638	0.1471	0	0	0	0	0	-0.012725
1.785	-0.39265	0.63565	0.14717	0	0	0	0	0	-0.013721
1.79	-0.39105	0.63491	0.14725	0	0	0	0	0	-0.014655
1.795	-0.38938	0.63412	0.14732	0	0	0	0	0	-0.015347
1.8	-0.38774	0.63329	0.14737	0	0	0	0	0	-0.015766
1.805	-0.38599	0.63248	0.14745	0	0	0	0	0	-0.016005
1.81	-0.38422	0.63163	0.14753	0	0	0	0	0	-0.016184
1.815	-0.38251	0.63072	0.14757	0	0	0	0	0	-0.016455
1.82	-0.38067	0.6298	0.14762	0	0	0	0	0	-0.016919
1.825	-0.37868	0.62887	0.1477	0	0	0	0	0	-0.017532
1.83	-0.37676	0.62788	0.14775	0	0	0	0	0	-0.018227
1.835	-0.37468	0.62687	0.14781	0	0	0	0	0	-0.019007
1.84	-0.37249	0.62586	0.14788	0	0	0	0	0	-0.019831
1.845	-0.3703	0.62482	0.14792	0	0	0	0	0	-0.020613
1.85	-0.36796	0.62373	0.14797	0	0	0	0	0	-0.02129
1.855	-0.36555	0.62259	0.14804	0	0	0	0	0	-0.021841
1.86	-0.3632	0.62143	0.14807	0	0	0	0	0	-0.022318
1.865	-0.36065	0.62026	0.14811	0	0	0	0	0	-0.022781
1.87	-0.35812	0.61906	0.14812	0	0	0	0	0	-0.023212
1.875	-0.35562	0.61786	0.14811	0	0	0	0	0	-0.023603
1.88	-0.35295	0.61663	0.14814	0	0	0	0	0	-0.023947
1.885	-0.35034	0.6154	0.14813	0	0	0	0	0	-0.024211
1.89	-0.34769	0.61419	0.14811	0	0	0	0	0	-0.024422
1.895	-0.34498	0.61299	0.14811	0	0	0	0	0	-0.02467
1.9	-0.34235	0.6118	0.14808	0	0	0	0	0	-0.025006
1.905	-0.3396	0.61065	0.14809	0	0	0	0	0	-0.025326
1.91	-0.33677	0.60953	0.14811	0	0	0	0	0	-0.025374
1.915	-0.33413	0.6084	0.14807	0	0	0	0	0	-0.02502
1.92	-0.33157	0.60732	0.14801	0	0	0	0	0	-0.024447
1.925	-0.329	0.60631	0.14798	0	0	0	0	0	-0.023907
1.93	-0.3265	0.60534	0.14791	0	0	0	0	0	-0.023537
1.935	-0.32407	0.60442	0.14782	0	0	0	0	0	-0.023412
1.94	-0.32163	0.60355	0.14775	0	0	0	0	0	-0.023562
1.945	-0.31918	0.60278	0.14767	0	0	0	0	0	-0.023899
1.95	-0.31671	0.60211	0.14765	0	0	0	0	0	-0.024249
1.955	-0.31425	0.60157	0.14762	0	0	0	0	0	-0.024454
1.96	-0.31176	0.6012	0.14759	0	0	0	0	0	-0.02452
1.965	-0.30943	0.601	0.1475	0	0	0	0	0	-0.02471
1.97	-0.30711	0.60101	0.14742	0	0	0	0	0	-0.025398
1.975	-0.30457	0.60129	0.1474	0	0	0	0	0	-0.026641
1.98	-0.30184	0.60181	0.1474	0	0	0	0	0	-0.02812
1.985	-0.29912	0.60264	0.14736	0	0	0	0	0	-0.029622
1.99	-0.29633	0.60379	0.14733	0	0	0	0	0	-0.031282
1.995	-0.29325	0.60529	0.14737	0	0	0	0	0	-0.033226
2	-0.29006	0.60715	0.14743	0	0	0	0	0	-0.035336
2.005	-0.28673	0.60937	0.14754	0	0	0	0	0	-0.037427
2.01	-0.2831	0.61206	0.14777	0	0	0	0	0	-0.039413
2.015	-0.2796	0.61513	0.14797	0	0	0	0	0	-0.041359
2.02	-0.27572	0.61866	0.14833	0	0	0	0	0	-0.043363
2.025	-0.27174	0.62265	0.14875	0	0	0	0	0	-0.045494
2.03	-0.26778	0.62706	0.14919	0	0	0	0	0	-0.047781
2.035	-0.26337	0.63194	0.1498	0	0	0	0	0	-0.050096
2.04	-0.25881	0.63726	0.1505	0	0	0	0	0	-0.052236
2.045	-0.25438	0.643	0.1512	0	0	0	0	0	-0.054207
2.05	-0.24965	0.64917	0.152	0	0	0	0	0	-0.056132
2.055	-0.24467	0.65576	0.15292	0	0	0	0	0	-0.057919
2.06	-0.23985	0.66276	0.1538	0	0	0	0	0	-0.059518
2.065	-0.23485	0.67018	0.15473	0	0	0	0	0	-0.061033
2.07	-0.22977	0.67797	0.15573	0	0	0	0	0	-0.062386
2.075	-0.22441	0.68613	0.15677	0	0	0	0	0	-0.063198
2.08	-0.21891	0.69468	0.15782	0	0	0	0	0	-0.063771
2.085	-0.21505	0.70353	0.15812	0	0	0	0	0	-0.065684
2.09	-0.20885	0.71258	0.15934	0	0	0	0	0	-0.068958
2.095	-0.20271	0.72183	0.16046	0	0	0	0	0	-0.072069
2.1	-0.19675	0.73125	0.16153	0	0	0	0	0	-0.073243
2.105	-0.1911	0.74069	0.16234	0	0	0	0	0	-0.072761
2.11	-0.18553	0.75014	0.16313	0	0	0	0	0	-0.071947
2.115	-0.17978	0.75941	0.16394	0	0	0	0	0	-0.071599
2.12	-0.17412	0.76863	0.16471	0	0	0	0	0	-0.071992
2.125	-0.16846	0.77759	0.16536	0	0	0	0	0	-0.073145
2.13	-0.16251	0.78621	0.16599	0	0	0	0	0	-0.074925
2.135	-0.15631	0.79452	0.16661	0	0	0	0	0	-0.076684
2.14	-0.15011	0.80254	0.16716	0	0	0	0	0	-0.077893
2.145	-0.14398	0.81023	0.16761	0	0	0	0	0	-0.078476
2.15	-0.13771	0.81772	0.16807	0	0	0	0	0	-0.07848
2.155	-0.13143	0.82493	0.16855	0	0	0	0	0	-0.077845
2.16	-0.12544	0.83192	0.16896	0	0	0	0	0	-0.076698
2.165	-0.11963	0.83871	0.16935	0	0	0	0	0	-0.075548
2.17	-0.11372	0.84528	0.1698	0	0	0	0	0	-0.074637
2.175	-0.10795	0.85165	0.17028	0	0	0	0	0	-0.073771
2.18	-0.10241	0.85778	0.17071	0	0	0	0	0	-0.072779
2.185	-0.096871	0.86369	0.17119	0	0	0	0	0	-0.071648
2.19	-0.091489	0.86938	0.17167	0	0	0	0	0	-0.070455
2.195	-0.086307	0.87486	0.17212	0	0	0	0	0	-0.069308
2.2	-0.081215	0.88009	0.17255	0	0	0	0	0	-0.068424
2.205	-0.076183	0.88508	0.173	0	0	0	0	0	-0.067785
2.21	-0.071246	0.88978	0.17343	0	0	0	0	0	-0.067267
2.215	-0.066369	0.89421	0.17385	0	0	0	0	0	-0.06679
2.22	-0.061608	0.89833	0.17426	0	0	0	0	0	-0.066429
2.225	-0.056826	0.90215	0.17469	0	0	0	0	0	-0.066235
2.23	-0.052156	0.90568	0.1751	0	0	0	0	0	-0.06613
2.235	-0.047393	0.90894	0.17556	0	0	0	0	0	-0.065898
2.24	-0.042761	0.91196	0.17595	0	0	0	0	0	-0.065435
2.245	-0.038236	0.91473	0.17632	0	0	0	0	0	-0.0649
2.25	-0.03367	0.91718	0.17673	0	0	0	0	0	-0.064533
2.255	-0.029165	0.91936	0.17712	0	0	0	0	0	-0.064377
2.26	-0.024653	0.92131	0.17751	0	0	0	0	0	-0.064253
2.265	-0.020126	0.92298	0.17793	0	0	0	0	0	-0.063946
2.27	-0.015663	0.92438	0.17832	0	0	0	0	0	-0.063408
2.275	-0.011345	0.92554	0.17868	0	0	0	0	0	-0.062857
2.28	-0.0069432	0.92644	0.17907	0	0	0	0	0	-0.062489
2.285	-0.0025328	0.92712	0.17948	0	0	0	0	0	-0.062246
2.29	0.0017465	0.92759	0.17984	0	0	0	0	0	-0.062048
2.295	0.0060504	0.92787	0.18024	0	0	0	0	0	-0.061922
2.3	0.010493	0.92793	0.1807	0	0	0	0	0	-0.061802
2.305	0.014771	0.92777	0.18108	0	0	0	0	0	-0.061694
2.31	0.019011	0.92737	0.1814	0	0	0	0	0	-0.061874
2.315	0.02344	0.92678	0.18179	0	0	0	0	0	-0.062494
2.32	0.027958	0.92597	0.18218	0	0	0	0	0	-0.063317
2.325	0.032427	0.9249	0.18251	0	0	0	0	0	-0.064135
2.33	0.03703	0.9236	0.18285	0	0	0	0	0	-0.064995
2.335	0.041706	0.92207	0.1832	0	0	0	0	0	-0.065957
2.34	0.046441	0.92029	0.1835	0	0	0	0	0	-0.066945
2.345	0.051383	0.91825	0.18385	0	0	0	0	0	-0.067791
2.35	0.056273	0.91597	0.18416	0	0	0	0	0	-0.06842
2.355	0.061172	0.91343	0.18443	0	0	0	0	0	-0.068998
2.36	0.06627	0.91065	0.18477	0	0	0	0	0	-0.069639
2.365	0.071455	0.90759	0.18509	0	0	0	0	0	-0.07022
2.37	0.076556	0.90429	0.18537	0	0	0	0	0	-0.07067
2.375	0.081882	0.9007	0.18569	0	0	0	0	0	-0.071086
2.38	0.087208	0.89685	0.18598	0	0	0	0	0	-0.071562
2.385	0.092531	0.89279	0.18627	0	0	0	0	0	-0.072229
2.39	0.098082	0.88848	0.18661	0	0	0	0	0	-0.073085
2.395	0.10378	0.88392	0.18699	0	0	0	0	0	-0.073857
2.4	0.10944	0.87911	0.18732	0	0	0	0	0	-0.074347
2.405	0.11518	0.87406	0.18767	0	0	0	0	0	-0.074657
2.41	0.12105	0.86879	0.18807	0	0	0	0	0	-0.074891
2.415	0.12697	0.86325	0.18848	0	0	0	0	0	-0.075008
2.42	0.13291	0.85747	0.18886	0	0	0	0	0	-0.075084
2.425	0.13888	0.85147	0.18925	0	0	0	0	0	-0.075308
2.43	0.14501	0.84523	0.18968	0	0	0	0	0	-0.075711
2.435	0.15131	0.83875	0.19013	0	0	0	0	0	-0.07614
2.44	0.15753	0.83205	0.19053	0	0	0	0	0	-0.076586
2.445	0.16391	0.82514	0.19094	0	0	0	0	0	-0.077259
2.45	0.17052	0.81801	0.19139	0	0	0	0	0	-0.078173
2.455	0.17725	0.8107	0.19182	0	0	0	0	0	-0.079128
2.46	0.18402	0.8032	0.19221	0	0	0	0	0	-0.080011
2.465	0.19109	0.79549	0.19264	0	0	0	0	0	-0.08085
2.47	0.19814	0.78754	0.19299	0	0	0	0	0	-0.081646
2.475	0.20545	0.7794	0.1934	0	0	0	0	0	-0.082555
2.48	0.21283	0.77103	0.19379	0	0	0	0	0	-0.083739
2.485	0.22042	0.7625	0.19429	0	0	0	0	0	-0.085241
2.49	0.22834	0.75383	0.1948	0	0	0	0	0	-0.086838
2.495	0.2363	0.74509	0.19531	0	0	0	0	0	-0.088081
2.5	0.24451	0.73627	0.1958	0	0	0	0	0	-0.088456
2.505	0.25283	0.72743	0.19628	0	0	0	0	0	-0.087403
2.51	0.26078	0.71883	0.19662	0	0	0	0	0	-0.084788
2.515	0.26834	0.71068	0.19693	0	0	0	0	0	-0.081184
2.52	0.2758	0.70297	0.19734	0	0	0	0	0	-0.077289
2.525	0.28275	0.69546	0.19754	0	0	0	0	0	-0.073344
2.53	0.28955	0.68825	0.19762	0	0	0	0	0	-0.069327
2.535	0.29601	0.68168	0.1975	0	0	0	0	0	-0.065014
2.54	0.30199	0.67601	0.19721	0	0	0	0	0	-0.06033
2.545	0.30762	0.67123	0.19702	0	0	0	0	0	-0.055598
2.55	0.31265	0.66716	0.1969	0	0	0	0	0	-0.051438
2.555	0.31757	0.66374	0.1968	0	0	0	0	0	-0.048407
2.56	0.32235	0.66077	0.19652	0	0	0	0	0	-0.046552
2.565	0.32696	0.65789	0.19609	0	0	0	0	0	-0.045408
2.57	0.33159	0.65489	0.19574	0	0	0	0	0	-0.044244
2.575	0.336	0.65168	0.19545	0	0	0	0	0	-0.042308
2.58	0.34004	0.6482	0.19525	0	0	0	0	0	-0.039304
2.585	0.34354	0.64443	0.1952	0	0	0	0	0	-0.035603
2.59	0.34653	0.6406	0.19531	0	0	0	0	0	-0.031911
2.595	0.34934	0.63691	0.19547	0	0	0	0	0	-0.028702
2.6	0.35181	0.63368	0.19546	0	0	0	0	0	-0.026015
2.605	0.35417	0.63091	0.19545	0	0	0	0	0	-0.023676
2.61	0.35628	0.62855	0.19544	0	0	0	0	0	-0.021564
2.615	0.35815	0.62665	0.19539	0	0	0	0	0	-0.019733
2.62	0.36	0.62522	0.19536	0	0	0	0	0	-0.018279
2.625	0.36176	0.6241	0.19526	0	0	0	0	0	-0.0172
2.63	0.36332	0.62319	0.19507	0	0	0	0	0	-0.016479
2.635	0.36496	0.62246	0.19488	0	0	0	0	0	-0.016027
2.64	0.36665	0.62186	0.19469	0	0	0	0	0	-0.015587
2.645	0.36809	0.62141	0.19442	0	0	0	0	0	-0.01503
2.65	0.36951	0.62111	0.19414	0	0	0	0	0	-0.014499
2.655	0.37092	0.62095	0.19387	0	0	0	0	0	-0.014077
2.66	0.37229	0.62092	0.1936	0	0	0	0	0	-0.0136
2.665	0.37359	0.62094	0.19338	0	0	0	0	0	-0.012912
2.67	0.37468	0.62102	0.19314	0	0	0	0	0	-0.012082
2.675	0.37572	0.62121	0.19299	0	0	0	0	0	-0.011261
2.68	0.37675	0.6215	0.19291	0	0	0	0	0	-0.010441
2.685	0.37763	0.62195	0.19285	0	0	0	0	0	-0.0095443
2.69	0.37833	0.62254	0.1928	0	0	0	0	0	-0.0086178
2.695	0.37905	0.6233	0.19283	0	0	0	0	0	-0.0077208
2.7	0.37967	0.62419	0.19288	0	0	0	0	0	-0.0067994
2.705	0.38013	0.62523	0.19292	0	0	0	0	0	-0.0058298
2.71	0.38052	0.6264	0.193	0	0	0	0	0	-0.0048692
2.715	0.38084	0.62769	0.1931	0	0	0	0	0	-0.0039505
2.72	0.38101	0.62907	0.19318	0	0	0	0	0	-0.0030764
2.725	0.38115	0.63053	0.19331	0	0	0	0	0	-0.0022477
2.73	0.38121	0.63207	0.19345	0	0	0	0	0	-0.0014643
2.735	0.38112	0.63366	0.19355	0	0	0	0	0	-0.00077278
2.74	0.38101	0.63531	0.19367	0	0	0	0	0	-0.00023261
2.745	0.3809	0.63702	0.19381	0	0	0	0	0	0.00017892
2.75	0.38068	0.63879	0.19393	0	0	0	0	0	0.00052046
2.755	0.38044	0.6406	0.19407	0	0	0	0	0	0.00082624
2.76	0.38022	0.64249	0.19423	0	0	0	0	0	0.0011559
2.765	0.37992	0.64442	0.19436	0	0	0	0	0	0.0015479
2.77	0.37951	0.6464	0.19448	0	0	0	0	0	0.0019296
2.775	0.37915	0.64845	0.19464	0	0	0	0	0	0.0022281
2.78	0.37876	0.65055	0.19481	0	0	0	0	0	0.0024763
2.785	0.3783	0.65274	0.19496	0	0	0	0	0	0.0026993
2.79	0.3778	0.65496	0.19512	0	0	0	0	0	0.0028698
2.795	0.37735	0.65723	0.19531	0	0	0	0	0	0.0030108
2.8	0.37686	0.65954	0.19549	0	0	0	0	0	0.0031969
2.805	0.37628	0.66186	0.19565	0	0	0	0	0	0.0033894
2.81	0.37569	0.6642	0.19582	0	0	0	0	0	0.0034808
2.815	0.37518	0.66653	0.19602	0	0	0	0	0	0.003487
2.82	0.37459	0.66886	0.1962	0	0	0	0	0	0.003514
2.825	0.37399	0.67117	0.19639	0	0	0	0	0	0.0036086
2.83	0.3734	0.67349	0.1966	0	0	0	0	0	0.0037749
2.835	0.3728	0.67581	0.19681	0	0	0	0	0	0.0040229
2.84	0.37211	0.67808	0.19698	0	0	0	0	0	0.004296
2.845	0.37142	0.68036	0.19717	0	0	0	0	0	0.0045008
2.85	0.37075	0.68262	0.19737	0	0	0	0	0	0.0046195
2.855	0.37004	0.68483	0.19756	0	0	0	0	0	0.0046893
2.86	0.36931	0.68702	0.19775	0	0	0	0	0	0.0047316
2.865	0.36865	0.68915	0.19796	0	0	0	0	0	0.0048015
2.87	0.36796	0.69124	0.19815	0	0	0	0	0	0.004936
2.875	0.36716	0.69327	0.19831	0	0	0	0	0	0.005018
2.88	0.36643	0.69524	0.19847	0	0	0	0	0	0.004914
2.885	0.3658	0.69719	0.19866	0	0	0	0	0	0.0047048
2.89	0.36513	0.69905	0.19881	0	0	0	0	0	0.0045576
2.895	0.36443	0.70085	0.19892	0	0	0	0	0	0.0044902
2.9	0.36377	0.70259	0.19904	0	0	0	0	0	0.0044336
2.905	0.36315	0.70429	0.19916	0	0	0	0	0	0.0043694
2.91	0.36247	0.70592	0.19923	0	0	0	0	0	0.0042776
2.915	0.36183	0.70749	0.1993	0	0	0	0	0	0.0041298
2.92	0.36126	0.70903	0.19941	0	0	0	0	0	0.0039834
2.925	0.36066	0.71051	0.19948	0	0	0	0	0	0.0039201
2.93	0.36001	0.71194	0.19954	0	0	0	0	0	0.0039164
2.935	0.35946	0.71332	0.19962	0	0	0	0	0	0.00392
2.94	0.35885	0.71464	0.19968	0	0	0	0	0	0.0039082
2.945	0.35824	0.71593	0.19972	0	0	0	0	0	0.0038243
2.95	0.35767	0.71717	0.19977	0	0	0	0	0	0.0036122
2.955	0.35716	0.71834	0.19983	0	0	0	0	0	0.0033182
2.96	0.35665	0.71947	0.19988	0	0	0	0	0	0.0030092
2.965	0.35614	0.72055	0.19992	0	0	0	0	0	0.0026899
2.97	0.35575	0.72157	0.2	0	0	0	0	0	0.0023827
2.975	0.35532	0.72253	0.20005	0	0	0	0	0	0.0021195
2.98	0.3549	0.72343	0.20008	0	0	0	0	0	0.0018691
2.985	0.35459	0.72428	0.20016	0	0	0	0	0	0.0015984
2.99	0.35426	0.72505	0.2002	0	0	0	0	0	0.0013074
2.995	0.35392	0.72577	0.20023	0	0	0	0	0	0.00098084
3	0.35372	0.72643	0.2003	0	0	0	0	0	0.00064734
3.005	0.3535	0.72703	0.20036	0	0	0	0	0	0.00039248
3.01	0.35327	0.72758	0.2004	0	0	0	0	0	0.00023259
3.015	0.3531	0.72809	0.20047	0	0	0	0	0	0.00013046
3.02	0.35294	0.72853	0.20054	0	0	0	0	0	9.1992e-005
3.025	0.35273	0.72894	0.20061	0	0	0	0	0	9.7506e-005
3.03	0.35253	0.72934	0.20067	0	0	0	0	0	7.2839e-005
3.035	0.35239	0.72968	0.20077	0	0	0	0	0	3.8282e-005
3.04	0.35226	0.73001	0.20089	0	0	0	0	0	0.00012593
3.045	0.35207	0.7303	0.20101	0	0	0	0	0	0.00036434
3.05	0.35183	0.73057	0.20112	0	0	0	0	0	0.00058988
3.055	0.35161	0.73081	0.20127	0	0	0	0	0	0.00065299
3.06	0.35144	0.73103	0.20146	0	0	0	0	0	0.00060556
3.065	0.35129	0.73122	0.20165	0	0	0	0	0	0.000594
3.07	0.35108	0.73139	0.20183	0	0	0	0	0	0.00063395
3.075	0.35088	0.73154	0.20202	0	0	0	0	0	0.00062137
3.08	0.35073	0.73167	0.20222	0	0	0	0	0	0.00055025
3.085	0.35062	0.7318	0.20244	0	0	0	0	0	0.00056389
3.09	0.35046	0.73192	0.20264	0	0	0	0	0	0.00074814
3.095	0.35025	0.73203	0.20282	0	0	0	0	0	0.00099902
3.1	0.35005	0.73213	0.20299	0	0	0	0	0	0.0011635
3.105	0.34986	0.73223	0.20317	0	0	0	0	0	0.0012388
3.11	0.34968	0.73233	0.20337	0	0	0	0	0	0.0013675
3.115	0.34948	0.73242	0.20355	0	0	0	0	0	0.0016516
3.12	0.3492	0.73252	0.20371	0	0	0	0	0	0.0020117
3.125	0.3489	0.73261	0.20386	0	0	0	0	0	0.0022616
3.13	0.34861	0.73272	0.204	0	0	0	0	0	0.0023072
3.135	0.34834	0.73283	0.20414	0	0	0	0	0	0.0022335
3.14	0.34809	0.73295	0.20428	0	0	0	0	0	0.0022075
3.145	0.3478	0.73307	0.20441	0	0	0	0	0	0.0023339
3.15	0.3475	0.73319	0.20453	0	0	0	0	0	0.0025997
3.155	0.34715	0.73332	0.20463	0	0	0	0	0	0.0029072
3.16	0.34679	0.73344	0.20472	0	0	0	0	0	0.0031518
3.165	0.34644	0.73357	0.2048	0	0	0	0	0	0.0032909
3.17	0.34607	0.7337	0.20488	0	0	0	0	0	0.0033418
3.175	0.34571	0.73382	0.20496	0	0	0	0	0	0.0033295
3.18	0.34534	0.73393	0.20505	0	0	0	0	0	0.0032715
3.185	0.34501	0.73404	0.20515	0	0	0	0	0	0.0031911
3.19	0.34467	0.73414	0.20523	0	0	0	0	0	0.0031064
3.195	0.34435	0.73424	0.20531	0	0	0	0	0	0.0030237
3.2	0.34404	0.73434	0.2054	0	0	0	0	0	0.0029565
3.205	0.34374	0.73443	0.20546	0	0	0	0	0	0.0029262
3.21	0.34344	0.73451	0.20551	0	0	0	0	0	0.0029356
3.215	0.34314	0.73458	0.20556	0	0	0	0	0	0.0029613
3.22	0.34284	0.73465	0.20559	0	0	0	0	0	0.0029728
3.225	0.34254	0.7347	0.20563	0	0	0	0	0	0.0029525
3.23	0.34227	0.73476	0.20567	0	0	0	0	0	0.0029022
3.235	0.34199	0.73481	0.2057	0	0	0	0	0	0.0028203
3.24	0.34172	0.73485	0.20573	0	0	0	0	0	0.0026842
3.245	0.34148	0.73489	0.20575	0	0	0	0	0	0.0024803
3.25	0.34127	0.73493	0.20576	0	0	0	0	0	0.0022332
3.255	0.3411	0.73497	0.20577	0	0	0	0	0	0.0019812
3.26	0.34093	0.735	0.20576	0	0	0	0	0	0.0017326
3.265	0.3408	0.735	0.20576	0	0	0	0	0	0.0014621
3.27	0.34068	0.73499	0.20575	0	0	0	0	0	0.0011628
3.275	0.34064	0.73496	0.20574	0	0	0	0	0	0.00089504
3.28	0.3406	0.73493	0.20572	0	0	0	0	0	0.00074004
3.285	0.34055	0.73493	0.2057	0	0	0	0	0	0.00069876
3.29	0.3405	0.73495	0.20566	0	0	0	0	0	0.000688
3.295	0.34046	0.73497	0.20562	0	0	0	0	0	0.00062659
3.3	0.34043	0.73498	0.20557	0	0	0	0	0	0.00047963
3.305	0.34042	0.73499	0.20552	0	0	0	0	0	0.00025902
3.31	0.34042	0.73499	0.20548	0	0	0	0	0	4.4423e-005
3.315	0.34055	0.73491	0.20544	0	0	0	0	0	-6.0914e-005
3.32	0.34049	0.73497	0.20537	0	0	0	0	0	-8.2918e-005
3.325	0.34054	0.73496	0.20531	0	0	0	0	0	-0.00017292
3.33	0.3406	0.73495	0.20525	0	0	0	0	0	-0.00040944
3.335	0.34069	0.73493	0.20519	0	0	0	0	0	-0.0007485
3.34	0.34082	0.73491	0.20513	0	0	0	0	0	-0.0011159
3.345	0.341	0.73489	0.20507	0	0	0	0	0	-0.0014466
3.35	0.34117	0.73485	0.205	0	0	0	0	0	-0.0017103
3.355	0.34138	0.73481	0.20493	0	0	0	0	0	-0.0019269
3.36	0.34159	0.73477	0.20486	0	0	0	0	0	-0.0021375
3.365	0.34181	0.73473	0.20478	0	0	0	0	0	-0.0023695
3.37	0.34207	0.73469	0.20472	0	0	0	0	0	-0.0026042
3.375	0.34235	0.73464	0.20466	0	0	0	0	0	-0.0027797
3.38	0.34262	0.73458	0.20461	0	0	0	0	0	-0.0028453
3.385	0.34289	0.73452	0.20456	0	0	0	0	0	-0.0027984
3.39	0.34313	0.73448	0.20453	0	0	0	0	0	-0.0026847
3.395	0.34335	0.73445	0.2045	0	0	0	0	0	-0.0025811
3.4	0.34357	0.73441	0.20449	0	0	0	0	0	-0.0025383
3.405	0.3438	0.73439	0.20448	0	0	0	0	0	-0.0025327
3.41	0.34401	0.73437	0.20448	0	0	0	0	0	-0.0024854
3.415	0.34419	0.73436	0.20449	0	0	0	0	0	-0.0022871
3.42	0.34434	0.73436	0.2045	0	0	0	0	0	-0.0017857
3.425	0.34448	0.73437	0.20452	0	0	0	0	0	-0.00085776
3.43	0.34466	0.73439	0.20458	0	0	0	0	0	0.0001947
3.435	0.34397	0.73424	0.2041	0	0	0	0	0	0.0004118
3.44	0.34416	0.73426	0.20419	0	0	0	0	0	-0.00088374
3.445	0.34431	0.73428	0.20428	0	0	0	0	0	-0.0029661
3.45	0.34519	0.73446	0.20484	0	0	0	0	0	-0.004315
3.455	0.34538	0.73449	0.20495	0	0	0	0	0	-0.0042448
3.46	0.34556	0.73451	0.20505	0	0	0	0	0	-0.0033746
3.465	0.34576	0.73454	0.20515	0	0	0	0	0	-0.0025771
3.47	0.34594	0.73456	0.20525	0	0	0	0	0	-0.0021286
3.475	0.34611	0.73458	0.20534	0	0	0	0	0	-0.0019079
3.48	0.34625	0.7346	0.20541	0	0	0	0	0	-0.0017885
3.485	0.34639	0.73462	0.20548	0	0	0	0	0	-0.0017235
3.49	0.34653	0.73464	0.20555	0	0	0	0	0	-0.0017028
3.495	0.34668	0.73465	0.20564	0	0	0	0	0	-0.0017203
3.5	0.34681	0.73465	0.20572	0	0	0	0	0	-0.0017644
3.505	0.34698	0.73466	0.20582	0	0	0	0	0	-0.0018135
3.51	0.34709	0.73467	0.20591	0	0	0	0	0	-0.0018493
3.515	0.34725	0.73469	0.20603	0	0	0	0	0	-0.0018577
3.52	0.3474	0.73469	0.20614	0	0	0	0	0	-0.0018095
3.525	0.34755	0.7347	0.20626	0	0	0	0	0	-0.0016887
3.53	0.34765	0.7347	0.20636	0	0	0	0	0	-0.0015381
3.535	0.34777	0.7347	0.20645	0	0	0	0	0	-0.0014449
3.54	0.34786	0.7347	0.20653	0	0	0	0	0	-0.0014844
3.545	0.34799	0.73469	0.20662	0	0	0	0	0	-0.0016712
3.55	0.34815	0.7347	0.20671	0	0	0	0	0	-0.0019518
3.555	0.34832	0.7347	0.20679	0	0	0	0	0	-0.002242
3.56	0.34851	0.7347	0.20688	0	0	0	0	0	-0.0024555
3.565	0.34875	0.73471	0.20698	0	0	0	0	0	-0.0025119
3.57	0.34892	0.73471	0.20707	0	0	0	0	0	-0.002389
3.575	0.34909	0.73471	0.20715	0	0	0	0	0	-0.0021581
3.58	0.34925	0.73472	0.20722	0	0	0	0	0	-0.0019233
3.585	0.34937	0.73472	0.20729	0	0	0	0	0	-0.0017584
3.59	0.3495	0.73473	0.20737	0	0	0	0	0	-0.0016956
3.595	0.34961	0.73473	0.20744	0	0	0	0	0	-0.0017198
3.6	0.34976	0.73475	0.20755	0	0	0	0	0	-0.00177
3.605	0.34988	0.73476	0.20765	0	0	0	0	0	-0.0017795
3.61	0.35001	0.73478	0.20776	0	0	0	0	0	-0.0017293
3.615	0.3501	0.7348	0.20785	0	0	0	0	0	-0.0016495
3.62	0.35021	0.73482	0.20793	0	0	0	0	0	-0.0015761
3.625	0.35032	0.73484	0.20801	0	0	0	0	0	-0.0015208
3.63	0.35043	0.73486	0.20808	0	0	0	0	0	-0.0014869
3.635	0.35053	0.73488	0.20813	0	0	0	0	0	-0.0014974
3.64	0.35062	0.7349	0.20818	0	0	0	0	0	-0.0015756
3.645	0.35077	0.73493	0.20825	0	0	0	0	0	-0.0016839
3.65	0.35093	0.73496	0.20831	0	0	0	0	0	-0.0017365
3.655	0.35105	0.73498	0.20836	0	0	0	0	0	-0.0017067
3.66	0.35115	0.735	0.20841	0	0	0	0	0	-0.0016537
3.665	0.35128	0.73503	0.20847	0	0	0	0	0	-0.0016235
3.67	0.3514	0.73506	0.20853	0	0	0	0	0	-0.0016017
3.675	0.3515	0.73508	0.2086	0	0	0	0	0	-0.0015566
3.68	0.35163	0.73512	0.20867	0	0	0	0	0	-0.0014625
3.685	0.35173	0.73514	0.20873	0	0	0	0	0	-0.0013171
3.69	0.3518	0.73516	0.20879	0	0	0	0	0	-0.0011768
3.695	0.35186	0.73517	0.20883	0	0	0	0	0	-0.0011199
3.7	0.35195	0.73518	0.20888	0	0	0	0	0	-0.001152
3.705	0.35207	0.7352	0.20894	0	0	0	0	0	-0.0012097
3.71	0.35214	0.7352	0.20898	0	0	0	0	0	-0.00126
3.715	0.35224	0.7352	0.20902	0	0	0	0	0	-0.0013164
3.72	0.35234	0.7352	0.20906	0	0	0	0	0	-0.0013392
3.725	0.35243	0.7352	0.20909	0	0	0	0	0	-0.0011786
3.73	0.35258	0.73521	0.20915	0	0	0	0	0	-0.00068054
3.735	0.35273	0.73522	0.20921	0	0	0	0	0	-6.8812e-005
3.74	0.35212	0.73504	0.20878	0	0	0	0	0	-5.3973e-005
3.745	0.35225	0.73505	0.20883	0	0	0	0	0	-0.00077241
3.75	0.35312	0.73523	0.20936	0	0	0	0	0	-0.0012348
3.755	0.35252	0.73506	0.20894	0	0	0	0	0	-0.00095598
3.76	0.35265	0.73506	0.20898	0	0	0	0	0	-0.0006844
3.765	0.35276	0.73507	0.20903	0	0	0	0	0	-0.00087938
3.77	0.35287	0.73508	0.20908	0	0	0	0	0	-0.0012194
3.775	0.35298	0.73508	0.20913	0	0	0	0	0	-0.0014257
3.78	0.35309	0.73508	0.20917	0	0	0	0	0	-0.0014854
3.785	0.35321	0.73509	0.20922	0	0	0	0	0	-0.0014527
3.79	0.3533	0.73509	0.20925	0	0	0	0	0	-0.0013774
3.795	0.35342	0.7351	0.20929	0	0	0	0	0	-0.0013073
3.8	0.35354	0.7351	0.20933	0	0	0	0	0	-0.0013341
3.805	0.35365	0.7351	0.20935	0	0	0	0	0	-0.0016407
3.81	0.35377	0.73511	0.20939	0	0	0	0	0	-0.0024001
3.815	0.35391	0.73511	0.20943	0	0	0	0	0	-0.0034001
3.82	0.35475	0.73529	0.20993	0	0	0	0	0	-0.0039079
3.825	0.35488	0.7353	0.20998	0	0	0	0	0	-0.003464
3.83	0.35503	0.73531	0.21002	0	0	0	0	0	-0.0025423
3.835	0.35516	0.73532	0.21006	0	0	0	0	0	-0.001871
3.84	0.3553	0.73532	0.21011	0	0	0	0	0	-0.0016619
3.845	0.35547	0.73533	0.21016	0	0	0	0	0	-0.0017509
3.85	0.35562	0.73534	0.2102	0	0	0	0	0	-0.0019424
3.855	0.35581	0.73535	0.21024	0	0	0	0	0	-0.0021045
3.86	0.35601	0.73537	0.21029	0	0	0	0	0	-0.0021656
3.865	0.35618	0.73538	0.21032	0	0	0	0	0	-0.0021272
3.87	0.35634	0.73539	0.21035	0	0	0	0	0	-0.0020443
3.875	0.35653	0.73541	0.21037	0	0	0	0	0	-0.0019542
3.88	0.35668	0.73542	0.21039	0	0	0	0	0	-0.0018643
3.885	0.35682	0.73542	0.2104	0	0	0	0	0	-0.0017831
3.89	0.35697	0.73542	0.21041	0	0	0	0	0	-0.001707
3.895	0.35711	0.73543	0.21041	0	0	0	0	0	-0.0016212
3.9	0.35723	0.73542	0.21041	0	0	0	0	0	-0.0015349
3.905	0.35735	0.73542	0.21042	0	0	0	0	0	-0.0014716
3.91	0.35746	0.73541	0.21041	0	0	0	0	0	-0.0014342
3.915	0.35758	0.73541	0.21041	0	0	0	0	0	-0.0014071
3.92	0.3577	0.7354	0.2104	0	0	0	0	0	-0.0013824
3.925	0.35779	0.73539	0.21039	0	0	0	0	0	-0.0013724
3.93	0.35792	0.73538	0.21038	0	0	0	0	0	-0.0013848
3.935	0.35804	0.73538	0.21035	0	0	0	0	0	-0.0013999
3.94	0.35815	0.73537	0.21033	0	0	0	0	0	-0.0013982
3.945	0.35827	0.73536	0.21032	0	0	0	0	0	-0.0013846
3.95	0.35838	0.73536	0.21029	0	0	0	0	0	-0.0013758
3.955	0.35849	0.73536	0.21027	0	0	0	0	0	-0.0013763
3.96	0.35862	0.73537	0.21025	0	0	0	0	0	-0.0013721
3.965	0.35872	0.73537	0.21022	0	0	0	0	0	-0.0013574
3.97	0.35884	0.73538	0.2102	0	0	0	0	0	-0.001342
3.975	0.35895	0.73539	0.21017	0	0	0	0	0	-0.0013225
3.98	0.35906	0.7354	0.21015	0	0	0	0	0	-0.0012851
3.985	0.35915	0.7354	0.21011	0	0	0	0	0	-0.0012315
3.99	0.35926	0.73542	0.21007	0	0	0	0	0	-0.0011763
3.995	0.35935	0.73542	0.21003	0	0	0	0	0	-0.0011309
4	0.35944	0.73543	0.20999	0	0	0	0	0	-0.0011027
4.005	0.35952	0.73543	0.20994	0	0	0	0	0	-0.001096
4.01	0.35962	0.73544	0.20989	0	0	0	0	0	-0.0011067
4.015	0.35971	0.73543	0.20983	0	0	0	0	0	-0.001125
4.02	0.35981	0.73543	0.20977	0	0	0	0	0	-0.0011391
4.025	0.35991	0.73542	0.2097	0	0	0	0	0	-0.0011441
4.03	0.36001	0.73542	0.20963	0	0	0	0	0	-0.0011599
4.035	0.3601	0.73541	0.20956	0	0	0	0	0	-0.0012193
4.04	0.36022	0.7354	0.20948	0	0	0	0	0	-0.0013268
4.045	0.36035	0.73539	0.20941	0	0	0	0	0	-0.0014528
4.05	0.36049	0.73538	0.20934	0	0	0	0	0	-0.0015725
4.055	0.36064	0.73537	0.20926	0	0	0	0	0	-0.0016908
4.06	0.36079	0.73537	0.20919	0	0	0	0	0	-0.0018236
4.065	0.36096	0.73536	0.20912	0	0	0	0	0	-0.0019751
4.07	0.36114	0.73536	0.20905	0	0	0	0	0	-0.0021318
4.075	0.36135	0.73536	0.20899	0	0	0	0	0	-0.0022626
4.08	0.36156	0.73536	0.20892	0	0	0	0	0	-0.0023343
4.085	0.36177	0.73536	0.20885	0	0	0	0	0	-0.0023427
4.09	0.36196	0.73535	0.20879	0	0	0	0	0	-0.0023141
4.095	0.36216	0.73535	0.20871	0	0	0	0	0	-0.0022687
4.1	0.36236	0.73535	0.20865	0	0	0	0	0	-0.0021967
4.105	0.36254	0.73534	0.20857	0	0	0	0	0	-0.0020869
4.11	0.3627	0.73534	0.20849	0	0	0	0	0	-0.0019562
4.115	0.36286	0.73534	0.20841	0	0	0	0	0	-0.0018292
4.12	0.36301	0.73534	0.20832	0	0	0	0	0	-0.0017086
4.125	0.36315	0.73534	0.20824	0	0	0	0	0	-0.0015851
4.13	0.36327	0.73533	0.20816	0	0	0	0	0	-0.0014607
4.135	0.36338	0.73532	0.20808	0	0	0	0	0	-0.0013585
4.14	0.36348	0.73532	0.208	0	0	0	0	0	-0.0013039
4.145	0.36359	0.73532	0.20792	0	0	0	0	0	-0.0012953
4.15	0.3637	0.73532	0.20785	0	0	0	0	0	-0.0013029
4.155	0.3638	0.73532	0.20778	0	0	0	0	0	-0.0012964
4.16	0.36392	0.73533	0.20771	0	0	0	0	0	-0.0012623
4.165	0.364	0.73533	0.20764	0	0	0	0	0	-0.0012048
4.17	0.3641	0.73534	0.20757	0	0	0	0	0	-0.0011314
4.175	0.36418	0.73534	0.20751	0	0	0	0	0	-0.0010381
4.18	0.36425	0.73535	0.20745	0	0	0	0	0	-0.00091662
4.185	0.36432	0.73535	0.20739	0	0	0	0	0	-0.00077034
4.19	0.36436	0.73536	0.20734	0	0	0	0	0	-0.00061666
4.195	0.36439	0.73536	0.20729	0	0	0	0	0	-0.00047849
4.2	0.36441	0.73537	0.20724	0	0	0	0	0	-0.00036584
4.205	0.36445	0.73537	0.20719	0	0	0	0	0	-0.00026664
4.21	0.36445	0.73537	0.20714	0	0	0	0	0	-0.00017095
4.215	0.36446	0.73537	0.2071	0	0	0	0	0	-8.8794e-005
4.22	0.36445	0.73537	0.20704	0	0	0	0	0	-3.0654e-005
4.225	0.36446	0.73537	0.20699	0	0	0	0	0	7.4959e-006
4.23	0.36446	0.73537	0.20695	0	0	0	0	0	3.2068e-005
4.235	0.36445	0.73536	0.2069	0	0	0	0	0	3.9132e-005
4.24	0.36445	0.73536	0.20685	0	0	0	0	0	2.0908e-005
4.245	0.36445	0.73535	0.20681	0	0	0	0	0	-2.3108e-005
4.25	0.36446	0.73534	0.20676	0	0	0	0	0	-8.113e-005
4.255	0.36448	0.73534	0.20672	0	0	0	0	0	-0.00013225
4.26	0.36449	0.73533	0.20667	0	0	0	0	0	-0.00017163
4.265	0.36451	0.73531	0.20663	0	0	0	0	0	-0.00022131
4.27	0.36454	0.73529	0.20659	0	0	0	0	0	-0.00030029
4.275	0.36457	0.73527	0.20655	0	0	0	0	0	-0.00040204
4.28	0.36463	0.73526	0.20651	0	0	0	0	0	-0.00049981
4.285	0.36468	0.73523	0.20647	0	0	0	0	0	-0.00056782
4.29	0.36474	0.73521	0.20644	0	0	0	0	0	-0.00060725
4.295	0.3648	0.73519	0.2064	0	0	0	0	0	-0.00065174
4.3	0.36486	0.73518	0.20636	0	0	0	0	0	-0.00073571
4.305	0.36495	0.73517	0.20632	0	0	0	0	0	-0.00085357
4.31	0.36504	0.73516	0.20628	0	0	0	0	0	-0.00096414
4.315	0.36514	0.73515	0.20623	0	0	0	0	0	-0.0010358
4.32	0.36525	0.73514	0.20618	0	0	0	0	0	-0.0010769
4.325	0.36535	0.73513	0.20612	0	0	0	0	0	-0.0011261
4.33	0.36546	0.73511	0.20607	0	0	0	0	0	-0.0012116
4.335	0.3656	0.73509	0.206	0	0	0	0	0	-0.0013152
4.34	0.36573	0.73507	0.20593	0	0	0	0	0	-0.0013925
4.345	0.36587	0.73506	0.20586	0	0	0	0	0	-0.0014226
4.35	0.36601	0.73503	0.20578	0	0	0	0	0	-0.0014204
4.355	0.36614	0.735	0.2057	0	0	0	0	0	-0.0014137
4.36	0.36627	0.73497	0.20561	0	0	0	0	0	-0.0014248
4.365	0.36641	0.73494	0.20553	0	0	0	0	0	-0.0014677
4.37	0.36654	0.73492	0.20544	0	0	0	0	0	-0.0015478
4.375	0.3667	0.73489	0.20535	0	0	0	0	0	-0.0016607
4.38	0.36685	0.73487	0.20526	0	0	0	0	0	-0.0017996
4.385	0.36702	0.73486	0.20518	0	0	0	0	0	-0.0019612
4.39	0.3672	0.73484	0.20509	0	0	0	0	0	-0.0021408
4.395	0.36739	0.73483	0.20501	0	0	0	0	0	-0.0023325
4.4	0.3676	0.73483	0.20491	0	0	0	0	0	-0.0025261
4.405	0.36784	0.73483	0.20481	0	0	0	0	0	-0.0026901
4.41	0.36809	0.73483	0.2047	0	0	0	0	0	-0.0027902
4.415	0.36833	0.73483	0.20458	0	0	0	0	0	-0.0028377
4.42	0.36858	0.73482	0.20444	0	0	0	0	0	-0.0028887
4.425	0.36884	0.73482	0.2043	0	0	0	0	0	-0.0029994
4.43	0.36913	0.73482	0.20414	0	0	0	0	0	-0.0031958
4.435	0.36943	0.73481	0.20399	0	0	0	0	0	-0.0034584
4.44	0.36976	0.7348	0.20384	0	0	0	0	0	-0.003716
4.445	0.3701	0.73479	0.2037	0	0	0	0	0	-0.0038624
4.45	0.37047	0.73478	0.20353	0	0	0	0	0	-0.0038136
4.455	0.37078	0.73476	0.20335	0	0	0	0	0	-0.0035905
4.46	0.37107	0.73474	0.20315	0	0	0	0	0	-0.0033464
4.465	0.37133	0.7347	0.20293	0	0	0	0	0	-0.0032724
4.47	0.37163	0.73467	0.20268	0	0	0	0	0	-0.0034508
4.475	0.37196	0.73463	0.20243	0	0	0	0	0	-0.0037808
4.48	0.37236	0.7346	0.20219	0	0	0	0	0	-0.0040558
4.485	0.37273	0.73456	0.20193	0	0	0	0	0	-0.0041445
4.49	0.37309	0.73453	0.20163	0	0	0	0	0	-0.0040922
4.495	0.37343	0.73448	0.20131	0	0	0	0	0	-0.0040219
4.5	0.37378	0.73443	0.20099	0	0	0	0	0	-0.0039808
4.505	0.37414	0.73437	0.20066	0	0	0	0	0	-0.0039326
4.51	0.37446	0.73432	0.20032	0	0	0	0	0	-0.0038638
4.515	0.3748	0.73428	0.19997	0	0	0	0	0	-0.0038032
4.52	0.37514	0.73424	0.19965	0	0	0	0	0	-0.0037352
4.525	0.37549	0.7342	0.19933	0	0	0	0	0	-0.0036138
4.53	0.37574	0.73416	0.19897	0	0	0	0	0	-0.0034706
4.535	0.37601	0.73414	0.19863	0	0	0	0	0	-0.0033543
4.54	0.37636	0.73413	0.19833	0	0	0	0	0	-0.0031708
4.545	0.37662	0.73412	0.19801	0	0	0	0	0	-0.0028084
4.55	0.37676	0.73411	0.19766	0	0	0	0	0	-0.0023697
4.555	0.37695	0.7341	0.19731	0	0	0	0	0	-0.0020449
4.56	0.37713	0.73408	0.19697	0	0	0	0	0	-0.0018911
4.565	0.37724	0.73407	0.19662	0	0	0	0	0	-0.0018599
4.57	0.37744	0.73407	0.19629	0	0	0	0	0	-0.00183
4.575	0.37765	0.73407	0.19598	0	0	0	0	0	-0.001634
4.58	0.37771	0.73405	0.19561	0	0	0	0	0	-0.001255
4.585	0.37777	0.73404	0.19526	0	0	0	0	0	-0.00084733
4.59	0.37786	0.73402	0.19494	0	0	0	0	0	-0.00051089
4.595	0.37785	0.73401	0.1946	0	0	0	0	0	-0.00024623
4.6	0.37786	0.73399	0.19428	0	0	0	0	0	-3.4217e-005
4.605	0.37789	0.73398	0.19398	0	0	0	0	0	0.00017009
4.61	0.37783	0.73396	0.19364	0	0	0	0	0	0.00038221
4.615	0.37778	0.73394	0.19331	0	0	0	0	0	0.00055774
4.62	0.37776	0.73392	0.19302	0	0	0	0	0	0.00068581
4.625	0.37767	0.73389	0.19271	0	0	0	0	0	0.00078831
4.63	0.37759	0.73387	0.19241	0	0	0	0	0	0.00088726
4.635	0.37758	0.73386	0.19213	0	0	0	0	0	0.0010463
4.64	0.37745	0.73383	0.19183	0	0	0	0	0	0.0012805
4.645	0.37729	0.7338	0.19151	0	0	0	0	0	0.0014786
4.65	0.3772	0.73377	0.19124	0	0	0	0	0	0.0015637
4.655	0.37707	0.73375	0.19096	0	0	0	0	0	0.0015743
4.66	0.37692	0.73373	0.19067	0	0	0	0	0	0.0015613
4.665	0.37684	0.73372	0.1904	0	0	0	0	0	0.0015947
4.67	0.37673	0.7337	0.19014	0	0	0	0	0	0.0017588
4.675	0.37652	0.73368	0.18985	0	0	0	0	0	0.0020211
4.68	0.37635	0.73366	0.18959	0	0	0	0	0	0.0022691
4.685	0.37617	0.73364	0.18934	0	0	0	0	0	0.0024426
4.69	0.37592	0.73362	0.18906	0	0	0	0	0	0.0025047
4.695	0.37572	0.7336	0.18882	0	0	0	0	0	0.0024637
4.7	0.37558	0.73359	0.1886	0	0	0	0	0	0.0024594
4.705	0.37537	0.73358	0.18835	0	0	0	0	0	0.0026076
4.71	0.37511	0.73356	0.18809	0	0	0	0	0	0.0028397
4.715	0.37488	0.73354	0.18786	0	0	0	0	0	0.0030419
4.72	0.37464	0.73351	0.18762	0	0	0	0	0	0.0031766
4.725	0.37433	0.73349	0.18735	0	0	0	0	0	0.0032123
4.73	0.37408	0.73347	0.18712	0	0	0	0	0	0.0031597
4.735	0.37388	0.73345	0.18693	0	0	0	0	0	0.0031497
4.74	0.37361	0.73343	0.18672	0	0	0	0	0	0.003269
4.745	0.37329	0.73341	0.18648	0	0	0	0	0	0.0034269
4.75	0.37303	0.73338	0.18628	0	0	0	0	0	0.0035422
4.755	0.37278	0.73335	0.18609	0	0	0	0	0	0.0036716
4.76	0.37244	0.73333	0.18588	0	0	0	0	0	0.0038347
4.765	0.37208	0.7333	0.18567	0	0	0	0	0	0.003945
4.77	0.3718	0.73328	0.1855	0	0	0	0	0	0.0040049
4.775	0.3715	0.73326	0.18534	0	0	0	0	0	0.0041276
4.78	0.37112	0.73324	0.18516	0	0	0	0	0	0.0043144
4.785	0.37073	0.73322	0.18498	0	0	0	0	0	0.0044533
4.79	0.3704	0.73321	0.18483	0	0	0	0	0	0.0045479
4.795	0.37006	0.73319	0.18468	0	0	0	0	0	0.0047047
4.8	0.36963	0.73318	0.18451	0	0	0	0	0	0.0049026
4.805	0.36919	0.73317	0.18435	0	0	0	0	0	0.0050156
4.81	0.36881	0.73317	0.18422	0	0	0	0	0	0.0050572
4.815	0.36843	0.73316	0.1841	0	0	0	0	0	0.0051723
4.82	0.36798	0.73314	0.18396	0	0	0	0	0	0.0053683
4.825	0.36749	0.73313	0.1838	0	0	0	0	0	0.0054629
4.83	0.36706	0.73311	0.18368	0	0	0	0	0	0.0053613
4.835	0.36668	0.7331	0.18359	0	0	0	0	0	0.0052173
4.84	0.36628	0.73309	0.1835	0	0	0	0	0	0.0052213
4.845	0.36584	0.73307	0.1834	0	0	0	0	0	0.0053323
4.85	0.36537	0.73305	0.18328	0	0	0	0	0	0.0053313
4.855	0.36495	0.73303	0.1832	0	0	0	0	0	0.005118
4.86	0.3646	0.73302	0.18315	0	0	0	0	0	0.00486
4.865	0.36424	0.73301	0.1831	0	0	0	0	0	0.0048008
4.87	0.36384	0.733	0.18304	0	0	0	0	0	0.004986
4.875	0.36341	0.733	0.18297	0	0	0	0	0	0.0052311
4.88	0.36295	0.73299	0.18289	0	0	0	0	0	0.0053121
4.885	0.36254	0.73299	0.18284	0	0	0	0	0	0.0051601
4.89	0.36216	0.73299	0.18281	0	0	0	0	0	0.0048994
4.895	0.36179	0.73298	0.18279	0	0	0	0	0	0.0047147
4.9	0.36141	0.73298	0.18277	0	0	0	0	0	0.0046925
4.905	0.36102	0.73298	0.18276	0	0	0	0	0	0.0047931
4.91	0.36062	0.73298	0.18275	0	0	0	0	0	0.0049283
4.915	0.36021	0.73297	0.18275	0	0	0	0	0	0.0050283
4.92	0.3598	0.73296	0.18275	0	0	0	0	0	0.0050521
4.925	0.35938	0.73294	0.18277	0	0	0	0	0	0.0049763
4.93	0.35899	0.73293	0.18279	0	0	0	0	0	0.0048033
4.935	0.35862	0.73291	0.18283	0	0	0	0	0	0.0045772
4.94	0.35828	0.73291	0.18288	0	0	0	0	0	0.0043656
4.945	0.35794	0.7329	0.18294	0	0	0	0	0	0.0042155
4.95	0.3576	0.7329	0.183	0	0	0	0	0	0.0041333
4.955	0.35727	0.7329	0.18308	0	0	0	0	0	0.0041004
4.96	0.35694	0.73291	0.18316	0	0	0	0	0	0.0040916
4.965	0.3566	0.73292	0.18325	0	0	0	0	0	0.0040842
4.97	0.35628	0.73293	0.18335	0	0	0	0	0	0.0040713
4.975	0.35595	0.73294	0.18345	0	0	0	0	0	0.0040663
4.98	0.35562	0.73295	0.18355	0	0	0	0	0	0.0040872
4.985	0.35529	0.73296	0.18365	0	0	0	0	0	0.0041411
4.99	0.35495	0.73296	0.18375	0	0	0	0	0	0.0042243
4.995	0.3546	0.73296	0.18386	0	0	0	0	0	0.0043257
