0.005	-0.48505	0.039289	-0.20465	0	0	0	0	0	1.3617e-005
0.01	-0.48504	0.039295	-0.20466	0	0	0	0	0	9.0771e-006
0.015	-0.485	0.039301	-0.20466	0	0	0	0	0	3.4605e-006
0.02	-0.48502	0.03929	-0.20465	0	0	0	0	0	-1.2102e-006
0.025	-0.48504	0.039286	-0.20464	0	0	0	0	0	-1.9719e-006
0.03	-0.48502	0.039291	-0.20464	0	0	0	0	0	5.2568e-007
0.035	-0.485	0.039297	-0.20465	0	0	0	0	0	2.6785e-006
0.04	-0.485	0.039299	-0.20465	0	0	0	0	0	2.3514e-006
0.045	-0.48499	0.039301	-0.20465	0	0	0	0	0	1.7171e-007
0.05	-0.48499	0.039298	-0.20465	0	0	0	0	0	-2.4065e-006
0.055	-0.48498	0.039299	-0.20465	0	0	0	0	0	-4.4712e-006
0.06	-0.48498	0.039301	-0.20464	0	0	0	0	0	-5.34e-006
0.065	-0.485	0.039295	-0.20462	0	0	0	0	0	-4.3085e-006
0.07	-0.48499	0.039302	-0.20462	0	0	0	0	0	-2.0564e-006
0.075	-0.48498	0.039306	-0.20462	0	0	0	0	0	-7.5856e-007
0.08	-0.48498	0.039307	-0.20461	0	0	0	0	0	-1.2256e-006
0.085	-0.48498	0.039313	-0.2046	0	0	0	0	0	-2.3162e-006
0.09	-0.48498	0.039314	-0.2046	0	0	0	0	0	-3.0732e-006
0.095	-0.485	0.039315	-0.20458	0	0	0	0	0	-2.5692e-006
0.1	-0.48501	0.03931	-0.20457	0	0	0	0	0	1.2371e-007
0.105	-0.48498	0.039314	-0.20458	0	0	0	0	0	3.5135e-006
0.11	-0.48498	0.03932	-0.20458	0	0	0	0	0	4.5182e-006
0.115	-0.48497	0.039322	-0.20459	0	0	0	0	0	2.326e-006
0.12	-0.48497	0.039322	-0.20459	0	0	0	0	0	-9.6563e-007
0.125	-0.48498	0.039317	-0.20458	0	0	0	0	0	-2.3445e-006
0.13	-0.48498	0.039315	-0.20457	0	0	0	0	0	-2.3356e-007
0.135	-0.48498	0.039313	-0.20457	0	0	0	0	0	3.5256e-006
0.14	-0.48495	0.03932	-0.20459	0	0	0	0	0	4.9948e-006
0.145	-0.48496	0.039325	-0.20458	0	0	0	0	0	2.6237e-006
0.15	-0.48498	0.039325	-0.20457	0	0	0	0	0	-6.3605e-007
0.155	-0.48499	0.039322	-0.20457	0	0	0	0	0	-1.0476e-006
0.16	-0.48498	0.039325	-0.20457	0	0	0	0	0	9.9215e-007
0.165	-0.48496	0.03933	-0.20458	0	0	0	0	0	1.6385e-006
0.17	-0.48497	0.039327	-0.20457	0	0	0	0	0	-8.6678e-007
0.175	-0.48501	0.039323	-0.20456	0	0	0	0	0	-3.416e-006
0.18	-0.48502	0.039319	-0.20455	0	0	0	0	0	-2.1091e-006
0.185	-0.48501	0.039316	-0.20456	0	0	0	0	0	2.4468e-006
0.19	-0.48499	0.039335	-0.20457	0	0	0	0	0	5.9944e-006
0.195	-0.485	0.039344	-0.20456	0	0	0	0	0	6.157e-006
0.2	-0.48502	0.039342	-0.20455	0	0	0	0	0	4.6608e-006
0.205	-0.48502	0.03934	-0.20456	0	0	0	0	0	4.2325e-006
0.21	-0.48502	0.039343	-0.20456	0	0	0	0	0	5.8066e-006
0.215	-0.48503	0.039352	-0.20457	0	0	0	0	0	8.3129e-006
0.22	-0.48502	0.039361	-0.20457	0	0	0	0	0	9.6067e-006
0.225	-0.48502	0.039362	-0.20459	0	0	0	0	0	8.532e-006
0.23	-0.48503	0.039355	-0.20459	0	0	0	0	0	6.5309e-006
0.235	-0.48506	0.039347	-0.20458	0	0	0	0	0	5.8586e-006
0.24	-0.48507	0.039351	-0.20458	0	0	0	0	0	6.1639e-006
0.245	-0.48504	0.03936	-0.2046	0	0	0	0	0	4.9898e-006
0.25	-0.48506	0.039355	-0.20459	0	0	0	0	0	2.2693e-006
0.255	-0.4851	0.039345	-0.20458	0	0	0	0	0	1.0132e-006
0.26	-0.48508	0.039349	-0.2046	0	0	0	0	0	2.0549e-006
0.265	-0.48507	0.039354	-0.20461	0	0	0	0	0	2.4777e-006
0.27	-0.48508	0.039355	-0.2046	0	0	0	0	0	1.0451e-006
0.275	-0.48511	0.039349	-0.20458	0	0	0	0	0	1.9719e-007
0.28	-0.4851	0.039355	-0.20459	0	0	0	0	0	1.0105e-006
0.285	-0.48509	0.039356	-0.20459	0	0	0	0	0	1.5942e-006
0.29	-0.4851	0.039356	-0.20458	0	0	0	0	0	1.5762e-006
0.295	-0.48511	0.039357	-0.20458	0	0	0	0	0	2.7695e-006
0.3	-0.48512	0.039358	-0.20458	0	0	0	0	0	5.2516e-006
0.305	-0.4851	0.039359	-0.20458	0	0	0	0	0	6.9451e-006
0.31	-0.4851	0.039357	-0.20458	0	0	0	0	0	6.5922e-006
0.315	-0.48509	0.039362	-0.20459	0	0	0	0	0	4.8633e-006
0.32	-0.48509	0.039365	-0.20459	0	0	0	0	0	3.2517e-006
0.325	-0.48511	0.039363	-0.20458	0	0	0	0	0	2.7701e-006
0.33	-0.4851	0.039363	-0.20458	0	0	0	0	0	3.1947e-006
0.335	-0.48509	0.03936	-0.20459	0	0	0	0	0	3.7326e-006
0.34	-0.4851	0.039354	-0.20459	0	0	0	0	0	4.152e-006
0.345	-0.48509	0.039351	-0.2046	0	0	0	0	0	4.298e-006
0.35	-0.48507	0.039354	-0.20461	0	0	0	0	0	3.6516e-006
0.355	-0.48508	0.039348	-0.2046	0	0	0	0	0	2.5668e-006
0.36	-0.4851	0.039352	-0.20459	0	0	0	0	0	2.0534e-006
0.365	-0.48507	0.039359	-0.2046	0	0	0	0	0	1.9269e-006
0.37	-0.48509	0.039352	-0.20459	0	0	0	0	0	1.9368e-006
0.375	-0.4851	0.039353	-0.20458	0	0	0	0	0	3.0873e-006
0.38	-0.48507	0.039362	-0.20459	0	0	0	0	0	5.0337e-006
0.385	-0.48506	0.039356	-0.2046	0	0	0	0	0	5.453e-006
0.39	-0.48505	0.039353	-0.20459	0	0	0	0	0	3.3021e-006
0.395	-0.48505	0.039352	-0.20459	0	0	0	0	0	5.9305e-008
0.4	-0.48505	0.039352	-0.20459	0	0	0	0	0	-2.1443e-006
0.405	-0.48505	0.039353	-0.20459	0	0	0	0	0	-2.5632e-006
0.41	-0.48505	0.039353	-0.20458	0	0	0	0	0	-2.001e-006
0.415	-0.48505	0.039353	-0.20458	0	0	0	0	0	-1.4583e-006
0.42	-0.48504	0.039352	-0.20457	0	0	0	0	0	-1.1609e-006
0.425	-0.48506	0.039348	-0.20456	0	0	0	0	0	-5.6459e-007
0.43	-0.48505	0.039349	-0.20456	0	0	0	0	0	4.1896e-007
0.435	-0.48504	0.039354	-0.20456	0	0	0	0	0	6.4071e-007
0.44	-0.48504	0.039346	-0.20455	0	0	0	0	0	-4.8589e-007
0.445	-0.48504	0.039341	-0.20456	0	0	0	0	0	-1.809e-006
0.45	-0.48504	0.03934	-0.20456	0	0	0	0	0	-2.0936e-006
0.455	-0.48503	0.03934	-0.20456	0	0	0	0	0	-1.2095e-006
0.46	-0.48503	0.039344	-0.20456	0	0	0	0	0	3.5255e-007
0.465	-0.48503	0.039342	-0.20456	0	0	0	0	0	1.906e-006
0.47	-0.48502	0.039343	-0.20457	0	0	0	0	0	2.8899e-006
0.475	-0.48501	0.039345	-0.20458	0	0	0	0	0	3.2747e-006
0.48	-0.485	0.039345	-0.20459	0	0	0	0	0	3.3063e-006
0.485	-0.48501	0.039341	-0.20459	0	0	0	0	0	3.1699e-006
0.49	-0.485	0.039345	-0.20458	0	0	0	0	0	2.5435e-006
0.495	-0.48497	0.039351	-0.2046	0	0	0	0	0	3.744e-007
0.5	-0.48501	0.039335	-0.20459	0	0	0	0	0	-2.8649e-006
0.505	-0.48502	0.039329	-0.20458	0	0	0	0	0	-4.1727e-006
0.51	-0.48502	0.039327	-0.2046	0	0	0	0	0	-1.8271e-006
0.515	-0.48502	0.039329	-0.2046	0	0	0	0	0	2.3236e-006
0.52	-0.485	0.039337	-0.20461	0	0	0	0	0	5.4865e-006
0.525	-0.48501	0.039342	-0.20461	0	0	0	0	0	6.4659e-006
0.53	-0.485	0.039343	-0.20462	0	0	0	0	0	5.2029e-006
0.535	-0.485	0.039334	-0.20463	0	0	0	0	0	2.2156e-006
0.54	-0.48502	0.039322	-0.20463	0	0	0	0	0	-5.9387e-007
0.545	-0.48503	0.039319	-0.20462	0	0	0	0	0	-1.1127e-006
0.55	-0.48504	0.039314	-0.20462	0	0	0	0	0	5.3692e-007
0.555	-0.48504	0.039309	-0.20463	0	0	0	0	0	2.3489e-006
0.56	-0.48504	0.039314	-0.20464	0	0	0	0	0	2.8588e-006
0.565	-0.48505	0.039313	-0.20463	0	0	0	0	0	2.5422e-006
0.57	-0.48506	0.039311	-0.20464	0	0	0	0	0	2.6628e-006
0.575	-0.48507	0.039306	-0.20464	0	0	0	0	0	3.4353e-006
0.58	-0.48508	0.039309	-0.20465	0	0	0	0	0	4.1484e-006
0.585	-0.48508	0.039311	-0.20465	0	0	0	0	0	4.2207e-006
0.59	-0.48507	0.039316	-0.20467	0	0	0	0	0	3.5428e-006
0.595	-0.48507	0.039319	-0.20467	0	0	0	0	0	2.288e-006
0.6	-0.48508	0.039318	-0.20466	0	0	0	0	0	1.0631e-006
0.605	-0.48509	0.039316	-0.20466	0	0	0	0	0	1.0572e-006
0.61	-0.4851	0.039323	-0.20465	0	0	0	0	0	2.6932e-006
0.615	-0.48509	0.039333	-0.20467	0	0	0	0	0	4.5768e-006
0.62	-0.48508	0.039334	-0.20467	0	0	0	0	0	5.3127e-006
0.625	-0.48509	0.039333	-0.20467	0	0	0	0	0	5.1536e-006
0.63	-0.48509	0.039337	-0.20467	0	0	0	0	0	4.8037e-006
0.635	-0.48509	0.039338	-0.20467	0	0	0	0	0	4.2806e-006
0.64	-0.48508	0.039339	-0.20467	0	0	0	0	0	3.3408e-006
0.645	-0.48509	0.039347	-0.20466	0	0	0	0	0	2.0345e-006
0.65	-0.48511	0.039352	-0.20465	0	0	0	0	0	8.7908e-007
0.655	-0.48509	0.03936	-0.20466	0	0	0	0	0	3.4931e-007
0.66	-0.48511	0.039357	-0.20465	0	0	0	0	0	4.2949e-007
0.665	-0.48509	0.039361	-0.20466	0	0	0	0	0	6.823e-007
0.67	-0.48509	0.03936	-0.20466	0	0	0	0	0	3.4013e-007
0.675	-0.48511	0.039358	-0.20466	0	0	0	0	0	-6.0712e-007
0.68	-0.48512	0.039353	-0.20466	0	0	0	0	0	-6.5611e-007
0.685	-0.48513	0.039343	-0.20466	0	0	0	0	0	1.1133e-006
0.69	-0.48512	0.039346	-0.20468	0	0	0	0	0	2.9318e-006
0.695	-0.48513	0.039348	-0.20468	0	0	0	0	0	2.8564e-006
0.7	-0.48516	0.039338	-0.20467	0	0	0	0	0	2.123e-006
0.705	-0.48515	0.039339	-0.20468	0	0	0	0	0	2.3736e-006
0.71	-0.48514	0.039347	-0.2047	0	0	0	0	0	2.402e-006
0.715	-0.48517	0.039339	-0.2047	0	0	0	0	0	1.3683e-006
0.72	-0.48517	0.039338	-0.2047	0	0	0	0	0	7.8307e-007
0.725	-0.48516	0.039337	-0.20471	0	0	0	0	0	1.3184e-006
0.73	-0.48518	0.039329	-0.20471	0	0	0	0	0	1.9913e-006
0.735	-0.48516	0.039332	-0.20471	0	0	0	0	0	2.3367e-006
0.74	-0.48515	0.039333	-0.20472	0	0	0	0	0	2.9745e-006
0.745	-0.48515	0.039338	-0.20472	0	0	0	0	0	4.6041e-006
0.75	-0.48515	0.039338	-0.20472	0	0	0	0	0	6.5596e-006
0.755	-0.48513	0.039343	-0.20473	0	0	0	0	0	6.6174e-006
0.76	-0.48511	0.039348	-0.20475	0	0	0	0	0	3.5018e-006
0.765	-0.48513	0.039332	-0.20474	0	0	0	0	0	-9.1822e-007
0.77	-0.48513	0.039335	-0.20474	0	0	0	0	0	-3.5106e-006
0.775	-0.48515	0.039329	-0.20474	0	0	0	0	0	-3.034e-006
0.78	-0.48518	0.039323	-0.20473	0	0	0	0	0	-5.4065e-007
0.785	-0.48516	0.039329	-0.20475	0	0	0	0	0	1.4052e-006
0.79	-0.48514	0.039334	-0.20476	0	0	0	0	0	4.9175e-007
0.795	-0.48516	0.039329	-0.20476	0	0	0	0	0	-2.6099e-006
0.8	-0.48517	0.039319	-0.20476	0	0	0	0	0	-4.9026e-006
0.805	-0.48517	0.039318	-0.20477	0	0	0	0	0	-4.7951e-006
0.81	-0.48517	0.039315	-0.20477	0	0	0	0	0	-3.2255e-006
0.815	-0.48517	0.03931	-0.20476	0	0	0	0	0	-1.5953e-006
0.82	-0.48515	0.039309	-0.20477	0	0	0	0	0	-5.5153e-007
0.825	-0.48516	0.039305	-0.20476	0	0	0	0	0	-2.1594e-007
0.83	-0.48516	0.039305	-0.20476	0	0	0	0	0	-4.5441e-007
0.835	-0.48515	0.0393	-0.20475	0	0	0	0	0	-1.1702e-006
0.84	-0.48515	0.039301	-0.20476	0	0	0	0	0	-2.1113e-006
0.845	-0.48513	0.039298	-0.20476	0	0	0	0	0	-2.6372e-006
0.85	-0.48512	0.039299	-0.20476	0	0	0	0	0	-2.6398e-006
0.855	-0.48511	0.0393	-0.20477	0	0	0	0	0	-2.978e-006
0.86	-0.48511	0.039294	-0.20477	0	0	0	0	0	-3.8434e-006
0.865	-0.48511	0.039288	-0.20476	0	0	0	0	0	-3.9866e-006
0.87	-0.4851	0.039289	-0.20475	0	0	0	0	0	-3.34e-006
0.875	-0.48508	0.039294	-0.20476	0	0	0	0	0	-4.3382e-006
0.88	-0.48508	0.039288	-0.20476	0	0	0	0	0	-8.0706e-006
0.885	-0.4851	0.039273	-0.20474	0	0	0	0	0	-1.1495e-005
0.89	-0.48511	0.039259	-0.20471	0	0	0	0	0	-1.0825e-005
0.895	-0.4851	0.039262	-0.2047	0	0	0	0	0	-6.1257e-006
0.9	-0.48509	0.039268	-0.20471	0	0	0	0	0	-1.1539e-006
0.905	-0.48506	0.03927	-0.20471	0	0	0	0	0	9.5774e-007
0.91	-0.48507	0.03926	-0.20471	0	0	0	0	0	3.9711e-007
0.915	-0.48505	0.039259	-0.20471	0	0	0	0	0	-1.4278e-006
0.92	-0.48504	0.039259	-0.20472	0	0	0	0	0	-4.2373e-006
0.925	-0.48502	0.039258	-0.20473	0	0	0	0	0	-7.6289e-006
0.93	-0.48504	0.039247	-0.20472	0	0	0	0	0	-9.6964e-006
0.935	-0.48504	0.03924	-0.20472	0	0	0	0	0	-9.0128e-006
0.94	-0.48503	0.039235	-0.20472	0	0	0	0	0	-6.8021e-006
0.945	-0.485	0.039232	-0.20473	0	0	0	0	0	-5.3868e-006
0.95	-0.48499	0.039226	-0.20473	0	0	0	0	0	-5.4176e-006
0.955	-0.485	0.039216	-0.20472	0	0	0	0	0	-5.704e-006
0.96	-0.48498	0.039218	-0.20472	0	0	0	0	0	-5.22e-006
0.965	-0.48495	0.039214	-0.20472	0	0	0	0	0	-4.2474e-006
0.97	-0.48494	0.039201	-0.20472	0	0	0	0	0	-3.3776e-006
0.975	-0.48491	0.039196	-0.20472	0	0	0	0	0	-2.9603e-006
0.98	-0.48489	0.0392	-0.20471	0	0	0	0	0	-3.4275e-006
0.985	-0.48487	0.039201	-0.2047	0	0	0	0	0	-4.6407e-006
0.99	-0.48486	0.039193	-0.20468	0	0	0	0	0	-5.6242e-006
0.995	-0.48484	0.039186	-0.20467	0	0	0	0	0	-5.4429e-006
1	-0.48482	0.039177	-0.20465	0	0	0	0	0	-3.7743e-006
1.005	-0.4848	0.039171	-0.20464	0	0	0	0	0	-1.3324e-006
1.01	-0.48477	0.039159	-0.20461	0	0	0	0	0	2.8564e-007
1.015	-0.48476	0.039149	-0.20458	0	0	0	0	0	3.4318e-007
1.02	-0.48474	0.039142	-0.20455	0	0	0	0	0	-4.7004e-007
1.025	-0.48471	0.039143	-0.20453	0	0	0	0	0	-1.8257e-006
1.03	-0.48468	0.039139	-0.20451	0	0	0	0	0	-3.6231e-006
1.035	-0.48467	0.039126	-0.20447	0	0	0	0	0	-4.3864e-006
1.04	-0.48461	0.039127	-0.20445	0	0	0	0	0	-3.2313e-006
1.045	-0.48456	0.039132	-0.20442	0	0	0	0	0	-2.2149e-006
1.05	-0.48453	0.039131	-0.20439	0	0	0	0	0	-3.7661e-006
1.055	-0.48449	0.039134	-0.20436	0	0	0	0	0	-7.5969e-006
1.06	-0.48447	0.039137	-0.20433	0	0	0	0	0	-1.147e-005
1.065	-0.48445	0.03913	-0.20429	0	0	0	0	0	-1.3179e-005
1.07	-0.48442	0.039121	-0.20426	0	0	0	0	0	-1.2181e-005
1.075	-0.48437	0.039118	-0.20424	0	0	0	0	0	-1.029e-005
1.08	-0.48435	0.039114	-0.20422	0	0	0	0	0	-9.4311e-006
1.085	-0.48434	0.039108	-0.2042	0	0	0	0	0	-9.2071e-006
1.09	-0.48431	0.039104	-0.20418	0	0	0	0	0	-8.6e-006
1.095	-0.48427	0.039105	-0.20417	0	0	0	0	0	-8.4832e-006
1.1	-0.48425	0.039094	-0.20415	0	0	0	0	0	-9.9667e-006
1.105	-0.48423	0.039084	-0.20414	0	0	0	0	0	-1.1726e-005
1.11	-0.48422	0.039077	-0.20412	0	0	0	0	0	-1.1458e-005
1.115	-0.48419	0.039074	-0.20411	0	0	0	0	0	-9.1697e-006
1.12	-0.48418	0.039064	-0.20409	0	0	0	0	0	-6.9869e-006
1.125	-0.48414	0.039055	-0.20408	0	0	0	0	0	-6.4144e-006
1.13	-0.48412	0.039044	-0.20407	0	0	0	0	0	-6.8103e-006
1.135	-0.48412	0.039028	-0.20406	0	0	0	0	0	-6.3668e-006
1.14	-0.48409	0.039019	-0.20407	0	0	0	0	0	-4.5022e-006
1.145	-0.48409	0.038997	-0.20408	0	0	0	0	0	-2.1214e-006
1.15	-0.48408	0.038986	-0.20407	0	0	0	0	0	6.8179e-008
1.155	-0.48406	0.038977	-0.20408	0	0	0	0	0	1.5236e-006
1.16	-0.48406	0.038955	-0.20408	0	0	0	0	0	1.5749e-006
1.165	-0.48404	0.038956	-0.2041	0	0	0	0	0	2.7844e-007
1.17	-0.48403	0.038949	-0.20411	0	0	0	0	0	-1.1835e-006
1.175	-0.48404	0.038927	-0.20411	0	0	0	0	0	-1.3256e-006
1.18	-0.484	0.03892	-0.20412	0	0	0	0	0	-6.3376e-007
1.185	-0.48398	0.038904	-0.20412	0	0	0	0	0	-1.1608e-006
1.19	-0.48397	0.038891	-0.20411	0	0	0	0	0	-2.8787e-006
1.195	-0.48393	0.038885	-0.20411	0	0	0	0	0	-4.2599e-006
1.2	-0.4839	0.038871	-0.20411	0	0	0	0	0	-5.576e-006
1.205	-0.4839	0.038852	-0.20408	0	0	0	0	0	-7.4225e-006
1.21	-0.48389	0.038839	-0.20406	0	0	0	0	0	-7.8043e-006
1.215	-0.48388	0.038822	-0.20405	0	0	0	0	0	-4.2127e-006
1.22	-0.48385	0.03881	-0.20405	0	0	0	0	0	1.8525e-006
1.225	-0.48382	0.0388	-0.20406	0	0	0	0	0	5.5849e-006
1.23	-0.48381	0.038781	-0.20405	0	0	0	0	0	5.3787e-006
1.235	-0.48382	0.038763	-0.20404	0	0	0	0	0	4.8264e-006
1.24	-0.4838	0.038755	-0.20404	0	0	0	0	0	6.4698e-006
1.245	-0.4838	0.038741	-0.20403	0	0	0	0	0	8.2414e-006
1.25	-0.48377	0.038741	-0.20404	0	0	0	0	0	7.4945e-006
1.255	-0.48377	0.038726	-0.20401	0	0	0	0	0	4.5842e-006
1.26	-0.48376	0.038713	-0.20399	0	0	0	0	0	1.322e-006
1.265	-0.48374	0.038704	-0.20398	0	0	0	0	0	-1.459e-006
1.27	-0.48373	0.038694	-0.20396	0	0	0	0	0	-3.474e-006
1.275	-0.48374	0.038687	-0.20393	0	0	0	0	0	-4.0042e-006
1.28	-0.48374	0.038677	-0.2039	0	0	0	0	0	-2.7126e-006
1.285	-0.48372	0.038665	-0.20388	0	0	0	0	0	-5.0645e-007
1.29	-0.48369	0.03866	-0.20386	0	0	0	0	0	1.1639e-006
1.295	-0.48369	0.038651	-0.20384	0	0	0	0	0	1.6165e-006
1.3	-0.48367	0.038638	-0.20381	0	0	0	0	0	1.3503e-006
1.305	-0.48365	0.038619	-0.20378	0	0	0	0	0	1.4153e-006
1.31	-0.48362	0.038608	-0.20375	0	0	0	0	0	2.0741e-006
1.315	-0.48358	0.038592	-0.20372	0	0	0	0	0	2.0289e-006
1.32	-0.48353	0.038583	-0.2037	0	0	0	0	0	-5.8802e-007
1.325	-0.48347	0.03858	-0.20368	0	0	0	0	0	-6.1787e-006
1.33	-0.48345	0.038565	-0.20363	0	0	0	0	0	-1.2208e-005
1.335	-0.48341	0.038557	-0.20358	0	0	0	0	0	-1.4806e-005
1.34	-0.48336	0.038558	-0.20354	0	0	0	0	0	-1.2833e-005
1.345	-0.4833	0.038561	-0.2035	0	0	0	0	0	-9.0503e-006
1.35	-0.48323	0.038568	-0.20346	0	0	0	0	0	-6.8265e-006
1.355	-0.4832	0.038572	-0.20341	0	0	0	0	0	-6.729e-006
1.36	-0.48315	0.038573	-0.20335	0	0	0	0	0	-7.025e-006
1.365	-0.48311	0.038576	-0.20329	0	0	0	0	0	-7.0908e-006
1.37	-0.48305	0.038585	-0.20325	0	0	0	0	0	-8.628e-006
1.375	-0.483	0.038596	-0.20319	0	0	0	0	0	-1.2722e-005
1.38	-0.48296	0.038608	-0.20313	0	0	0	0	0	-1.7449e-005
1.385	-0.48291	0.038618	-0.20307	0	0	0	0	0	-1.9927e-005
1.39	-0.48286	0.038627	-0.20301	0	0	0	0	0	-1.9046e-005
1.395	-0.48283	0.038633	-0.20293	0	0	0	0	0	-1.5007e-005
1.4	-0.48279	0.038647	-0.20287	0	0	0	0	0	-8.4508e-006
1.405	-0.48277	0.038651	-0.2028	0	0	0	0	0	-1.3215e-006
1.41	-0.48272	0.038655	-0.20275	0	0	0	0	0	3.196e-006
1.415	-0.4827	0.038656	-0.2027	0	0	0	0	0	3.4969e-006
1.42	-0.48271	0.03865	-0.20263	0	0	0	0	0	1.6287e-006
1.425	-0.48269	0.038647	-0.20258	0	0	0	0	0	2.7765e-007
1.43	-0.48267	0.038638	-0.20255	0	0	0	0	0	-8.1153e-007
1.435	-0.48265	0.038621	-0.20251	0	0	0	0	0	-2.9661e-006
1.44	-0.48262	0.038609	-0.20248	0	0	0	0	0	-5.5181e-006
1.445	-0.48261	0.038591	-0.20246	0	0	0	0	0	-6.5449e-006
1.45	-0.48259	0.038567	-0.20242	0	0	0	0	0	-5.4029e-006
1.455	-0.48257	0.038548	-0.2024	0	0	0	0	0	-3.7991e-006
1.46	-0.48254	0.03853	-0.20238	0	0	0	0	0	-3.9927e-006
1.465	-0.48252	0.038513	-0.20236	0	0	0	0	0	-5.9175e-006
1.47	-0.48249	0.038498	-0.20234	0	0	0	0	0	-7.7147e-006
1.475	-0.48245	0.038487	-0.20232	0	0	0	0	0	-8.6454e-006
1.48	-0.48242	0.038473	-0.20229	0	0	0	0	0	-9.101e-006
1.485	-0.4824	0.038464	-0.20227	0	0	0	0	0	-9.1199e-006
1.49	-0.48236	0.038456	-0.20223	0	0	0	0	0	-8.683e-006
1.495	-0.48237	0.038435	-0.20219	0	0	0	0	0	-7.7662e-006
1.5	-0.48235	0.038423	-0.20216	0	0	0	0	0	-6.3558e-006
1.505	-0.48231	0.03842	-0.20215	0	0	0	0	0	-5.2604e-006
1.51	-0.48229	0.038409	-0.20213	0	0	0	0	0	-5.3608e-006
1.515	-0.48228	0.038399	-0.2021	0	0	0	0	0	-6.2572e-006
1.52	-0.48226	0.038382	-0.20209	0	0	0	0	0	-6.8918e-006
1.525	-0.48224	0.03836	-0.20209	0	0	0	0	0	-6.5468e-006
1.53	-0.48223	0.038333	-0.20208	0	0	0	0	0	-5.0734e-006
1.535	-0.48222	0.038313	-0.20207	0	0	0	0	0	-3.2274e-006
1.54	-0.4822	0.038296	-0.20208	0	0	0	0	0	-1.9729e-006
1.545	-0.48219	0.038272	-0.20208	0	0	0	0	0	-1.0028e-006
1.55	-0.48218	0.038244	-0.20208	0	0	0	0	0	4.654e-007
1.555	-0.48216	0.038217	-0.20209	0	0	0	0	0	1.6539e-006
1.56	-0.48214	0.038195	-0.20211	0	0	0	0	0	9.3508e-007
1.565	-0.48215	0.03817	-0.20212	0	0	0	0	0	-1.7519e-006
1.57	-0.48215	0.038142	-0.20213	0	0	0	0	0	-4.7208e-006
1.575	-0.48216	0.038119	-0.20213	0	0	0	0	0	-6.4384e-006
1.58	-0.48217	0.038098	-0.20214	0	0	0	0	0	-6.3395e-006
1.585	-0.48218	0.038076	-0.20213	0	0	0	0	0	-4.5992e-006
1.59	-0.48217	0.038065	-0.20213	0	0	0	0	0	-2.4902e-006
1.595	-0.48217	0.038054	-0.20213	0	0	0	0	0	-1.6378e-006
1.6	-0.48217	0.038046	-0.20212	0	0	0	0	0	-2.0599e-006
1.605	-0.48218	0.03804	-0.20211	0	0	0	0	0	-2.4883e-006
1.61	-0.48216	0.038041	-0.2021	0	0	0	0	0	-2.5067e-006
1.615	-0.48216	0.038033	-0.20209	0	0	0	0	0	-2.2605e-006
1.62	-0.48221	0.03802	-0.20205	0	0	0	0	0	-9.1629e-007
1.625	-0.48221	0.03802	-0.20205	0	0	0	0	0	1.8011e-006
1.63	-0.48222	0.038018	-0.20203	0	0	0	0	0	3.7956e-006
1.635	-0.48224	0.038017	-0.20201	0	0	0	0	0	2.7231e-006
1.64	-0.48225	0.038017	-0.202	0	0	0	0	0	-1.4823e-006
1.645	-0.48227	0.038019	-0.20198	0	0	0	0	0	-6.6953e-006
1.65	-0.48228	0.038017	-0.20195	0	0	0	0	0	-1.0038e-005
1.655	-0.48229	0.038015	-0.20193	0	0	0	0	0	-1.0144e-005
1.66	-0.4823	0.038017	-0.20191	0	0	0	0	0	-8.3996e-006
1.665	-0.48229	0.038025	-0.20189	0	0	0	0	0	-7.3262e-006
1.67	-0.48228	0.038035	-0.20186	0	0	0	0	0	-8.1554e-006
1.675	-0.48229	0.038037	-0.20183	0	0	0	0	0	-9.8102e-006
1.68	-0.4823	0.038033	-0.20178	0	0	0	0	0	-1.0417e-005
1.685	-0.48228	0.038042	-0.20175	0	0	0	0	0	-1.0459e-005
1.69	-0.48227	0.038052	-0.20172	0	0	0	0	0	-1.257e-005
1.695	-0.48227	0.038058	-0.20167	0	0	0	0	0	-1.7399e-005
1.7	-0.48228	0.03806	-0.20161	0	0	0	0	0	-2.2323e-005
1.705	-0.48229	0.038063	-0.20156	0	0	0	0	0	-2.4635e-005
1.71	-0.48229	0.038072	-0.20152	0	0	0	0	0	-2.4086e-005
1.715	-0.48228	0.038084	-0.20148	0	0	0	0	0	-2.2782e-005
1.72	-0.48226	0.038098	-0.20144	0	0	0	0	0	-2.3322e-005
1.725	-0.48226	0.038104	-0.20139	0	0	0	0	0	-2.6392e-005
1.73	-0.48224	0.038113	-0.20134	0	0	0	0	0	-3.0829e-005
1.735	-0.48222	0.038128	-0.20129	0	0	0	0	0	-3.5589e-005
1.74	-0.4822	0.03814	-0.20124	0	0	0	0	0	-3.9761e-005
1.745	-0.4822	0.038147	-0.20118	0	0	0	0	0	-4.2399e-005
1.75	-0.48218	0.038161	-0.20113	0	0	0	0	0	-4.4606e-005
1.755	-0.48215	0.03817	-0.20108	0	0	0	0	0	-4.9145e-005
1.76	-0.48213	0.038183	-0.20103	0	0	0	0	0	-5.6673e-005
1.765	-0.48208	0.038195	-0.201	0	0	0	0	0	-6.5059e-005
1.77	-0.48203	0.038198	-0.20097	0	0	0	0	0	-7.2045e-005
1.775	-0.48196	0.038209	-0.20095	0	0	0	0	0	-7.6883e-005
1.78	-0.48188	0.038226	-0.20093	0	0	0	0	0	-8.093e-005
1.785	-0.48178	0.038251	-0.20092	0	0	0	0	0	-8.6502e-005
1.79	-0.48169	0.038279	-0.2009	0	0	0	0	0	-9.4143e-005
1.795	-0.48158	0.038318	-0.20088	0	0	0	0	0	-0.00010323
1.8	-0.48148	0.038368	-0.20086	0	0	0	0	0	-0.00011603
1.805	-0.48137	0.038439	-0.20083	0	0	0	0	0	-0.00013845
1.81	-0.48127	0.038533	-0.20078	0	0	0	0	0	-0.00017574
1.815	-0.48118	0.038665	-0.20067	0	0	0	0	0	-0.00022789
1.82	-0.48107	0.038873	-0.20055	0	0	0	0	0	-0.00028886
1.825	-0.48092	0.039133	-0.20043	0	0	0	0	0	-0.00035018
1.83	-0.48076	0.039404	-0.2003	0	0	0	0	0	-0.00040588
1.835	-0.48056	0.039729	-0.20016	0	0	0	0	0	-0.00045355
1.84	-0.48025	0.040107	-0.20005	0	0	0	0	0	-0.00049254
1.845	-0.47991	0.040528	-0.19996	0	0	0	0	0	-0.00052143
1.85	-0.47958	0.040991	-0.1999	0	0	0	0	0	-0.00053326
1.855	-0.47916	0.041487	-0.19989	0	0	0	0	0	-0.00052153
1.86	-0.47881	0.041998	-0.19997	0	0	0	0	0	-0.00050183
1.865	-0.47855	0.042481	-0.20013	0	0	0	0	0	-0.00051242
1.87	-0.47804	0.043017	-0.20033	0	0	0	0	0	-0.00056928
1.875	-0.47739	0.04359	-0.20059	0	0	0	0	0	-0.00063867
1.88	-0.47679	0.044166	-0.20089	0	0	0	0	0	-0.00067766
1.885	-0.47618	0.044739	-0.20124	0	0	0	0	0	-0.00067919
1.89	-0.47555	0.045324	-0.20164	0	0	0	0	0	-0.00066374
1.895	-0.47487	0.045853	-0.20208	0	0	0	0	0	-0.00064966
1.9	-0.4743	0.046344	-0.20247	0	0	0	0	0	-0.00063996
1.905	-0.47374	0.046953	-0.20283	0	0	0	0	0	-0.00062439
1.91	-0.47316	0.047444	-0.20319	0	0	0	0	0	-0.00059312
1.915	-0.47254	0.04789	-0.20355	0	0	0	0	0	-0.00054615
1.92	-0.47217	0.048261	-0.2038	0	0	0	0	0	-0.00048387
1.925	-0.47179	0.048592	-0.204	0	0	0	0	0	-0.00040229
1.93	-0.47143	0.048864	-0.20417	0	0	0	0	0	-0.00030747
1.935	-0.47118	0.04906	-0.20426	0	0	0	0	0	-0.00021757
1.94	-0.47103	0.049181	-0.20427	0	0	0	0	0	-0.00014575
1.945	-0.47099	0.049225	-0.20421	0	0	0	0	0	-9.2167e-005
1.95	-0.47105	0.049225	-0.20409	0	0	0	0	0	-5.0167e-005
1.955	-0.47115	0.0492	-0.20392	0	0	0	0	0	-1.4743e-005
1.96	-0.47124	0.049172	-0.20369	0	0	0	0	0	9.8995e-006
1.965	-0.47129	0.049161	-0.20343	0	0	0	0	0	1.0106e-005
1.97	-0.47136	0.049175	-0.20314	0	0	0	0	0	-2.1078e-005
1.975	-0.47146	0.049212	-0.20282	0	0	0	0	0	-6.8866e-005
1.98	-0.47158	0.049276	-0.20252	0	0	0	0	0	-0.00011001
1.985	-0.47162	0.049379	-0.20229	0	0	0	0	0	-0.00013852
1.99	-0.47156	0.049526	-0.20211	0	0	0	0	0	-0.00016527
1.995	-0.47147	0.049704	-0.20199	0	0	0	0	0	-0.00019739
2	-0.47134	0.049892	-0.20194	0	0	0	0	0	-0.00022991
2.005	-0.4712	0.050081	-0.20194	0	0	0	0	0	-0.00025028
2.01	-0.47101	0.050308	-0.20198	0	0	0	0	0	-0.00024608
2.015	-0.47084	0.050556	-0.20208	0	0	0	0	0	-0.00022348
2.02	-0.47075	0.050764	-0.20222	0	0	0	0	0	-0.00021741
2.025	-0.47055	0.051006	-0.20232	0	0	0	0	0	-0.00026272
2.03	-0.4703	0.051341	-0.20239	0	0	0	0	0	-0.000361
2.035	-0.47005	0.051749	-0.20246	0	0	0	0	0	-0.00049254
2.04	-0.46975	0.052266	-0.20251	0	0	0	0	0	-0.00064764
2.045	-0.46939	0.052969	-0.20254	0	0	0	0	0	-0.000832
2.05	-0.46888	0.053843	-0.20254	0	0	0	0	0	-0.0010511
2.055	-0.46826	0.05487	-0.20254	0	0	0	0	0	-0.0012976
2.06	-0.46753	0.056191	-0.20256	0	0	0	0	0	-0.0015547
2.065	-0.46664	0.057738	-0.20259	0	0	0	0	0	-0.0018126
2.07	-0.46555	0.059488	-0.20264	0	0	0	0	0	-0.0020801
2.075	-0.46414	0.061583	-0.20276	0	0	0	0	0	-0.0023826
2.08	-0.46248	0.063969	-0.20292	0	0	0	0	0	-0.00274
2.085	-0.46047	0.066667	-0.20309	0	0	0	0	0	-0.0031442
2.09	-0.45798	0.069689	-0.20325	0	0	0	0	0	-0.0035615
2.095	-0.455	0.073018	-0.20343	0	0	0	0	0	-0.0039437
2.1	-0.45174	0.076495	-0.20363	0	0	0	0	0	-0.0042729
2.105	-0.44805	0.08016	-0.2038	0	0	0	0	0	-0.0045608
2.11	-0.44378	0.084056	-0.20402	0	0	0	0	0	-0.0048249
2.115	-0.43909	0.087864	-0.20427	0	0	0	0	0	-0.0050724
2.12	-0.43418	0.091673	-0.2046	0	0	0	0	0	-0.0053161
2.125	-0.42876	0.095585	-0.20498	0	0	0	0	0	-0.0055528
2.13	-0.42308	0.099837	-0.20517	0	0	0	0	0	-0.0057697
2.135	-0.41651	0.1044	-0.20547	0	0	0	0	0	-0.0059548
2.14	-0.40947	0.10935	-0.2056	0	0	0	0	0	-0.0061481
2.145	-0.40195	0.11463	-0.20577	0	0	0	0	0	-0.0063642
2.15	-0.39416	0.12016	-0.20592	0	0	0	0	0	-0.0065663
2.155	-0.38619	0.12586	-0.20604	0	0	0	0	0	-0.0067013
2.16	-0.37806	0.13175	-0.20619	0	0	0	0	0	-0.0067391
2.165	-0.3701	0.13771	-0.20622	0	0	0	0	0	-0.0067118
2.17	-0.36166	0.1437	-0.20639	0	0	0	0	0	-0.0066707
2.175	-0.35288	0.1496	-0.20649	0	0	0	0	0	-0.0066551
2.18	-0.34373	0.15537	-0.20647	0	0	0	0	0	-0.0066543
2.185	-0.33425	0.16098	-0.2062	0	0	0	0	0	-0.0066182
2.19	-0.3243	0.16634	-0.20594	0	0	0	0	0	-0.0065167
2.195	-0.31414	0.17142	-0.20565	0	0	0	0	0	-0.0063826
2.2	-0.3035	0.17622	-0.20541	0	0	0	0	0	-0.0062923
2.205	-0.2921	0.18044	-0.20495	0	0	0	0	0	-0.0062663
2.21	-0.27989	0.1841	-0.20443	0	0	0	0	0	-0.0062687
2.215	-0.26722	0.18725	-0.20397	0	0	0	0	0	-0.0062507
2.22	-0.25421	0.18983	-0.2034	0	0	0	0	0	-0.0061945
2.225	-0.24071	0.19194	-0.20298	0	0	0	0	0	-0.0061121
2.23	-0.22689	0.19358	-0.20262	0	0	0	0	0	-0.0060268
2.235	-0.21259	0.19484	-0.20227	0	0	0	0	0	-0.0059687
2.24	-0.19786	0.19571	-0.20185	0	0	0	0	0	-0.0059536
2.245	-0.18246	0.19633	-0.20152	0	0	0	0	0	-0.005978
2.25	-0.16667	0.19666	-0.20116	0	0	0	0	0	-0.0060177
2.255	-0.15053	0.19678	-0.20078	0	0	0	0	0	-0.0060556
2.26	-0.13348	0.19672	-0.20083	0	0	0	0	0	-0.0060914
2.265	-0.11681	0.19654	-0.2006	0	0	0	0	0	-0.0061354
2.27	-0.10005	0.19629	-0.20039	0	0	0	0	0	-0.0061879
2.275	-0.083147	0.19589	-0.20028	0	0	0	0	0	-0.0062418
2.28	-0.066226	0.19533	-0.20016	0	0	0	0	0	-0.0063017
2.285	-0.049441	0.19462	-0.20001	0	0	0	0	0	-0.0063716
2.29	-0.032714	0.19371	-0.19987	0	0	0	0	0	-0.0064409
2.295	-0.015915	0.19273	-0.1998	0	0	0	0	0	-0.0065004
2.3	0.00092628	0.19169	-0.19979	0	0	0	0	0	-0.0065443
2.305	0.017718	0.19064	-0.1998	0	0	0	0	0	-0.0065733
2.31	0.034458	0.18952	-0.19986	0	0	0	0	0	-0.006584
2.315	0.051179	0.18837	-0.19998	0	0	0	0	0	-0.0065731
2.32	0.067818	0.1872	-0.20014	0	0	0	0	0	-0.0065404
2.325	0.084446	0.18602	-0.20041	0	0	0	0	0	-0.0064909
2.33	0.10099	0.18479	-0.20074	0	0	0	0	0	-0.0064297
2.335	0.11739	0.18351	-0.20112	0	0	0	0	0	-0.0063597
2.34	0.13368	0.1822	-0.20154	0	0	0	0	0	-0.0062788
2.345	0.14989	0.18088	-0.20201	0	0	0	0	0	-0.0061769
2.35	0.16593	0.17955	-0.2025	0	0	0	0	0	-0.0060445
2.355	0.18166	0.17819	-0.20304	0	0	0	0	0	-0.0058915
2.36	0.19701	0.17676	-0.20356	0	0	0	0	0	-0.0057472
2.365	0.21216	0.17529	-0.20403	0	0	0	0	0	-0.0056276
2.37	0.22695	0.17375	-0.20451	0	0	0	0	0	-0.0055163
2.375	0.24118	0.17203	-0.20494	0	0	0	0	0	-0.0053951
2.38	0.25488	0.17006	-0.20533	0	0	0	0	0	-0.0052674
2.385	0.26796	0.1678	-0.20567	0	0	0	0	0	-0.0051428
2.39	0.28039	0.16523	-0.20592	0	0	0	0	0	-0.0050293
2.395	0.29223	0.16233	-0.2061	0	0	0	0	0	-0.0049341
2.4	0.30344	0.15902	-0.20617	0	0	0	0	0	-0.0048568
2.405	0.31401	0.15529	-0.2061	0	0	0	0	0	-0.0047943
2.41	0.32402	0.15119	-0.20588	0	0	0	0	0	-0.0047449
2.415	0.33342	0.14668	-0.20552	0	0	0	0	0	-0.0047037
2.42	0.34219	0.14177	-0.20503	0	0	0	0	0	-0.0046694
2.425	0.35026	0.13642	-0.20437	0	0	0	0	0	-0.0046385
2.43	0.3576	0.13065	-0.20356	0	0	0	0	0	-0.0046025
2.435	0.36419	0.12447	-0.20262	0	0	0	0	0	-0.004556
2.44	0.37001	0.11788	-0.20155	0	0	0	0	0	-0.0045062
2.445	0.37512	0.11097	-0.20038	0	0	0	0	0	-0.00447
2.45	0.37957	0.10378	-0.19908	0	0	0	0	0	-0.0044536
2.455	0.38346	0.096288	-0.19768	0	0	0	0	0	-0.0044192
2.46	0.38686	0.088557	-0.1962	0	0	0	0	0	-0.0042498
2.465	0.38968	0.080587	-0.19462	0	0	0	0	0	-0.003766
2.47	0.39141	0.072815	-0.19317	0	0	0	0	0	-0.0028469
2.475	0.39152	0.066688	-0.19231	0	0	0	0	0	-0.0016029
2.48	0.38893	0.061428	-0.19152	0	0	0	0	0	-0.00035984
2.485	0.38451	0.05663	-0.1909	0	0	0	0	0	0.00052722
2.49	0.38053	0.053193	-0.19032	0	0	0	0	0	0.00088493
2.495	0.37829	0.050714	-0.18994	0	0	0	0	0	0.00075006
2.5	0.3776	0.048576	-0.18986	0	0	0	0	0	0.00036371
2.505	0.37779	0.046542	-0.18953	0	0	0	0	0	7.6783e-005
2.51	0.37815	0.044358	-0.18871	0	0	0	0	0	0.00012033
2.515	0.37824	0.042191	-0.18762	0	0	0	0	0	0.00042578
2.52	0.37802	0.040299	-0.1866	0	0	0	0	0	0.00066986
2.525	0.37789	0.039097	-0.18574	0	0	0	0	0	0.00053592
2.53	0.37854	0.039171	-0.18506	0	0	0	0	0	-2.722e-006
2.535	0.3801	0.040263	-0.18445	0	0	0	0	0	-0.00064198
2.54	0.3818	0.041626	-0.18344	0	0	0	0	0	-0.0010036
2.545	0.38292	0.042602	-0.18212	0	0	0	0	0	-0.00094147
2.55	0.38338	0.042916	-0.18136	0	0	0	0	0	-0.00060971
2.555	0.38336	0.042878	-0.1815	0	0	0	0	0	-0.00027465
2.56	0.38321	0.042848	-0.18185	0	0	0	0	0	-8.5159e-005
2.565	0.38317	0.042755	-0.18202	0	0	0	0	0	-1.6525e-005
2.57	0.38322	0.042442	-0.1821	0	0	0	0	0	2.1241e-005
2.575	0.38325	0.042009	-0.18214	0	0	0	0	0	6.5198e-005
2.58	0.38328	0.041693	-0.1821	0	0	0	0	0	8.7681e-005
2.585	0.38337	0.041594	-0.18193	0	0	0	0	0	6.4632e-005
2.59	0.38348	0.041648	-0.18167	0	0	0	0	0	1.842e-005
2.595	0.38358	0.041714	-0.18145	0	0	0	0	0	-7.7602e-006
2.6	0.38362	0.041718	-0.18132	0	0	0	0	0	6.8146e-006
2.605	0.38367	0.041675	-0.18125	0	0	0	0	0	4.8388e-005
2.61	0.38361	0.041582	-0.18124	0	0	0	0	0	8.2319e-005
2.615	0.3835	0.041488	-0.18129	0	0	0	0	0	7.939e-005
2.62	0.38351	0.041464	-0.18132	0	0	0	0	0	4.5084e-005
2.625	0.38352	0.041471	-0.18133	0	0	0	0	0	1.393e-005
2.63	0.3835	0.041482	-0.18134	0	0	0	0	0	7.9321e-006
2.635	0.38349	0.041499	-0.1813	0	0	0	0	0	1.9116e-005
2.64	0.38349	0.041528	-0.18122	0	0	0	0	0	3.1108e-005
2.645	0.38352	0.041565	-0.18113	0	0	0	0	0	3.8112e-005
2.65	0.38353	0.041603	-0.18102	0	0	0	0	0	4.4547e-005
2.655	0.38354	0.041637	-0.18091	0	0	0	0	0	5.6481e-005
2.66	0.38353	0.041664	-0.18082	0	0	0	0	0	7.0389e-005
2.665	0.38349	0.041683	-0.18074	0	0	0	0	0	6.6042e-005
2.67	0.38342	0.041698	-0.18067	0	0	0	0	0	2.1055e-005
2.675	0.38348	0.041749	-0.18058	0	0	0	0	0	-5.5055e-005
2.68	0.38371	0.041843	-0.18045	0	0	0	0	0	-0.00011263
2.685	0.38388	0.041923	-0.18032	0	0	0	0	0	-0.00010694
2.69	0.38392	0.04198	-0.18019	0	0	0	0	0	-4.2574e-005
2.695	0.38392	0.042035	-0.18007	0	0	0	0	0	3.8816e-005
2.7	0.38384	0.042078	-0.17998	0	0	0	0	0	9.7175e-005
2.705	0.38373	0.042115	-0.17992	0	0	0	0	0	0.0001126
2.71	0.38366	0.04216	-0.17988	0	0	0	0	0	8.715e-005
2.715	0.38363	0.042213	-0.17984	0	0	0	0	0	4.0247e-005
2.72	0.38364	0.042273	-0.17981	0	0	0	0	0	-3.5015e-006
2.725	0.38365	0.042333	-0.17979	0	0	0	0	0	-2.775e-005
2.73	0.38365	0.042386	-0.17978	0	0	0	0	0	-2.9729e-005
2.735	0.38362	0.042431	-0.1798	0	0	0	0	0	-1.6186e-005
2.74	0.38358	0.042468	-0.17984	0	0	0	0	0	4.1223e-006
2.745	0.38353	0.042509	-0.17989	0	0	0	0	0	2.5578e-005
2.75	0.38346	0.042546	-0.17994	0	0	0	0	0	4.6221e-005
2.755	0.38338	0.042577	-0.17999	0	0	0	0	0	6.3123e-005
2.76	0.38327	0.042603	-0.18006	0	0	0	0	0	6.6955e-005
2.765	0.38317	0.042628	-0.18012	0	0	0	0	0	4.6045e-005
2.77	0.38311	0.04267	-0.18017	0	0	0	0	0	-1.8012e-007
2.775	0.38312	0.042732	-0.18021	0	0	0	0	0	-5.3773e-005
2.78	0.38318	0.042806	-0.18024	0	0	0	0	0	-8.643e-005
2.785	0.38322	0.04288	-0.18027	0	0	0	0	0	-7.9163e-005
2.79	0.38318	0.042944	-0.18031	0	0	0	0	0	-3.8321e-005
2.795	0.38309	0.042998	-0.18037	0	0	0	0	0	1.2239e-005
2.8	0.38301	0.043054	-0.18042	0	0	0	0	0	5.6142e-005
2.805	0.3829	0.043106	-0.18048	0	0	0	0	0	9.1812e-005
2.81	0.38274	0.043148	-0.18053	0	0	0	0	0	0.00011818
2.815	0.38258	0.043189	-0.18059	0	0	0	0	0	0.00012867
2.82	0.38245	0.043243	-0.18063	0	0	0	0	0	0.00012036
2.825	0.38235	0.043307	-0.18065	0	0	0	0	0	9.9069e-005
2.83	0.38227	0.043378	-0.18064	0	0	0	0	0	7.488e-005
2.835	0.38221	0.043461	-0.18063	0	0	0	0	0	5.6542e-005
2.84	0.38216	0.043554	-0.18061	0	0	0	0	0	4.8442e-005
2.845	0.3821	0.043652	-0.18059	0	0	0	0	0	5.0023e-005
2.85	0.38202	0.043751	-0.18058	0	0	0	0	0	5.7324e-005
2.855	0.38193	0.043839	-0.18058	0	0	0	0	0	6.5705e-005
2.86	0.38182	0.043911	-0.18059	0	0	0	0	0	7.219e-005
2.865	0.38171	0.043976	-0.18061	0	0	0	0	0	7.5669e-005
2.87	0.38161	0.044037	-0.18064	0	0	0	0	0	7.5761e-005
2.875	0.38149	0.04409	-0.18069	0	0	0	0	0	7.2153e-005
2.88	0.38137	0.044138	-0.18075	0	0	0	0	0	6.5483e-005
2.885	0.38127	0.044188	-0.18079	0	0	0	0	0	5.8959e-005
2.89	0.38118	0.044245	-0.18082	0	0	0	0	0	5.6798e-005
2.895	0.38111	0.044312	-0.18084	0	0	0	0	0	5.9553e-005
2.9	0.38103	0.044392	-0.18084	0	0	0	0	0	6.3004e-005
2.905	0.38094	0.044475	-0.18081	0	0	0	0	0	6.1852e-005
2.91	0.38086	0.044562	-0.18078	0	0	0	0	0	5.3241e-005
2.915	0.38081	0.044655	-0.18072	0	0	0	0	0	3.8803e-005
2.92	0.38078	0.044756	-0.18065	0	0	0	0	0	2.4972e-005
2.925	0.38078	0.044866	-0.18057	0	0	0	0	0	1.8964e-005
2.93	0.38076	0.044984	-0.1805	0	0	0	0	0	2.3373e-005
2.935	0.38071	0.045107	-0.18043	0	0	0	0	0	3.5873e-005
2.94	0.38063	0.045222	-0.18037	0	0	0	0	0	5.2354e-005
2.945	0.38053	0.045326	-0.18032	0	0	0	0	0	6.8362e-005
2.95	0.38042	0.045425	-0.18028	0	0	0	0	0	7.9567e-005
2.955	0.38032	0.045521	-0.18025	0	0	0	0	0	8.3148e-005
2.96	0.38021	0.045608	-0.18022	0	0	0	0	0	7.8574e-005
2.965	0.38011	0.045695	-0.18019	0	0	0	0	0	6.7011e-005
2.97	0.38003	0.045783	-0.18015	0	0	0	0	0	5.0116e-005
2.975	0.37995	0.04587	-0.1801	0	0	0	0	0	2.9774e-005
2.98	0.37991	0.04596	-0.18003	0	0	0	0	0	1.0399e-005
2.985	0.37991	0.046053	-0.17996	0	0	0	0	0	9.6968e-008
2.99	0.37991	0.046139	-0.17988	0	0	0	0	0	4.9537e-006
2.995	0.37987	0.046211	-0.17982	0	0	0	0	0	2.1499e-005
3	0.37982	0.046271	-0.17976	0	0	0	0	0	3.8514e-005
3.005	0.37977	0.046322	-0.17971	0	0	0	0	0	4.7133e-005
3.01	0.37973	0.046369	-0.17966	0	0	0	0	0	4.6398e-005
3.015	0.37968	0.046412	-0.17962	0	0	0	0	0	4.0051e-005
3.02	0.37963	0.04645	-0.17959	0	0	0	0	0	3.2119e-005
3.025	0.37958	0.046486	-0.17956	0	0	0	0	0	2.5329e-005
3.03	0.37954	0.046517	-0.17955	0	0	0	0	0	2.0871e-005
3.035	0.37951	0.046545	-0.17953	0	0	0	0	0	1.883e-005
3.04	0.37947	0.046569	-0.17951	0	0	0	0	0	1.8885e-005
3.045	0.37942	0.046588	-0.17949	0	0	0	0	0	2.0384e-005
3.05	0.37939	0.046614	-0.17947	0	0	0	0	0	2.2004e-005
3.055	0.37935	0.046641	-0.17945	0	0	0	0	0	2.2191e-005
3.06	0.37932	0.046674	-0.17941	0	0	0	0	0	2.0122e-005
3.065	0.3793	0.046708	-0.17938	0	0	0	0	0	1.5971e-005
3.07	0.37928	0.046737	-0.17934	0	0	0	0	0	1.0558e-005
3.075	0.37928	0.046765	-0.17929	0	0	0	0	0	5.0333e-006
3.08	0.37928	0.046793	-0.17926	0	0	0	0	0	6.5383e-007
3.085	0.37928	0.046817	-0.17923	0	0	0	0	0	-1.5721e-006
3.09	0.37928	0.04683	-0.1792	0	0	0	0	0	-1.5287e-006
3.095	0.37927	0.046835	-0.17918	0	0	0	0	0	-3.5265e-007
3.1	0.37927	0.046839	-0.17917	0	0	0	0	0	2.4393e-007
3.105	0.37926	0.046842	-0.17917	0	0	0	0	0	-6.2103e-007
3.11	0.37925	0.046841	-0.17917	0	0	0	0	0	-2.2144e-006
3.115	0.37923	0.046837	-0.17918	0	0	0	0	0	-3.0441e-006
3.12	0.37922	0.04683	-0.1792	0	0	0	0	0	-2.3143e-006
3.125	0.37921	0.04682	-0.17923	0	0	0	0	0	-4.5704e-007
3.13	0.3792	0.046813	-0.17926	0	0	0	0	0	1.2583e-006
3.135	0.37918	0.046807	-0.1793	0	0	0	0	0	1.6292e-006
3.14	0.37916	0.046802	-0.17933	0	0	0	0	0	5.2903e-007
3.145	0.37914	0.046797	-0.17936	0	0	0	0	0	-7.6987e-007
3.15	0.37912	0.046791	-0.17939	0	0	0	0	0	-3.3291e-007
3.155	0.37909	0.046788	-0.17941	0	0	0	0	0	3.0292e-006
3.16	0.37907	0.046792	-0.17944	0	0	0	0	0	8.6157e-006
3.165	0.37904	0.046799	-0.17946	0	0	0	0	0	1.4045e-005
3.17	0.37902	0.046809	-0.17949	0	0	0	0	0	1.7119e-005
3.175	0.37899	0.04682	-0.17949	0	0	0	0	0	1.7777e-005
3.18	0.37895	0.046833	-0.17948	0	0	0	0	0	1.7694e-005
3.185	0.37892	0.046853	-0.17947	0	0	0	0	0	1.7992e-005
3.19	0.37891	0.046872	-0.17945	0	0	0	0	0	1.8416e-005
3.195	0.3789	0.046889	-0.17943	0	0	0	0	0	1.863e-005
3.2	0.37891	0.046913	-0.17939	0	0	0	0	0	1.8932e-005
3.205	0.37893	0.046942	-0.17934	0	0	0	0	0	1.9665e-005
3.21	0.37897	0.046974	-0.17926	0	0	0	0	0	2.1144e-005
3.215	0.37901	0.047016	-0.17918	0	0	0	0	0	2.4009e-005
3.22	0.37906	0.047068	-0.17909	0	0	0	0	0	2.8772e-005
3.225	0.37912	0.047127	-0.17899	0	0	0	0	0	3.5391e-005
3.23	0.37918	0.04719	-0.17888	0	0	0	0	0	4.3869e-005
3.235	0.37923	0.047262	-0.17875	0	0	0	0	0	5.4356e-005
3.24	0.37927	0.047348	-0.17859	0	0	0	0	0	6.5988e-005
3.245	0.37928	0.047453	-0.17841	0	0	0	0	0	7.6855e-005
3.25	0.37926	0.047578	-0.17822	0	0	0	0	0	8.6033e-005
3.255	0.37923	0.047724	-0.17801	0	0	0	0	0	9.5092e-005
3.26	0.37919	0.047883	-0.17777	0	0	0	0	0	0.0001074
3.265	0.37912	0.048049	-0.17752	0	0	0	0	0	0.00012465
3.27	0.37915	0.048285	-0.17732	0	0	0	0	0	0.00014508
3.275	0.37896	0.048416	-0.17705	0	0	0	0	0	0.00016648
3.28	0.37885	0.048629	-0.17684	0	0	0	0	0	0.0001837
3.285	0.37877	0.048876	-0.17664	0	0	0	0	0	0.00018506
3.29	0.37863	0.049053	-0.1764	0	0	0	0	0	0.00016759
3.295	0.37852	0.049219	-0.17617	0	0	0	0	0	0.00014341
3.3	0.37851	0.049434	-0.17598	0	0	0	0	0	0.00011914
3.305	0.37854	0.049655	-0.17579	0	0	0	0	0	8.8168e-005
3.31	0.37854	0.049826	-0.17559	0	0	0	0	0	5.0094e-005
3.315	0.37857	0.049949	-0.17538	0	0	0	0	0	2.0197e-005
3.32	0.37866	0.050059	-0.17517	0	0	0	0	0	1.2389e-005
3.325	0.37878	0.050176	-0.17499	0	0	0	0	0	2.2263e-005
3.33	0.37891	0.050279	-0.17483	0	0	0	0	0	3.3832e-005
3.335	0.37904	0.05037	-0.17468	0	0	0	0	0	3.7075e-005
3.34	0.37915	0.050452	-0.17454	0	0	0	0	0	3.3813e-005
3.345	0.37924	0.05052	-0.17439	0	0	0	0	0	3.2091e-005
3.35	0.37928	0.050574	-0.17425	0	0	0	0	0	3.9744e-005
3.355	0.37927	0.050607	-0.17412	0	0	0	0	0	5.7762e-005
3.36	0.37919	0.050621	-0.174	0	0	0	0	0	7.5042e-005
3.365	0.37911	0.050625	-0.17389	0	0	0	0	0	7.5534e-005
3.37	0.37912	0.050632	-0.17378	0	0	0	0	0	5.5265e-005
3.375	0.3792	0.050647	-0.17367	0	0	0	0	0	2.6877e-005
3.38	0.3793	0.050651	-0.17357	0	0	0	0	0	5.2529e-006
3.385	0.37939	0.050644	-0.17349	0	0	0	0	0	-5.3949e-006
3.39	0.37948	0.050629	-0.17342	0	0	0	0	0	-9.6735e-006
3.395	0.37954	0.050606	-0.17337	0	0	0	0	0	-1.2528e-005
3.4	0.37959	0.050583	-0.17335	0	0	0	0	0	-1.4996e-005
3.405	0.37961	0.050563	-0.17337	0	0	0	0	0	-1.5652e-005
3.41	0.37961	0.050543	-0.17341	0	0	0	0	0	-1.3549e-005
3.415	0.37959	0.050519	-0.17345	0	0	0	0	0	-9.3126e-006
3.42	0.37959	0.050499	-0.17348	0	0	0	0	0	-4.6203e-006
3.425	0.3796	0.050483	-0.17349	0	0	0	0	0	-1.4924e-006
3.43	0.37961	0.050473	-0.17349	0	0	0	0	0	-1.5097e-006
3.435	0.37962	0.050458	-0.17348	0	0	0	0	0	-5.0404e-006
3.44	0.37962	0.050435	-0.17349	0	0	0	0	0	-1.1489e-005
3.445	0.37962	0.050401	-0.17351	0	0	0	0	0	-2.0528e-005
3.45	0.37962	0.050361	-0.17355	0	0	0	0	0	-3.2026e-005
3.455	0.37962	0.050294	-0.1736	0	0	0	0	0	-4.4303e-005
3.46	0.37962	0.050193	-0.17367	0	0	0	0	0	-5.3997e-005
3.465	0.37967	0.050077	-0.17376	0	0	0	0	0	-5.9504e-005
3.47	0.37975	0.049957	-0.17389	0	0	0	0	0	-6.3802e-005
3.475	0.37985	0.04984	-0.17403	0	0	0	0	0	-7.1959e-005
3.48	0.37993	0.049698	-0.17416	0	0	0	0	0	-8.416e-005
3.485	0.37997	0.049524	-0.17428	0	0	0	0	0	-9.2212e-005
3.49	0.38001	0.049345	-0.1744	0	0	0	0	0	-8.6597e-005
3.495	0.38011	0.049215	-0.17453	0	0	0	0	0	-6.781e-005
3.5	0.38022	0.049125	-0.17466	0	0	0	0	0	-4.7556e-005
3.505	0.38033	0.049055	-0.17478	0	0	0	0	0	-3.7958e-005
3.51	0.38039	0.048987	-0.17488	0	0	0	0	0	-4.1746e-005
3.515	0.38041	0.048912	-0.17495	0	0	0	0	0	-5.249e-005
3.52	0.3804	0.048825	-0.175	0	0	0	0	0	-6.1482e-005
3.525	0.38039	0.048741	-0.17505	0	0	0	0	0	-6.3649e-005
3.53	0.38039	0.048665	-0.17511	0	0	0	0	0	-5.8674e-005
3.535	0.38038	0.048599	-0.17517	0	0	0	0	0	-4.8985e-005
3.54	0.38039	0.048533	-0.17524	0	0	0	0	0	-3.8064e-005
3.545	0.38043	0.04847	-0.17534	0	0	0	0	0	-2.9989e-005
3.55	0.38048	0.048411	-0.17544	0	0	0	0	0	-2.9688e-005
3.555	0.38053	0.048342	-0.17556	0	0	0	0	0	-3.9987e-005
3.56	0.38056	0.048262	-0.17567	0	0	0	0	0	-5.6001e-005
3.565	0.38041	0.048136	-0.17571	0	0	0	0	0	-6.5173e-005
3.57	0.38041	0.048056	-0.17581	0	0	0	0	0	-6.0728e-005
3.575	0.38048	0.047998	-0.17595	0	0	0	0	0	-4.9449e-005
3.58	0.38041	0.047912	-0.17603	0	0	0	0	0	-3.8604e-005
3.585	0.38041	0.047846	-0.17614	0	0	0	0	0	-2.7173e-005
3.59	0.38042	0.047802	-0.17625	0	0	0	0	0	-1.4963e-005
3.595	0.38045	0.047761	-0.17636	0	0	0	0	0	-7.7363e-006
3.6	0.38048	0.047718	-0.17647	0	0	0	0	0	-1.1596e-005
3.605	0.38053	0.047681	-0.17658	0	0	0	0	0	-2.5593e-005
3.61	0.38042	0.047551	-0.17661	0	0	0	0	0	-3.8761e-005
3.615	0.38043	0.047498	-0.1767	0	0	0	0	0	-4.0719e-005
3.62	0.38044	0.047454	-0.17678	0	0	0	0	0	-3.3535e-005
3.625	0.38046	0.047415	-0.17684	0	0	0	0	0	-2.5616e-005
3.63	0.38048	0.047379	-0.1769	0	0	0	0	0	-2.0837e-005
3.635	0.3805	0.047353	-0.17693	0	0	0	0	0	-1.883e-005
3.64	0.38052	0.047332	-0.17696	0	0	0	0	0	-1.8481e-005
3.645	0.38052	0.047313	-0.17697	0	0	0	0	0	-1.8535e-005
3.65	0.38053	0.047296	-0.17697	0	0	0	0	0	-1.7675e-005
3.655	0.38053	0.047281	-0.17698	0	0	0	0	0	-1.5249e-005
3.66	0.38053	0.047268	-0.17699	0	0	0	0	0	-1.1692e-005
3.665	0.38053	0.047257	-0.177	0	0	0	0	0	-8.007e-006
3.67	0.38052	0.047246	-0.17701	0	0	0	0	0	-5.0352e-006
3.675	0.3805	0.047233	-0.17702	0	0	0	0	0	-3.2272e-006
3.68	0.38049	0.04722	-0.17704	0	0	0	0	0	-2.7768e-006
3.685	0.38047	0.047201	-0.17706	0	0	0	0	0	-3.5949e-006
3.69	0.38045	0.047178	-0.17709	0	0	0	0	0	-5.2512e-006
3.695	0.38044	0.047154	-0.17713	0	0	0	0	0	-7.3438e-006
3.7	0.38042	0.047129	-0.17717	0	0	0	0	0	-9.7489e-006
3.705	0.38041	0.047102	-0.17722	0	0	0	0	0	-1.2257e-005
3.71	0.38041	0.047071	-0.17727	0	0	0	0	0	-1.422e-005
3.715	0.38041	0.047038	-0.17732	0	0	0	0	0	-1.4841e-005
3.72	0.38041	0.047006	-0.17737	0	0	0	0	0	-1.3878e-005
3.725	0.3804	0.046975	-0.17743	0	0	0	0	0	-1.185e-005
3.73	0.38038	0.046948	-0.17748	0	0	0	0	0	-9.5244e-006
3.735	0.38037	0.046931	-0.17752	0	0	0	0	0	-7.4531e-006
3.74	0.38036	0.046917	-0.17756	0	0	0	0	0	-5.7946e-006
3.745	0.38035	0.04691	-0.17759	0	0	0	0	0	-4.4054e-006
3.75	0.38034	0.046904	-0.17761	0	0	0	0	0	-3.29e-006
3.755	0.38033	0.046897	-0.17762	0	0	0	0	0	-2.5628e-006
3.76	0.38032	0.046896	-0.17762	0	0	0	0	0	-2.1433e-006
3.765	0.38031	0.046897	-0.17763	0	0	0	0	0	-1.9487e-006
3.77	0.38031	0.046902	-0.17762	0	0	0	0	0	-1.874e-006
3.775	0.38031	0.046909	-0.17761	0	0	0	0	0	-1.6916e-006
3.78	0.38032	0.046916	-0.17759	0	0	0	0	0	-1.4721e-006
3.785	0.38032	0.046924	-0.17757	0	0	0	0	0	-1.5985e-006
3.79	0.38032	0.046931	-0.17755	0	0	0	0	0	-2.1148e-006
3.795	0.38032	0.046936	-0.17753	0	0	0	0	0	-2.779e-006
3.8	0.38032	0.046939	-0.17752	0	0	0	0	0	-3.719e-006
3.805	0.38031	0.046941	-0.17751	0	0	0	0	0	-5.2806e-006
3.81	0.38031	0.04694	-0.17751	0	0	0	0	0	-7.2074e-006
3.815	0.3803	0.046934	-0.17751	0	0	0	0	0	-8.2451e-006
3.82	0.38029	0.046933	-0.17752	0	0	0	0	0	-7.0281e-006
3.825	0.38028	0.046938	-0.17752	0	0	0	0	0	-3.7001e-006
3.83	0.38028	0.046951	-0.17753	0	0	0	0	0	1.0965e-007
3.835	0.38026	0.046967	-0.17752	0	0	0	0	0	3.234e-006
3.84	0.38024	0.046985	-0.1775	0	0	0	0	0	5.9093e-006
3.845	0.38023	0.047009	-0.17748	0	0	0	0	0	8.4852e-006
3.85	0.38022	0.047037	-0.17747	0	0	0	0	0	1.0448e-005
3.855	0.38021	0.047063	-0.17744	0	0	0	0	0	1.1255e-005
3.86	0.3802	0.04708	-0.17742	0	0	0	0	0	1.1094e-005
3.865	0.38019	0.047093	-0.1774	0	0	0	0	0	1.038e-005
3.87	0.38018	0.047108	-0.17738	0	0	0	0	0	9.0542e-006
3.875	0.38017	0.04712	-0.17737	0	0	0	0	0	6.9516e-006
3.88	0.38016	0.047129	-0.17735	0	0	0	0	0	4.2363e-006
3.885	0.38014	0.047135	-0.17734	0	0	0	0	0	1.2129e-006
3.89	0.38012	0.047134	-0.17733	0	0	0	0	0	-1.8532e-006
3.895	0.3801	0.047131	-0.17732	0	0	0	0	0	-4.4759e-006
3.9	0.38008	0.047128	-0.17732	0	0	0	0	0	-6.1522e-006
3.905	0.38006	0.047122	-0.17732	0	0	0	0	0	-6.987e-006
3.91	0.38003	0.047113	-0.17733	0	0	0	0	0	-7.5548e-006
3.915	0.38	0.047099	-0.17735	0	0	0	0	0	-8.1469e-006
3.92	0.37998	0.047083	-0.17738	0	0	0	0	0	-8.5807e-006
3.925	0.37996	0.047063	-0.17741	0	0	0	0	0	-8.5963e-006
3.93	0.37994	0.047041	-0.17745	0	0	0	0	0	-8.3108e-006
3.935	0.37993	0.047013	-0.1775	0	0	0	0	0	-8.3295e-006
3.94	0.37992	0.046982	-0.17754	0	0	0	0	0	-9.1175e-006
3.945	0.37991	0.046947	-0.1776	0	0	0	0	0	-1.0381e-005
3.95	0.3799	0.04691	-0.17766	0	0	0	0	0	-1.1492e-005
3.955	0.37989	0.046876	-0.17772	0	0	0	0	0	-1.2331e-005
3.96	0.37988	0.04684	-0.17779	0	0	0	0	0	-1.3202e-005
3.965	0.37987	0.046802	-0.17787	0	0	0	0	0	-1.4151e-005
3.97	0.37985	0.046764	-0.17794	0	0	0	0	0	-1.4986e-005
3.975	0.37984	0.04673	-0.17802	0	0	0	0	0	-1.5871e-005
3.98	0.37982	0.046696	-0.1781	0	0	0	0	0	-1.7252e-005
3.985	0.3798	0.046657	-0.17818	0	0	0	0	0	-1.8966e-005
3.99	0.37978	0.046618	-0.17825	0	0	0	0	0	-1.9822e-005
3.995	0.37976	0.046582	-0.17831	0	0	0	0	0	-1.8639e-005
4	0.37975	0.046548	-0.17837	0	0	0	0	0	-1.5507e-005
4.005	0.37974	0.046522	-0.17842	0	0	0	0	0	-1.172e-005
4.01	0.37973	0.046498	-0.17846	0	0	0	0	0	-8.78e-006
4.015	0.37973	0.046481	-0.17849	0	0	0	0	0	-7.553e-006
4.02	0.37972	0.046466	-0.17851	0	0	0	0	0	-7.8402e-006
4.025	0.37971	0.046451	-0.17853	0	0	0	0	0	-8.7395e-006
4.03	0.37971	0.046436	-0.17855	0	0	0	0	0	-9.7158e-006
4.035	0.3797	0.04642	-0.17856	0	0	0	0	0	-1.0899e-005
4.04	0.3797	0.0464	-0.17858	0	0	0	0	0	-1.2336e-005
4.045	0.3797	0.04638	-0.17861	0	0	0	0	0	-1.3715e-005
4.05	0.3797	0.046357	-0.17864	0	0	0	0	0	-1.4798e-005
4.055	0.3797	0.04633	-0.17868	0	0	0	0	0	-1.5718e-005
4.06	0.37971	0.046302	-0.17873	0	0	0	0	0	-1.6788e-005
4.065	0.37971	0.046267	-0.17879	0	0	0	0	0	-1.7862e-005
4.07	0.37971	0.046225	-0.17885	0	0	0	0	0	-1.8441e-005
4.075	0.37971	0.046187	-0.17893	0	0	0	0	0	-1.8806e-005
4.08	0.3797	0.046149	-0.17902	0	0	0	0	0	-1.9896e-005
4.085	0.37969	0.046108	-0.1791	0	0	0	0	0	-2.1778e-005
4.09	0.37967	0.046059	-0.17918	0	0	0	0	0	-2.3468e-005
4.095	0.37966	0.046012	-0.17927	0	0	0	0	0	-2.4228e-005
4.1	0.37963	0.045965	-0.17935	0	0	0	0	0	-2.3959e-005
4.105	0.3796	0.045916	-0.17943	0	0	0	0	0	-2.2602e-005
4.11	0.37958	0.045875	-0.17952	0	0	0	0	0	-2.0317e-005
4.115	0.37958	0.04584	-0.17961	0	0	0	0	0	-1.7801e-005
4.12	0.37957	0.045803	-0.17969	0	0	0	0	0	-1.55e-005
4.125	0.37957	0.045771	-0.17976	0	0	0	0	0	-1.3248e-005
4.13	0.37957	0.045744	-0.17983	0	0	0	0	0	-1.0954e-005
4.135	0.37957	0.045721	-0.17988	0	0	0	0	0	-8.7398e-006
4.14	0.37957	0.045706	-0.17991	0	0	0	0	0	-6.6203e-006
4.145	0.37957	0.045693	-0.17994	0	0	0	0	0	-4.7456e-006
4.15	0.37956	0.045683	-0.17996	0	0	0	0	0	-3.6666e-006
4.155	0.37957	0.045678	-0.17998	0	0	0	0	0	-3.8032e-006
4.16	0.37956	0.045671	-0.17999	0	0	0	0	0	-4.843e-006
4.165	0.37956	0.045664	-0.18	0	0	0	0	0	-6.1518e-006
4.17	0.37956	0.045662	-0.18001	0	0	0	0	0	-7.4892e-006
4.175	0.37957	0.045658	-0.18001	0	0	0	0	0	-8.8589e-006
4.18	0.37958	0.045657	-0.18001	0	0	0	0	0	-1.0204e-005
4.185	0.37959	0.045655	-0.18002	0	0	0	0	0	-1.1552e-005
4.19	0.3796	0.045651	-0.18003	0	0	0	0	0	-1.2844e-005
4.195	0.37961	0.045644	-0.18004	0	0	0	0	0	-1.368e-005
4.2	0.37963	0.045638	-0.18006	0	0	0	0	0	-1.3683e-005
4.205	0.37964	0.045631	-0.18007	0	0	0	0	0	-1.2912e-005
4.21	0.37965	0.045624	-0.18009	0	0	0	0	0	-1.1728e-005
4.215	0.37966	0.045617	-0.18012	0	0	0	0	0	-1.0477e-005
4.22	0.37967	0.045611	-0.18015	0	0	0	0	0	-9.4869e-006
4.225	0.37968	0.045603	-0.18018	0	0	0	0	0	-9.0319e-006
4.23	0.37969	0.045594	-0.18021	0	0	0	0	0	-8.9762e-006
4.235	0.37969	0.045579	-0.18023	0	0	0	0	0	-8.7019e-006
4.24	0.3797	0.045566	-0.18027	0	0	0	0	0	-7.798e-006
4.245	0.3797	0.045553	-0.1803	0	0	0	0	0	-6.5897e-006
4.25	0.37971	0.045541	-0.18033	0	0	0	0	0	-5.6627e-006
4.255	0.37971	0.045527	-0.18036	0	0	0	0	0	-5.1432e-006
4.26	0.37972	0.045515	-0.18039	0	0	0	0	0	-4.7776e-006
4.265	0.37972	0.045505	-0.18041	0	0	0	0	0	-4.4717e-006
4.27	0.37973	0.045498	-0.18044	0	0	0	0	0	-4.374e-006
4.275	0.37974	0.045491	-0.18045	0	0	0	0	0	-4.5624e-006
4.28	0.37975	0.045482	-0.18046	0	0	0	0	0	-4.9822e-006
4.285	0.37975	0.045474	-0.18047	0	0	0	0	0	-5.5801e-006
4.29	0.37975	0.045469	-0.18047	0	0	0	0	0	-6.2212e-006
4.295	0.37976	0.045465	-0.18047	0	0	0	0	0	-6.5658e-006
4.3	0.37977	0.045463	-0.18048	0	0	0	0	0	-6.2451e-006
4.305	0.37977	0.04546	-0.18047	0	0	0	0	0	-5.1879e-006
4.31	0.37977	0.045457	-0.18047	0	0	0	0	0	-3.7795e-006
4.315	0.37977	0.04545	-0.18047	0	0	0	0	0	-2.5768e-006
4.32	0.37977	0.045443	-0.18047	0	0	0	0	0	-1.8851e-006
4.325	0.37977	0.045436	-0.18047	0	0	0	0	0	-1.753e-006
4.33	0.37976	0.045424	-0.18048	0	0	0	0	0	-1.9118e-006
4.335	0.37975	0.045407	-0.18048	0	0	0	0	0	-1.6549e-006
4.34	0.37973	0.045392	-0.18049	0	0	0	0	0	-5.0597e-007
4.345	0.37972	0.04538	-0.18051	0	0	0	0	0	1.0042e-006
4.35	0.37971	0.045372	-0.18053	0	0	0	0	0	1.8262e-006
4.355	0.3797	0.04536	-0.18054	0	0	0	0	0	1.7856e-006
4.36	0.37968	0.045348	-0.18054	0	0	0	0	0	1.8739e-006
4.365	0.37966	0.045337	-0.18055	0	0	0	0	0	2.8216e-006
4.37	0.37965	0.045332	-0.18055	0	0	0	0	0	4.1664e-006
4.375	0.37963	0.04533	-0.18055	0	0	0	0	0	4.9242e-006
4.38	0.37961	0.045325	-0.18055	0	0	0	0	0	4.5314e-006
4.385	0.37959	0.04532	-0.18054	0	0	0	0	0	3.3569e-006
4.39	0.37957	0.045312	-0.18053	0	0	0	0	0	2.5867e-006
4.395	0.37955	0.045306	-0.18052	0	0	0	0	0	3.1312e-006
4.4	0.37954	0.045302	-0.18051	0	0	0	0	0	4.6681e-006
4.405	0.37953	0.045298	-0.18051	0	0	0	0	0	6.1901e-006
4.41	0.37951	0.045293	-0.1805	0	0	0	0	0	7.0741e-006
4.415	0.3795	0.045283	-0.18049	0	0	0	0	0	7.2373e-006
4.42	0.37948	0.04527	-0.18049	0	0	0	0	0	6.86e-006
4.425	0.37946	0.04526	-0.18047	0	0	0	0	0	6.2425e-006
4.43	0.37944	0.045257	-0.18046	0	0	0	0	0	5.5132e-006
4.435	0.37942	0.045255	-0.18044	0	0	0	0	0	4.5195e-006
4.44	0.3794	0.045252	-0.18042	0	0	0	0	0	3.3484e-006
4.445	0.37938	0.045248	-0.18039	0	0	0	0	0	2.7009e-006
4.45	0.37937	0.045245	-0.18037	0	0	0	0	0	3.2711e-006
4.455	0.37936	0.045246	-0.18034	0	0	0	0	0	4.9021e-006
4.46	0.37935	0.045243	-0.18032	0	0	0	0	0	6.7091e-006
4.465	0.37933	0.045241	-0.1803	0	0	0	0	0	7.9067e-006
4.47	0.37931	0.045238	-0.18027	0	0	0	0	0	8.4638e-006
4.475	0.37929	0.045233	-0.18026	0	0	0	0	0	8.9374e-006
4.48	0.37927	0.045228	-0.18025	0	0	0	0	0	9.4639e-006
4.485	0.37925	0.045218	-0.18025	0	0	0	0	0	9.4208e-006
4.49	0.37923	0.045204	-0.18026	0	0	0	0	0	8.4747e-006
4.495	0.37921	0.045189	-0.18027	0	0	0	0	0	7.1419e-006
4.5	0.37919	0.045173	-0.18029	0	0	0	0	0	5.9795e-006
4.505	0.37917	0.045157	-0.18031	0	0	0	0	0	4.984e-006
4.51	0.37916	0.045148	-0.18034	0	0	0	0	0	4.0484e-006
4.515	0.37915	0.045138	-0.18035	0	0	0	0	0	3.4595e-006
4.52	0.37915	0.045126	-0.18037	0	0	0	0	0	3.5323e-006
4.525	0.37915	0.045117	-0.18038	0	0	0	0	0	3.9487e-006
4.53	0.37916	0.045107	-0.18038	0	0	0	0	0	3.9146e-006
4.535	0.37917	0.0451	-0.18039	0	0	0	0	0	2.9231e-006
4.54	0.37917	0.045095	-0.1804	0	0	0	0	0	1.2311e-006
4.545	0.37917	0.045085	-0.18039	0	0	0	0	0	-4.7755e-007
4.55	0.37917	0.045076	-0.1804	0	0	0	0	0	-2.0078e-006
4.555	0.37918	0.045071	-0.1804	0	0	0	0	0	-3.6672e-006
4.56	0.37918	0.045066	-0.1804	0	0	0	0	0	-5.4357e-006
4.565	0.37919	0.04506	-0.18041	0	0	0	0	0	-7.105e-006
4.57	0.3792	0.045053	-0.18042	0	0	0	0	0	-8.6223e-006
4.575	0.3792	0.045044	-0.18043	0	0	0	0	0	-9.5449e-006
4.58	0.37922	0.045038	-0.18044	0	0	0	0	0	-9.0997e-006
4.585	0.37923	0.045031	-0.18046	0	0	0	0	0	-7.1723e-006
4.59	0.37925	0.045025	-0.18048	0	0	0	0	0	-4.759e-006
4.595	0.37927	0.045018	-0.1805	0	0	0	0	0	-3.272e-006
4.6	0.37927	0.045008	-0.18052	0	0	0	0	0	-3.1774e-006
4.605	0.37928	0.044997	-0.18054	0	0	0	0	0	-3.7329e-006
4.61	0.37929	0.044989	-0.18057	0	0	0	0	0	-4.3862e-006
4.615	0.37931	0.04498	-0.18059	0	0	0	0	0	-5.3147e-006
4.62	0.37931	0.044968	-0.18062	0	0	0	0	0	-6.4631e-006
4.625	0.37933	0.044953	-0.18064	0	0	0	0	0	-7.4386e-006
4.63	0.37934	0.044941	-0.18067	0	0	0	0	0	-8.305e-006
4.635	0.37936	0.044933	-0.18069	0	0	0	0	0	-9.3195e-006
4.64	0.37938	0.044931	-0.18071	0	0	0	0	0	-1.0189e-005
4.645	0.3794	0.044928	-0.18073	0	0	0	0	0	-1.0408e-005
4.65	0.37943	0.044925	-0.18075	0	0	0	0	0	-9.9564e-006
4.655	0.37946	0.04492	-0.18077	0	0	0	0	0	-9.3259e-006
4.66	0.37949	0.044914	-0.18079	0	0	0	0	0	-9.1511e-006
4.665	0.37951	0.044908	-0.18081	0	0	0	0	0	-9.7279e-006
4.67	0.37952	0.044899	-0.18082	0	0	0	0	0	-1.064e-005
4.675	0.37954	0.044891	-0.18084	0	0	0	0	0	-1.1094e-005
4.68	0.37957	0.044886	-0.18086	0	0	0	0	0	-1.0633e-005
4.685	0.37959	0.044879	-0.18088	0	0	0	0	0	-9.3309e-006
4.69	0.3796	0.044871	-0.1809	0	0	0	0	0	-7.8573e-006
4.695	0.37963	0.044869	-0.18093	0	0	0	0	0	-7.4062e-006
4.7	0.37966	0.044864	-0.18096	0	0	0	0	0	-8.4781e-006
4.705	0.37967	0.044855	-0.18098	0	0	0	0	0	-9.8956e-006
4.71	0.37969	0.044846	-0.181	0	0	0	0	0	-1.0132e-005
4.715	0.37972	0.044839	-0.18103	0	0	0	0	0	-9.2498e-006
4.72	0.37975	0.044835	-0.18106	0	0	0	0	0	-8.6042e-006
4.725	0.37978	0.044829	-0.18109	0	0	0	0	0	-8.9735e-006
4.73	0.3798	0.044819	-0.1811	0	0	0	0	0	-9.7578e-006
4.735	0.37982	0.044811	-0.18112	0	0	0	0	0	-1.016e-005
4.74	0.37985	0.044812	-0.18114	0	0	0	0	0	-1.0382e-005
4.745	0.37988	0.044817	-0.18116	0	0	0	0	0	-1.1012e-005
4.75	0.3799	0.04482	-0.18118	0	0	0	0	0	-1.1889e-005
4.755	0.37992	0.044822	-0.18119	0	0	0	0	0	-1.2301e-005
4.76	0.37994	0.044822	-0.1812	0	0	0	0	0	-1.1936e-005
4.765	0.37996	0.044827	-0.18122	0	0	0	0	0	-1.1248e-005
4.77	0.37998	0.04483	-0.18123	0	0	0	0	0	-1.081e-005
4.775	0.38	0.044834	-0.18125	0	0	0	0	0	-1.0382e-005
4.78	0.38001	0.044837	-0.18126	0	0	0	0	0	-9.2064e-006
4.785	0.38003	0.044839	-0.18128	0	0	0	0	0	-7.138e-006
4.79	0.38005	0.044838	-0.1813	0	0	0	0	0	-4.7919e-006
4.795	0.38006	0.044835	-0.18132	0	0	0	0	0	-2.8808e-006
4.8	0.38008	0.044833	-0.18134	0	0	0	0	0	-1.8769e-006
4.805	0.38009	0.044832	-0.18136	0	0	0	0	0	-1.8261e-006
4.81	0.3801	0.044829	-0.18139	0	0	0	0	0	-2.1184e-006
4.815	0.38011	0.044821	-0.18141	0	0	0	0	0	-1.9559e-006
4.82	0.38012	0.044819	-0.18143	0	0	0	0	0	-1.3357e-006
4.825	0.38014	0.044822	-0.18145	0	0	0	0	0	-9.6306e-007
4.83	0.38015	0.044822	-0.18147	0	0	0	0	0	-1.095e-006
4.835	0.38015	0.04482	-0.18149	0	0	0	0	0	-1.1064e-006
4.84	0.38017	0.044814	-0.1815	0	0	0	0	0	-1.7645e-007
4.845	0.38018	0.044809	-0.18151	0	0	0	0	0	1.7249e-006
4.85	0.38019	0.044809	-0.18152	0	0	0	0	0	3.6699e-006
4.855	0.3802	0.044807	-0.18151	0	0	0	0	0	4.8982e-006
4.86	0.38021	0.044806	-0.18151	0	0	0	0	0	5.5482e-006
4.865	0.38022	0.044807	-0.18151	0	0	0	0	0	6.1575e-006
4.87	0.38023	0.044804	-0.1815	0	0	0	0	0	7.137e-006
4.875	0.38023	0.044798	-0.18148	0	0	0	0	0	8.3491e-006
4.88	0.38024	0.044796	-0.18147	0	0	0	0	0	9.0052e-006
4.885	0.38025	0.044796	-0.18146	0	0	0	0	0	8.5792e-006
4.89	0.38024	0.044795	-0.18144	0	0	0	0	0	7.5402e-006
4.895	0.38024	0.044792	-0.18143	0	0	0	0	0	6.7653e-006
4.9	0.38024	0.044791	-0.18142	0	0	0	0	0	6.6465e-006
4.905	0.38023	0.044787	-0.18141	0	0	0	0	0	7.0677e-006
4.91	0.38023	0.044789	-0.18139	0	0	0	0	0	7.7199e-006
4.915	0.38024	0.044798	-0.18139	0	0	0	0	0	8.16e-006
4.92	0.38024	0.044803	-0.18138	0	0	0	0	0	8.2111e-006
4.925	0.38024	0.044804	-0.18136	0	0	0	0	0	8.2964e-006
4.93	0.38025	0.044807	-0.18135	0	0	0	0	0	8.8979e-006
4.935	0.38025	0.044809	-0.18135	0	0	0	0	0	1.0097e-005
4.94	0.38025	0.04481	-0.18134	0	0	0	0	0	1.18e-005
4.945	0.38024	0.04481	-0.18133	0	0	0	0	0	1.3862e-005
4.95	0.38024	0.044813	-0.18133	0	0	0	0	0	1.6014e-005
4.955	0.38022	0.044811	-0.18134	0	0	0	0	0	1.8145e-005
4.96	0.3802	0.044805	-0.18135	0	0	0	0	0	2.0322e-005
4.965	0.38018	0.044793	-0.18137	0	0	0	0	0	2.23e-005
4.97	0.38016	0.044778	-0.18139	0	0	0	0	0	2.3487e-005
4.975	0.38013	0.044763	-0.18141	0	0	0	0	0	2.3414e-005
4.98	0.3801	0.044741	-0.18144	0	0	0	0	0	2.1851e-005
4.985	0.38007	0.044722	-0.18147	0	0	0	0	0	1.8556e-005
4.99	0.38006	0.044706	-0.1815	0	0	0	0	0	1.3331e-005
4.995	0.38004	0.044687	-0.18153	0	0	0	0	0	6.6811e-006
