0.005	-0.48005	0.29978	-0.19301	0	0	0	0	0	-6.7788e-005
0.01	-0.48003	0.29977	-0.193	0	0	0	0	0	-6.629e-005
0.015	-0.48	0.29976	-0.19298	0	0	0	0	0	-6.6719e-005
0.02	-0.47998	0.29975	-0.19296	0	0	0	0	0	-6.8658e-005
0.025	-0.47995	0.29974	-0.19295	0	0	0	0	0	-6.8724e-005
0.03	-0.47992	0.29974	-0.19294	0	0	0	0	0	-6.5534e-005
0.035	-0.4799	0.29973	-0.19292	0	0	0	0	0	-6.3215e-005
0.04	-0.47988	0.29973	-0.19291	0	0	0	0	0	-6.4764e-005
0.045	-0.47984	0.29973	-0.1929	0	0	0	0	0	-6.5668e-005
0.05	-0.47982	0.29973	-0.19289	0	0	0	0	0	-6.1578e-005
0.055	-0.4798	0.29973	-0.19287	0	0	0	0	0	-5.5949e-005
0.06	-0.47978	0.29972	-0.19287	0	0	0	0	0	-5.369e-005
0.065	-0.47976	0.29973	-0.19285	0	0	0	0	0	-5.4416e-005
0.07	-0.47974	0.29973	-0.19285	0	0	0	0	0	-5.503e-005
0.075	-0.47972	0.29971	-0.19283	0	0	0	0	0	-5.3314e-005
0.08	-0.4797	0.29971	-0.19282	0	0	0	0	0	-4.6821e-005
0.085	-0.47968	0.29971	-0.19281	0	0	0	0	0	-3.3909e-005
0.09	-0.47968	0.29971	-0.1928	0	0	0	0	0	-1.9484e-005
0.095	-0.47968	0.29971	-0.19279	0	0	0	0	0	-1.2597e-005
0.1	-0.47967	0.29971	-0.19279	0	0	0	0	0	-1.5358e-005
0.105	-0.47966	0.29971	-0.19279	0	0	0	0	0	-2.1512e-005
0.11	-0.47965	0.2997	-0.19277	0	0	0	0	0	-2.5299e-005
0.115	-0.47964	0.29971	-0.19278	0	0	0	0	0	-2.534e-005
0.12	-0.47963	0.2997	-0.19277	0	0	0	0	0	-2.3146e-005
0.125	-0.47963	0.2997	-0.19276	0	0	0	0	0	-2.0909e-005
0.13	-0.47962	0.29969	-0.19275	0	0	0	0	0	-1.7886e-005
0.135	-0.47961	0.2997	-0.19275	0	0	0	0	0	-1.1456e-005
0.14	-0.47962	0.29971	-0.19274	0	0	0	0	0	-2.3061e-006
0.145	-0.47962	0.29971	-0.19274	0	0	0	0	0	7.1945e-006
0.15	-0.47962	0.29972	-0.19274	0	0	0	0	0	1.7214e-005
0.155	-0.47964	0.29972	-0.19273	0	0	0	0	0	2.8183e-005
0.16	-0.47965	0.29973	-0.19273	0	0	0	0	0	4.0594e-005
0.165	-0.47966	0.29973	-0.19273	0	0	0	0	0	5.6767e-005
0.17	-0.4797	0.29974	-0.19272	0	0	0	0	0	7.4197e-005
0.175	-0.47974	0.29975	-0.19272	0	0	0	0	0	8.4093e-005
0.18	-0.47977	0.29976	-0.19272	0	0	0	0	0	8.3277e-005
0.185	-0.47979	0.29977	-0.19273	0	0	0	0	0	7.8143e-005
0.19	-0.47982	0.29978	-0.19273	0	0	0	0	0	7.5271e-005
0.195	-0.47985	0.29979	-0.19273	0	0	0	0	0	7.6203e-005
0.2	-0.47988	0.29979	-0.19273	0	0	0	0	0	7.953e-005
0.205	-0.47992	0.2998	-0.19273	0	0	0	0	0	8.2465e-005
0.21	-0.47995	0.29981	-0.19273	0	0	0	0	0	8.2037e-005
0.215	-0.47998	0.29981	-0.19273	0	0	0	0	0	7.6828e-005
0.22	-0.48001	0.29981	-0.19274	0	0	0	0	0	6.781e-005
0.225	-0.48003	0.29981	-0.19275	0	0	0	0	0	5.7432e-005
0.23	-0.48005	0.29981	-0.19275	0	0	0	0	0	4.6547e-005
0.235	-0.48006	0.29981	-0.19276	0	0	0	0	0	3.2615e-005
0.24	-0.48008	0.2998	-0.19276	0	0	0	0	0	1.315e-005
0.245	-0.48007	0.2998	-0.19277	0	0	0	0	0	-7.8286e-006
0.25	-0.48006	0.2998	-0.19278	0	0	0	0	0	-2.1736e-005
0.255	-0.48005	0.29979	-0.1928	0	0	0	0	0	-2.6375e-005
0.26	-0.48004	0.29978	-0.19281	0	0	0	0	0	-2.8274e-005
0.265	-0.48004	0.29977	-0.19281	0	0	0	0	0	-3.4125e-005
0.27	-0.48002	0.29976	-0.19281	0	0	0	0	0	-4.3498e-005
0.275	-0.47999	0.29976	-0.19282	0	0	0	0	0	-5.0311e-005
0.28	-0.47998	0.29975	-0.19282	0	0	0	0	0	-5.325e-005
0.285	-0.47997	0.29974	-0.19281	0	0	0	0	0	-5.7709e-005
0.29	-0.47993	0.29972	-0.19283	0	0	0	0	0	-6.3263e-005
0.295	-0.4799	0.2997	-0.19284	0	0	0	0	0	-6.3291e-005
0.3	-0.47989	0.29968	-0.19284	0	0	0	0	0	-5.9558e-005
0.305	-0.47987	0.29966	-0.19284	0	0	0	0	0	-6.2236e-005
0.31	-0.47985	0.29964	-0.19283	0	0	0	0	0	-7.5827e-005
0.315	-0.47981	0.29963	-0.19285	0	0	0	0	0	-9.3587e-005
0.32	-0.47976	0.29961	-0.19286	0	0	0	0	0	-0.00010522
0.325	-0.47973	0.29958	-0.19286	0	0	0	0	0	-0.00010835
0.33	-0.47969	0.29956	-0.19287	0	0	0	0	0	-0.00010901
0.335	-0.47964	0.29953	-0.19288	0	0	0	0	0	-0.00011192
0.34	-0.4796	0.2995	-0.19288	0	0	0	0	0	-0.00011786
0.345	-0.47956	0.29948	-0.19289	0	0	0	0	0	-0.0001277
0.35	-0.4795	0.29945	-0.19291	0	0	0	0	0	-0.00014163
0.355	-0.47945	0.29942	-0.19291	0	0	0	0	0	-0.00015575
0.36	-0.47938	0.29941	-0.19292	0	0	0	0	0	-0.00016289
0.365	-0.47931	0.29939	-0.19294	0	0	0	0	0	-0.00015825
0.37	-0.47926	0.29937	-0.19295	0	0	0	0	0	-0.00014671
0.375	-0.47922	0.29936	-0.19295	0	0	0	0	0	-0.00014145
0.38	-0.47917	0.29935	-0.19296	0	0	0	0	0	-0.00014915
0.385	-0.47909	0.29933	-0.19298	0	0	0	0	0	-0.00015978
0.39	-0.47903	0.29931	-0.19299	0	0	0	0	0	-0.00015889
0.395	-0.47899	0.2993	-0.19299	0	0	0	0	0	-0.00014461
0.4	-0.47893	0.29929	-0.193	0	0	0	0	0	-0.00012643
0.405	-0.4789	0.29928	-0.193	0	0	0	0	0	-0.00011512
0.41	-0.47886	0.29927	-0.19301	0	0	0	0	0	-0.00011391
0.415	-0.4788	0.29926	-0.19302	0	0	0	0	0	-0.00011496
0.42	-0.47876	0.29924	-0.19303	0	0	0	0	0	-0.00010973
0.425	-0.47873	0.29924	-0.19304	0	0	0	0	0	-9.9519e-005
0.43	-0.4787	0.29923	-0.19304	0	0	0	0	0	-8.9721e-005
0.435	-0.47866	0.29921	-0.19304	0	0	0	0	0	-8.2243e-005
0.44	-0.47864	0.2992	-0.19304	0	0	0	0	0	-7.7836e-005
0.445	-0.47861	0.29919	-0.19305	0	0	0	0	0	-7.7078e-005
0.45	-0.47857	0.29918	-0.19307	0	0	0	0	0	-7.7222e-005
0.455	-0.47855	0.29918	-0.19308	0	0	0	0	0	-7.4216e-005
0.46	-0.47852	0.29918	-0.19308	0	0	0	0	0	-6.675e-005
0.465	-0.4785	0.29917	-0.19309	0	0	0	0	0	-5.6276e-005
0.47	-0.47848	0.29917	-0.19311	0	0	0	0	0	-4.494e-005
0.475	-0.47846	0.29916	-0.19312	0	0	0	0	0	-3.4451e-005
0.48	-0.47847	0.29915	-0.19312	0	0	0	0	0	-2.7073e-005
0.485	-0.47845	0.29915	-0.19314	0	0	0	0	0	-2.2979e-005
0.49	-0.47843	0.29915	-0.19315	0	0	0	0	0	-1.7405e-005
0.495	-0.47844	0.29915	-0.19316	0	0	0	0	0	-6.9819e-006
0.5	-0.47844	0.29914	-0.19317	0	0	0	0	0	5.981e-006
0.505	-0.47845	0.29914	-0.19319	0	0	0	0	0	1.6891e-005
0.51	-0.47847	0.29914	-0.1932	0	0	0	0	0	2.2498e-005
0.515	-0.47846	0.29914	-0.19321	0	0	0	0	0	2.4796e-005
0.52	-0.47847	0.29914	-0.19322	0	0	0	0	0	2.8278e-005
0.525	-0.47849	0.29915	-0.19323	0	0	0	0	0	3.2286e-005
0.53	-0.4785	0.29915	-0.19325	0	0	0	0	0	3.3222e-005
0.535	-0.47852	0.29915	-0.19326	0	0	0	0	0	3.079e-005
0.54	-0.47853	0.29914	-0.19328	0	0	0	0	0	2.8888e-005
0.545	-0.47853	0.29914	-0.19329	0	0	0	0	0	3.2147e-005
0.55	-0.47856	0.29914	-0.1933	0	0	0	0	0	3.9284e-005
0.555	-0.47858	0.29914	-0.19332	0	0	0	0	0	4.4283e-005
0.56	-0.47859	0.29915	-0.19333	0	0	0	0	0	4.7007e-005
0.565	-0.47861	0.29916	-0.19334	0	0	0	0	0	5.3932e-005
0.57	-0.47864	0.29916	-0.19335	0	0	0	0	0	6.7189e-005
0.575	-0.47868	0.29916	-0.19336	0	0	0	0	0	8.1021e-005
0.58	-0.4787	0.29917	-0.19338	0	0	0	0	0	8.7995e-005
0.585	-0.47875	0.29917	-0.19338	0	0	0	0	0	8.2587e-005
0.59	-0.47877	0.29917	-0.19339	0	0	0	0	0	6.4206e-005
0.595	-0.47878	0.29917	-0.19341	0	0	0	0	0	4.1563e-005
0.6	-0.47879	0.29917	-0.19342	0	0	0	0	0	2.6018e-005
0.605	-0.4788	0.29918	-0.19342	0	0	0	0	0	2.0281e-005
0.61	-0.47881	0.29919	-0.19343	0	0	0	0	0	2.0708e-005
0.615	-0.47881	0.2992	-0.19345	0	0	0	0	0	2.5837e-005
0.62	-0.47883	0.2992	-0.19346	0	0	0	0	0	3.5099e-005
0.625	-0.47885	0.2992	-0.19347	0	0	0	0	0	4.3173e-005
0.63	-0.47887	0.2992	-0.19347	0	0	0	0	0	4.265e-005
0.635	-0.47889	0.29919	-0.19347	0	0	0	0	0	3.2336e-005
0.64	-0.47888	0.2992	-0.19348	0	0	0	0	0	2.0539e-005
0.645	-0.47888	0.2992	-0.19349	0	0	0	0	0	1.6519e-005
0.65	-0.4789	0.2992	-0.19348	0	0	0	0	0	1.8011e-005
0.655	-0.47891	0.2992	-0.19348	0	0	0	0	0	1.4401e-005
0.66	-0.47891	0.29921	-0.19348	0	0	0	0	0	3.3701e-006
0.665	-0.4789	0.29921	-0.1935	0	0	0	0	0	-4.0469e-006
0.67	-0.47889	0.29921	-0.19351	0	0	0	0	0	1.8561e-006
0.675	-0.47891	0.2992	-0.19352	0	0	0	0	0	1.5417e-005
0.68	-0.47893	0.2992	-0.19352	0	0	0	0	0	2.2966e-005
0.685	-0.47892	0.29919	-0.19354	0	0	0	0	0	1.9606e-005
0.69	-0.47895	0.29919	-0.19356	0	0	0	0	0	1.0642e-005
0.695	-0.47892	0.2992	-0.19359	0	0	0	0	0	2.7745e-006
0.7	-0.47894	0.2992	-0.1936	0	0	0	0	0	-2.8045e-006
0.705	-0.47895	0.29919	-0.19361	0	0	0	0	0	-9.7668e-006
0.71	-0.47893	0.29919	-0.19364	0	0	0	0	0	-1.6256e-005
0.715	-0.47892	0.29919	-0.19366	0	0	0	0	0	-1.637e-005
0.72	-0.47893	0.29918	-0.19367	0	0	0	0	0	-1.3188e-005
0.725	-0.47892	0.29918	-0.19369	0	0	0	0	0	-1.6384e-005
0.73	-0.47892	0.29916	-0.19369	0	0	0	0	0	-3.0981e-005
0.735	-0.4789	0.29916	-0.1937	0	0	0	0	0	-5.1303e-005
0.74	-0.47885	0.29916	-0.19372	0	0	0	0	0	-6.4109e-005
0.745	-0.47884	0.29914	-0.19373	0	0	0	0	0	-6.3572e-005
0.75	-0.47882	0.29914	-0.19375	0	0	0	0	0	-5.6395e-005
0.755	-0.4788	0.29914	-0.19376	0	0	0	0	0	-4.9347e-005
0.76	-0.47879	0.29913	-0.19378	0	0	0	0	0	-4.4777e-005
0.765	-0.47877	0.29912	-0.1938	0	0	0	0	0	-4.5015e-005
0.77	-0.47875	0.29911	-0.19382	0	0	0	0	0	-5.0987e-005
0.775	-0.47873	0.2991	-0.19385	0	0	0	0	0	-6.1924e-005
0.78	-0.47871	0.29909	-0.19387	0	0	0	0	0	-7.9498e-005
0.785	-0.47868	0.29907	-0.19389	0	0	0	0	0	-0.00010444
0.79	-0.47862	0.29906	-0.19393	0	0	0	0	0	-0.0001294
0.795	-0.47855	0.29905	-0.19397	0	0	0	0	0	-0.00014713
0.8	-0.47852	0.29902	-0.19399	0	0	0	0	0	-0.00016429
0.805	-0.47844	0.299	-0.19401	0	0	0	0	0	-0.00019246
0.81	-0.47836	0.29896	-0.19403	0	0	0	0	0	-0.00022957
0.815	-0.47825	0.29894	-0.19407	0	0	0	0	0	-0.0002621
0.82	-0.47814	0.2989	-0.19409	0	0	0	0	0	-0.00028219
0.825	-0.47804	0.29887	-0.19412	0	0	0	0	0	-0.00029605
0.83	-0.47793	0.29883	-0.19414	0	0	0	0	0	-0.00031428
0.835	-0.47781	0.29879	-0.19416	0	0	0	0	0	-0.00033784
0.84	-0.47766	0.29877	-0.19419	0	0	0	0	0	-0.00035802
0.845	-0.47753	0.29875	-0.19422	0	0	0	0	0	-0.00036784
0.85	-0.47739	0.29874	-0.19425	0	0	0	0	0	-0.00036614
0.855	-0.47724	0.29872	-0.19428	0	0	0	0	0	-0.0003553
0.86	-0.47714	0.29868	-0.19428	0	0	0	0	0	-0.00034538
0.865	-0.477	0.29865	-0.1943	0	0	0	0	0	-0.00034928
0.87	-0.47687	0.2986	-0.19432	0	0	0	0	0	-0.00036727
0.875	-0.47671	0.29854	-0.19435	0	0	0	0	0	-0.00038746
0.88	-0.47655	0.29848	-0.19438	0	0	0	0	0	-0.00040115
0.885	-0.47641	0.29841	-0.1944	0	0	0	0	0	-0.00041271
0.89	-0.47625	0.29835	-0.19441	0	0	0	0	0	-0.00043394
0.895	-0.47608	0.29829	-0.19443	0	0	0	0	0	-0.00046882
0.9	-0.47589	0.29825	-0.19446	0	0	0	0	0	-0.00050713
0.905	-0.47568	0.29822	-0.19449	0	0	0	0	0	-0.00053421
0.91	-0.47547	0.29818	-0.19451	0	0	0	0	0	-0.00054744
0.915	-0.47529	0.29811	-0.19452	0	0	0	0	0	-0.00055916
0.92	-0.47506	0.29805	-0.19455	0	0	0	0	0	-0.0005786
0.925	-0.47482	0.29797	-0.19458	0	0	0	0	0	-0.00060127
0.93	-0.47461	0.29788	-0.1946	0	0	0	0	0	-0.00062128
0.935	-0.47436	0.2978	-0.19463	0	0	0	0	0	-0.00063707
0.94	-0.47412	0.29773	-0.19466	0	0	0	0	0	-0.00064753
0.945	-0.47389	0.29768	-0.19467	0	0	0	0	0	-0.00065409
0.95	-0.47362	0.29762	-0.19471	0	0	0	0	0	-0.00065784
0.955	-0.47337	0.29753	-0.19473	0	0	0	0	0	-0.00066168
0.96	-0.47313	0.29741	-0.19473	0	0	0	0	0	-0.00067943
0.965	-0.47286	0.2973	-0.19474	0	0	0	0	0	-0.00072351
0.97	-0.47256	0.29721	-0.19476	0	0	0	0	0	-0.00078755
0.975	-0.47224	0.29713	-0.19478	0	0	0	0	0	-0.00085351
0.98	-0.47189	0.29704	-0.19481	0	0	0	0	0	-0.00090469
0.985	-0.47152	0.29694	-0.19484	0	0	0	0	0	-0.00093214
0.99	-0.47118	0.29681	-0.19485	0	0	0	0	0	-0.00094089
0.995	-0.47083	0.29668	-0.19486	0	0	0	0	0	-0.0009464
1	-0.47046	0.29657	-0.19487	0	0	0	0	0	-0.00095699
1.005	-0.47009	0.29647	-0.19487	0	0	0	0	0	-0.00096623
1.01	-0.4697	0.29633	-0.19485	0	0	0	0	0	-0.00096761
1.015	-0.46935	0.29618	-0.19482	0	0	0	0	0	-0.00096984
1.02	-0.46897	0.29605	-0.1948	0	0	0	0	0	-0.00099156
1.025	-0.46858	0.29592	-0.19479	0	0	0	0	0	-0.0010415
1.03	-0.46817	0.29577	-0.19476	0	0	0	0	0	-0.0011076
1.035	-0.4677	0.29564	-0.19474	0	0	0	0	0	-0.001163
1.04	-0.46724	0.2955	-0.19472	0	0	0	0	0	-0.0011867
1.045	-0.46679	0.29535	-0.19469	0	0	0	0	0	-0.0011799
1.05	-0.46635	0.2952	-0.19467	0	0	0	0	0	-0.0011613
1.055	-0.46592	0.29506	-0.19464	0	0	0	0	0	-0.0011476
1.06	-0.46547	0.29493	-0.1946	0	0	0	0	0	-0.0011439
1.065	-0.46503	0.29477	-0.19457	0	0	0	0	0	-0.0011508
1.07	-0.4646	0.29459	-0.19454	0	0	0	0	0	-0.00117
1.075	-0.46413	0.29443	-0.19451	0	0	0	0	0	-0.0011972
1.08	-0.46367	0.29425	-0.19448	0	0	0	0	0	-0.0012189
1.085	-0.4632	0.29407	-0.19446	0	0	0	0	0	-0.0012222
1.09	-0.46273	0.29392	-0.19444	0	0	0	0	0	-0.0012066
1.095	-0.46231	0.2938	-0.1944	0	0	0	0	0	-0.0011867
1.1	-0.46186	0.29363	-0.19438	0	0	0	0	0	-0.0011749
1.105	-0.46139	0.29345	-0.19437	0	0	0	0	0	-0.0011698
1.11	-0.46097	0.29331	-0.19437	0	0	0	0	0	-0.0011706
1.115	-0.46053	0.29314	-0.19437	0	0	0	0	0	-0.0011825
1.12	-0.46007	0.29294	-0.19439	0	0	0	0	0	-0.0011982
1.125	-0.45961	0.29278	-0.1944	0	0	0	0	0	-0.0011988
1.13	-0.45916	0.29264	-0.19443	0	0	0	0	0	-0.0011726
1.135	-0.45872	0.29245	-0.19446	0	0	0	0	0	-0.0011249
1.14	-0.45833	0.29228	-0.1945	0	0	0	0	0	-0.0010749
1.145	-0.45794	0.29202	-0.19456	0	0	0	0	0	-0.0010429
1.15	-0.45755	0.29199	-0.19461	0	0	0	0	0	-0.0010371
1.155	-0.45714	0.2918	-0.19467	0	0	0	0	0	-0.0010532
1.16	-0.45678	0.2915	-0.19474	0	0	0	0	0	-0.0010885
1.165	-0.45632	0.29138	-0.19485	0	0	0	0	0	-0.001134
1.17	-0.45587	0.29134	-0.19494	0	0	0	0	0	-0.0011666
1.175	-0.45544	0.29115	-0.19503	0	0	0	0	0	-0.0011731
1.18	-0.455	0.291	-0.19512	0	0	0	0	0	-0.0011658
1.185	-0.45457	0.29083	-0.19519	0	0	0	0	0	-0.0011609
1.19	-0.45413	0.29063	-0.19528	0	0	0	0	0	-0.001162
1.195	-0.45368	0.29046	-0.19537	0	0	0	0	0	-0.001162
1.2	-0.45322	0.29029	-0.19545	0	0	0	0	0	-0.0011541
1.205	-0.45281	0.29007	-0.19551	0	0	0	0	0	-0.0011444
1.21	-0.45239	0.28988	-0.19558	0	0	0	0	0	-0.0011463
1.215	-0.45194	0.28971	-0.19567	0	0	0	0	0	-0.0011554
1.22	-0.45148	0.2895	-0.19576	0	0	0	0	0	-0.0011473
1.225	-0.45105	0.28932	-0.19584	0	0	0	0	0	-0.0011093
1.23	-0.45067	0.28915	-0.1959	0	0	0	0	0	-0.0010597
1.235	-0.45029	0.28894	-0.19595	0	0	0	0	0	-0.0010298
1.24	-0.4499	0.28875	-0.19599	0	0	0	0	0	-0.0010346
1.245	-0.44951	0.28858	-0.19603	0	0	0	0	0	-0.0010652
1.25	-0.44907	0.28839	-0.19608	0	0	0	0	0	-0.0011016
1.255	-0.44864	0.28818	-0.19612	0	0	0	0	0	-0.0011312
1.26	-0.44822	0.288	-0.19614	0	0	0	0	0	-0.0011557
1.265	-0.44776	0.2878	-0.19617	0	0	0	0	0	-0.0011782
1.27	-0.44731	0.28759	-0.1962	0	0	0	0	0	-0.0011932
1.275	-0.44685	0.28741	-0.19622	0	0	0	0	0	-0.0011943
1.28	-0.44638	0.28721	-0.19623	0	0	0	0	0	-0.0011861
1.285	-0.44595	0.28699	-0.19623	0	0	0	0	0	-0.0011901
1.29	-0.44549	0.28678	-0.19624	0	0	0	0	0	-0.0012283
1.295	-0.44499	0.28653	-0.19626	0	0	0	0	0	-0.0012974
1.3	-0.44446	0.28627	-0.19628	0	0	0	0	0	-0.0013694
1.305	-0.4439	0.286	-0.19629	0	0	0	0	0	-0.0014162
1.31	-0.44334	0.28574	-0.19632	0	0	0	0	0	-0.0014291
1.315	-0.4428	0.28549	-0.19633	0	0	0	0	0	-0.0014192
1.32	-0.44224	0.28524	-0.19632	0	0	0	0	0	-0.001406
1.325	-0.4417	0.28499	-0.19631	0	0	0	0	0	-0.0014073
1.33	-0.44115	0.28472	-0.1963	0	0	0	0	0	-0.0014351
1.335	-0.44056	0.28443	-0.1963	0	0	0	0	0	-0.001487
1.34	-0.43996	0.28414	-0.19629	0	0	0	0	0	-0.0015433
1.345	-0.43931	0.28388	-0.19629	0	0	0	0	0	-0.0015794
1.35	-0.43871	0.28361	-0.19628	0	0	0	0	0	-0.0015833
1.355	-0.43809	0.28335	-0.19626	0	0	0	0	0	-0.0015594
1.36	-0.43749	0.28307	-0.19622	0	0	0	0	0	-0.0015189
1.365	-0.43691	0.28279	-0.19616	0	0	0	0	0	-0.0014787
1.37	-0.43637	0.28251	-0.19611	0	0	0	0	0	-0.0014559
1.375	-0.43578	0.28224	-0.19605	0	0	0	0	0	-0.0014531
1.38	-0.43521	0.28197	-0.19599	0	0	0	0	0	-0.0014548
1.385	-0.43464	0.28159	-0.19593	0	0	0	0	0	-0.0014465
1.39	-0.43406	0.28141	-0.19583	0	0	0	0	0	-0.0014285
1.395	-0.43351	0.28113	-0.19575	0	0	0	0	0	-0.0014083
1.4	-0.43297	0.28088	-0.19568	0	0	0	0	0	-0.0014002
1.405	-0.43243	0.2806	-0.1956	0	0	0	0	0	-0.0014083
1.41	-0.43188	0.28023	-0.19555	0	0	0	0	0	-0.0014152
1.415	-0.43126	0.27998	-0.19553	0	0	0	0	0	-0.0014014
1.42	-0.4308	0.2797	-0.19546	0	0	0	0	0	-0.0013797
1.425	-0.43029	0.27943	-0.1954	0	0	0	0	0	-0.0013827
1.43	-0.42966	0.27921	-0.1954	0	0	0	0	0	-0.0014047
1.435	-0.42915	0.27894	-0.19537	0	0	0	0	0	-0.0014109
1.44	-0.42856	0.27874	-0.19534	0	0	0	0	0	-0.0013899
1.445	-0.42802	0.27846	-0.19532	0	0	0	0	0	-0.0013557
1.45	-0.42753	0.27805	-0.19531	0	0	0	0	0	-0.0013401
1.455	-0.42703	0.27779	-0.19529	0	0	0	0	0	-0.0013657
1.46	-0.42639	0.27761	-0.19531	0	0	0	0	0	-0.001409
1.465	-0.42582	0.27732	-0.19531	0	0	0	0	0	-0.001431
1.47	-0.42531	0.2769	-0.19531	0	0	0	0	0	-0.0014331
1.475	-0.42471	0.2766	-0.19532	0	0	0	0	0	-0.0014342
1.48	-0.42412	0.27644	-0.1953	0	0	0	0	0	-0.001428
1.485	-0.42357	0.27615	-0.19529	0	0	0	0	0	-0.0014027
1.49	-0.42303	0.27586	-0.19528	0	0	0	0	0	-0.0013638
1.495	-0.4225	0.27557	-0.19527	0	0	0	0	0	-0.0013208
1.5	-0.42199	0.27527	-0.19526	0	0	0	0	0	-0.0012826
1.505	-0.4215	0.27498	-0.19525	0	0	0	0	0	-0.0012567
1.51	-0.42101	0.27469	-0.19527	0	0	0	0	0	-0.001243
1.515	-0.4205	0.27443	-0.19529	0	0	0	0	0	-0.0012291
1.52	-0.42001	0.27418	-0.1953	0	0	0	0	0	-0.0012022
1.525	-0.41955	0.2739	-0.19532	0	0	0	0	0	-0.001163
1.53	-0.4191	0.27365	-0.19534	0	0	0	0	0	-0.0011242
1.535	-0.41865	0.27336	-0.19535	0	0	0	0	0	-0.0010971
1.54	-0.41821	0.27311	-0.19536	0	0	0	0	0	-0.0010879
1.545	-0.41781	0.27275	-0.19538	0	0	0	0	0	-0.001093
1.55	-0.41729	0.27261	-0.19542	0	0	0	0	0	-0.0010938
1.555	-0.41689	0.27237	-0.19545	0	0	0	0	0	-0.0010714
1.56	-0.41647	0.27211	-0.19548	0	0	0	0	0	-0.0010343
1.565	-0.41606	0.27188	-0.1955	0	0	0	0	0	-0.0010008
1.57	-0.41565	0.27165	-0.19552	0	0	0	0	0	-0.00098262
1.575	-0.41533	0.27126	-0.19552	0	0	0	0	0	-0.00098355
1.58	-0.41482	0.27121	-0.19555	0	0	0	0	0	-0.00098825
1.585	-0.41446	0.27099	-0.19555	0	0	0	0	0	-0.00097138
1.59	-0.4141	0.27063	-0.19555	0	0	0	0	0	-0.00094022
1.595	-0.41371	0.2706	-0.19553	0	0	0	0	0	-0.00091589
1.6	-0.41335	0.27036	-0.1955	0	0	0	0	0	-0.00090005
1.605	-0.413	0.27013	-0.19548	0	0	0	0	0	-0.00088569
1.61	-0.4126	0.26983	-0.19549	0	0	0	0	0	-0.00086429
1.615	-0.41231	0.26961	-0.19542	0	0	0	0	0	-0.00083705
1.62	-0.41197	0.26949	-0.19536	0	0	0	0	0	-0.00081432
1.625	-0.41163	0.26933	-0.19532	0	0	0	0	0	-0.00079584
1.63	-0.41132	0.26913	-0.19528	0	0	0	0	0	-0.00077703
1.635	-0.41102	0.26893	-0.19522	0	0	0	0	0	-0.00076577
1.64	-0.41071	0.26876	-0.19516	0	0	0	0	0	-0.00077204
1.645	-0.41036	0.26844	-0.19512	0	0	0	0	0	-0.00079352
1.65	-0.41004	0.26837	-0.19506	0	0	0	0	0	-0.00082653
1.655	-0.4097	0.26819	-0.19501	0	0	0	0	0	-0.00087164
1.66	-0.40933	0.26788	-0.19495	0	0	0	0	0	-0.00091896
1.665	-0.40888	0.2677	-0.19491	0	0	0	0	0	-0.00093944
1.67	-0.40849	0.26755	-0.19485	0	0	0	0	0	-0.00091913
1.675	-0.40818	0.26742	-0.19474	0	0	0	0	0	-0.00089239
1.68	-0.40779	0.26719	-0.19465	0	0	0	0	0	-0.00090316
1.685	-0.40742	0.26688	-0.19455	0	0	0	0	0	-0.00095134
1.69	-0.40694	0.26665	-0.19449	0	0	0	0	0	-0.00099818
1.695	-0.40648	0.26641	-0.19442	0	0	0	0	0	-0.0010152
1.7	-0.40614	0.26632	-0.19429	0	0	0	0	0	-0.001023
1.705	-0.40568	0.26607	-0.19422	0	0	0	0	0	-0.0010552
1.71	-0.4052	0.26583	-0.19415	0	0	0	0	0	-0.001108
1.715	-0.40469	0.26557	-0.19409	0	0	0	0	0	-0.0011527
1.72	-0.40421	0.26531	-0.19404	0	0	0	0	0	-0.0011773
1.725	-0.4037	0.26504	-0.19398	0	0	0	0	0	-0.0011914
1.73	-0.40317	0.26475	-0.1939	0	0	0	0	0	-0.0012074
1.735	-0.40266	0.26447	-0.19381	0	0	0	0	0	-0.0012347
1.74	-0.4021	0.26408	-0.19375	0	0	0	0	0	-0.0012771
1.745	-0.40152	0.26391	-0.19367	0	0	0	0	0	-0.0013352
1.75	-0.40093	0.26358	-0.19358	0	0	0	0	0	-0.0014101
1.755	-0.40027	0.26325	-0.1935	0	0	0	0	0	-0.0015104
1.76	-0.39958	0.26289	-0.19344	0	0	0	0	0	-0.0016367
1.765	-0.39879	0.26251	-0.19339	0	0	0	0	0	-0.0017751
1.77	-0.39793	0.26216	-0.19334	0	0	0	0	0	-0.0019053
1.775	-0.39706	0.26178	-0.1933	0	0	0	0	0	-0.0020242
1.78	-0.39613	0.26135	-0.19325	0	0	0	0	0	-0.0021456
1.785	-0.39514	0.26089	-0.19322	0	0	0	0	0	-0.002271
1.79	-0.39405	0.26043	-0.1932	0	0	0	0	0	-0.0023769
1.795	-0.39295	0.25997	-0.19318	0	0	0	0	0	-0.0024448
1.8	-0.39186	0.25947	-0.19313	0	0	0	0	0	-0.0024917
1.805	-0.39075	0.25899	-0.19307	0	0	0	0	0	-0.0025594
1.81	-0.38958	0.25854	-0.193	0	0	0	0	0	-0.0026773
1.815	-0.38833	0.25811	-0.19291	0	0	0	0	0	-0.0028403
1.82	-0.387	0.25774	-0.19282	0	0	0	0	0	-0.0030228
1.825	-0.38562	0.25743	-0.19272	0	0	0	0	0	-0.0032082
1.83	-0.38418	0.25712	-0.19259	0	0	0	0	0	-0.0034043
1.835	-0.38262	0.25686	-0.19245	0	0	0	0	0	-0.0036222
1.84	-0.38094	0.25663	-0.19232	0	0	0	0	0	-0.0038485
1.845	-0.37917	0.25642	-0.19221	0	0	0	0	0	-0.004053
1.85	-0.37738	0.25624	-0.19206	0	0	0	0	0	-0.004217
1.855	-0.37547	0.25609	-0.1919	0	0	0	0	0	-0.0043416
1.86	-0.37358	0.25594	-0.19181	0	0	0	0	0	-0.0044487
1.865	-0.37179	0.25575	-0.19175	0	0	0	0	0	-0.0045756
1.87	-0.36973	0.25555	-0.19169	0	0	0	0	0	-0.0047311
1.875	-0.36749	0.25536	-0.19161	0	0	0	0	0	-0.004863
1.88	-0.36531	0.25517	-0.19152	0	0	0	0	0	-0.0049276
1.885	-0.36324	0.25484	-0.19142	0	0	0	0	0	-0.0049466
1.89	-0.36103	0.25461	-0.19134	0	0	0	0	0	-0.0049577
1.895	-0.35879	0.25437	-0.19128	0	0	0	0	0	-0.004943
1.9	-0.35667	0.25411	-0.19116	0	0	0	0	0	-0.0048822
1.905	-0.35463	0.25382	-0.19102	0	0	0	0	0	-0.0047836
1.91	-0.35248	0.25356	-0.19089	0	0	0	0	0	-0.0046401
1.915	-0.35051	0.25322	-0.19071	0	0	0	0	0	-0.0044149
1.92	-0.34872	0.25282	-0.19048	0	0	0	0	0	-0.0040971
1.925	-0.34699	0.25238	-0.19022	0	0	0	0	0	-0.003706
1.93	-0.34559	0.25185	-0.1899	0	0	0	0	0	-0.0032671
1.935	-0.3443	0.25125	-0.18955	0	0	0	0	0	-0.0028024
1.94	-0.34318	0.25058	-0.18918	0	0	0	0	0	-0.002315
1.945	-0.34231	0.2499	-0.18876	0	0	0	0	0	-0.0018138
1.95	-0.3417	0.24916	-0.1883	0	0	0	0	0	-0.0013457
1.955	-0.34124	0.2484	-0.18783	0	0	0	0	0	-0.0009662
1.96	-0.34085	0.24774	-0.18732	0	0	0	0	0	-0.00069362
1.965	-0.34055	0.2472	-0.18679	0	0	0	0	0	-0.00051263
1.97	-0.34038	0.24676	-0.18622	0	0	0	0	0	-0.0004104
1.975	-0.34018	0.24646	-0.18568	0	0	0	0	0	-0.00037619
1.98	-0.33992	0.24632	-0.18518	0	0	0	0	0	-0.00038269
1.985	-0.33982	0.2463	-0.18466	0	0	0	0	0	-0.00040814
1.99	-0.33964	0.24644	-0.18417	0	0	0	0	0	-0.0004511
1.995	-0.33944	0.24674	-0.18373	0	0	0	0	0	-0.00050203
2	-0.3393	0.2472	-0.18337	0	0	0	0	0	-0.00052979
2.005	-0.3391	0.24783	-0.18314	0	0	0	0	0	-0.00048942
2.01	-0.33899	0.24863	-0.18299	0	0	0	0	0	-0.00035016
2.015	-0.33915	0.24954	-0.18294	0	0	0	0	0	-0.00013864
2.02	-0.33947	0.25061	-0.183	0	0	0	0	0	7.4008e-005
2.025	-0.33978	0.25191	-0.18313	0	0	0	0	0	0.00024427
2.03	-0.34022	0.25344	-0.1833	0	0	0	0	0	0.00036969
2.035	-0.34083	0.2553	-0.18359	0	0	0	0	0	0.00043577
2.04	-0.34151	0.25749	-0.18399	0	0	0	0	0	0.00039576
2.045	-0.34224	0.26001	-0.18445	0	0	0	0	0	0.00019961
2.05	-0.34293	0.26295	-0.185	0	0	0	0	0	-0.0001822
2.055	-0.34346	0.26638	-0.18565	0	0	0	0	0	-0.00073689
2.06	-0.34389	0.2702	-0.18639	0	0	0	0	0	-0.0014467
2.065	-0.34418	0.27446	-0.1872	0	0	0	0	0	-0.002328
2.07	-0.34419	0.2792	-0.1881	0	0	0	0	0	-0.0034064
2.075	-0.34382	0.28439	-0.18912	0	0	0	0	0	-0.0046955
2.08	-0.34306	0.29002	-0.19021	0	0	0	0	0	-0.00619
2.085	-0.34191	0.29611	-0.19132	0	0	0	0	0	-0.0078577
2.09	-0.34005	0.30286	-0.19247	0	0	0	0	0	-0.0096543
2.095	-0.33776	0.30983	-0.19359	0	0	0	0	0	-0.0115
2.1	-0.33497	0.3171	-0.19475	0	0	0	0	0	-0.013384
2.105	-0.33152	0.32463	-0.19587	0	0	0	0	0	-0.015293
2.11	-0.32736	0.33231	-0.19685	0	0	0	0	0	-0.017165
2.115	-0.32257	0.33996	-0.19769	0	0	0	0	0	-0.018909
2.12	-0.3173	0.3475	-0.19844	0	0	0	0	0	-0.020489
2.125	-0.31136	0.35497	-0.19908	0	0	0	0	0	-0.021887
2.13	-0.30493	0.36227	-0.19958	0	0	0	0	0	-0.023175
2.135	-0.29832	0.36942	-0.2	0	0	0	0	0	-0.024459
2.14	-0.29122	0.37643	-0.2003	0	0	0	0	0	-0.025869
2.145	-0.28362	0.38324	-0.20044	0	0	0	0	0	-0.02742
2.15	-0.27539	0.38983	-0.20049	0	0	0	0	0	-0.028927
2.155	-0.26683	0.39618	-0.20039	0	0	0	0	0	-0.030206
2.16	-0.25815	0.40231	-0.20017	0	0	0	0	0	-0.031188
2.165	-0.24931	0.40828	-0.19996	0	0	0	0	0	-0.031987
2.17	-0.24033	0.41407	-0.19971	0	0	0	0	0	-0.032723
2.175	-0.23113	0.41959	-0.19937	0	0	0	0	0	-0.033417
2.18	-0.22165	0.42494	-0.19892	0	0	0	0	0	-0.034003
2.185	-0.21205	0.43012	-0.19833	0	0	0	0	0	-0.034375
2.19	-0.20241	0.4352	-0.19772	0	0	0	0	0	-0.034531
2.195	-0.19296	0.44011	-0.19711	0	0	0	0	0	-0.034608
2.2	-0.18353	0.44481	-0.19658	0	0	0	0	0	-0.034784
2.205	-0.17359	0.4493	-0.19604	0	0	0	0	0	-0.035015
2.21	-0.16353	0.45341	-0.19541	0	0	0	0	0	-0.035123
2.215	-0.15357	0.45719	-0.1948	0	0	0	0	0	-0.034992
2.22	-0.14351	0.46083	-0.19425	0	0	0	0	0	-0.034662
2.225	-0.13355	0.46423	-0.19378	0	0	0	0	0	-0.034241
2.23	-0.12371	0.46733	-0.19339	0	0	0	0	0	-0.03385
2.235	-0.1138	0.47011	-0.19308	0	0	0	0	0	-0.033589
2.24	-0.10384	0.47259	-0.19278	0	0	0	0	0	-0.033468
2.245	-0.093866	0.47479	-0.19245	0	0	0	0	0	-0.033446
2.25	-0.083736	0.4767	-0.19217	0	0	0	0	0	-0.033464
2.255	-0.073584	0.4783	-0.19187	0	0	0	0	0	-0.033489
2.26	-0.063417	0.47959	-0.19162	0	0	0	0	0	-0.033516
2.265	-0.053139	0.48065	-0.19143	0	0	0	0	0	-0.033557
2.27	-0.042857	0.4815	-0.19124	0	0	0	0	0	-0.033604
2.275	-0.032521	0.48208	-0.19107	0	0	0	0	0	-0.033645
2.28	-0.022138	0.48246	-0.19093	0	0	0	0	0	-0.033689
2.285	-0.011737	0.48261	-0.19079	0	0	0	0	0	-0.033751
2.29	-0.0012652	0.48252	-0.19067	0	0	0	0	0	-0.033846
2.295	0.0092899	0.48223	-0.19056	0	0	0	0	0	-0.033975
2.3	0.019845	0.48179	-0.19042	0	0	0	0	0	-0.034119
2.305	0.030507	0.48122	-0.19028	0	0	0	0	0	-0.034229
2.31	0.041185	0.48055	-0.19017	0	0	0	0	0	-0.034256
2.315	0.051796	0.47977	-0.19006	0	0	0	0	0	-0.034173
2.32	0.062401	0.47887	-0.19001	0	0	0	0	0	-0.033987
2.325	0.07293	0.47785	-0.19	0	0	0	0	0	-0.033709
2.33	0.083345	0.47671	-0.19	0	0	0	0	0	-0.033362
2.335	0.093665	0.47543	-0.19005	0	0	0	0	0	-0.032985
2.34	0.10383	0.47398	-0.1901	0	0	0	0	0	-0.032606
2.345	0.11394	0.47238	-0.19021	0	0	0	0	0	-0.032216
2.35	0.12399	0.47062	-0.19034	0	0	0	0	0	-0.031765
2.355	0.13376	0.46868	-0.19051	0	0	0	0	0	-0.031247
2.36	0.1433	0.46653	-0.19068	0	0	0	0	0	-0.030742
2.365	0.15281	0.46418	-0.19077	0	0	0	0	0	-0.030314
2.37	0.16223	0.46164	-0.19086	0	0	0	0	0	-0.029935
2.375	0.17145	0.45885	-0.1909	0	0	0	0	0	-0.029547
2.38	0.18051	0.45585	-0.19093	0	0	0	0	0	-0.029156
2.385	0.1894	0.4526	-0.19091	0	0	0	0	0	-0.028802
2.39	0.19815	0.44908	-0.19088	0	0	0	0	0	-0.028522
2.395	0.20679	0.44533	-0.19085	0	0	0	0	0	-0.028337
2.4	0.21532	0.44134	-0.19079	0	0	0	0	0	-0.028251
2.405	0.22376	0.43708	-0.19075	0	0	0	0	0	-0.028251
2.41	0.23219	0.4326	-0.19073	0	0	0	0	0	-0.028301
2.415	0.2406	0.4279	-0.19072	0	0	0	0	0	-0.028329
2.42	0.24885	0.42295	-0.19064	0	0	0	0	0	-0.028295
2.425	0.25702	0.41776	-0.19052	0	0	0	0	0	-0.028209
2.43	0.26512	0.41232	-0.19038	0	0	0	0	0	-0.028073
2.435	0.27305	0.40663	-0.19016	0	0	0	0	0	-0.027895
2.44	0.28084	0.40067	-0.1899	0	0	0	0	0	-0.027715
2.445	0.28849	0.39451	-0.18959	0	0	0	0	0	-0.027575
2.45	0.29603	0.38814	-0.18922	0	0	0	0	0	-0.027479
2.455	0.3035	0.38155	-0.18883	0	0	0	0	0	-0.027355
2.46	0.31082	0.37477	-0.18839	0	0	0	0	0	-0.027038
2.465	0.31793	0.36778	-0.188	0	0	0	0	0	-0.026311
2.47	0.32459	0.36056	-0.1876	0	0	0	0	0	-0.025043
2.475	0.3302	0.3531	-0.18691	0	0	0	0	0	-0.023364
2.48	0.33452	0.34554	-0.18613	0	0	0	0	0	-0.021762
2.485	0.33832	0.33825	-0.18564	0	0	0	0	0	-0.020802
2.49	0.34246	0.33156	-0.18529	0	0	0	0	0	-0.020686
2.495	0.34744	0.32563	-0.18492	0	0	0	0	0	-0.02111
2.5	0.35336	0.32035	-0.1844	0	0	0	0	0	-0.021482
2.505	0.35979	0.31538	-0.18352	0	0	0	0	0	-0.021249
2.51	0.36604	0.31029	-0.18233	0	0	0	0	0	-0.020183
2.515	0.37146	0.30502	-0.18109	0	0	0	0	0	-0.018512
2.52	0.37597	0.29988	-0.18009	0	0	0	0	0	-0.016824
2.525	0.38021	0.29562	-0.17925	0	0	0	0	0	-0.015788
2.53	0.38525	0.2933	-0.17842	0	0	0	0	0	-0.015753
2.535	0.39168	0.29307	-0.17753	0	0	0	0	0	-0.016496
2.54	0.39908	0.29392	-0.17639	0	0	0	0	0	-0.017372
2.545	0.40626	0.29458	-0.1751	0	0	0	0	0	-0.01777
2.55	0.4128	0.29436	-0.17423	0	0	0	0	0	-0.017411
2.555	0.41857	0.2936	-0.17399	0	0	0	0	0	-0.016335
2.56	0.4236	0.29265	-0.17382	0	0	0	0	0	-0.01472
2.565	0.42791	0.29153	-0.17345	0	0	0	0	0	-0.012794
2.57	0.43141	0.29005	-0.17302	0	0	0	0	0	-0.010779
2.575	0.43409	0.28819	-0.17271	0	0	0	0	0	-0.0088557
2.58	0.43608	0.28634	-0.17248	0	0	0	0	0	-0.0071537
2.585	0.43761	0.28465	-0.17223	0	0	0	0	0	-0.0057705
2.59	0.43883	0.28324	-0.17192	0	0	0	0	0	-0.004785
2.595	0.43985	0.28194	-0.17166	0	0	0	0	0	-0.0042363
2.6	0.44082	0.28062	-0.17143	0	0	0	0	0	-0.0040762
2.605	0.44196	0.27932	-0.17125	0	0	0	0	0	-0.0041375
2.61	0.4432	0.27822	-0.17113	0	0	0	0	0	-0.0042021
2.615	0.44446	0.27741	-0.17101	0	0	0	0	0	-0.0041271
2.62	0.44581	0.27693	-0.1708	0	0	0	0	0	-0.0038997
2.625	0.44709	0.27663	-0.17059	0	0	0	0	0	-0.003588
2.63	0.44822	0.27636	-0.17038	0	0	0	0	0	-0.0032715
2.635	0.44925	0.27606	-0.17016	0	0	0	0	0	-0.0029902
2.64	0.45022	0.27574	-0.16994	0	0	0	0	0	-0.0027295
2.645	0.45106	0.27543	-0.16968	0	0	0	0	0	-0.0024512
2.65	0.45176	0.27509	-0.16943	0	0	0	0	0	-0.002131
2.655	0.45233	0.27473	-0.16921	0	0	0	0	0	-0.001767
2.66	0.45273	0.27439	-0.16898	0	0	0	0	0	-0.0013781
2.665	0.45297	0.27409	-0.16878	0	0	0	0	0	-0.0010036
2.67	0.45309	0.27387	-0.16863	0	0	0	0	0	-0.00067962
2.675	0.45323	0.27377	-0.16846	0	0	0	0	0	-0.00040671
2.68	0.45343	0.2738	-0.16825	0	0	0	0	0	-0.00014939
2.685	0.45349	0.27389	-0.16804	0	0	0	0	0	0.00012226
2.69	0.45337	0.27403	-0.16788	0	0	0	0	0	0.00039905
2.695	0.45316	0.27422	-0.16776	0	0	0	0	0	0.00064903
2.7	0.45285	0.27443	-0.16769	0	0	0	0	0	0.00085132
2.705	0.45247	0.27466	-0.16767	0	0	0	0	0	0.0010065
2.71	0.45208	0.27493	-0.16768	0	0	0	0	0	0.0011325
2.715	0.45168	0.27525	-0.16772	0	0	0	0	0	0.0012573
2.72	0.45126	0.2756	-0.16777	0	0	0	0	0	0.0014065
2.725	0.45077	0.27596	-0.16783	0	0	0	0	0	0.0015924
2.73	0.45018	0.27635	-0.16791	0	0	0	0	0	0.0018124
2.735	0.4495	0.27677	-0.168	0	0	0	0	0	0.0020553
2.74	0.44874	0.27723	-0.16811	0	0	0	0	0	0.0023108
2.745	0.44788	0.27773	-0.16821	0	0	0	0	0	0.0025705
2.75	0.44692	0.27825	-0.16829	0	0	0	0	0	0.0028199
2.755	0.44587	0.27879	-0.16835	0	0	0	0	0	0.0030354
2.76	0.44475	0.27935	-0.16838	0	0	0	0	0	0.0031951
2.765	0.4436	0.27993	-0.16842	0	0	0	0	0	0.0032929
2.77	0.44247	0.28055	-0.16842	0	0	0	0	0	0.0033429
2.775	0.44135	0.28119	-0.16838	0	0	0	0	0	0.0033725
2.78	0.44028	0.28186	-0.16832	0	0	0	0	0	0.0034169
2.785	0.43917	0.28255	-0.16823	0	0	0	0	0	0.0035028
2.79	0.43794	0.28324	-0.16813	0	0	0	0	0	0.0036305
2.795	0.43663	0.28395	-0.16804	0	0	0	0	0	0.0037736
2.8	0.43528	0.28466	-0.16792	0	0	0	0	0	0.0039114
2.805	0.43391	0.28538	-0.1678	0	0	0	0	0	0.0040423
2.81	0.43241	0.28609	-0.16765	0	0	0	0	0	0.004163
2.815	0.43089	0.28679	-0.1675	0	0	0	0	0	0.0042555
2.82	0.42934	0.28749	-0.16733	0	0	0	0	0	0.0043009
2.825	0.42781	0.28817	-0.16717	0	0	0	0	0	0.0043019
2.83	0.42634	0.28887	-0.16701	0	0	0	0	0	0.0042889
2.835	0.42485	0.28958	-0.16678	0	0	0	0	0	0.0042946
2.84	0.42334	0.2903	-0.16655	0	0	0	0	0	0.0043296
2.845	0.42181	0.29101	-0.16633	0	0	0	0	0	0.0043811
2.85	0.42023	0.29171	-0.1661	0	0	0	0	0	0.0044297
2.855	0.41865	0.2924	-0.16589	0	0	0	0	0	0.0044639
2.86	0.41708	0.29307	-0.16568	0	0	0	0	0	0.0044868
2.865	0.41547	0.29372	-0.16545	0	0	0	0	0	0.0045016
2.87	0.41384	0.29436	-0.16521	0	0	0	0	0	0.0045005
2.875	0.41223	0.29497	-0.165	0	0	0	0	0	0.0044813
2.88	0.41066	0.29559	-0.16481	0	0	0	0	0	0.0044627
2.885	0.40907	0.29618	-0.16458	0	0	0	0	0	0.004462
2.89	0.40745	0.29675	-0.16432	0	0	0	0	0	0.004477
2.895	0.40585	0.2973	-0.16409	0	0	0	0	0	0.0044991
2.9	0.40425	0.29787	-0.16385	0	0	0	0	0	0.0045241
2.905	0.40259	0.29843	-0.16358	0	0	0	0	0	0.004539
2.91	0.40094	0.29899	-0.1633	0	0	0	0	0	0.0045264
2.915	0.39935	0.29954	-0.16305	0	0	0	0	0	0.0044899
2.92	0.3978	0.30009	-0.16279	0	0	0	0	0	0.0044528
2.925	0.39622	0.30065	-0.1625	0	0	0	0	0	0.0044274
2.93	0.39464	0.30119	-0.16221	0	0	0	0	0	0.0044081
2.935	0.39309	0.30172	-0.16196	0	0	0	0	0	0.004393
2.94	0.39152	0.30226	-0.16172	0	0	0	0	0	0.0043834
2.945	0.38991	0.30278	-0.16148	0	0	0	0	0	0.0043666
2.95	0.38834	0.30328	-0.16126	0	0	0	0	0	0.0043244
2.955	0.38678	0.30376	-0.16103	0	0	0	0	0	0.0042497
2.96	0.38526	0.30422	-0.16082	0	0	0	0	0	0.0041467
2.965	0.38381	0.30466	-0.16063	0	0	0	0	0	0.0040258
2.97	0.38238	0.30508	-0.16043	0	0	0	0	0	0.0038973
2.975	0.38101	0.3054	-0.16022	0	0	0	0	0	0.0037661
2.98	0.37972	0.30577	-0.16001	0	0	0	0	0	0.0036371
2.985	0.37845	0.30613	-0.15976	0	0	0	0	0	0.0035147
2.99	0.37731	0.30647	-0.15957	0	0	0	0	0	0.0034023
2.995	0.37608	0.30677	-0.15935	0	0	0	0	0	0.003289
3	0.3749	0.30701	-0.15914	0	0	0	0	0	0.0031563
3.005	0.37385	0.30724	-0.15897	0	0	0	0	0	0.0030149
3.01	0.37283	0.30748	-0.15879	0	0	0	0	0	0.0028985
3.015	0.37179	0.30767	-0.1586	0	0	0	0	0	0.0028072
3.02	0.37077	0.30786	-0.15841	0	0	0	0	0	0.0027058
3.025	0.36985	0.30807	-0.15826	0	0	0	0	0	0.0025772
3.03	0.36897	0.30825	-0.15812	0	0	0	0	0	0.0024417
3.035	0.36813	0.30842	-0.15799	0	0	0	0	0	0.0023265
3.04	0.36734	0.30859	-0.15786	0	0	0	0	0	0.002237
3.045	0.36654	0.30875	-0.15772	0	0	0	0	0	0.0021556
3.05	0.36576	0.30888	-0.15757	0	0	0	0	0	0.0020571
3.055	0.36507	0.30902	-0.15747	0	0	0	0	0	0.001937
3.06	0.36445	0.30913	-0.15737	0	0	0	0	0	0.0018134
3.065	0.36379	0.30925	-0.15724	0	0	0	0	0	0.0016932
3.07	0.36322	0.30937	-0.15713	0	0	0	0	0	0.0015682
3.075	0.36274	0.30946	-0.15704	0	0	0	0	0	0.0014434
3.08	0.36225	0.30955	-0.15693	0	0	0	0	0	0.001331
3.085	0.36181	0.30965	-0.15682	0	0	0	0	0	0.0012296
3.09	0.3614	0.30973	-0.15673	0	0	0	0	0	0.0011349
3.095	0.36103	0.30979	-0.15665	0	0	0	0	0	0.0010518
3.1	0.36067	0.30985	-0.15658	0	0	0	0	0	0.00098716
3.105	0.36035	0.30993	-0.15653	0	0	0	0	0	0.00094306
3.11	0.35999	0.31	-0.15647	0	0	0	0	0	0.0009138
3.115	0.35969	0.31007	-0.15643	0	0	0	0	0	0.00089262
3.12	0.35939	0.31012	-0.15641	0	0	0	0	0	0.00087819
3.125	0.35904	0.31017	-0.15639	0	0	0	0	0	0.00086761
3.13	0.35874	0.31023	-0.15639	0	0	0	0	0	0.00085937
3.135	0.35846	0.3103	-0.15642	0	0	0	0	0	0.00086349
3.14	0.35812	0.31035	-0.15644	0	0	0	0	0	0.00088534
3.145	0.35778	0.31039	-0.15644	0	0	0	0	0	0.00091378
3.15	0.35746	0.31043	-0.15646	0	0	0	0	0	0.00093968
3.155	0.35712	0.31048	-0.15647	0	0	0	0	0	0.00096186
3.16	0.35674	0.31053	-0.15647	0	0	0	0	0	0.00097333
3.165	0.3564	0.31057	-0.15648	0	0	0	0	0	0.00096696
3.17	0.35607	0.31062	-0.15649	0	0	0	0	0	0.00094499
3.175	0.35571	0.31066	-0.15647	0	0	0	0	0	0.00090668
3.18	0.35539	0.31071	-0.15645	0	0	0	0	0	0.00084845
3.185	0.35513	0.31077	-0.15645	0	0	0	0	0	0.0007796
3.19	0.35486	0.31083	-0.15642	0	0	0	0	0	0.00071253
3.195	0.35461	0.31087	-0.15639	0	0	0	0	0	0.00064709
3.2	0.35441	0.31092	-0.15635	0	0	0	0	0	0.00058388
3.205	0.35425	0.31095	-0.1563	0	0	0	0	0	0.00053266
3.21	0.35407	0.31097	-0.15622	0	0	0	0	0	0.00049565
3.215	0.3539	0.31099	-0.15615	0	0	0	0	0	0.0004648
3.22	0.35376	0.31102	-0.15608	0	0	0	0	0	0.00044274
3.225	0.35364	0.31105	-0.15601	0	0	0	0	0	0.00044529
3.23	0.35347	0.31107	-0.15593	0	0	0	0	0	0.0004772
3.235	0.35329	0.31108	-0.15585	0	0	0	0	0	0.00052347
3.24	0.3531	0.31109	-0.15577	0	0	0	0	0	0.00056715
3.245	0.35289	0.3111	-0.1557	0	0	0	0	0	0.00060016
3.25	0.35266	0.31111	-0.15562	0	0	0	0	0	0.00061767
3.255	0.35242	0.31114	-0.15554	0	0	0	0	0	0.00061879
3.26	0.3522	0.31117	-0.15547	0	0	0	0	0	0.000614
3.265	0.35197	0.31119	-0.15541	0	0	0	0	0	0.00061925
3.27	0.35173	0.31122	-0.15534	0	0	0	0	0	0.00063861
3.275	0.35145	0.31125	-0.15528	0	0	0	0	0	0.00065687
3.28	0.35116	0.31128	-0.15523	0	0	0	0	0	0.00065017
3.285	0.35089	0.31131	-0.15518	0	0	0	0	0	0.00060369
3.29	0.35067	0.31136	-0.15513	0	0	0	0	0	0.00051888
3.295	0.35049	0.31142	-0.15508	0	0	0	0	0	0.00040557
3.3	0.35037	0.31148	-0.15502	0	0	0	0	0	0.00027287
3.305	0.35031	0.31155	-0.15495	0	0	0	0	0	0.00012914
3.31	0.35031	0.31162	-0.15485	0	0	0	0	0	-1.3394e-005
3.315	0.35039	0.31168	-0.15474	0	0	0	0	0	-0.00013749
3.32	0.35051	0.31173	-0.15462	0	0	0	0	0	-0.00022818
3.325	0.35063	0.31175	-0.15449	0	0	0	0	0	-0.00028322
3.33	0.35076	0.31177	-0.15437	0	0	0	0	0	-0.00031226
3.335	0.35089	0.31178	-0.15425	0	0	0	0	0	-0.00032476
3.34	0.35103	0.31178	-0.15414	0	0	0	0	0	-0.00032194
3.345	0.35116	0.31177	-0.15404	0	0	0	0	0	-0.00030066
3.35	0.35127	0.31176	-0.15396	0	0	0	0	0	-0.00026195
3.355	0.35135	0.31175	-0.15388	0	0	0	0	0	-0.00021783
3.36	0.35136	0.31172	-0.15383	0	0	0	0	0	-0.00019303
3.365	0.35138	0.31169	-0.15378	0	0	0	0	0	-0.00021114
3.37	0.35146	0.31167	-0.15372	0	0	0	0	0	-0.00027099
3.375	0.35161	0.31167	-0.15365	0	0	0	0	0	-0.00034446
3.38	0.35177	0.31166	-0.15358	0	0	0	0	0	-0.00040243
3.385	0.35194	0.31166	-0.15353	0	0	0	0	0	-0.0004351
3.39	0.35211	0.31164	-0.15347	0	0	0	0	0	-0.00044776
3.395	0.35228	0.31163	-0.15343	0	0	0	0	0	-0.00044826
3.4	0.35245	0.31161	-0.15339	0	0	0	0	0	-0.0004415
3.405	0.35261	0.31158	-0.15335	0	0	0	0	0	-0.00042957
3.41	0.35277	0.31155	-0.15333	0	0	0	0	0	-0.00041395
3.415	0.35291	0.31152	-0.15332	0	0	0	0	0	-0.00039729
3.42	0.35305	0.31149	-0.15333	0	0	0	0	0	-0.00038301
3.425	0.35318	0.31145	-0.15333	0	0	0	0	0	-0.00037321
3.43	0.35332	0.31143	-0.15332	0	0	0	0	0	-0.00036767
3.435	0.35345	0.3114	-0.15332	0	0	0	0	0	-0.00036467
3.44	0.35358	0.31138	-0.15331	0	0	0	0	0	-0.00036256
3.445	0.35371	0.31136	-0.15331	0	0	0	0	0	-0.00036071
3.45	0.35384	0.31134	-0.1533	0	0	0	0	0	-0.00035856
3.455	0.35397	0.31133	-0.15331	0	0	0	0	0	-0.00035553
3.46	0.3541	0.31131	-0.15332	0	0	0	0	0	-0.00035308
3.465	0.35423	0.31128	-0.15333	0	0	0	0	0	-0.00035477
3.47	0.35437	0.31124	-0.15335	0	0	0	0	0	-0.00036246
3.475	0.35452	0.31119	-0.15338	0	0	0	0	0	-0.00037429
3.48	0.35469	0.31112	-0.15343	0	0	0	0	0	-0.00038653
3.485	0.35486	0.31105	-0.15347	0	0	0	0	0	-0.00039566
3.49	0.35503	0.31098	-0.15351	0	0	0	0	0	-0.00039967
3.495	0.35519	0.31093	-0.15354	0	0	0	0	0	-0.0003985
3.5	0.35535	0.31088	-0.15357	0	0	0	0	0	-0.00039233
3.505	0.3555	0.31085	-0.15358	0	0	0	0	0	-0.00037931
3.51	0.35564	0.31082	-0.15359	0	0	0	0	0	-0.00035637
3.515	0.35577	0.3108	-0.15358	0	0	0	0	0	-0.0003221
3.52	0.35588	0.31077	-0.15358	0	0	0	0	0	-0.00027846
3.525	0.35597	0.31076	-0.15357	0	0	0	0	0	-0.00023009
3.53	0.35604	0.31075	-0.15356	0	0	0	0	0	-0.00018233
3.535	0.35609	0.31075	-0.15356	0	0	0	0	0	-0.00014028
3.54	0.35612	0.31075	-0.15356	0	0	0	0	0	-0.00010839
3.545	0.35616	0.31074	-0.15357	0	0	0	0	0	-8.9116e-005
3.55	0.35619	0.31073	-0.15359	0	0	0	0	0	-8.1891e-005
3.555	0.35622	0.31072	-0.15363	0	0	0	0	0	-8.3655e-005
3.56	0.35626	0.31071	-0.15367	0	0	0	0	0	-9.0568e-005
3.565	0.3563	0.3107	-0.15372	0	0	0	0	0	-9.9998e-005
3.57	0.35634	0.31068	-0.15377	0	0	0	0	0	-0.0001113
3.575	0.35638	0.31067	-0.15383	0	0	0	0	0	-0.00012484
3.58	0.35643	0.31066	-0.1539	0	0	0	0	0	-0.00014116
3.585	0.35649	0.31065	-0.15396	0	0	0	0	0	-0.00016047
3.59	0.35655	0.31065	-0.15403	0	0	0	0	0	-0.00018189
3.595	0.35663	0.31064	-0.15408	0	0	0	0	0	-0.00020357
3.6	0.35671	0.31062	-0.15413	0	0	0	0	0	-0.00022447
3.605	0.35679	0.31061	-0.15418	0	0	0	0	0	-0.00024472
3.61	0.35689	0.3106	-0.15422	0	0	0	0	0	-0.00026331
3.615	0.35699	0.31058	-0.15426	0	0	0	0	0	-0.00027642
3.62	0.35709	0.31057	-0.15429	0	0	0	0	0	-0.00027899
3.625	0.35719	0.31057	-0.1543	0	0	0	0	0	-0.00026812
3.63	0.35729	0.31056	-0.15431	0	0	0	0	0	-0.00024435
3.635	0.35737	0.31055	-0.15432	0	0	0	0	0	-0.00020983
3.64	0.35743	0.31054	-0.15431	0	0	0	0	0	-0.00016733
3.645	0.35748	0.31054	-0.15431	0	0	0	0	0	-0.00012057
3.65	0.35751	0.31053	-0.1543	0	0	0	0	0	-7.3236e-005
3.655	0.35753	0.31053	-0.1543	0	0	0	0	0	-2.8274e-005
3.66	0.35752	0.31053	-0.15429	0	0	0	0	0	1.0949e-005
3.665	0.35751	0.31053	-0.15429	0	0	0	0	0	4.054e-005
3.67	0.35749	0.31052	-0.1543	0	0	0	0	0	5.769e-005
3.675	0.35746	0.31052	-0.15431	0	0	0	0	0	6.1499e-005
3.68	0.35744	0.31052	-0.15432	0	0	0	0	0	5.2637e-005
3.685	0.35742	0.31051	-0.15433	0	0	0	0	0	3.266e-005
3.69	0.35742	0.31051	-0.15435	0	0	0	0	0	3.7537e-006
3.695	0.35742	0.3105	-0.15437	0	0	0	0	0	-3.0522e-005
3.7	0.35745	0.3105	-0.15439	0	0	0	0	0	-6.5102e-005
3.705	0.35748	0.3105	-0.1544	0	0	0	0	0	-9.501e-005
3.71	0.35752	0.3105	-0.15442	0	0	0	0	0	-0.00011653
3.715	0.35757	0.31049	-0.15445	0	0	0	0	0	-0.0001268
3.72	0.35762	0.31049	-0.15447	0	0	0	0	0	-0.00012435
3.725	0.35766	0.31049	-0.1545	0	0	0	0	0	-0.00011083
3.73	0.35769	0.31048	-0.15453	0	0	0	0	0	-9.0865e-005
3.735	0.35771	0.31048	-0.15456	0	0	0	0	0	-7.0077e-005
3.74	0.35772	0.31048	-0.15458	0	0	0	0	0	-5.2528e-005
3.745	0.35774	0.31048	-0.15459	0	0	0	0	0	-3.9719e-005
3.75	0.35775	0.31047	-0.1546	0	0	0	0	0	-3.2282e-005
3.755	0.35775	0.31047	-0.1546	0	0	0	0	0	-3.129e-005
3.76	0.35777	0.31047	-0.1546	0	0	0	0	0	-3.677e-005
3.765	0.35778	0.31047	-0.15459	0	0	0	0	0	-4.612e-005
3.77	0.3578	0.31048	-0.15457	0	0	0	0	0	-5.4479e-005
3.775	0.35783	0.31048	-0.15454	0	0	0	0	0	-5.7107e-005
3.78	0.35784	0.31048	-0.15451	0	0	0	0	0	-5.2661e-005
3.785	0.35786	0.31048	-0.15447	0	0	0	0	0	-4.359e-005
3.79	0.35787	0.31049	-0.15443	0	0	0	0	0	-3.2813e-005
3.795	0.35788	0.31049	-0.1544	0	0	0	0	0	-2.1688e-005
3.8	0.35788	0.3105	-0.15436	0	0	0	0	0	-1.1056e-005
3.805	0.35788	0.3105	-0.15433	0	0	0	0	0	-2.1724e-006
3.81	0.35787	0.3105	-0.15431	0	0	0	0	0	3.4409e-006
3.815	0.35787	0.31051	-0.1543	0	0	0	0	0	5.119e-006
3.82	0.35787	0.31053	-0.15429	0	0	0	0	0	3.8464e-006
3.825	0.35786	0.31054	-0.15429	0	0	0	0	0	6.943e-007
3.83	0.35786	0.31055	-0.1543	0	0	0	0	0	-4.5039e-006
3.835	0.35786	0.31056	-0.1543	0	0	0	0	0	-1.1766e-005
3.84	0.35786	0.31057	-0.15431	0	0	0	0	0	-1.9735e-005
3.845	0.35787	0.31058	-0.15431	0	0	0	0	0	-2.6865e-005
3.85	0.35787	0.31058	-0.15431	0	0	0	0	0	-3.2775e-005
3.855	0.35789	0.31058	-0.15432	0	0	0	0	0	-3.64e-005
3.86	0.3579	0.31057	-0.15431	0	0	0	0	0	-3.4344e-005
3.865	0.35791	0.31056	-0.15431	0	0	0	0	0	-2.3618e-005
3.87	0.3579	0.31056	-0.1543	0	0	0	0	0	-4.0591e-006
3.875	0.35789	0.31056	-0.1543	0	0	0	0	0	2.2972e-005
3.88	0.35787	0.31057	-0.1543	0	0	0	0	0	5.5896e-005
3.885	0.35783	0.31058	-0.1543	0	0	0	0	0	9.2154e-005
3.89	0.35777	0.31059	-0.1543	0	0	0	0	0	0.00012836
3.895	0.35771	0.3106	-0.1543	0	0	0	0	0	0.0001616
3.9	0.35763	0.31061	-0.15431	0	0	0	0	0	0.00018934
3.905	0.35755	0.31063	-0.15433	0	0	0	0	0	0.00020883
3.91	0.35746	0.31064	-0.15435	0	0	0	0	0	0.00021778
3.915	0.35738	0.31065	-0.15438	0	0	0	0	0	0.00021524
3.92	0.3573	0.31067	-0.15441	0	0	0	0	0	0.00020208
3.925	0.35723	0.31068	-0.15444	0	0	0	0	0	0.00018094
3.93	0.35716	0.31069	-0.15448	0	0	0	0	0	0.00015447
3.935	0.35711	0.3107	-0.15451	0	0	0	0	0	0.00012449
3.94	0.35707	0.3107	-0.15455	0	0	0	0	0	9.3433e-005
3.945	0.35705	0.3107	-0.1546	0	0	0	0	0	6.508e-005
3.95	0.35703	0.3107	-0.15464	0	0	0	0	0	4.3047e-005
3.955	0.35701	0.31071	-0.15469	0	0	0	0	0	2.9159e-005
3.96	0.357	0.31071	-0.15475	0	0	0	0	0	2.3015e-005
3.965	0.35699	0.3107	-0.15481	0	0	0	0	0	2.2809e-005
3.97	0.35698	0.31071	-0.15488	0	0	0	0	0	2.7215e-005
3.975	0.35696	0.31071	-0.15496	0	0	0	0	0	3.6108e-005
3.98	0.35694	0.31072	-0.15504	0	0	0	0	0	4.8866e-005
3.985	0.35692	0.31072	-0.15513	0	0	0	0	0	6.3457e-005
3.99	0.35689	0.31072	-0.15521	0	0	0	0	0	7.794e-005
3.995	0.35685	0.31072	-0.15528	0	0	0	0	0	9.0918e-005
4	0.35681	0.31072	-0.15535	0	0	0	0	0	0.00010025
4.005	0.35677	0.31072	-0.15541	0	0	0	0	0	0.00010341
4.01	0.35674	0.31073	-0.15546	0	0	0	0	0	9.9024e-005
4.015	0.3567	0.31073	-0.15549	0	0	0	0	0	8.6649e-005
4.02	0.35667	0.31074	-0.15552	0	0	0	0	0	6.6306e-005
4.025	0.35665	0.31075	-0.15554	0	0	0	0	0	3.9561e-005
4.03	0.35665	0.31075	-0.15556	0	0	0	0	0	9.3243e-006
4.035	0.35665	0.31076	-0.15558	0	0	0	0	0	-2.1607e-005
4.04	0.35667	0.31076	-0.1556	0	0	0	0	0	-5.0322e-005
4.045	0.35669	0.31076	-0.15562	0	0	0	0	0	-7.3051e-005
4.05	0.35672	0.31076	-0.15565	0	0	0	0	0	-8.5682e-005
4.055	0.35676	0.31077	-0.15568	0	0	0	0	0	-8.4912e-005
4.06	0.35679	0.31076	-0.15572	0	0	0	0	0	-7.055e-005
4.065	0.3568	0.31076	-0.15576	0	0	0	0	0	-4.7696e-005
4.07	0.35681	0.31076	-0.15582	0	0	0	0	0	-2.5449e-005
4.075	0.35681	0.31075	-0.15588	0	0	0	0	0	-1.2549e-005
4.08	0.35681	0.31075	-0.15596	0	0	0	0	0	-1.2329e-005
4.085	0.35682	0.31076	-0.15605	0	0	0	0	0	-2.0276e-005
4.09	0.35683	0.31076	-0.15615	0	0	0	0	0	-2.7705e-005
4.095	0.35684	0.31076	-0.15625	0	0	0	0	0	-2.8683e-005
4.1	0.35685	0.31077	-0.15635	0	0	0	0	0	-2.3141e-005
4.105	0.35685	0.31077	-0.15646	0	0	0	0	0	-1.421e-005
4.11	0.35685	0.31077	-0.15657	0	0	0	0	0	-4.1614e-006
4.115	0.35684	0.31077	-0.15666	0	0	0	0	0	6.7897e-006
4.12	0.35684	0.31078	-0.15675	0	0	0	0	0	1.8751e-005
4.125	0.35683	0.31077	-0.15683	0	0	0	0	0	3.0081e-005
4.13	0.35682	0.31077	-0.1569	0	0	0	0	0	3.7595e-005
4.135	0.3568	0.31077	-0.15697	0	0	0	0	0	3.8856e-005
4.14	0.35679	0.31077	-0.15703	0	0	0	0	0	3.3573e-005
4.145	0.35678	0.31077	-0.15708	0	0	0	0	0	2.2203e-005
4.15	0.35678	0.31077	-0.15712	0	0	0	0	0	3.7392e-006
4.155	0.35678	0.31077	-0.15716	0	0	0	0	0	-2.3307e-005
4.16	0.3568	0.31078	-0.1572	0	0	0	0	0	-5.7932e-005
4.165	0.35684	0.31078	-0.15723	0	0	0	0	0	-9.6819e-005
4.17	0.35688	0.31079	-0.15726	0	0	0	0	0	-0.00013684
4.175	0.35695	0.31079	-0.15728	0	0	0	0	0	-0.00017558
4.18	0.35702	0.3108	-0.1573	0	0	0	0	0	-0.0002098
4.185	0.35711	0.3108	-0.15732	0	0	0	0	0	-0.00023482
4.19	0.3572	0.31081	-0.15734	0	0	0	0	0	-0.00024711
4.195	0.3573	0.31081	-0.15736	0	0	0	0	0	-0.00024877
4.2	0.35739	0.31081	-0.15738	0	0	0	0	0	-0.00024888
4.205	0.35748	0.3108	-0.1574	0	0	0	0	0	-0.00025827
4.21	0.35758	0.3108	-0.15742	0	0	0	0	0	-0.00028087
4.215	0.35769	0.3108	-0.15746	0	0	0	0	0	-0.00030961
4.22	0.35782	0.3108	-0.15749	0	0	0	0	0	-0.00033131
4.225	0.35794	0.3108	-0.15753	0	0	0	0	0	-0.00033595
4.23	0.35806	0.31079	-0.15757	0	0	0	0	0	-0.00032222
4.235	0.35817	0.31078	-0.1576	0	0	0	0	0	-0.0002973
4.24	0.35827	0.31077	-0.15764	0	0	0	0	0	-0.00027358
4.245	0.35836	0.31075	-0.15766	0	0	0	0	0	-0.00026407
4.25	0.35846	0.31073	-0.15769	0	0	0	0	0	-0.00027472
4.255	0.35857	0.31072	-0.15773	0	0	0	0	0	-0.00029793
4.26	0.3587	0.31071	-0.15776	0	0	0	0	0	-0.00031756
4.265	0.35881	0.31069	-0.15779	0	0	0	0	0	-0.00032133
4.27	0.35893	0.31068	-0.15781	0	0	0	0	0	-0.00030659
4.275	0.35903	0.31067	-0.15783	0	0	0	0	0	-0.0002774
4.28	0.35912	0.31065	-0.15785	0	0	0	0	0	-0.00024096
4.285	0.35919	0.31064	-0.15786	0	0	0	0	0	-0.00020495
4.29	0.35926	0.31063	-0.15786	0	0	0	0	0	-0.00017512
4.295	0.35932	0.31062	-0.15787	0	0	0	0	0	-0.00015439
4.3	0.35937	0.31061	-0.15787	0	0	0	0	0	-0.00014306
4.305	0.35942	0.31061	-0.15788	0	0	0	0	0	-0.00013867
4.31	0.35947	0.3106	-0.15789	0	0	0	0	0	-0.00013635
4.315	0.35952	0.3106	-0.1579	0	0	0	0	0	-0.00013038
4.32	0.35957	0.31059	-0.15792	0	0	0	0	0	-0.00011736
4.325	0.3596	0.31058	-0.15794	0	0	0	0	0	-9.8106e-005
4.33	0.35963	0.31057	-0.15796	0	0	0	0	0	-7.5595e-005
4.335	0.35965	0.31056	-0.15799	0	0	0	0	0	-5.2304e-005
4.34	0.35965	0.31055	-0.15802	0	0	0	0	0	-2.97e-005
4.345	0.35966	0.31054	-0.15805	0	0	0	0	0	-7.9952e-006
4.35	0.35965	0.31053	-0.15808	0	0	0	0	0	1.3724e-005
4.355	0.35963	0.31053	-0.15811	0	0	0	0	0	3.5734e-005
4.36	0.35961	0.31052	-0.15814	0	0	0	0	0	5.6552e-005
4.365	0.35958	0.31051	-0.15817	0	0	0	0	0	7.416e-005
4.37	0.35955	0.3105	-0.15821	0	0	0	0	0	8.7718e-005
4.375	0.35951	0.3105	-0.15825	0	0	0	0	0	9.7722e-005
4.38	0.35947	0.31049	-0.15828	0	0	0	0	0	0.00010452
4.385	0.35942	0.31048	-0.15832	0	0	0	0	0	0.00010698
4.39	0.35938	0.31047	-0.15835	0	0	0	0	0	0.00010324
4.395	0.35935	0.31046	-0.15839	0	0	0	0	0	9.2144e-005
4.4	0.35932	0.31045	-0.15843	0	0	0	0	0	7.3099e-005
4.405	0.3593	0.31043	-0.15846	0	0	0	0	0	4.5396e-005
4.41	0.35929	0.31041	-0.1585	0	0	0	0	0	9.0024e-006
4.415	0.3593	0.31039	-0.15854	0	0	0	0	0	-3.4039e-005
4.42	0.35933	0.31036	-0.15858	0	0	0	0	0	-7.8249e-005
4.425	0.35937	0.31034	-0.15862	0	0	0	0	0	-0.00011454
4.43	0.35942	0.31033	-0.15867	0	0	0	0	0	-0.00013402
4.435	0.35947	0.31031	-0.15871	0	0	0	0	0	-0.0001358
4.44	0.35951	0.31029	-0.15875	0	0	0	0	0	-0.0001329
4.445	0.35954	0.31027	-0.15879	0	0	0	0	0	-0.00014495
4.45	0.35959	0.31025	-0.15885	0	0	0	0	0	-0.0001765
4.455	0.35968	0.31023	-0.15893	0	0	0	0	0	-0.00020536
4.46	0.35978	0.31021	-0.15903	0	0	0	0	0	-0.00020481
4.465	0.35984	0.31019	-0.1591	0	0	0	0	0	-0.00017997
4.47	0.35985	0.31016	-0.15915	0	0	0	0	0	-0.00016884
4.475	0.3599	0.31012	-0.15923	0	0	0	0	0	-0.00019565
4.48	0.36003	0.3101	-0.15936	0	0	0	0	0	-0.00023763
4.485	0.36014	0.31007	-0.15948	0	0	0	0	0	-0.00026132
4.49	0.36019	0.31002	-0.15958	0	0	0	0	0	-0.00027247
4.495	0.36029	0.30998	-0.1597	0	0	0	0	0	-0.00029485
4.5	0.36045	0.30994	-0.15984	0	0	0	0	0	-0.00032544
4.505	0.36055	0.30991	-0.15997	0	0	0	0	0	-0.00034909
4.51	0.36066	0.30988	-0.16011	0	0	0	0	0	-0.00036498
4.515	0.36084	0.30986	-0.16028	0	0	0	0	0	-0.00037457
4.52	0.36096	0.30982	-0.16042	0	0	0	0	0	-0.00038113
4.525	0.36107	0.30978	-0.16055	0	0	0	0	0	-0.00039755
4.53	0.36127	0.30975	-0.16071	0	0	0	0	0	-0.00042429
4.535	0.36143	0.3097	-0.16084	0	0	0	0	0	-0.00044816
4.54	0.36157	0.30966	-0.16097	0	0	0	0	0	-0.00046645
4.545	0.36179	0.30963	-0.16113	0	0	0	0	0	-0.00047919
4.55	0.36195	0.30959	-0.16126	0	0	0	0	0	-0.00048208
4.555	0.36211	0.30955	-0.16139	0	0	0	0	0	-0.00047831
4.56	0.36232	0.30952	-0.16154	0	0	0	0	0	-0.00047259
4.565	0.36245	0.30949	-0.16167	0	0	0	0	0	-0.00046653
4.57	0.36264	0.30947	-0.16185	0	0	0	0	0	-0.00045908
4.575	0.36285	0.30944	-0.16202	0	0	0	0	0	-0.00044677
4.58	0.36296	0.30945	-0.16214	0	0	0	0	0	-0.00044365
4.585	0.36313	0.30941	-0.16227	0	0	0	0	0	-0.00047345
4.59	0.36334	0.30939	-0.16244	0	0	0	0	0	-0.00052663
4.595	0.36358	0.30936	-0.16261	0	0	0	0	0	-0.00056612
4.6	0.36378	0.30933	-0.16275	0	0	0	0	0	-0.00057725
4.605	0.36398	0.3093	-0.16289	0	0	0	0	0	-0.00057823
4.61	0.36419	0.30926	-0.16303	0	0	0	0	0	-0.00058638
4.615	0.36443	0.30923	-0.16317	0	0	0	0	0	-0.00059875
4.62	0.36465	0.3092	-0.16331	0	0	0	0	0	-0.0006066
4.625	0.36487	0.30916	-0.16344	0	0	0	0	0	-0.00061103
4.63	0.3651	0.30912	-0.16358	0	0	0	0	0	-0.00061755
4.635	0.36533	0.30901	-0.16372	0	0	0	0	0	-0.00062434
4.64	0.36558	0.30907	-0.16385	0	0	0	0	0	-0.00062438
4.645	0.3658	0.30904	-0.16395	0	0	0	0	0	-0.00061927
4.65	0.36602	0.30901	-0.16405	0	0	0	0	0	-0.0006242
4.655	0.36626	0.30898	-0.16416	0	0	0	0	0	-0.00064514
4.66	0.36652	0.30895	-0.16429	0	0	0	0	0	-0.0006647
4.665	0.36678	0.30893	-0.16442	0	0	0	0	0	-0.00066188
4.67	0.36701	0.30889	-0.16452	0	0	0	0	0	-0.00063725
4.675	0.36725	0.30878	-0.16463	0	0	0	0	0	-0.00061094
4.68	0.36744	0.30875	-0.16471	0	0	0	0	0	-0.00059902
4.685	0.36771	0.30872	-0.16483	0	0	0	0	0	-0.00059473
4.69	0.36793	0.30869	-0.16493	0	0	0	0	0	-0.00058603
4.695	0.3681	0.30866	-0.16501	0	0	0	0	0	-0.0005802
4.7	0.36835	0.30863	-0.16512	0	0	0	0	0	-0.00058415
4.705	0.3686	0.30859	-0.16523	0	0	0	0	0	-0.0005892
4.71	0.36877	0.30853	-0.16529	0	0	0	0	0	-0.00059815
4.715	0.369	0.30849	-0.16538	0	0	0	0	0	-0.0006199
4.72	0.3693	0.30846	-0.16548	0	0	0	0	0	-0.00063771
4.725	0.36953	0.30842	-0.16555	0	0	0	0	0	-0.00063479
4.73	0.36972	0.3084	-0.1656	0	0	0	0	0	-0.00062678
4.735	0.36997	0.30838	-0.16567	0	0	0	0	0	-0.00062761
4.74	0.37024	0.30837	-0.16575	0	0	0	0	0	-0.0006223
4.745	0.37044	0.30835	-0.16579	0	0	0	0	0	-0.00060319
4.75	0.37062	0.30833	-0.16582	0	0	0	0	0	-0.00058812
4.755	0.37086	0.30831	-0.16588	0	0	0	0	0	-0.00058003
4.76	0.3711	0.30831	-0.16595	0	0	0	0	0	-0.00055397
4.765	0.37128	0.30829	-0.16599	0	0	0	0	0	-0.00050441
4.77	0.37141	0.30827	-0.16603	0	0	0	0	0	-0.00046587
4.775	0.37157	0.30827	-0.16607	0	0	0	0	0	-0.00046644
4.78	0.37178	0.30826	-0.16613	0	0	0	0	0	-0.00048782
4.785	0.37198	0.30826	-0.16619	0	0	0	0	0	-0.00049038
4.79	0.37215	0.30826	-0.16623	0	0	0	0	0	-0.00046502
4.795	0.37229	0.30824	-0.16625	0	0	0	0	0	-0.00044364
4.8	0.37244	0.30822	-0.16627	0	0	0	0	0	-0.00045713
4.805	0.37263	0.3082	-0.16631	0	0	0	0	0	-0.00049516
4.81	0.37285	0.30819	-0.16636	0	0	0	0	0	-0.00051733
4.815	0.37304	0.30817	-0.1664	0	0	0	0	0	-0.00050017
4.82	0.3732	0.30813	-0.16642	0	0	0	0	0	-0.00046309
4.825	0.37334	0.3081	-0.16644	0	0	0	0	0	-0.00044575
4.83	0.37351	0.30807	-0.16646	0	0	0	0	0	-0.00046533
4.835	0.3737	0.30804	-0.16649	0	0	0	0	0	-0.00050065
4.84	0.37391	0.30801	-0.16652	0	0	0	0	0	-0.00051475
4.845	0.3741	0.30798	-0.16654	0	0	0	0	0	-0.00048885
4.85	0.37425	0.30795	-0.16653	0	0	0	0	0	-0.00043553
4.855	0.37439	0.30792	-0.16651	0	0	0	0	0	-0.0003846
4.86	0.37451	0.30788	-0.16648	0	0	0	0	0	-0.00035903
4.865	0.37465	0.30785	-0.16645	0	0	0	0	0	-0.00036127
4.87	0.37479	0.30781	-0.16641	0	0	0	0	0	-0.0003766
4.875	0.37494	0.30776	-0.16637	0	0	0	0	0	-0.00038665
4.88	0.37508	0.30772	-0.16632	0	0	0	0	0	-0.00038175
4.885	0.37522	0.30768	-0.16627	0	0	0	0	0	-0.0003639
4.89	0.37534	0.30765	-0.16622	0	0	0	0	0	-0.00034126
4.895	0.37545	0.30762	-0.16616	0	0	0	0	0	-0.00032125
4.9	0.37557	0.30759	-0.16609	0	0	0	0	0	-0.00030642
4.905	0.37567	0.30757	-0.16603	0	0	0	0	0	-0.00029577
4.91	0.37578	0.30756	-0.16597	0	0	0	0	0	-0.00028869
4.915	0.37588	0.30755	-0.1659	0	0	0	0	0	-0.00028516
4.92	0.37598	0.30754	-0.16584	0	0	0	0	0	-0.00028333
4.925	0.37608	0.30752	-0.16577	0	0	0	0	0	-0.00027841
4.93	0.37619	0.3075	-0.16571	0	0	0	0	0	-0.00026439
4.935	0.37627	0.30749	-0.16564	0	0	0	0	0	-0.00023809
4.94	0.37635	0.30747	-0.16558	0	0	0	0	0	-0.00020226
4.945	0.3764	0.30745	-0.16551	0	0	0	0	0	-0.00016349
4.95	0.37645	0.30743	-0.16545	0	0	0	0	0	-0.00012747
4.955	0.37648	0.30741	-0.16539	0	0	0	0	0	-9.7183e-005
4.96	0.3765	0.30739	-0.16534	0	0	0	0	0	-7.4839e-005
4.965	0.37652	0.30736	-0.16529	0	0	0	0	0	-6.3333e-005
4.97	0.37654	0.30733	-0.16524	0	0	0	0	0	-6.5153e-005
4.975	0.37656	0.3073	-0.16519	0	0	0	0	0	-8.0452e-005
4.98	0.37659	0.30727	-0.16515	0	0	0	0	0	-0.00010694
4.985	0.37664	0.30724	-0.16511	0	0	0	0	0	-0.00014104
4.99	0.3767	0.30723	-0.16507	0	0	0	0	0	-0.0001789
4.995	0.37677	0.30721	-0.16502	0	0	0	0	0	-0.00021784
