0.005	-0.46548	0.75235	-0.19711	0	0	0	0	0	-0.00072295
0.01	-0.46542	0.75234	-0.19709	0	0	0	0	0	-0.00076183
0.015	-0.46536	0.75233	-0.19707	0	0	0	0	0	-0.00078491
0.02	-0.46529	0.75232	-0.19705	0	0	0	0	0	-0.00078188
0.025	-0.46523	0.75232	-0.19703	0	0	0	0	0	-0.00075971
0.03	-0.46517	0.75231	-0.197	0	0	0	0	0	-0.00073952
0.035	-0.46511	0.7523	-0.19698	0	0	0	0	0	-0.00073167
0.04	-0.46505	0.7523	-0.19697	0	0	0	0	0	-0.00072092
0.045	-0.46499	0.7523	-0.19695	0	0	0	0	0	-0.00068828
0.05	-0.46494	0.7523	-0.19694	0	0	0	0	0	-0.00064011
0.055	-0.4649	0.7523	-0.19692	0	0	0	0	0	-0.00060172
0.06	-0.46485	0.7523	-0.19691	0	0	0	0	0	-0.00058596
0.065	-0.4648	0.7523	-0.19689	0	0	0	0	0	-0.00057911
0.07	-0.46474	0.7523	-0.19688	0	0	0	0	0	-0.00056335
0.075	-0.46471	0.75229	-0.19687	0	0	0	0	0	-0.00054045
0.08	-0.46466	0.75229	-0.19686	0	0	0	0	0	-0.00051658
0.085	-0.46462	0.75228	-0.19685	0	0	0	0	0	-0.00048315
0.09	-0.46459	0.75228	-0.19684	0	0	0	0	0	-0.00043371
0.095	-0.46456	0.75228	-0.19682	0	0	0	0	0	-0.00038208
0.1	-0.46453	0.75229	-0.19681	0	0	0	0	0	-0.00035068
0.105	-0.46451	0.75229	-0.1968	0	0	0	0	0	-0.00034988
0.11	-0.46448	0.75229	-0.19678	0	0	0	0	0	-0.00036683
0.115	-0.46444	0.75229	-0.19678	0	0	0	0	0	-0.00037145
0.12	-0.46441	0.75229	-0.19677	0	0	0	0	0	-0.00034507
0.125	-0.4644	0.75229	-0.19675	0	0	0	0	0	-0.00030116
0.13	-0.46437	0.75228	-0.19674	0	0	0	0	0	-0.00025915
0.135	-0.46435	0.75228	-0.19674	0	0	0	0	0	-0.00021304
0.14	-0.46434	0.75229	-0.19673	0	0	0	0	0	-0.00015131
0.145	-0.46434	0.7523	-0.19672	0	0	0	0	0	-7.9504e-005
0.15	-0.46433	0.75231	-0.19672	0	0	0	0	0	-7.3033e-006
0.155	-0.46435	0.75233	-0.1967	0	0	0	0	0	5.6108e-005
0.16	-0.46436	0.75233	-0.1967	0	0	0	0	0	0.00010847
0.165	-0.46435	0.75235	-0.19671	0	0	0	0	0	0.00016318
0.17	-0.46439	0.75236	-0.1967	0	0	0	0	0	0.00021679
0.175	-0.46442	0.75238	-0.1967	0	0	0	0	0	0.0002474
0.18	-0.46443	0.7524	-0.19671	0	0	0	0	0	0.00026308
0.185	-0.46446	0.75241	-0.19672	0	0	0	0	0	0.00028335
0.19	-0.4645	0.75243	-0.19671	0	0	0	0	0	0.00029513
0.195	-0.46452	0.75245	-0.19672	0	0	0	0	0	0.00029092
0.2	-0.46454	0.75246	-0.19673	0	0	0	0	0	0.00029575
0.205	-0.46457	0.75248	-0.19673	0	0	0	0	0	0.00031439
0.21	-0.4646	0.75249	-0.19673	0	0	0	0	0	0.00031409
0.215	-0.46463	0.75249	-0.19674	0	0	0	0	0	0.00027972
0.22	-0.46464	0.7525	-0.19675	0	0	0	0	0	0.00023718
0.225	-0.46466	0.75251	-0.19676	0	0	0	0	0	0.00021035
0.23	-0.46469	0.75251	-0.19675	0	0	0	0	0	0.00019144
0.235	-0.46469	0.75251	-0.19677	0	0	0	0	0	0.00016928
0.24	-0.46472	0.75252	-0.19677	0	0	0	0	0	0.00014748
0.245	-0.46472	0.75252	-0.19678	0	0	0	0	0	0.00012306
0.25	-0.46473	0.75251	-0.19678	0	0	0	0	0	8.3168e-005
0.255	-0.46473	0.7525	-0.19679	0	0	0	0	0	3.1431e-005
0.26	-0.46472	0.75249	-0.19681	0	0	0	0	0	-3.8624e-006
0.265	-0.46472	0.75249	-0.19681	0	0	0	0	0	-6.2626e-006
0.27	-0.46472	0.75247	-0.19681	0	0	0	0	0	5.6402e-006
0.275	-0.46471	0.75246	-0.19683	0	0	0	0	0	7.8946e-006
0.28	-0.46471	0.75244	-0.19684	0	0	0	0	0	-8.7428e-006
0.285	-0.46472	0.75242	-0.19684	0	0	0	0	0	-4.1893e-005
0.29	-0.46469	0.7524	-0.19686	0	0	0	0	0	-6.7705e-005
0.295	-0.46468	0.75237	-0.19688	0	0	0	0	0	-5.9496e-005
0.3	-0.46468	0.75234	-0.19689	0	0	0	0	0	-3.3474e-005
0.305	-0.46468	0.75231	-0.1969	0	0	0	0	0	-3.74e-005
0.31	-0.46468	0.75228	-0.19691	0	0	0	0	0	-9.2993e-005
0.315	-0.46464	0.75225	-0.19693	0	0	0	0	0	-0.00017287
0.32	-0.46462	0.75222	-0.19694	0	0	0	0	0	-0.00023715
0.325	-0.46459	0.75218	-0.19695	0	0	0	0	0	-0.00027659
0.33	-0.46456	0.75215	-0.19697	0	0	0	0	0	-0.00030579
0.335	-0.46454	0.75211	-0.19698	0	0	0	0	0	-0.00033733
0.34	-0.46449	0.75207	-0.197	0	0	0	0	0	-0.00037448
0.345	-0.46446	0.75204	-0.19701	0	0	0	0	0	-0.00041794
0.35	-0.46441	0.75199	-0.19702	0	0	0	0	0	-0.00047237
0.355	-0.46437	0.75194	-0.19704	0	0	0	0	0	-0.00053449
0.36	-0.4643	0.75191	-0.19707	0	0	0	0	0	-0.00058423
0.365	-0.46424	0.75188	-0.19709	0	0	0	0	0	-0.00060694
0.37	-0.4642	0.75184	-0.1971	0	0	0	0	0	-0.0006162
0.375	-0.46413	0.75182	-0.19713	0	0	0	0	0	-0.00063885
0.38	-0.46409	0.75179	-0.19714	0	0	0	0	0	-0.00068494
0.385	-0.464	0.75175	-0.19718	0	0	0	0	0	-0.0007342
0.39	-0.46394	0.75171	-0.1972	0	0	0	0	0	-0.00075847
0.395	-0.46388	0.75168	-0.19722	0	0	0	0	0	-0.00075521
0.4	-0.46379	0.75166	-0.19726	0	0	0	0	0	-0.00074342
0.405	-0.46376	0.75164	-0.19727	0	0	0	0	0	-0.00075377
0.41	-0.46368	0.75162	-0.19731	0	0	0	0	0	-0.00080363
0.415	-0.4636	0.7516	-0.19734	0	0	0	0	0	-0.00085815
0.42	-0.46353	0.75158	-0.19737	0	0	0	0	0	-0.00086759
0.425	-0.46346	0.75157	-0.1974	0	0	0	0	0	-0.0008265
0.43	-0.46339	0.75155	-0.19743	0	0	0	0	0	-0.00076805
0.435	-0.46334	0.75154	-0.19745	0	0	0	0	0	-0.00073484
0.44	-0.46328	0.75153	-0.19747	0	0	0	0	0	-0.00074366
0.445	-0.46321	0.75152	-0.19751	0	0	0	0	0	-0.00076566
0.45	-0.46315	0.75151	-0.19753	0	0	0	0	0	-0.00076484
0.455	-0.46309	0.75152	-0.19756	0	0	0	0	0	-0.00073625
0.46	-0.46302	0.75152	-0.19759	0	0	0	0	0	-0.00069404
0.465	-0.46299	0.75152	-0.1976	0	0	0	0	0	-0.00065688
0.47	-0.46293	0.75153	-0.19764	0	0	0	0	0	-0.00063269
0.475	-0.46287	0.75153	-0.19766	0	0	0	0	0	-0.00060629
0.48	-0.46284	0.75153	-0.19768	0	0	0	0	0	-0.00056667
0.485	-0.46279	0.75153	-0.19771	0	0	0	0	0	-0.00052137
0.49	-0.46275	0.75154	-0.19774	0	0	0	0	0	-0.00048021
0.495	-0.46272	0.75154	-0.19776	0	0	0	0	0	-0.0004523
0.5	-0.46269	0.75155	-0.19778	0	0	0	0	0	-0.00043412
0.505	-0.46264	0.75156	-0.19782	0	0	0	0	0	-0.00040321
0.51	-0.46264	0.75156	-0.19784	0	0	0	0	0	-0.00035178
0.515	-0.46261	0.75157	-0.19787	0	0	0	0	0	-0.00029287
0.52	-0.46259	0.75159	-0.19789	0	0	0	0	0	-0.00023107
0.525	-0.46258	0.7516	-0.19791	0	0	0	0	0	-0.00017079
0.53	-0.46258	0.75162	-0.19793	0	0	0	0	0	-0.00013012
0.535	-0.46257	0.75162	-0.19795	0	0	0	0	0	-0.00011153
0.54	-0.46255	0.75162	-0.19798	0	0	0	0	0	-8.7383e-005
0.545	-0.46255	0.75163	-0.19801	0	0	0	0	0	-3.9032e-005
0.55	-0.46257	0.75163	-0.19802	0	0	0	0	0	1.5929e-005
0.555	-0.46257	0.75164	-0.19804	0	0	0	0	0	6.0138e-005
0.56	-0.46258	0.75166	-0.19807	0	0	0	0	0	0.00011
0.565	-0.46259	0.75167	-0.1981	0	0	0	0	0	0.00018453
0.57	-0.46262	0.75168	-0.19812	0	0	0	0	0	0.00026467
0.575	-0.46266	0.75169	-0.19813	0	0	0	0	0	0.00031541
0.58	-0.46267	0.7517	-0.19816	0	0	0	0	0	0.00033382
0.585	-0.46271	0.75171	-0.19817	0	0	0	0	0	0.00033588
0.59	-0.46275	0.75171	-0.19818	0	0	0	0	0	0.00032181
0.595	-0.46276	0.75171	-0.19821	0	0	0	0	0	0.00029543
0.6	-0.46279	0.75172	-0.19823	0	0	0	0	0	0.00027522
0.605	-0.46281	0.75173	-0.19824	0	0	0	0	0	0.00027352
0.61	-0.46283	0.75175	-0.19827	0	0	0	0	0	0.00029708
0.615	-0.46285	0.75176	-0.19829	0	0	0	0	0	0.00034432
0.62	-0.4629	0.75175	-0.1983	0	0	0	0	0	0.00039529
0.625	-0.46292	0.75175	-0.19832	0	0	0	0	0	0.00043051
0.63	-0.46296	0.75174	-0.19833	0	0	0	0	0	0.0004386
0.635	-0.46302	0.75173	-0.19833	0	0	0	0	0	0.00041411
0.64	-0.46302	0.75173	-0.19836	0	0	0	0	0	0.00038729
0.645	-0.46305	0.75172	-0.19837	0	0	0	0	0	0.00040397
0.65	-0.4631	0.75172	-0.19837	0	0	0	0	0	0.00045165
0.655	-0.46314	0.75171	-0.19838	0	0	0	0	0	0.00047361
0.66	-0.46318	0.7517	-0.19839	0	0	0	0	0	0.00044779
0.665	-0.4632	0.75169	-0.1984	0	0	0	0	0	0.00041001
0.67	-0.46322	0.75168	-0.19843	0	0	0	0	0	0.00040587
0.675	-0.46327	0.75166	-0.19843	0	0	0	0	0	0.00043366
0.68	-0.4633	0.75164	-0.19844	0	0	0	0	0	0.00045973
0.685	-0.46333	0.75163	-0.19846	0	0	0	0	0	0.00046933
0.69	-0.46338	0.75163	-0.19846	0	0	0	0	0	0.00046122
0.695	-0.4634	0.75162	-0.19849	0	0	0	0	0	0.00042596
0.7	-0.46345	0.75161	-0.19849	0	0	0	0	0	0.00036081
0.705	-0.46345	0.75158	-0.19852	0	0	0	0	0	0.00029198
0.71	-0.46347	0.75157	-0.19855	0	0	0	0	0	0.00026188
0.715	-0.46349	0.75156	-0.19857	0	0	0	0	0	0.00028311
0.72	-0.46352	0.75154	-0.19859	0	0	0	0	0	0.00032585
0.725	-0.46354	0.75151	-0.1986	0	0	0	0	0	0.00034586
0.73	-0.46358	0.75149	-0.19861	0	0	0	0	0	0.00030912
0.735	-0.46359	0.75148	-0.19863	0	0	0	0	0	0.0002294
0.74	-0.46358	0.75146	-0.19866	0	0	0	0	0	0.00017508
0.745	-0.46359	0.75144	-0.19869	0	0	0	0	0	0.00018497
0.75	-0.46362	0.75143	-0.19871	0	0	0	0	0	0.00021679
0.755	-0.46363	0.75141	-0.19874	0	0	0	0	0	0.00022225
0.76	-0.46364	0.7514	-0.19878	0	0	0	0	0	0.00020826
0.765	-0.46366	0.75137	-0.19881	0	0	0	0	0	0.00019524
0.77	-0.46366	0.75136	-0.19885	0	0	0	0	0	0.00017868
0.775	-0.46368	0.75133	-0.19888	0	0	0	0	0	0.00015288
0.78	-0.46367	0.75131	-0.19894	0	0	0	0	0	0.00013618
0.785	-0.46368	0.75128	-0.19898	0	0	0	0	0	0.00014866
0.79	-0.46369	0.75125	-0.19902	0	0	0	0	0	0.00017747
0.795	-0.46368	0.75123	-0.19906	0	0	0	0	0	0.00018718
0.8	-0.46371	0.75118	-0.19909	0	0	0	0	0	0.00014954
0.805	-0.46369	0.75113	-0.19914	0	0	0	0	0	6.4258e-005
0.81	-0.46368	0.75106	-0.19919	0	0	0	0	0	-3.224e-005
0.815	-0.46364	0.75101	-0.19923	0	0	0	0	0	-9.545e-005
0.82	-0.46362	0.75093	-0.19927	0	0	0	0	0	-0.00011547
0.825	-0.4636	0.75086	-0.19931	0	0	0	0	0	-0.00012355
0.83	-0.46357	0.75077	-0.19935	0	0	0	0	0	-0.00015761
0.835	-0.46353	0.75069	-0.19939	0	0	0	0	0	-0.00023263
0.84	-0.4635	0.75061	-0.19943	0	0	0	0	0	-0.00034054
0.845	-0.46343	0.75054	-0.19948	0	0	0	0	0	-0.00044545
0.85	-0.46336	0.75046	-0.19952	0	0	0	0	0	-0.00049032
0.855	-0.46329	0.75039	-0.19957	0	0	0	0	0	-0.00045804
0.86	-0.46327	0.7503	-0.19959	0	0	0	0	0	-0.00040974
0.865	-0.46322	0.7502	-0.19963	0	0	0	0	0	-0.00041769
0.87	-0.46315	0.7501	-0.19967	0	0	0	0	0	-0.00047704
0.875	-0.46307	0.75	-0.19972	0	0	0	0	0	-0.00052903
0.88	-0.46301	0.74989	-0.19976	0	0	0	0	0	-0.00055655
0.885	-0.46294	0.74978	-0.1998	0	0	0	0	0	-0.00061322
0.89	-0.46288	0.74967	-0.19982	0	0	0	0	0	-0.00075979
0.895	-0.46277	0.74956	-0.19987	0	0	0	0	0	-0.00099239
0.9	-0.46263	0.74946	-0.19992	0	0	0	0	0	-0.0012414
0.905	-0.46248	0.74936	-0.19996	0	0	0	0	0	-0.0014434
0.91	-0.46233	0.74925	-0.20001	0	0	0	0	0	-0.0015967
0.915	-0.46218	0.74912	-0.20004	0	0	0	0	0	-0.0017383
0.92	-0.46199	0.74897	-0.20008	0	0	0	0	0	-0.0018852
0.925	-0.46179	0.74882	-0.20014	0	0	0	0	0	-0.0020192
0.93	-0.4616	0.74868	-0.20018	0	0	0	0	0	-0.0021287
0.935	-0.46138	0.74853	-0.20023	0	0	0	0	0	-0.0022229
0.94	-0.46117	0.74839	-0.20026	0	0	0	0	0	-0.0023152
0.945	-0.46095	0.74826	-0.20029	0	0	0	0	0	-0.0024127
0.95	-0.4607	0.74811	-0.20034	0	0	0	0	0	-0.0024996
0.955	-0.46046	0.74792	-0.20038	0	0	0	0	0	-0.0025586
0.96	-0.46023	0.7477	-0.20041	0	0	0	0	0	-0.0026219
0.965	-0.45998	0.74751	-0.20044	0	0	0	0	0	-0.0027436
0.97	-0.4597	0.74736	-0.20049	0	0	0	0	0	-0.0029291
0.975	-0.45941	0.74721	-0.20052	0	0	0	0	0	-0.0031376
0.98	-0.4591	0.74705	-0.20056	0	0	0	0	0	-0.0033179
0.985	-0.45876	0.74683	-0.20062	0	0	0	0	0	-0.003429
0.99	-0.45845	0.74659	-0.20064	0	0	0	0	0	-0.0034703
0.995	-0.45813	0.74635	-0.20067	0	0	0	0	0	-0.0034871
1	-0.4578	0.74616	-0.2007	0	0	0	0	0	-0.0035181
1.005	-0.45747	0.74598	-0.20073	0	0	0	0	0	-0.0035569
1.01	-0.45712	0.74575	-0.20075	0	0	0	0	0	-0.0035771
1.015	-0.45679	0.74547	-0.20076	0	0	0	0	0	-0.0035761
1.02	-0.45646	0.7452	-0.20077	0	0	0	0	0	-0.0035894
1.025	-0.45612	0.74496	-0.20079	0	0	0	0	0	-0.0036565
1.03	-0.45577	0.74474	-0.2008	0	0	0	0	0	-0.0037702
1.035	-0.45539	0.74448	-0.20081	0	0	0	0	0	-0.0038628
1.04	-0.45501	0.74419	-0.20082	0	0	0	0	0	-0.0038525
1.045	-0.45465	0.74391	-0.20083	0	0	0	0	0	-0.0037097
1.05	-0.45431	0.74366	-0.20083	0	0	0	0	0	-0.0034943
1.055	-0.45399	0.74341	-0.20083	0	0	0	0	0	-0.003333
1.06	-0.45372	0.74303	-0.20081	0	0	0	0	0	-0.0033165
1.065	-0.45332	0.74278	-0.20083	0	0	0	0	0	-0.0033924
1.07	-0.453	0.74247	-0.20082	0	0	0	0	0	-0.0034285
1.075	-0.45266	0.74218	-0.20083	0	0	0	0	0	-0.0033896
1.08	-0.45236	0.74183	-0.20081	0	0	0	0	0	-0.0033202
1.085	-0.452	0.74147	-0.20082	0	0	0	0	0	-0.0032256
1.09	-0.45168	0.74115	-0.20082	0	0	0	0	0	-0.0030932
1.095	-0.45142	0.74085	-0.2008	0	0	0	0	0	-0.002971
1.1	-0.45111	0.74049	-0.2008	0	0	0	0	0	-0.0029
1.105	-0.45079	0.74011	-0.2008	0	0	0	0	0	-0.0028415
1.11	-0.45053	0.73977	-0.20081	0	0	0	0	0	-0.0027659
1.115	-0.45026	0.73942	-0.20081	0	0	0	0	0	-0.0026933
1.12	-0.44995	0.73901	-0.20084	0	0	0	0	0	-0.0026034
1.125	-0.4497	0.73863	-0.20087	0	0	0	0	0	-0.0024428
1.13	-0.44946	0.7383	-0.20089	0	0	0	0	0	-0.0022098
1.135	-0.44922	0.73789	-0.20093	0	0	0	0	0	-0.0019427
1.14	-0.44903	0.73748	-0.20096	0	0	0	0	0	-0.0016885
1.145	-0.44886	0.73708	-0.20101	0	0	0	0	0	-0.0015036
1.15	-0.44869	0.73677	-0.20105	0	0	0	0	0	-0.0014173
1.155	-0.44848	0.73633	-0.20111	0	0	0	0	0	-0.0014067
1.16	-0.44835	0.73583	-0.20115	0	0	0	0	0	-0.0014401
1.165	-0.44814	0.73546	-0.20124	0	0	0	0	0	-0.001469
1.17	-0.44792	0.73512	-0.20132	0	0	0	0	0	-0.0013979
1.175	-0.44777	0.73469	-0.20139	0	0	0	0	0	-0.0011806
1.18	-0.44763	0.73426	-0.20145	0	0	0	0	0	-0.00088509
1.185	-0.44751	0.73377	-0.20151	0	0	0	0	0	-0.00058828
1.19	-0.4474	0.73329	-0.20158	0	0	0	0	0	-0.00031326
1.195	-0.44731	0.7327	-0.20165	0	0	0	0	0	-9.344e-005
1.2	-0.44725	0.73227	-0.20169	0	0	0	0	0	-1.8123e-005
1.205	-0.44718	0.73173	-0.20174	0	0	0	0	0	-0.00016367
1.21	-0.4471	0.73122	-0.2018	0	0	0	0	0	-0.00046429
1.215	-0.44693	0.73074	-0.2019	0	0	0	0	0	-0.0006523
1.22	-0.44674	0.73025	-0.20199	0	0	0	0	0	-0.00043117
1.225	-0.44668	0.72973	-0.20207	0	0	0	0	0	0.00018363
1.23	-0.44674	0.72927	-0.2021	0	0	0	0	0	0.00078119
1.235	-0.44677	0.72873	-0.20213	0	0	0	0	0	0.0009375
1.24	-0.44675	0.72824	-0.20218	0	0	0	0	0	0.00061699
1.245	-0.44667	0.72773	-0.20223	0	0	0	0	0	0.0001498
1.25	-0.44654	0.72719	-0.20231	0	0	0	0	0	-7.9498e-005
1.255	-0.44643	0.72665	-0.20235	0	0	0	0	0	6.8206e-005
1.26	-0.44642	0.7261	-0.20237	0	0	0	0	0	0.00038426
1.265	-0.44642	0.72556	-0.20239	0	0	0	0	0	0.00052581
1.27	-0.44636	0.72499	-0.20242	0	0	0	0	0	0.00037729
1.275	-0.44627	0.72443	-0.20246	0	0	0	0	0	0.00014719
1.28	-0.44612	0.72386	-0.20251	0	0	0	0	0	9.2659e-005
1.285	-0.4461	0.72326	-0.20254	0	0	0	0	0	0.00021254
1.29	-0.44603	0.72263	-0.20255	0	0	0	0	0	0.00025997
1.295	-0.44596	0.72203	-0.20256	0	0	0	0	0	3.1667e-005
1.3	-0.44583	0.72134	-0.20258	0	0	0	0	0	-0.00044693
1.305	-0.44564	0.72068	-0.2026	0	0	0	0	0	-0.000938
1.31	-0.44538	0.72003	-0.20265	0	0	0	0	0	-0.0011514
1.315	-0.4452	0.71933	-0.20267	0	0	0	0	0	-0.00098961
1.32	-0.44505	0.71861	-0.20267	0	0	0	0	0	-0.00065151
1.325	-0.44493	0.71798	-0.20264	0	0	0	0	0	-0.00045161
1.33	-0.4448	0.71725	-0.20262	0	0	0	0	0	-0.00058239
1.335	-0.4446	0.71648	-0.20264	0	0	0	0	0	-0.0010017
1.34	-0.44436	0.71573	-0.20266	0	0	0	0	0	-0.0014631
1.345	-0.44404	0.715	-0.2027	0	0	0	0	0	-0.0016725
1.35	-0.44378	0.71426	-0.20271	0	0	0	0	0	-0.0015152
1.355	-0.44359	0.71347	-0.2027	0	0	0	0	0	-0.0011801
1.36	-0.44341	0.71267	-0.20267	0	0	0	0	0	-0.0009889
1.365	-0.44321	0.71192	-0.20265	0	0	0	0	0	-0.0011102
1.37	-0.44298	0.71116	-0.20263	0	0	0	0	0	-0.0014505
1.375	-0.44266	0.71037	-0.20263	0	0	0	0	0	-0.0017774
1.38	-0.44239	0.70959	-0.20263	0	0	0	0	0	-0.0019368
1.385	-0.44213	0.70876	-0.20262	0	0	0	0	0	-0.0019479
1.39	-0.44184	0.70808	-0.20258	0	0	0	0	0	-0.0018926
1.395	-0.44156	0.70732	-0.20256	0	0	0	0	0	-0.0018299
1.4	-0.44132	0.70655	-0.20254	0	0	0	0	0	-0.0018447
1.405	-0.44105	0.70583	-0.20252	0	0	0	0	0	-0.0020012
1.41	-0.44073	0.70504	-0.20251	0	0	0	0	0	-0.002238
1.415	-0.44033	0.7043	-0.20254	0	0	0	0	0	-0.0024417
1.42	-0.44008	0.7036	-0.20252	0	0	0	0	0	-0.0026247
1.425	-0.43975	0.70291	-0.20252	0	0	0	0	0	-0.0028728
1.43	-0.43928	0.70224	-0.20256	0	0	0	0	0	-0.0031279
1.435	-0.43893	0.70152	-0.20257	0	0	0	0	0	-0.0032782
1.44	-0.43852	0.70086	-0.20258	0	0	0	0	0	-0.0033544
1.445	-0.4381	0.70019	-0.20259	0	0	0	0	0	-0.0034431
1.45	-0.43771	0.69936	-0.20263	0	0	0	0	0	-0.0035995
1.455	-0.43729	0.69864	-0.20267	0	0	0	0	0	-0.0038376
1.46	-0.43678	0.69803	-0.20272	0	0	0	0	0	-0.0040855
1.465	-0.43629	0.6973	-0.20275	0	0	0	0	0	-0.0042578
1.47	-0.43585	0.69646	-0.20279	0	0	0	0	0	-0.0043828
1.475	-0.43532	0.69576	-0.20284	0	0	0	0	0	-0.0045121
1.48	-0.4348	0.69515	-0.20285	0	0	0	0	0	-0.0045988
1.485	-0.4343	0.69442	-0.20287	0	0	0	0	0	-0.004575
1.49	-0.43379	0.69372	-0.20289	0	0	0	0	0	-0.0044431
1.495	-0.43329	0.69308	-0.20291	0	0	0	0	0	-0.004279
1.5	-0.4329	0.69246	-0.20288	0	0	0	0	0	-0.0042202
1.505	-0.43239	0.69174	-0.20291	0	0	0	0	0	-0.0043343
1.51	-0.43186	0.69103	-0.20295	0	0	0	0	0	-0.0045354
1.515	-0.43137	0.69035	-0.20297	0	0	0	0	0	-0.0047315
1.52	-0.43083	0.68977	-0.203	0	0	0	0	0	-0.0049225
1.525	-0.43031	0.68911	-0.20304	0	0	0	0	0	-0.005102
1.53	-0.42975	0.68852	-0.20307	0	0	0	0	0	-0.0052059
1.535	-0.42919	0.68793	-0.20311	0	0	0	0	0	-0.0051641
1.54	-0.42867	0.68733	-0.20312	0	0	0	0	0	-0.0049995
1.545	-0.42821	0.68669	-0.20312	0	0	0	0	0	-0.0048263
1.55	-0.42764	0.68621	-0.20314	0	0	0	0	0	-0.0047192
1.555	-0.42717	0.68569	-0.20314	0	0	0	0	0	-0.0046766
1.56	-0.42667	0.68515	-0.20314	0	0	0	0	0	-0.0047372
1.565	-0.42618	0.68459	-0.20314	0	0	0	0	0	-0.0049594
1.57	-0.42563	0.68407	-0.20314	0	0	0	0	0	-0.0053044
1.575	-0.42508	0.68343	-0.20316	0	0	0	0	0	-0.0055859
1.58	-0.42442	0.68314	-0.2032	0	0	0	0	0	-0.0055824
1.585	-0.4239	0.68263	-0.2032	0	0	0	0	0	-0.0052463
1.59	-0.42344	0.68206	-0.20319	0	0	0	0	0	-0.0048144
1.595	-0.42295	0.68171	-0.20317	0	0	0	0	0	-0.0045715
1.6	-0.42251	0.6812	-0.20315	0	0	0	0	0	-0.0046091
1.605	-0.422	0.68075	-0.20315	0	0	0	0	0	-0.004806
1.61	-0.42143	0.6802	-0.20319	0	0	0	0	0	-0.0049308
1.615	-0.42097	0.67978	-0.20318	0	0	0	0	0	-0.0048401
1.62	-0.42045	0.6794	-0.20319	0	0	0	0	0	-0.0045834
1.625	-0.42004	0.679	-0.20317	0	0	0	0	0	-0.0043457
1.63	-0.41961	0.67859	-0.20315	0	0	0	0	0	-0.0043251
1.635	-0.41914	0.67818	-0.20314	0	0	0	0	0	-0.0045689
1.64	-0.41864	0.6778	-0.20314	0	0	0	0	0	-0.0049123
1.645	-0.41805	0.67729	-0.20317	0	0	0	0	0	-0.0051258
1.65	-0.41753	0.67701	-0.20316	0	0	0	0	0	-0.0051744
1.655	-0.41707	0.67661	-0.20314	0	0	0	0	0	-0.0052741
1.66	-0.41653	0.67609	-0.20313	0	0	0	0	0	-0.0055721
1.665	-0.41583	0.67573	-0.20316	0	0	0	0	0	-0.0058638
1.67	-0.41518	0.67534	-0.20318	0	0	0	0	0	-0.0058841
1.675	-0.41469	0.67497	-0.20313	0	0	0	0	0	-0.0057678
1.68	-0.41413	0.67454	-0.20307	0	0	0	0	0	-0.0058915
1.685	-0.41351	0.67399	-0.20304	0	0	0	0	0	-0.0063328
1.69	-0.41269	0.67355	-0.20306	0	0	0	0	0	-0.0067676
1.695	-0.41195	0.67308	-0.20305	0	0	0	0	0	-0.0069557
1.7	-0.41141	0.67268	-0.20296	0	0	0	0	0	-0.0071073
1.705	-0.41061	0.67217	-0.20296	0	0	0	0	0	-0.0074844
1.71	-0.40973	0.67167	-0.20299	0	0	0	0	0	-0.007982
1.715	-0.40894	0.67112	-0.20299	0	0	0	0	0	-0.0083892
1.72	-0.40805	0.6706	-0.20301	0	0	0	0	0	-0.0086617
1.725	-0.4071	0.67	-0.20305	0	0	0	0	0	-0.008842
1.73	-0.40628	0.66944	-0.20303	0	0	0	0	0	-0.0090501
1.735	-0.40532	0.66882	-0.20303	0	0	0	0	0	-0.0094133
1.74	-0.40429	0.66814	-0.20305	0	0	0	0	0	-0.009891
1.745	-0.40326	0.66761	-0.20305	0	0	0	0	0	-0.010363
1.75	-0.40213	0.66689	-0.20309	0	0	0	0	0	-0.010797
1.755	-0.40107	0.66623	-0.20308	0	0	0	0	0	-0.011262
1.76	-0.3998	0.66548	-0.20312	0	0	0	0	0	-0.011796
1.765	-0.39858	0.66465	-0.20312	0	0	0	0	0	-0.012374
1.77	-0.39717	0.66389	-0.20315	0	0	0	0	0	-0.012983
1.775	-0.39587	0.66305	-0.20313	0	0	0	0	0	-0.013657
1.78	-0.39431	0.66218	-0.20317	0	0	0	0	0	-0.014405
1.785	-0.39282	0.66121	-0.20317	0	0	0	0	0	-0.015128
1.79	-0.3911	0.66019	-0.20323	0	0	0	0	0	-0.015686
1.795	-0.38945	0.65918	-0.20325	0	0	0	0	0	-0.016032
1.8	-0.3878	0.65814	-0.20323	0	0	0	0	0	-0.016282
1.805	-0.38602	0.65706	-0.20325	0	0	0	0	0	-0.016609
1.81	-0.3843	0.65596	-0.20324	0	0	0	0	0	-0.017106
1.815	-0.38242	0.65481	-0.20326	0	0	0	0	0	-0.017763
1.82	-0.38042	0.65366	-0.20328	0	0	0	0	0	-0.018479
1.825	-0.37844	0.65252	-0.20325	0	0	0	0	0	-0.019207
1.83	-0.37639	0.65141	-0.20322	0	0	0	0	0	-0.020005
1.835	-0.37416	0.65032	-0.20321	0	0	0	0	0	-0.020856
1.84	-0.37189	0.6492	-0.20318	0	0	0	0	0	-0.021648
1.845	-0.36953	0.64805	-0.20313	0	0	0	0	0	-0.022354
1.85	-0.36711	0.64687	-0.20307	0	0	0	0	0	-0.02307
1.855	-0.36461	0.64574	-0.20297	0	0	0	0	0	-0.023897
1.86	-0.362	0.64461	-0.20289	0	0	0	0	0	-0.024855
1.865	-0.35928	0.64348	-0.20282	0	0	0	0	0	-0.025885
1.87	-0.35648	0.64231	-0.20271	0	0	0	0	0	-0.026896
1.875	-0.35357	0.64119	-0.20259	0	0	0	0	0	-0.027806
1.88	-0.35056	0.64009	-0.20246	0	0	0	0	0	-0.028549
1.885	-0.34763	0.63888	-0.20227	0	0	0	0	0	-0.029135
1.89	-0.34453	0.63778	-0.20209	0	0	0	0	0	-0.029615
1.895	-0.34135	0.63675	-0.20192	0	0	0	0	0	-0.029977
1.9	-0.33835	0.63568	-0.20168	0	0	0	0	0	-0.030294
1.905	-0.33524	0.63462	-0.20147	0	0	0	0	0	-0.030676
1.91	-0.33191	0.63364	-0.20133	0	0	0	0	0	-0.031
1.915	-0.3288	0.63262	-0.20114	0	0	0	0	0	-0.031098
1.92	-0.3257	0.63162	-0.20094	0	0	0	0	0	-0.031066
1.925	-0.32248	0.63065	-0.20077	0	0	0	0	0	-0.031036
1.93	-0.3195	0.62974	-0.20054	0	0	0	0	0	-0.031038
1.935	-0.31638	0.62894	-0.20035	0	0	0	0	0	-0.031061
1.94	-0.31337	0.62817	-0.20011	0	0	0	0	0	-0.031022
1.945	-0.31033	0.62752	-0.19989	0	0	0	0	0	-0.030882
1.95	-0.30752	0.62701	-0.19961	0	0	0	0	0	-0.030755
1.955	-0.30463	0.62665	-0.19936	0	0	0	0	0	-0.030768
1.96	-0.30173	0.62641	-0.19913	0	0	0	0	0	-0.03086
1.965	-0.29885	0.62638	-0.19889	0	0	0	0	0	-0.030936
1.97	-0.29608	0.62652	-0.1986	0	0	0	0	0	-0.031094
1.975	-0.29326	0.62684	-0.19836	0	0	0	0	0	-0.031502
1.98	-0.29032	0.62739	-0.19813	0	0	0	0	0	-0.032121
1.985	-0.28736	0.62818	-0.19787	0	0	0	0	0	-0.032765
1.99	-0.28443	0.62921	-0.19761	0	0	0	0	0	-0.033358
1.995	-0.2814	0.63052	-0.19736	0	0	0	0	0	-0.033978
2	-0.27841	0.63219	-0.19713	0	0	0	0	0	-0.034699
2.005	-0.27532	0.6342	-0.19697	0	0	0	0	0	-0.035494
2.01	-0.27218	0.63648	-0.19688	0	0	0	0	0	-0.036229
2.015	-0.26906	0.63907	-0.19684	0	0	0	0	0	-0.036783
2.02	-0.26598	0.64196	-0.19684	0	0	0	0	0	-0.037212
2.025	-0.26292	0.64524	-0.19688	0	0	0	0	0	-0.037694
2.03	-0.25979	0.64881	-0.197	0	0	0	0	0	-0.038292
2.035	-0.25673	0.65271	-0.19716	0	0	0	0	0	-0.038978
2.04	-0.25353	0.65703	-0.19745	0	0	0	0	0	-0.03972
2.045	-0.25047	0.66163	-0.19775	0	0	0	0	0	-0.04064
2.05	-0.24728	0.66662	-0.19812	0	0	0	0	0	-0.041943
2.055	-0.24393	0.67201	-0.19853	0	0	0	0	0	-0.043653
2.06	-0.24045	0.67771	-0.199	0	0	0	0	0	-0.045602
2.065	-0.23682	0.68377	-0.19949	0	0	0	0	0	-0.047677
2.07	-0.23306	0.69022	-0.20002	0	0	0	0	0	-0.049884
2.075	-0.22908	0.69705	-0.20055	0	0	0	0	0	-0.052295
2.08	-0.2249	0.70423	-0.20108	0	0	0	0	0	-0.054944
2.085	-0.22056	0.71174	-0.20163	0	0	0	0	0	-0.057727
2.09	-0.21584	0.7197	-0.20221	0	0	0	0	0	-0.060482
2.095	-0.21106	0.72782	-0.20276	0	0	0	0	0	-0.062946
2.1	-0.20611	0.73621	-0.20331	0	0	0	0	0	-0.065086
2.105	-0.20097	0.74485	-0.20377	0	0	0	0	0	-0.066976
2.11	-0.19571	0.75357	-0.20412	0	0	0	0	0	-0.068705
2.115	-0.19037	0.76242	-0.20435	0	0	0	0	0	-0.070329
2.12	-0.18488	0.77131	-0.2045	0	0	0	0	0	-0.07178
2.125	-0.17922	0.78019	-0.20459	0	0	0	0	0	-0.072906
2.13	-0.17367	0.78895	-0.20449	0	0	0	0	0	-0.073826
2.135	-0.16795	0.79761	-0.20437	0	0	0	0	0	-0.074718
2.14	-0.16226	0.80603	-0.20412	0	0	0	0	0	-0.075945
2.145	-0.1564	0.8142	-0.20385	0	0	0	0	0	-0.077645
2.15	-0.15025	0.82211	-0.20359	0	0	0	0	0	-0.079557
2.155	-0.14399	0.82966	-0.20328	0	0	0	0	0	-0.08126
2.16	-0.13771	0.83688	-0.20286	0	0	0	0	0	-0.082552
2.165	-0.13141	0.8438	-0.20243	0	0	0	0	0	-0.08364
2.17	-0.1249	0.85038	-0.20204	0	0	0	0	0	-0.084576
2.175	-0.11841	0.85664	-0.2016	0	0	0	0	0	-0.085158
2.18	-0.11195	0.86261	-0.20119	0	0	0	0	0	-0.085242
2.185	-0.10549	0.86822	-0.20076	0	0	0	0	0	-0.084903
2.19	-0.099175	0.87351	-0.20033	0	0	0	0	0	-0.084434
2.195	-0.092926	0.87854	-0.19983	0	0	0	0	0	-0.084026
2.2	-0.086616	0.88328	-0.1994	0	0	0	0	0	-0.083671
2.205	-0.080459	0.88777	-0.19897	0	0	0	0	0	-0.083133
2.21	-0.074323	0.89199	-0.19857	0	0	0	0	0	-0.082262
2.215	-0.068407	0.89595	-0.19818	0	0	0	0	0	-0.081079
2.22	-0.062525	0.89985	-0.19785	0	0	0	0	0	-0.079723
2.225	-0.05685	0.90357	-0.1975	0	0	0	0	0	-0.078396
2.23	-0.051347	0.90711	-0.19715	0	0	0	0	0	-0.077296
2.235	-0.04578	0.91044	-0.19685	0	0	0	0	0	-0.076413
2.24	-0.040335	0.91357	-0.19655	0	0	0	0	0	-0.075555
2.245	-0.035066	0.9165	-0.1962	0	0	0	0	0	-0.074675
2.25	-0.029828	0.91923	-0.19586	0	0	0	0	0	-0.073889
2.255	-0.024552	0.92171	-0.19559	0	0	0	0	0	-0.073205
2.26	-0.019541	0.92397	-0.19522	0	0	0	0	0	-0.072596
2.265	-0.014383	0.92603	-0.19493	0	0	0	0	0	-0.072049
2.27	-0.0093279	0.92788	-0.19461	0	0	0	0	0	-0.071524
2.275	-0.0044253	0.92946	-0.19423	0	0	0	0	0	-0.071037
2.28	0.00056954	0.93085	-0.19394	0	0	0	0	0	-0.070584
2.285	0.0055682	0.93201	-0.19364	0	0	0	0	0	-0.069974
2.29	0.010391	0.93293	-0.1933	0	0	0	0	0	-0.069212
2.295	0.015154	0.93363	-0.19294	0	0	0	0	0	-0.068705
2.3	0.019941	0.9341	-0.19259	0	0	0	0	0	-0.068747
2.305	0.024851	0.93433	-0.19223	0	0	0	0	0	-0.069063
2.31	0.029767	0.93434	-0.19192	0	0	0	0	0	-0.069101
2.315	0.034595	0.93413	-0.19156	0	0	0	0	0	-0.06863
2.32	0.039371	0.93371	-0.19122	0	0	0	0	0	-0.0679
2.325	0.044119	0.93302	-0.19085	0	0	0	0	0	-0.067323
2.33	0.048841	0.93211	-0.19048	0	0	0	0	0	-0.067154
2.335	0.053606	0.93096	-0.19013	0	0	0	0	0	-0.067335
2.34	0.058453	0.92953	-0.18977	0	0	0	0	0	-0.067575
2.345	0.063284	0.9278	-0.18944	0	0	0	0	0	-0.067662
2.35	0.068053	0.92583	-0.18906	0	0	0	0	0	-0.067716
2.355	0.072896	0.92359	-0.18873	0	0	0	0	0	-0.067918
2.36	0.077877	0.92111	-0.18842	0	0	0	0	0	-0.068227
2.365	0.082729	0.91829	-0.18807	0	0	0	0	0	-0.06855
2.37	0.087765	0.91523	-0.18775	0	0	0	0	0	-0.068989
2.375	0.092792	0.91184	-0.18742	0	0	0	0	0	-0.06965
2.38	0.097944	0.90822	-0.18714	0	0	0	0	0	-0.070587
2.385	0.10318	0.90433	-0.18686	0	0	0	0	0	-0.071714
2.39	0.10865	0.90013	-0.18662	0	0	0	0	0	-0.072843
2.395	0.11415	0.89568	-0.18637	0	0	0	0	0	-0.073942
2.4	0.1197	0.89098	-0.18611	0	0	0	0	0	-0.075267
2.405	0.12553	0.88605	-0.18591	0	0	0	0	0	-0.076979
2.41	0.13154	0.88085	-0.18577	0	0	0	0	0	-0.078806
2.415	0.13774	0.87545	-0.18566	0	0	0	0	0	-0.080327
2.42	0.14403	0.86986	-0.18556	0	0	0	0	0	-0.081344
2.425	0.15038	0.864	-0.18546	0	0	0	0	0	-0.081938
2.43	0.1569	0.85793	-0.18541	0	0	0	0	0	-0.082286
2.435	0.16343	0.85166	-0.18534	0	0	0	0	0	-0.08253
2.44	0.17001	0.84524	-0.18529	0	0	0	0	0	-0.08288
2.445	0.17678	0.83854	-0.1853	0	0	0	0	0	-0.083422
2.45	0.1836	0.83162	-0.18527	0	0	0	0	0	-0.084071
2.455	0.19056	0.8245	-0.1853	0	0	0	0	0	-0.084722
2.46	0.1976	0.81713	-0.18532	0	0	0	0	0	-0.085274
2.465	0.20479	0.80955	-0.18538	0	0	0	0	0	-0.085714
2.47	0.21198	0.80171	-0.18541	0	0	0	0	0	-0.086161
2.475	0.2193	0.7936	-0.18552	0	0	0	0	0	-0.086859
2.48	0.22672	0.78525	-0.18563	0	0	0	0	0	-0.087941
2.485	0.23439	0.77679	-0.18575	0	0	0	0	0	-0.089238
2.49	0.24218	0.76831	-0.18572	0	0	0	0	0	-0.090259
2.495	0.2501	0.7598	-0.1856	0	0	0	0	0	-0.090392
2.5	0.25797	0.75129	-0.18551	0	0	0	0	0	-0.089046
2.505	0.26565	0.74296	-0.18545	0	0	0	0	0	-0.085986
2.51	0.27286	0.73483	-0.18534	0	0	0	0	0	-0.081538
2.515	0.27964	0.72682	-0.18529	0	0	0	0	0	-0.07656
2.52	0.28608	0.71896	-0.18529	0	0	0	0	0	-0.07203
2.525	0.29219	0.7116	-0.18509	0	0	0	0	0	-0.068774
2.53	0.29825	0.70541	-0.18472	0	0	0	0	0	-0.067215
2.535	0.3046	0.70073	-0.18421	0	0	0	0	0	-0.067036
2.54	0.3113	0.69722	-0.18362	0	0	0	0	0	-0.067158
2.545	0.31789	0.6941	-0.18312	0	0	0	0	0	-0.066441
2.55	0.32423	0.69078	-0.18263	0	0	0	0	0	-0.064402
2.555	0.33026	0.68727	-0.18211	0	0	0	0	0	-0.06108
2.56	0.33579	0.68372	-0.18152	0	0	0	0	0	-0.056651
2.565	0.34074	0.68025	-0.18102	0	0	0	0	0	-0.051319
2.57	0.34504	0.67673	-0.18061	0	0	0	0	0	-0.045379
2.575	0.34867	0.6731	-0.18033	0	0	0	0	0	-0.039256
2.58	0.35171	0.66951	-0.18013	0	0	0	0	0	-0.033445
2.585	0.35424	0.66606	-0.17998	0	0	0	0	0	-0.02841
2.59	0.3564	0.6629	-0.17984	0	0	0	0	0	-0.024506
2.595	0.35829	0.66003	-0.17967	0	0	0	0	0	-0.021924
2.6	0.3601	0.65737	-0.17947	0	0	0	0	0	-0.020611
2.605	0.36195	0.65493	-0.17928	0	0	0	0	0	-0.020182
2.61	0.36386	0.65283	-0.17907	0	0	0	0	0	-0.020054
2.615	0.3658	0.65104	-0.17882	0	0	0	0	0	-0.019716
2.62	0.36766	0.64957	-0.17853	0	0	0	0	0	-0.01894
2.625	0.36943	0.64834	-0.17825	0	0	0	0	0	-0.017783
2.63	0.37105	0.64727	-0.17795	0	0	0	0	0	-0.016449
2.635	0.37252	0.64631	-0.17767	0	0	0	0	0	-0.015148
2.64	0.37391	0.64552	-0.17742	0	0	0	0	0	-0.013969
2.645	0.3752	0.64488	-0.17718	0	0	0	0	0	-0.012861
2.65	0.37633	0.64435	-0.17694	0	0	0	0	0	-0.011773
2.655	0.37734	0.64399	-0.17669	0	0	0	0	0	-0.010743
2.66	0.37825	0.64379	-0.17642	0	0	0	0	0	-0.0098229
2.665	0.37907	0.64378	-0.17619	0	0	0	0	0	-0.0089955
2.67	0.37985	0.64394	-0.17596	0	0	0	0	0	-0.0082139
2.675	0.3805	0.64428	-0.1757	0	0	0	0	0	-0.0074928
2.68	0.38108	0.6448	-0.1754	0	0	0	0	0	-0.0069109
2.685	0.38165	0.64548	-0.17512	0	0	0	0	0	-0.0065017
2.69	0.38219	0.64629	-0.17484	0	0	0	0	0	-0.0062067
2.695	0.3827	0.64725	-0.17458	0	0	0	0	0	-0.0059496
2.7	0.38312	0.64826	-0.17434	0	0	0	0	0	-0.0056658
2.705	0.38362	0.64948	-0.17415	0	0	0	0	0	-0.0052375
2.71	0.38401	0.65077	-0.17395	0	0	0	0	0	-0.0045738
2.715	0.38423	0.65214	-0.17375	0	0	0	0	0	-0.0038107
2.72	0.3844	0.65361	-0.17356	0	0	0	0	0	-0.0032017
2.725	0.38458	0.65518	-0.17341	0	0	0	0	0	-0.0027614
2.73	0.38475	0.65682	-0.17331	0	0	0	0	0	-0.0022398
2.735	0.38478	0.65854	-0.17316	0	0	0	0	0	-0.0014949
2.74	0.38467	0.66033	-0.17299	0	0	0	0	0	-0.00070202
2.745	0.38452	0.66221	-0.17283	0	0	0	0	0	-0.00010624
2.75	0.38438	0.66417	-0.17266	0	0	0	0	0	0.00029153
2.755	0.38421	0.66619	-0.1725	0	0	0	0	0	0.00066929
2.76	0.38392	0.66828	-0.17231	0	0	0	0	0	0.0010846
2.765	0.38359	0.67041	-0.1721	0	0	0	0	0	0.0014238
2.77	0.38326	0.67259	-0.17189	0	0	0	0	0	0.0016382
2.775	0.38295	0.67482	-0.1717	0	0	0	0	0	0.0018776
2.78	0.38259	0.67709	-0.17147	0	0	0	0	0	0.0022951
2.785	0.38211	0.67938	-0.17119	0	0	0	0	0	0.0028077
2.79	0.38159	0.68169	-0.17089	0	0	0	0	0	0.0032119
2.795	0.3811	0.68405	-0.17063	0	0	0	0	0	0.0034622
2.8	0.3806	0.68642	-0.17036	0	0	0	0	0	0.0037501
2.805	0.38005	0.68878	-0.17007	0	0	0	0	0	0.0042375
2.81	0.37938	0.69115	-0.16974	0	0	0	0	0	0.004837
2.815	0.37869	0.6935	-0.16942	0	0	0	0	0	0.005302
2.82	0.37795	0.69583	-0.16909	0	0	0	0	0	0.0054617
2.825	0.37725	0.69814	-0.16878	0	0	0	0	0	0.0053686
2.83	0.3766	0.70046	-0.1685	0	0	0	0	0	0.0052665
2.835	0.37592	0.70278	-0.16816	0	0	0	0	0	0.0053761
2.84	0.37518	0.70506	-0.1678	0	0	0	0	0	0.0056858
2.845	0.37442	0.70732	-0.16743	0	0	0	0	0	0.0059641
2.85	0.37362	0.70956	-0.16704	0	0	0	0	0	0.0059618
2.855	0.37287	0.7118	-0.16666	0	0	0	0	0	0.0056192
2.86	0.37221	0.71399	-0.16629	0	0	0	0	0	0.0051342
2.865	0.37159	0.71611	-0.16593	0	0	0	0	0	0.0047957
2.87	0.37092	0.71821	-0.16554	0	0	0	0	0	0.0046832
2.875	0.37022	0.72027	-0.16511	0	0	0	0	0	0.004606
2.88	0.36959	0.7223	-0.1647	0	0	0	0	0	0.0043814
2.885	0.369	0.72428	-0.1643	0	0	0	0	0	0.0040603
2.89	0.36845	0.72619	-0.16389	0	0	0	0	0	0.0038056
2.895	0.36784	0.72807	-0.16346	0	0	0	0	0	0.0036382
2.9	0.36724	0.72993	-0.16306	0	0	0	0	0	0.0034699
2.905	0.36675	0.73176	-0.16268	0	0	0	0	0	0.0033124
2.91	0.3662	0.73353	-0.16225	0	0	0	0	0	0.0032412
2.915	0.36561	0.73527	-0.16185	0	0	0	0	0	0.0032393
2.92	0.36513	0.73699	-0.16149	0	0	0	0	0	0.0032658
2.925	0.36457	0.73869	-0.16109	0	0	0	0	0	0.0032928
2.93	0.36396	0.74033	-0.16068	0	0	0	0	0	0.0032416
2.935	0.3635	0.74193	-0.16035	0	0	0	0	0	0.0031092
2.94	0.36301	0.74355	-0.15999	0	0	0	0	0	0.0030069
2.945	0.36244	0.74507	-0.15962	0	0	0	0	0	0.002967
2.95	0.36201	0.74656	-0.15932	0	0	0	0	0	0.0029292
2.955	0.36149	0.74797	-0.15897	0	0	0	0	0	0.0028363
2.96	0.36097	0.74933	-0.15862	0	0	0	0	0	0.0026658
2.965	0.36063	0.75063	-0.15837	0	0	0	0	0	0.0024854
2.97	0.36016	0.75186	-0.15806	0	0	0	0	0	0.0023702
2.975	0.35971	0.75294	-0.15774	0	0	0	0	0	0.0022878
2.98	0.3594	0.75401	-0.15748	0	0	0	0	0	0.0022075
2.985	0.35894	0.75501	-0.15716	0	0	0	0	0	0.0021254
2.99	0.35858	0.75593	-0.15689	0	0	0	0	0	0.0019931
2.995	0.35828	0.75678	-0.15663	0	0	0	0	0	0.0017975
3	0.35792	0.75753	-0.15633	0	0	0	0	0	0.0015658
3.005	0.35762	0.75823	-0.15606	0	0	0	0	0	0.0013188
3.01	0.35742	0.75888	-0.15584	0	0	0	0	0	0.0011606
3.015	0.35719	0.75945	-0.1556	0	0	0	0	0	0.0011691
3.02	0.35685	0.75995	-0.15532	0	0	0	0	0	0.0011701
3.025	0.35659	0.76045	-0.15509	0	0	0	0	0	0.00096126
3.03	0.3565	0.7609	-0.15492	0	0	0	0	0	0.00066341
3.035	0.35632	0.76127	-0.15474	0	0	0	0	0	0.00049625
3.04	0.3561	0.76164	-0.15453	0	0	0	0	0	0.00040869
3.045	0.35595	0.76198	-0.15434	0	0	0	0	0	0.00026451
3.05	0.35588	0.76227	-0.15418	0	0	0	0	0	0.00013507
3.055	0.35575	0.76253	-0.15402	0	0	0	0	0	0.00011279
3.06	0.35561	0.76278	-0.15385	0	0	0	0	0	6.8848e-005
3.065	0.35547	0.763	-0.15369	0	0	0	0	0	-0.00015371
3.07	0.35547	0.76321	-0.15359	0	0	0	0	0	-0.00044006
3.075	0.35549	0.76341	-0.15349	0	0	0	0	0	-0.00054697
3.08	0.35539	0.76359	-0.15332	0	0	0	0	0	-0.00050215
3.085	0.35532	0.76377	-0.15316	0	0	0	0	0	-0.00058679
3.09	0.35531	0.76393	-0.15302	0	0	0	0	0	-0.00090637
3.095	0.3554	0.7641	-0.15292	0	0	0	0	0	-0.0012195
3.1	0.35546	0.76426	-0.15282	0	0	0	0	0	-0.0012384
3.105	0.35547	0.76443	-0.15272	0	0	0	0	0	-0.00095555
3.11	0.35543	0.76461	-0.15259	0	0	0	0	0	-0.0006179
3.115	0.35541	0.76477	-0.15248	0	0	0	0	0	-0.00046606
3.12	0.3554	0.76492	-0.15238	0	0	0	0	0	-0.00058484
3.125	0.35538	0.76504	-0.15229	0	0	0	0	0	-0.00091305
3.13	0.35545	0.76518	-0.15224	0	0	0	0	0	-0.0012481
3.135	0.35555	0.76531	-0.15221	0	0	0	0	0	-0.0013215
3.14	0.35557	0.76543	-0.15215	0	0	0	0	0	-0.0010336
3.145	0.35554	0.76553	-0.15208	0	0	0	0	0	-0.0005603
3.15	0.35549	0.76561	-0.15201	0	0	0	0	0	-0.00016553
3.155	0.35544	0.76572	-0.15194	0	0	0	0	0	-8.1279e-006
3.16	0.35536	0.76582	-0.15187	0	0	0	0	0	-0.00011535
3.165	0.35534	0.76595	-0.15182	0	0	0	0	0	-0.00037308
3.17	0.35537	0.76607	-0.1518	0	0	0	0	0	-0.00054788
3.175	0.35535	0.76617	-0.15176	0	0	0	0	0	-0.00046107
3.18	0.35532	0.76628	-0.15172	0	0	0	0	0	-0.00014507
3.185	0.35525	0.76639	-0.1517	0	0	0	0	0	0.00019904
3.19	0.35516	0.76649	-0.15166	0	0	0	0	0	0.00034796
3.195	0.35508	0.76657	-0.15164	0	0	0	0	0	0.00020879
3.2	0.35506	0.76667	-0.15165	0	0	0	0	0	-7.4746e-005
3.205	0.3551	0.76675	-0.15168	0	0	0	0	0	-0.00021296
3.21	0.35507	0.76682	-0.15168	0	0	0	0	0	-5.24e-005
3.215	0.35499	0.76689	-0.15165	0	0	0	0	0	0.00028079
3.22	0.35492	0.76696	-0.15163	0	0	0	0	0	0.00055378
3.225	0.35484	0.76703	-0.15162	0	0	0	0	0	0.00063635
3.23	0.35475	0.76708	-0.15162	0	0	0	0	0	0.00053606
3.235	0.3547	0.76713	-0.15164	0	0	0	0	0	0.00037943
3.24	0.35467	0.76717	-0.15167	0	0	0	0	0	0.00035856
3.245	0.3546	0.76721	-0.15169	0	0	0	0	0	0.00056961
3.25	0.35447	0.76724	-0.15168	0	0	0	0	0	0.00091536
3.255	0.35434	0.76726	-0.15165	0	0	0	0	0	0.0012235
3.26	0.3542	0.76727	-0.15164	0	0	0	0	0	0.0014062
3.265	0.35407	0.76729	-0.15163	0	0	0	0	0	0.0014751
3.27	0.35392	0.76731	-0.15163	0	0	0	0	0	0.0014673
3.275	0.35378	0.76734	-0.15164	0	0	0	0	0	0.0014006
3.28	0.35365	0.76739	-0.15166	0	0	0	0	0	0.0012842
3.285	0.35354	0.76743	-0.15168	0	0	0	0	0	0.001146
3.29	0.35345	0.7675	-0.15172	0	0	0	0	0	0.0010319
3.295	0.35336	0.76758	-0.15175	0	0	0	0	0	0.00096899
3.3	0.35327	0.76767	-0.15176	0	0	0	0	0	0.00094113
3.305	0.35319	0.76775	-0.15175	0	0	0	0	0	0.00090979
3.31	0.35312	0.76784	-0.15173	0	0	0	0	0	0.00084462
3.315	0.35306	0.76792	-0.15169	0	0	0	0	0	0.00073355
3.32	0.35303	0.76798	-0.15166	0	0	0	0	0	0.00058532
3.325	0.353	0.76803	-0.15162	0	0	0	0	0	0.00042323
3.33	0.35299	0.76805	-0.15158	0	0	0	0	0	0.0002673
3.335	0.353	0.76807	-0.15155	0	0	0	0	0	0.00012599
3.34	0.35301	0.76807	-0.15151	0	0	0	0	0	-1.3252e-006
3.345	0.35303	0.76806	-0.15148	0	0	0	0	0	-0.00012345
3.35	0.35307	0.76804	-0.15145	0	0	0	0	0	-0.00025273
3.355	0.35311	0.76802	-0.15143	0	0	0	0	0	-0.00039973
3.36	0.35317	0.76799	-0.15139	0	0	0	0	0	-0.00056566
3.365	0.35325	0.76797	-0.15136	0	0	0	0	0	-0.0007322
3.37	0.35333	0.76793	-0.15133	0	0	0	0	0	-0.00087696
3.375	0.35343	0.7679	-0.15129	0	0	0	0	0	-0.0010004
3.38	0.35353	0.76786	-0.15125	0	0	0	0	0	-0.001115
3.385	0.35365	0.76783	-0.15121	0	0	0	0	0	-0.0012191
3.39	0.35377	0.76779	-0.15117	0	0	0	0	0	-0.0012992
3.395	0.3539	0.76775	-0.15113	0	0	0	0	0	-0.0013509
3.4	0.35402	0.76771	-0.1511	0	0	0	0	0	-0.0013863
3.405	0.35416	0.76767	-0.15107	0	0	0	0	0	-0.0014191
3.41	0.35429	0.76762	-0.15104	0	0	0	0	0	-0.0014577
3.415	0.35443	0.76758	-0.15102	0	0	0	0	0	-0.0015169
3.42	0.35457	0.76754	-0.15101	0	0	0	0	0	-0.0016219
3.425	0.35473	0.76749	-0.151	0	0	0	0	0	-0.0017981
3.43	0.3549	0.76744	-0.151	0	0	0	0	0	-0.0020507
3.435	0.35509	0.7674	-0.15099	0	0	0	0	0	-0.0023417
3.44	0.35533	0.76735	-0.151	0	0	0	0	0	-0.0025976
3.445	0.35555	0.76731	-0.15099	0	0	0	0	0	-0.0027578
3.45	0.35578	0.76727	-0.15098	0	0	0	0	0	-0.0028014
3.455	0.35603	0.76724	-0.15096	0	0	0	0	0	-0.0027374
3.46	0.35623	0.7672	-0.15092	0	0	0	0	0	-0.0026181
3.465	0.35644	0.76715	-0.15087	0	0	0	0	0	-0.0025301
3.47	0.35665	0.7671	-0.15081	0	0	0	0	0	-0.0025198
3.475	0.35687	0.76704	-0.15076	0	0	0	0	0	-0.0025656
3.48	0.35709	0.76697	-0.1507	0	0	0	0	0	-0.002637
3.485	0.35731	0.76689	-0.15065	0	0	0	0	0	-0.0027415
3.49	0.35756	0.7668	-0.15059	0	0	0	0	0	-0.0029068
3.495	0.35781	0.76673	-0.15054	0	0	0	0	0	-0.0031489
3.5	0.35809	0.76667	-0.15049	0	0	0	0	0	-0.0034483
3.505	0.35839	0.76661	-0.15045	0	0	0	0	0	-0.0037283
3.51	0.35871	0.76656	-0.15042	0	0	0	0	0	-0.0038673
3.515	0.35903	0.76652	-0.15038	0	0	0	0	0	-0.0037785
3.52	0.3593	0.76647	-0.15033	0	0	0	0	0	-0.0034906
3.525	0.35955	0.76642	-0.15026	0	0	0	0	0	-0.0031245
3.53	0.35977	0.7664	-0.15018	0	0	0	0	0	-0.0028001
3.535	0.35997	0.76638	-0.15011	0	0	0	0	0	-0.0025949
3.54	0.36017	0.76636	-0.15003	0	0	0	0	0	-0.002557
3.545	0.36037	0.76635	-0.14996	0	0	0	0	0	-0.0026923
3.55	0.3606	0.76634	-0.14991	0	0	0	0	0	-0.0029454
3.555	0.36085	0.76632	-0.14987	0	0	0	0	0	-0.0032097
3.56	0.36112	0.76631	-0.14986	0	0	0	0	0	-0.0033603
3.565	0.36139	0.76631	-0.14985	0	0	0	0	0	-0.0033059
3.57	0.36162	0.7663	-0.14982	0	0	0	0	0	-0.003056
3.575	0.36183	0.76629	-0.14979	0	0	0	0	0	-0.0027236
3.58	0.36202	0.76628	-0.14975	0	0	0	0	0	-0.0024413
3.585	0.3622	0.76626	-0.14973	0	0	0	0	0	-0.002285
3.59	0.36238	0.76627	-0.1497	0	0	0	0	0	-0.0022697
3.595	0.36257	0.76626	-0.14967	0	0	0	0	0	-0.0023838
3.6	0.36277	0.76626	-0.14965	0	0	0	0	0	-0.0026087
3.605	0.363	0.76625	-0.14964	0	0	0	0	0	-0.00289
3.61	0.36327	0.76625	-0.14964	0	0	0	0	0	-0.0031132
3.615	0.36353	0.76625	-0.14964	0	0	0	0	0	-0.0031616
3.62	0.36378	0.76625	-0.14964	0	0	0	0	0	-0.003003
3.625	0.36399	0.76625	-0.14961	0	0	0	0	0	-0.0027006
3.63	0.36418	0.76624	-0.14958	0	0	0	0	0	-0.0023571
3.635	0.36434	0.76622	-0.14955	0	0	0	0	0	-0.0020594
3.64	0.36449	0.7662	-0.14951	0	0	0	0	0	-0.0018567
3.645	0.36464	0.76619	-0.14947	0	0	0	0	0	-0.0017743
3.65	0.36477	0.76617	-0.14944	0	0	0	0	0	-0.0018366
3.655	0.36491	0.76616	-0.14941	0	0	0	0	0	-0.0020401
3.66	0.36509	0.76615	-0.1494	0	0	0	0	0	-0.0022895
3.665	0.36529	0.76613	-0.1494	0	0	0	0	0	-0.0024162
3.67	0.36548	0.76612	-0.1494	0	0	0	0	0	-0.0023086
3.675	0.36562	0.76611	-0.14939	0	0	0	0	0	-0.002011
3.68	0.36574	0.7661	-0.14936	0	0	0	0	0	-0.0016765
3.685	0.36584	0.76609	-0.14933	0	0	0	0	0	-0.0014392
3.69	0.36594	0.76608	-0.14929	0	0	0	0	0	-0.00134
3.695	0.36604	0.76607	-0.14926	0	0	0	0	0	-0.0013411
3.7	0.36616	0.76607	-0.14922	0	0	0	0	0	-0.0013787
3.705	0.36627	0.76606	-0.14918	0	0	0	0	0	-0.0014032
3.71	0.36638	0.76607	-0.14915	0	0	0	0	0	-0.0013874
3.715	0.36649	0.76607	-0.14912	0	0	0	0	0	-0.0013238
3.72	0.36659	0.76606	-0.14909	0	0	0	0	0	-0.0012273
3.725	0.36668	0.76606	-0.14906	0	0	0	0	0	-0.0011268
3.73	0.36676	0.76606	-0.14904	0	0	0	0	0	-0.0010443
3.735	0.36684	0.76606	-0.14902	0	0	0	0	0	-0.00098568
3.74	0.36692	0.76605	-0.149	0	0	0	0	0	-0.00094485
3.745	0.367	0.76604	-0.14898	0	0	0	0	0	-0.0009105
3.75	0.36707	0.76605	-0.14895	0	0	0	0	0	-0.00088424
3.755	0.36712	0.76602	-0.14893	0	0	0	0	0	-0.00089039
3.76	0.3672	0.76601	-0.1489	0	0	0	0	0	-0.00094015
3.765	0.36729	0.766	-0.14889	0	0	0	0	0	-0.0010019
3.77	0.36736	0.76599	-0.14886	0	0	0	0	0	-0.0010417
3.775	0.36745	0.76599	-0.14884	0	0	0	0	0	-0.0010556
3.78	0.36753	0.76597	-0.14881	0	0	0	0	0	-0.001046
3.785	0.36761	0.76596	-0.14878	0	0	0	0	0	-0.0010056
3.79	0.36768	0.76595	-0.14875	0	0	0	0	0	-0.0009244
3.795	0.36775	0.76594	-0.14872	0	0	0	0	0	-0.00080225
3.8	0.3678	0.76592	-0.1487	0	0	0	0	0	-0.00066391
3.805	0.36784	0.76591	-0.14866	0	0	0	0	0	-0.00054598
3.81	0.36787	0.7659	-0.14864	0	0	0	0	0	-0.00046209
3.815	0.36791	0.76589	-0.14861	0	0	0	0	0	-0.0003953
3.82	0.36793	0.76589	-0.14859	0	0	0	0	0	-0.00032929
3.825	0.36794	0.76589	-0.14858	0	0	0	0	0	-0.00026917
3.83	0.36797	0.76589	-0.14857	0	0	0	0	0	-0.00021986
3.835	0.36799	0.76589	-0.14856	0	0	0	0	0	-0.00017765
3.84	0.36799	0.76589	-0.14855	0	0	0	0	0	-0.00015102
3.845	0.368	0.76589	-0.14855	0	0	0	0	0	-0.00014344
3.85	0.36803	0.76589	-0.14855	0	0	0	0	0	-0.00013297
3.855	0.36803	0.76589	-0.14854	0	0	0	0	0	-0.00011365
3.86	0.36804	0.76588	-0.14853	0	0	0	0	0	-0.00011625
3.865	0.36805	0.76587	-0.14852	0	0	0	0	0	-0.00015533
3.87	0.36807	0.76586	-0.14852	0	0	0	0	0	-0.00019803
3.875	0.36809	0.76585	-0.14852	0	0	0	0	0	-0.0002065
3.88	0.3681	0.76585	-0.14851	0	0	0	0	0	-0.00017808
3.885	0.36811	0.76585	-0.14851	0	0	0	0	0	-0.00013526
3.89	0.3681	0.76584	-0.14852	0	0	0	0	0	-0.00010262
3.895	0.3681	0.76583	-0.14853	0	0	0	0	0	-8.987e-005
3.9	0.36811	0.76582	-0.14854	0	0	0	0	0	-8.5005e-005
3.905	0.3681	0.76582	-0.14856	0	0	0	0	0	-7.5599e-005
3.91	0.36809	0.76582	-0.14858	0	0	0	0	0	-6.1555e-005
3.915	0.36809	0.76582	-0.14861	0	0	0	0	0	-3.7719e-005
3.92	0.36808	0.76583	-0.14864	0	0	0	0	0	3.6545e-006
3.925	0.36806	0.76583	-0.14867	0	0	0	0	0	4.9483e-005
3.93	0.36805	0.76583	-0.1487	0	0	0	0	0	7.1768e-005
3.935	0.36803	0.76583	-0.14873	0	0	0	0	0	5.7848e-005
3.94	0.36803	0.76584	-0.14875	0	0	0	0	0	2.0737e-005
3.945	0.36803	0.76584	-0.14878	0	0	0	0	0	-1.9771e-005
3.95	0.36803	0.76585	-0.14881	0	0	0	0	0	-5.2909e-005
3.955	0.36804	0.76586	-0.14884	0	0	0	0	0	-7.4217e-005
3.96	0.36804	0.76586	-0.14888	0	0	0	0	0	-8.3838e-005
3.965	0.36804	0.76585	-0.14892	0	0	0	0	0	-8.6459e-005
3.97	0.36806	0.76587	-0.14897	0	0	0	0	0	-8.8361e-005
3.975	0.36806	0.76587	-0.14902	0	0	0	0	0	-0.00010924
3.98	0.36807	0.76587	-0.14908	0	0	0	0	0	-0.0001886
3.985	0.36809	0.76588	-0.14915	0	0	0	0	0	-0.00035502
3.99	0.36813	0.76588	-0.14923	0	0	0	0	0	-0.00058971
3.995	0.36818	0.76587	-0.14932	0	0	0	0	0	-0.00081839
4	0.36826	0.76587	-0.14941	0	0	0	0	0	-0.00093098
4.005	0.36834	0.76588	-0.1495	0	0	0	0	0	-0.00084556
4.01	0.36837	0.76588	-0.14956	0	0	0	0	0	-0.00059154
4.015	0.36838	0.76588	-0.1496	0	0	0	0	0	-0.00030472
4.02	0.36838	0.76588	-0.14964	0	0	0	0	0	-0.00012687
4.025	0.36839	0.7659	-0.14967	0	0	0	0	0	-0.00013738
4.03	0.36841	0.7659	-0.1497	0	0	0	0	0	-0.00035982
4.035	0.36845	0.7659	-0.14974	0	0	0	0	0	-0.0007544
4.04	0.36855	0.76591	-0.14981	0	0	0	0	0	-0.0011745
4.045	0.36869	0.76591	-0.14989	0	0	0	0	0	-0.0014083
4.05	0.3688	0.76591	-0.14996	0	0	0	0	0	-0.0013293
4.055	0.36888	0.76591	-0.15003	0	0	0	0	0	-0.00099007
4.06	0.36891	0.7659	-0.15009	0	0	0	0	0	-0.00056691
4.065	0.36893	0.7659	-0.15015	0	0	0	0	0	-0.00023539
4.07	0.36894	0.76589	-0.15022	0	0	0	0	0	-9.1792e-005
4.075	0.36895	0.76589	-0.15029	0	0	0	0	0	-0.00016893
4.08	0.36896	0.76589	-0.15037	0	0	0	0	0	-0.00045716
4.085	0.36903	0.7659	-0.15047	0	0	0	0	0	-0.00084739
4.09	0.36915	0.76591	-0.1506	0	0	0	0	0	-0.0011219
4.095	0.36925	0.76592	-0.15073	0	0	0	0	0	-0.0011134
4.1	0.36931	0.76593	-0.15083	0	0	0	0	0	-0.00086365
4.105	0.36934	0.76594	-0.15092	0	0	0	0	0	-0.00057626
4.11	0.36937	0.76596	-0.15101	0	0	0	0	0	-0.00044769
4.115	0.3694	0.76598	-0.15109	0	0	0	0	0	-0.00055885
4.12	0.36945	0.766	-0.15118	0	0	0	0	0	-0.00085664
4.125	0.36954	0.76601	-0.15128	0	0	0	0	0	-0.0011707
4.13	0.36967	0.76602	-0.15139	0	0	0	0	0	-0.0012821
4.135	0.36977	0.76603	-0.15149	0	0	0	0	0	-0.001085
4.14	0.3698	0.76604	-0.15156	0	0	0	0	0	-0.00071357
4.145	0.36982	0.76604	-0.15162	0	0	0	0	0	-0.00044944
4.15	0.36984	0.76605	-0.15168	0	0	0	0	0	-0.00050187
4.155	0.36989	0.76606	-0.15175	0	0	0	0	0	-0.00088314
4.16	0.37001	0.76607	-0.15184	0	0	0	0	0	-0.0014079
4.165	0.37018	0.76608	-0.15195	0	0	0	0	0	-0.0017823
4.17	0.37036	0.7661	-0.15205	0	0	0	0	0	-0.0018079
4.175	0.37047	0.7661	-0.15211	0	0	0	0	0	-0.0015652
4.18	0.37055	0.76609	-0.15215	0	0	0	0	0	-0.0013425
4.185	0.37066	0.7661	-0.15218	0	0	0	0	0	-0.0013717
4.19	0.37079	0.76611	-0.15222	0	0	0	0	0	-0.0016715
4.195	0.37096	0.76611	-0.15227	0	0	0	0	0	-0.0020749
4.2	0.37119	0.76611	-0.15233	0	0	0	0	0	-0.0023424
4.205	0.37139	0.7661	-0.15238	0	0	0	0	0	-0.0023299
4.21	0.37156	0.76609	-0.15242	0	0	0	0	0	-0.0021131
4.215	0.3717	0.76609	-0.15244	0	0	0	0	0	-0.0019246
4.22	0.37186	0.76608	-0.15247	0	0	0	0	0	-0.0019685
4.225	0.37203	0.76607	-0.1525	0	0	0	0	0	-0.0022835
4.23	0.37225	0.76606	-0.15255	0	0	0	0	0	-0.0027
4.235	0.37255	0.76606	-0.15263	0	0	0	0	0	-0.0029225
4.24	0.37279	0.76605	-0.15269	0	0	0	0	0	-0.0027751
4.245	0.37296	0.76603	-0.15272	0	0	0	0	0	-0.0023911
4.25	0.37311	0.76603	-0.15273	0	0	0	0	0	-0.0020779
4.255	0.37328	0.76602	-0.15275	0	0	0	0	0	-0.0020452
4.26	0.37346	0.766	-0.15277	0	0	0	0	0	-0.0022997
4.265	0.37367	0.76599	-0.1528	0	0	0	0	0	-0.0026716
4.27	0.37395	0.76599	-0.15286	0	0	0	0	0	-0.0028873
4.275	0.3742	0.76599	-0.15291	0	0	0	0	0	-0.0027421
4.28	0.37437	0.76597	-0.15293	0	0	0	0	0	-0.0022809
4.285	0.37449	0.76595	-0.15293	0	0	0	0	0	-0.0017528
4.29	0.37461	0.76595	-0.15293	0	0	0	0	0	-0.0013906
4.295	0.37471	0.76593	-0.15294	0	0	0	0	0	-0.0012904
4.3	0.37482	0.76592	-0.15295	0	0	0	0	0	-0.0014281
4.305	0.37495	0.76592	-0.15297	0	0	0	0	0	-0.0016881
4.31	0.37512	0.76591	-0.15302	0	0	0	0	0	-0.0018982
4.315	0.37529	0.76592	-0.15306	0	0	0	0	0	-0.0019185
4.32	0.37542	0.76591	-0.1531	0	0	0	0	0	-0.0017275
4.325	0.37553	0.7659	-0.15314	0	0	0	0	0	-0.0014137
4.33	0.37561	0.7659	-0.15317	0	0	0	0	0	-0.0010882
4.335	0.37567	0.7659	-0.15319	0	0	0	0	0	-0.00081987
4.34	0.37573	0.7659	-0.15322	0	0	0	0	0	-0.00062499
4.345	0.37577	0.7659	-0.15325	0	0	0	0	0	-0.00048901
4.35	0.3758	0.76589	-0.15328	0	0	0	0	0	-0.00040249
4.355	0.37582	0.76588	-0.15332	0	0	0	0	0	-0.00037562
4.36	0.37585	0.76588	-0.15336	0	0	0	0	0	-0.00042169
4.365	0.37588	0.76588	-0.15342	0	0	0	0	0	-0.00053347
4.37	0.37592	0.76587	-0.15349	0	0	0	0	0	-0.00065782
4.375	0.37599	0.76587	-0.15359	0	0	0	0	0	-0.00069233
4.38	0.37603	0.76587	-0.15368	0	0	0	0	0	-0.00054928
4.385	0.37605	0.76587	-0.15376	0	0	0	0	0	-0.00023378
4.39	0.37603	0.76586	-0.15384	0	0	0	0	0	0.00015435
4.395	0.37598	0.76584	-0.15392	0	0	0	0	0	0.00048213
4.4	0.37592	0.76583	-0.154	0	0	0	0	0	0.00065892
4.405	0.37588	0.76582	-0.15409	0	0	0	0	0	0.00067011
4.41	0.37584	0.7658	-0.1542	0	0	0	0	0	0.00054086
4.415	0.37581	0.76578	-0.15432	0	0	0	0	0	0.00029563
4.42	0.37581	0.76575	-0.15446	0	0	0	0	0	-2.5652e-005
4.425	0.37585	0.76571	-0.15462	0	0	0	0	0	-0.00031978
4.43	0.37591	0.76569	-0.15478	0	0	0	0	0	-0.00042928
4.435	0.37597	0.76567	-0.15494	0	0	0	0	0	-0.0002706
4.44	0.37596	0.76562	-0.15509	0	0	0	0	0	3.1533e-005
4.445	0.37593	0.76559	-0.15525	0	0	0	0	0	0.00020498
4.45	0.37592	0.76556	-0.15543	0	0	0	0	0	6.6281e-005
4.455	0.37595	0.76553	-0.15563	0	0	0	0	0	-0.00031057
4.46	0.37605	0.76552	-0.15586	0	0	0	0	0	-0.00064944
4.465	0.37618	0.76549	-0.15609	0	0	0	0	0	-0.00073119
4.47	0.37619	0.76545	-0.15628	0	0	0	0	0	-0.00064974
4.475	0.37619	0.76541	-0.1565	0	0	0	0	0	-0.00070356
4.48	0.37631	0.76539	-0.15676	0	0	0	0	0	-0.00097979
4.485	0.37651	0.76536	-0.15704	0	0	0	0	0	-0.0012691
4.49	0.37659	0.76533	-0.15729	0	0	0	0	0	-0.0014509
4.495	0.37668	0.7653	-0.15755	0	0	0	0	0	-0.0016361
4.5	0.37692	0.76526	-0.15787	0	0	0	0	0	-0.0018782
4.505	0.37708	0.76525	-0.15815	0	0	0	0	0	-0.0021117
4.51	0.37721	0.76524	-0.15844	0	0	0	0	0	-0.0023232
4.515	0.37755	0.76524	-0.15882	0	0	0	0	0	-0.002508
4.52	0.37769	0.76523	-0.15909	0	0	0	0	0	-0.0026692
4.525	0.37791	0.76522	-0.15939	0	0	0	0	0	-0.0028886
4.53	0.37825	0.76521	-0.15975	0	0	0	0	0	-0.0031824
4.535	0.37848	0.7652	-0.16003	0	0	0	0	0	-0.0034722
4.54	0.37882	0.7652	-0.16036	0	0	0	0	0	-0.0037077
4.545	0.37913	0.76519	-0.16069	0	0	0	0	0	-0.0038653
4.55	0.37949	0.76517	-0.16103	0	0	0	0	0	-0.0039583
4.555	0.37975	0.76516	-0.16132	0	0	0	0	0	-0.0040524
4.56	0.38019	0.76516	-0.16169	0	0	0	0	0	-0.0041925
4.565	0.38044	0.76514	-0.16199	0	0	0	0	0	-0.0043849
4.57	0.3809	0.76514	-0.16237	0	0	0	0	0	-0.0046029
4.575	0.38128	0.76515	-0.1627	0	0	0	0	0	-0.0047952
4.58	0.38166	0.76517	-0.16301	0	0	0	0	0	-0.0049789
4.585	0.38208	0.76516	-0.16333	0	0	0	0	0	-0.0052253
4.59	0.3825	0.76516	-0.16363	0	0	0	0	0	-0.0055243
4.595	0.38306	0.76517	-0.16399	0	0	0	0	0	-0.005787
4.6	0.38345	0.76517	-0.16427	0	0	0	0	0	-0.0059845
4.605	0.384	0.76516	-0.16457	0	0	0	0	0	-0.0061522
4.61	0.3845	0.76516	-0.16485	0	0	0	0	0	-0.0062854
4.615	0.385	0.76516	-0.16513	0	0	0	0	0	-0.0063623
4.62	0.38557	0.76515	-0.16543	0	0	0	0	0	-0.006401
4.625	0.38603	0.76514	-0.16569	0	0	0	0	0	-0.0064461
4.63	0.3866	0.76513	-0.16597	0	0	0	0	0	-0.006524
4.635	0.38711	0.76507	-0.16624	0	0	0	0	0	-0.0065984
4.64	0.38767	0.76513	-0.16652	0	0	0	0	0	-0.0066089
4.645	0.38823	0.76512	-0.16677	0	0	0	0	0	-0.0065574
4.65	0.38867	0.76511	-0.16695	0	0	0	0	0	-0.0065449
4.655	0.38928	0.76512	-0.16721	0	0	0	0	0	-0.0066412
4.66	0.38979	0.76511	-0.16744	0	0	0	0	0	-0.0067771
4.665	0.39038	0.76511	-0.16768	0	0	0	0	0	-0.0068384
4.67	0.39093	0.76511	-0.16792	0	0	0	0	0	-0.0067794
4.675	0.39145	0.76503	-0.16812	0	0	0	0	0	-0.0066509
4.68	0.39198	0.76503	-0.16831	0	0	0	0	0	-0.0065425
4.685	0.3925	0.76502	-0.16852	0	0	0	0	0	-0.0064747
4.69	0.39308	0.76501	-0.16875	0	0	0	0	0	-0.0064252
4.695	0.39349	0.765	-0.16889	0	0	0	0	0	-0.0064256
4.7	0.3941	0.76499	-0.16911	0	0	0	0	0	-0.0065024
4.705	0.39461	0.76497	-0.16927	0	0	0	0	0	-0.0065964
4.71	0.39517	0.76494	-0.16944	0	0	0	0	0	-0.0066694
4.715	0.39565	0.76492	-0.16957	0	0	0	0	0	-0.0067468
4.72	0.39628	0.7649	-0.16975	0	0	0	0	0	-0.006811
4.725	0.39679	0.76489	-0.16988	0	0	0	0	0	-0.0068174
4.73	0.39736	0.76488	-0.17002	0	0	0	0	0	-0.0067928
4.735	0.39787	0.76487	-0.17011	0	0	0	0	0	-0.0067854
4.74	0.39849	0.76487	-0.17025	0	0	0	0	0	-0.0067851
4.745	0.39897	0.76486	-0.17033	0	0	0	0	0	-0.00678
4.75	0.39955	0.76486	-0.17044	0	0	0	0	0	-0.0067918
4.755	0.40007	0.76486	-0.17051	0	0	0	0	0	-0.0068012
4.76	0.40067	0.76487	-0.17062	0	0	0	0	0	-0.0067491
4.765	0.40117	0.76488	-0.17067	0	0	0	0	0	-0.0066446
4.77	0.40168	0.76488	-0.17072	0	0	0	0	0	-0.0065891
4.775	0.40221	0.7649	-0.17078	0	0	0	0	0	-0.0066529
4.78	0.40274	0.76492	-0.17083	0	0	0	0	0	-0.0067799
4.785	0.40335	0.76494	-0.1709	0	0	0	0	0	-0.0068472
4.79	0.40385	0.76495	-0.17091	0	0	0	0	0	-0.0068125
4.795	0.40439	0.76496	-0.17092	0	0	0	0	0	-0.0067629
4.8	0.40492	0.76496	-0.17091	0	0	0	0	0	-0.0067956
4.805	0.40545	0.76496	-0.17089	0	0	0	0	0	-0.0069058
4.81	0.40606	0.76496	-0.17091	0	0	0	0	0	-0.0069912
4.815	0.40662	0.76495	-0.17088	0	0	0	0	0	-0.006972
4.82	0.40714	0.76493	-0.17084	0	0	0	0	0	-0.0068977
4.825	0.4077	0.76491	-0.17081	0	0	0	0	0	-0.0068618
4.83	0.40823	0.76489	-0.17075	0	0	0	0	0	-0.0068987
4.835	0.40877	0.76488	-0.1707	0	0	0	0	0	-0.0069855
4.84	0.40938	0.76486	-0.17066	0	0	0	0	0	-0.0070317
4.845	0.40994	0.76484	-0.17059	0	0	0	0	0	-0.0069465
4.85	0.41045	0.76481	-0.17049	0	0	0	0	0	-0.0067652
4.855	0.41097	0.76478	-0.17039	0	0	0	0	0	-0.0065927
4.86	0.4115	0.76475	-0.17028	0	0	0	0	0	-0.0064702
4.865	0.41199	0.76471	-0.17015	0	0	0	0	0	-0.0063988
4.87	0.41249	0.76467	-0.17002	0	0	0	0	0	-0.0063878
4.875	0.413	0.76463	-0.1699	0	0	0	0	0	-0.0064024
4.88	0.41353	0.76458	-0.16977	0	0	0	0	0	-0.0063515
4.885	0.41402	0.76454	-0.16962	0	0	0	0	0	-0.0061883
4.89	0.41448	0.7645	-0.16946	0	0	0	0	0	-0.0059745
4.895	0.41493	0.76446	-0.16928	0	0	0	0	0	-0.0058124
4.9	0.41538	0.76443	-0.1691	0	0	0	0	0	-0.0057428
4.905	0.41584	0.76441	-0.16891	0	0	0	0	0	-0.005724
4.91	0.4163	0.76439	-0.16871	0	0	0	0	0	-0.0056943
4.915	0.41674	0.76437	-0.1685	0	0	0	0	0	-0.0056322
4.92	0.41717	0.76436	-0.16829	0	0	0	0	0	-0.0055492
4.925	0.4176	0.76435	-0.16807	0	0	0	0	0	-0.0054506
4.93	0.41803	0.76434	-0.16785	0	0	0	0	0	-0.0053304
4.935	0.41843	0.76433	-0.16761	0	0	0	0	0	-0.0051959
4.94	0.41882	0.76433	-0.16736	0	0	0	0	0	-0.0050731
4.945	0.41921	0.76433	-0.16711	0	0	0	0	0	-0.0049732
4.95	0.4196	0.76433	-0.16686	0	0	0	0	0	-0.0048756
4.955	0.41997	0.76434	-0.16662	0	0	0	0	0	-0.0047601
4.96	0.42033	0.76434	-0.16636	0	0	0	0	0	-0.0046389
4.965	0.42067	0.76434	-0.16609	0	0	0	0	0	-0.0045495
4.97	0.42101	0.76433	-0.16583	0	0	0	0	0	-0.0045195
4.975	0.42137	0.76431	-0.16557	0	0	0	0	0	-0.0045358
4.98	0.42173	0.76429	-0.16531	0	0	0	0	0	-0.0045646
4.985	0.42208	0.76427	-0.16504	0	0	0	0	0	-0.0046001
4.99	0.42245	0.76424	-0.16477	0	0	0	0	0	-0.0046612
4.995	0.42282	0.76422	-0.16451	0	0	0	0	0	-0.0047492
