0.005	-0.45743	1.2723	-0.004869	0	0	0	0	0	0.005397
0.01	-0.45746	1.2723	-0.0048295	0	0	0	0	0	0.0051412
0.015	-0.45749	1.2723	-0.0047929	0	0	0	0	0	0.0050531
0.02	-0.45752	1.2723	-0.0047595	0	0	0	0	0	0.0052682
0.025	-0.45755	1.2722	-0.0047238	0	0	0	0	0	0.0058138
0.03	-0.4576	1.2722	-0.0046936	0	0	0	0	0	0.0065687
0.035	-0.45764	1.2722	-0.0046575	0	0	0	0	0	0.0072836
0.04	-0.45769	1.2722	-0.0046233	0	0	0	0	0	0.0077299
0.045	-0.45774	1.2722	-0.0045908	0	0	0	0	0	0.0079412
0.05	-0.45779	1.2722	-0.0045631	0	0	0	0	0	0.0082187
0.055	-0.45784	1.2722	-0.0045321	0	0	0	0	0	0.0087589
0.06	-0.45791	1.2723	-0.0045063	0	0	0	0	0	0.0094292
0.065	-0.45797	1.2723	-0.0044816	0	0	0	0	0	0.010006
0.07	-0.45804	1.2723	-0.0044549	0	0	0	0	0	0.010402
0.075	-0.45811	1.2723	-0.0044282	0	0	0	0	0	0.01061
0.08	-0.45818	1.2723	-0.0044063	0	0	0	0	0	0.010637
0.085	-0.45824	1.2723	-0.004385	0	0	0	0	0	0.010536
0.09	-0.45831	1.2723	-0.0043616	0	0	0	0	0	0.01036
0.095	-0.45838	1.2723	-0.0043342	0	0	0	0	0	0.010078
0.1	-0.45844	1.2723	-0.0043097	0	0	0	0	0	0.0097332
0.105	-0.4585	1.2723	-0.0042866	0	0	0	0	0	0.0094935
0.11	-0.45856	1.2723	-0.0042696	0	0	0	0	0	0.0093732
0.115	-0.45863	1.2723	-0.0042501	0	0	0	0	0	0.0091802
0.12	-0.45868	1.2723	-0.004232	0	0	0	0	0	0.0088054
0.125	-0.45874	1.2723	-0.0042136	0	0	0	0	0	0.0083375
0.13	-0.4588	1.2723	-0.0041949	0	0	0	0	0	0.0079442
0.135	-0.45884	1.2723	-0.0041843	0	0	0	0	0	0.0078253
0.14	-0.45889	1.2723	-0.0041705	0	0	0	0	0	0.0081109
0.145	-0.45895	1.2724	-0.0041581	0	0	0	0	0	0.0086027
0.15	-0.45902	1.2724	-0.0041416	0	0	0	0	0	0.0088376
0.155	-0.45908	1.2724	-0.0041266	0	0	0	0	0	0.0086094
0.16	-0.45913	1.2724	-0.0041184	0	0	0	0	0	0.0082077
0.165	-0.45918	1.2724	-0.0041123	0	0	0	0	0	0.0080465
0.17	-0.45923	1.2724	-0.0040975	0	0	0	0	0	0.008258
0.175	-0.4593	1.2725	-0.0040856	0	0	0	0	0	0.0086404
0.18	-0.45936	1.2725	-0.0040767	0	0	0	0	0	0.0089019
0.185	-0.45942	1.2725	-0.004065	0	0	0	0	0	0.0089281
0.19	-0.45948	1.2725	-0.0040555	0	0	0	0	0	0.0087611
0.195	-0.45954	1.2725	-0.0040488	0	0	0	0	0	0.0084843
0.2	-0.45959	1.2725	-0.0040344	0	0	0	0	0	0.0082103
0.205	-0.45965	1.2725	-0.0040197	0	0	0	0	0	0.0080005
0.21	-0.45971	1.2726	-0.0040117	0	0	0	0	0	0.0078023
0.215	-0.45976	1.2726	-0.0040082	0	0	0	0	0	0.007559
0.22	-0.45981	1.2726	-0.0040015	0	0	0	0	0	0.0073203
0.225	-0.45986	1.2726	-0.0039954	0	0	0	0	0	0.0071982
0.23	-0.45991	1.2726	-0.0039848	0	0	0	0	0	0.0072547
0.235	-0.45996	1.2726	-0.0039797	0	0	0	0	0	0.0074623
0.24	-0.46002	1.2726	-0.0039735	0	0	0	0	0	0.0077107
0.245	-0.46008	1.2726	-0.0039631	0	0	0	0	0	0.0078562
0.25	-0.46013	1.2726	-0.0039476	0	0	0	0	0	0.0078735
0.255	-0.46018	1.2726	-0.0039355	0	0	0	0	0	0.0079099
0.26	-0.46024	1.2726	-0.0039294	0	0	0	0	0	0.0080811
0.265	-0.4603	1.2726	-0.0039206	0	0	0	0	0	0.0082843
0.27	-0.46036	1.2726	-0.0039103	0	0	0	0	0	0.0083065
0.275	-0.46042	1.2726	-0.0038993	0	0	0	0	0	0.0080424
0.28	-0.46048	1.2726	-0.0038941	0	0	0	0	0	0.0075694
0.285	-0.46052	1.2725	-0.0038861	0	0	0	0	0	0.0071268
0.29	-0.46057	1.2725	-0.003885	0	0	0	0	0	0.0069967
0.295	-0.46062	1.2725	-0.0038844	0	0	0	0	0	0.0072751
0.3	-0.46067	1.2724	-0.0038827	0	0	0	0	0	0.0077666
0.305	-0.46074	1.2724	-0.0038743	0	0	0	0	0	0.0081361
0.31	-0.46079	1.2724	-0.0038651	0	0	0	0	0	0.0081831
0.315	-0.46085	1.2723	-0.0038657	0	0	0	0	0	0.0079984
0.32	-0.4609	1.2723	-0.0038648	0	0	0	0	0	0.0078268
0.325	-0.46095	1.2723	-0.0038589	0	0	0	0	0	0.007785
0.33	-0.46101	1.2722	-0.0038536	0	0	0	0	0	0.0077494
0.335	-0.46107	1.2722	-0.0038458	0	0	0	0	0	0.0075518
0.34	-0.46111	1.2721	-0.0038437	0	0	0	0	0	0.007233
0.345	-0.46116	1.2721	-0.0038375	0	0	0	0	0	0.0070371
0.35	-0.4612	1.2721	-0.0038325	0	0	0	0	0	0.0071793
0.355	-0.46125	1.272	-0.0038292	0	0	0	0	0	0.0075986
0.36	-0.46131	1.272	-0.0038221	0	0	0	0	0	0.0079125
0.365	-0.46136	1.2719	-0.0038137	0	0	0	0	0	0.0077657
0.37	-0.46141	1.2719	-0.0038059	0	0	0	0	0	0.0072489
0.375	-0.46144	1.2719	-0.0038095	0	0	0	0	0	0.0067709
0.38	-0.46149	1.2718	-0.0038042	0	0	0	0	0	0.0065164
0.385	-0.46153	1.2718	-0.0038055	0	0	0	0	0	0.006319
0.39	-0.46156	1.2718	-0.0038026	0	0	0	0	0	0.006079
0.395	-0.46159	1.2717	-0.0038037	0	0	0	0	0	0.0059576
0.4	-0.46162	1.2717	-0.0038064	0	0	0	0	0	0.0060421
0.405	-0.46167	1.2717	-0.003801	0	0	0	0	0	0.006097
0.41	-0.4617	1.2716	-0.0038044	0	0	0	0	0	0.0058589
0.415	-0.46173	1.2716	-0.0038029	0	0	0	0	0	0.0054097
0.42	-0.46175	1.2716	-0.0038059	0	0	0	0	0	0.0050794
0.425	-0.46177	1.2716	-0.003807	0	0	0	0	0	0.0050502
0.43	-0.4618	1.2716	-0.0038113	0	0	0	0	0	0.0051435
0.435	-0.46183	1.2715	-0.00381	0	0	0	0	0	0.005058
0.44	-0.46185	1.2715	-0.0038134	0	0	0	0	0	0.0047692
0.445	-0.46186	1.2715	-0.0038191	0	0	0	0	0	0.0045314
0.45	-0.46189	1.2715	-0.0038168	0	0	0	0	0	0.0045125
0.455	-0.46191	1.2715	-0.0038236	0	0	0	0	0	0.0045983
0.46	-0.46193	1.2715	-0.0038279	0	0	0	0	0	0.0045405
0.465	-0.46196	1.2715	-0.0038271	0	0	0	0	0	0.0042034
0.47	-0.46197	1.2715	-0.0038332	0	0	0	0	0	0.0037183
0.475	-0.46198	1.2715	-0.0038356	0	0	0	0	0	0.0033476
0.48	-0.462	1.2716	-0.0038405	0	0	0	0	0	0.0031637
0.485	-0.46201	1.2716	-0.0038447	0	0	0	0	0	0.0030241
0.49	-0.46202	1.2716	-0.0038428	0	0	0	0	0	0.0027692
0.495	-0.46203	1.2716	-0.003844	0	0	0	0	0	0.0023032
0.5	-0.46204	1.2716	-0.0038489	0	0	0	0	0	0.0016985
0.505	-0.46203	1.2717	-0.0038628	0	0	0	0	0	0.0012326
0.51	-0.46203	1.2717	-0.0038669	0	0	0	0	0	0.0010771
0.515	-0.46204	1.2717	-0.0038677	0	0	0	0	0	0.001062
0.52	-0.46204	1.2718	-0.0038705	0	0	0	0	0	0.000912
0.525	-0.46204	1.2718	-0.0038759	0	0	0	0	0	0.00051224
0.53	-0.46204	1.2718	-0.0038865	0	0	0	0	0	-7.9747e-005
0.535	-0.46203	1.2718	-0.0038886	0	0	0	0	0	-0.0006598
0.54	-0.46201	1.2719	-0.0038905	0	0	0	0	0	-0.0010026
0.545	-0.462	1.2719	-0.0038918	0	0	0	0	0	-0.001097
0.55	-0.462	1.2719	-0.0038987	0	0	0	0	0	-0.0011488
0.555	-0.46199	1.272	-0.0039004	0	0	0	0	0	-0.0013649
0.56	-0.46198	1.272	-0.0039022	0	0	0	0	0	-0.0018352
0.565	-0.46196	1.272	-0.0038998	0	0	0	0	0	-0.0025168
0.57	-0.46194	1.2721	-0.0039015	0	0	0	0	0	-0.0032672
0.575	-0.46192	1.2721	-0.0038984	0	0	0	0	0	-0.0039773
0.58	-0.46189	1.2721	-0.0038968	0	0	0	0	0	-0.0046041
0.585	-0.46186	1.2721	-0.0038967	0	0	0	0	0	-0.005091
0.59	-0.46183	1.2722	-0.003891	0	0	0	0	0	-0.0054567
0.595	-0.4618	1.2722	-0.003892	0	0	0	0	0	-0.0058702
0.6	-0.46176	1.2722	-0.0038855	0	0	0	0	0	-0.0064906
0.605	-0.46172	1.2722	-0.0038801	0	0	0	0	0	-0.0073784
0.61	-0.46168	1.2722	-0.0038825	0	0	0	0	0	-0.0085365
0.615	-0.46162	1.2723	-0.0038804	0	0	0	0	0	-0.0098756
0.62	-0.46156	1.2723	-0.0038729	0	0	0	0	0	-0.011252
0.625	-0.46149	1.2723	-0.003871	0	0	0	0	0	-0.012592
0.63	-0.46142	1.2723	-0.0038635	0	0	0	0	0	-0.013792
0.635	-0.46132	1.2723	-0.0038578	0	0	0	0	0	-0.014559
0.64	-0.46124	1.2722	-0.003856	0	0	0	0	0	-0.014699
0.645	-0.46117	1.2722	-0.003844	0	0	0	0	0	-0.014518
0.65	-0.46109	1.2722	-0.0038356	0	0	0	0	0	-0.014578
0.655	-0.46101	1.2722	-0.0038321	0	0	0	0	0	-0.015208
0.66	-0.46092	1.2722	-0.0038219	0	0	0	0	0	-0.01642
0.665	-0.46083	1.2722	-0.0038156	0	0	0	0	0	-0.017984
0.67	-0.46071	1.2721	-0.0038122	0	0	0	0	0	-0.019419
0.675	-0.46059	1.2721	-0.0038048	0	0	0	0	0	-0.020172
0.68	-0.46048	1.2721	-0.0037967	0	0	0	0	0	-0.02006
0.685	-0.46037	1.272	-0.0037874	0	0	0	0	0	-0.01942
0.69	-0.46027	1.272	-0.0037799	0	0	0	0	0	-0.018818
0.695	-0.46017	1.2719	-0.0037687	0	0	0	0	0	-0.018758
0.7	-0.46006	1.2719	-0.0037618	0	0	0	0	0	-0.019572
0.705	-0.45995	1.2718	-0.0037614	0	0	0	0	0	-0.021256
0.71	-0.45981	1.2718	-0.0037596	0	0	0	0	0	-0.023312
0.715	-0.45966	1.2717	-0.0037559	0	0	0	0	0	-0.024963
0.72	-0.45951	1.2716	-0.0037586	0	0	0	0	0	-0.025649
0.725	-0.45936	1.2716	-0.0037586	0	0	0	0	0	-0.025283
0.73	-0.45922	1.2715	-0.0037669	0	0	0	0	0	-0.024289
0.735	-0.4591	1.2714	-0.0037736	0	0	0	0	0	-0.023485
0.74	-0.45896	1.2713	-0.0037842	0	0	0	0	0	-0.023603
0.745	-0.45882	1.2713	-0.0037977	0	0	0	0	0	-0.024788
0.75	-0.45867	1.2712	-0.0038021	0	0	0	0	0	-0.026558
0.755	-0.4585	1.2711	-0.0038147	0	0	0	0	0	-0.028091
0.76	-0.45832	1.271	-0.0038356	0	0	0	0	0	-0.028669
0.765	-0.45815	1.2709	-0.0038527	0	0	0	0	0	-0.028089
0.77	-0.45799	1.2708	-0.0038727	0	0	0	0	0	-0.026809
0.775	-0.45785	1.2708	-0.0038808	0	0	0	0	0	-0.025693
0.78	-0.45769	1.2707	-0.0038959	0	0	0	0	0	-0.025455
0.785	-0.45754	1.2706	-0.0039169	0	0	0	0	0	-0.026234
0.79	-0.45738	1.2705	-0.0039326	0	0	0	0	0	-0.027644
0.795	-0.4572	1.2704	-0.0039499	0	0	0	0	0	-0.028974
0.8	-0.45701	1.2703	-0.0039707	0	0	0	0	0	-0.02949
0.805	-0.45683	1.2702	-0.0039927	0	0	0	0	0	-0.028973
0.81	-0.45667	1.2701	-0.0040122	0	0	0	0	0	-0.027999
0.815	-0.45651	1.27	-0.0040361	0	0	0	0	0	-0.02747
0.82	-0.45634	1.2699	-0.0040639	0	0	0	0	0	-0.027847
0.825	-0.45617	1.2697	-0.0040855	0	0	0	0	0	-0.028912
0.83	-0.45598	1.2696	-0.004107	0	0	0	0	0	-0.030034
0.835	-0.45579	1.2695	-0.0041334	0	0	0	0	0	-0.03052
0.84	-0.45561	1.2694	-0.0041556	0	0	0	0	0	-0.029936
0.845	-0.45543	1.2692	-0.0041925	0	0	0	0	0	-0.028372
0.85	-0.45528	1.2691	-0.0042187	0	0	0	0	0	-0.026502
0.855	-0.45513	1.269	-0.0042531	0	0	0	0	0	-0.025153
0.86	-0.45498	1.2688	-0.0042832	0	0	0	0	0	-0.024752
0.865	-0.45483	1.2687	-0.0043166	0	0	0	0	0	-0.025265
0.87	-0.45466	1.2685	-0.0043539	0	0	0	0	0	-0.026321
0.875	-0.45449	1.2684	-0.0043953	0	0	0	0	0	-0.027302
0.88	-0.45432	1.2683	-0.0044294	0	0	0	0	0	-0.027698
0.885	-0.45415	1.2681	-0.0044646	0	0	0	0	0	-0.027386
0.89	-0.45398	1.2679	-0.0045026	0	0	0	0	0	-0.026556
0.895	-0.45382	1.2678	-0.0045438	0	0	0	0	0	-0.025529
0.9	-0.45367	1.2676	-0.0045847	0	0	0	0	0	-0.02464
0.905	-0.45351	1.2674	-0.0046174	0	0	0	0	0	-0.024172
0.91	-0.45336	1.2672	-0.0046534	0	0	0	0	0	-0.024311
0.915	-0.4532	1.2671	-0.004693	0	0	0	0	0	-0.025034
0.92	-0.45303	1.2669	-0.0047266	0	0	0	0	0	-0.026039
0.925	-0.45284	1.2667	-0.0047698	0	0	0	0	0	-0.026902
0.93	-0.45266	1.2665	-0.0048066	0	0	0	0	0	-0.027353
0.935	-0.45248	1.2663	-0.0048352	0	0	0	0	0	-0.027465
0.94	-0.45229	1.2661	-0.0048606	0	0	0	0	0	-0.027454
0.945	-0.4521	1.2659	-0.0048897	0	0	0	0	0	-0.027366
0.95	-0.45192	1.2656	-0.0049179	0	0	0	0	0	-0.027195
0.955	-0.45174	1.2654	-0.0049463	0	0	0	0	0	-0.027194
0.96	-0.45155	1.2652	-0.0049715	0	0	0	0	0	-0.027699
0.965	-0.45136	1.265	-0.0050005	0	0	0	0	0	-0.028704
0.97	-0.45116	1.2647	-0.005026	0	0	0	0	0	-0.029818
0.975	-0.45094	1.2645	-0.0050496	0	0	0	0	0	-0.030558
0.98	-0.45073	1.2643	-0.0050757	0	0	0	0	0	-0.030735
0.985	-0.45053	1.264	-0.0050972	0	0	0	0	0	-0.030677
0.99	-0.45032	1.2637	-0.0051187	0	0	0	0	0	-0.030924
0.995	-0.4501	1.2634	-0.0051409	0	0	0	0	0	-0.031797
1	-0.44988	1.2631	-0.0051537	0	0	0	0	0	-0.033354
1.005	-0.44964	1.2629	-0.0051744	0	0	0	0	0	-0.035373
1.01	-0.44939	1.2626	-0.0051877	0	0	0	0	0	-0.037296
1.015	-0.44912	1.2623	-0.0051983	0	0	0	0	0	-0.038598
1.02	-0.44885	1.2619	-0.0052101	0	0	0	0	0	-0.03934
1.025	-0.4486	1.2616	-0.0052157	0	0	0	0	0	-0.040156
1.03	-0.44831	1.2613	-0.0052249	0	0	0	0	0	-0.041572
1.035	-0.44803	1.261	-0.00523	0	0	0	0	0	-0.043463
1.04	-0.44772	1.2606	-0.0052357	0	0	0	0	0	-0.045256
1.045	-0.44741	1.2603	-0.0052374	0	0	0	0	0	-0.046546
1.05	-0.44709	1.2599	-0.0052399	0	0	0	0	0	-0.047577
1.055	-0.44679	1.2596	-0.0052354	0	0	0	0	0	-0.049032
1.06	-0.44647	1.2591	-0.0052314	0	0	0	0	0	-0.051145
1.065	-0.4461	1.2587	-0.0052307	0	0	0	0	0	-0.053358
1.07	-0.44576	1.2583	-0.0052253	0	0	0	0	0	-0.055174
1.075	-0.4454	1.2579	-0.005212	0	0	0	0	0	-0.056753
1.08	-0.44502	1.2574	-0.0051902	0	0	0	0	0	-0.058349
1.085	-0.44465	1.2569	-0.0051725	0	0	0	0	0	-0.060056
1.09	-0.44427	1.2564	-0.0051475	0	0	0	0	0	-0.062066
1.095	-0.44386	1.2559	-0.0051211	0	0	0	0	0	-0.06436
1.1	-0.44344	1.2553	-0.0050948	0	0	0	0	0	-0.066633
1.105	-0.44303	1.2548	-0.0050707	0	0	0	0	0	-0.068856
1.11	-0.44258	1.2543	-0.0050474	0	0	0	0	0	-0.071126
1.115	-0.44212	1.2537	-0.0050169	0	0	0	0	0	-0.073229
1.12	-0.44166	1.2531	-0.0049961	0	0	0	0	0	-0.075062
1.125	-0.4412	1.2525	-0.0049739	0	0	0	0	0	-0.076866
1.13	-0.44071	1.2519	-0.004935	0	0	0	0	0	-0.07878
1.135	-0.44023	1.2513	-0.0049065	0	0	0	0	0	-0.080734
1.14	-0.43973	1.2507	-0.0048738	0	0	0	0	0	-0.082634
1.145	-0.43921	1.25	-0.0048288	0	0	0	0	0	-0.084482
1.15	-0.43872	1.2494	-0.0047851	0	0	0	0	0	-0.08663
1.155	-0.43817	1.2487	-0.0047504	0	0	0	0	0	-0.089597
1.16	-0.43763	1.248	-0.0047139	0	0	0	0	0	-0.093274
1.165	-0.43702	1.2473	-0.0046763	0	0	0	0	0	-0.096716
1.17	-0.43643	1.2466	-0.0046301	0	0	0	0	0	-0.098967
1.175	-0.43583	1.2459	-0.004569	0	0	0	0	0	-0.099993
1.18	-0.43525	1.2451	-0.0044998	0	0	0	0	0	-0.10071
1.185	-0.43466	1.2444	-0.0044351	0	0	0	0	0	-0.10207
1.19	-0.43402	1.2436	-0.0043782	0	0	0	0	0	-0.10421
1.195	-0.43342	1.2427	-0.0043321	0	0	0	0	0	-0.10702
1.2	-0.43279	1.2419	-0.0042732	0	0	0	0	0	-0.11078
1.205	-0.43211	1.241	-0.0042208	0	0	0	0	0	-0.1152
1.21	-0.43141	1.2402	-0.0041702	0	0	0	0	0	-0.11897
1.215	-0.43066	1.2393	-0.004119	0	0	0	0	0	-0.12099
1.22	-0.42996	1.2384	-0.0040716	0	0	0	0	0	-0.12163
1.225	-0.42927	1.2374	-0.0040227	0	0	0	0	0	-0.12241
1.23	-0.42854	1.2365	-0.0039738	0	0	0	0	0	-0.12423
1.235	-0.42782	1.2354	-0.0039297	0	0	0	0	0	-0.12674
1.24	-0.42705	1.2344	-0.0038822	0	0	0	0	0	-0.12941
1.245	-0.4263	1.2334	-0.0038336	0	0	0	0	0	-0.13214
1.25	-0.4255	1.2323	-0.0037818	0	0	0	0	0	-0.13477
1.255	-0.42467	1.2312	-0.0037373	0	0	0	0	0	-0.13666
1.26	-0.42389	1.23	-0.0037013	0	0	0	0	0	-0.13755
1.265	-0.42311	1.2289	-0.0036533	0	0	0	0	0	-0.13837
1.27	-0.4223	1.2277	-0.003603	0	0	0	0	0	-0.14004
1.275	-0.42144	1.2265	-0.0035486	0	0	0	0	0	-0.14247
1.28	-0.42059	1.2252	-0.0034936	0	0	0	0	0	-0.14498
1.285	-0.41974	1.224	-0.00344	0	0	0	0	0	-0.14722
1.29	-0.41886	1.2227	-0.0034017	0	0	0	0	0	-0.14898
1.295	-0.41796	1.2213	-0.0033615	0	0	0	0	0	-0.15001
1.3	-0.41708	1.22	-0.0033168	0	0	0	0	0	-0.15038
1.305	-0.41619	1.2187	-0.0032636	0	0	0	0	0	-0.15063
1.31	-0.41529	1.2173	-0.0032109	0	0	0	0	0	-0.15101
1.315	-0.41436	1.2159	-0.0031543	0	0	0	0	0	-0.15136
1.32	-0.41348	1.2145	-0.0031009	0	0	0	0	0	-0.15174
1.325	-0.41255	1.2131	-0.0030493	0	0	0	0	0	-0.15243
1.33	-0.41163	1.2116	-0.0030157	0	0	0	0	0	-0.15332
1.335	-0.4107	1.2102	-0.0029837	0	0	0	0	0	-0.154
1.34	-0.40976	1.2087	-0.0029407	0	0	0	0	0	-0.15425
1.345	-0.40881	1.2073	-0.0028968	0	0	0	0	0	-0.15387
1.35	-0.40784	1.2058	-0.0028508	0	0	0	0	0	-0.15274
1.355	-0.40694	1.2043	-0.0028127	0	0	0	0	0	-0.15132
1.36	-0.40602	1.2029	-0.0027794	0	0	0	0	0	-0.15058
1.365	-0.4051	1.2014	-0.0027637	0	0	0	0	0	-0.15092
1.37	-0.40417	1.1999	-0.0027641	0	0	0	0	0	-0.15164
1.375	-0.40318	1.1985	-0.0027673	0	0	0	0	0	-0.15153
1.38	-0.40225	1.197	-0.0027663	0	0	0	0	0	-0.15014
1.385	-0.40132	1.1955	-0.0027572	0	0	0	0	0	-0.14836
1.39	-0.40041	1.1941	-0.0027503	0	0	0	0	0	-0.14723
1.395	-0.39944	1.1927	-0.0027544	0	0	0	0	0	-0.14673
1.4	-0.39853	1.1912	-0.0027694	0	0	0	0	0	-0.14652
1.405	-0.39761	1.1898	-0.0027807	0	0	0	0	0	-0.14671
1.41	-0.39665	1.1884	-0.0027978	0	0	0	0	0	-0.14732
1.415	-0.39568	1.187	-0.0028287	0	0	0	0	0	-0.14783
1.42	-0.39474	1.1856	-0.0028658	0	0	0	0	0	-0.14803
1.425	-0.39378	1.1843	-0.0029018	0	0	0	0	0	-0.14811
1.43	-0.39278	1.1829	-0.0029315	0	0	0	0	0	-0.14798
1.435	-0.39182	1.1816	-0.0029667	0	0	0	0	0	-0.14759
1.44	-0.39087	1.1802	-0.0029739	0	0	0	0	0	-0.14732
1.445	-0.38987	1.1788	-0.0030026	0	0	0	0	0	-0.14743
1.45	-0.3889	1.1775	-0.0030423	0	0	0	0	0	-0.14778
1.455	-0.38788	1.1762	-0.0030841	0	0	0	0	0	-0.14839
1.46	-0.38689	1.175	-0.0031344	0	0	0	0	0	-0.14937
1.465	-0.38588	1.1737	-0.0031857	0	0	0	0	0	-0.15073
1.47	-0.38486	1.1725	-0.003244	0	0	0	0	0	-0.15203
1.475	-0.38381	1.1712	-0.003301	0	0	0	0	0	-0.15248
1.48	-0.38277	1.17	-0.0033577	0	0	0	0	0	-0.15175
1.485	-0.38174	1.1688	-0.0034114	0	0	0	0	0	-0.15059
1.49	-0.38076	1.1675	-0.0034429	0	0	0	0	0	-0.15036
1.495	-0.3797	1.1663	-0.0035	0	0	0	0	0	-0.1518
1.5	-0.3787	1.1651	-0.0035579	0	0	0	0	0	-0.15443
1.505	-0.37759	1.1639	-0.0036333	0	0	0	0	0	-0.15715
1.51	-0.37649	1.1627	-0.0037127	0	0	0	0	0	-0.15914
1.515	-0.37541	1.1615	-0.0037814	0	0	0	0	0	-0.16055
1.52	-0.3743	1.1604	-0.0038483	0	0	0	0	0	-0.16211
1.525	-0.37318	1.1592	-0.0039254	0	0	0	0	0	-0.16412
1.53	-0.372	1.158	-0.0040131	0	0	0	0	0	-0.16611
1.535	-0.37084	1.1569	-0.0040977	0	0	0	0	0	-0.16785
1.54	-0.36969	1.1558	-0.0041751	0	0	0	0	0	-0.1698
1.545	-0.3685	1.1546	-0.0042601	0	0	0	0	0	-0.17218
1.55	-0.36726	1.1535	-0.0043394	0	0	0	0	0	-0.17432
1.555	-0.36604	1.1524	-0.0044141	0	0	0	0	0	-0.17601
1.56	-0.36484	1.1513	-0.0044945	0	0	0	0	0	-0.1782
1.565	-0.36357	1.1501	-0.0045673	0	0	0	0	0	-0.18134
1.57	-0.36225	1.149	-0.0046526	0	0	0	0	0	-0.18431
1.575	-0.36093	1.148	-0.0047429	0	0	0	0	0	-0.18605
1.58	-0.35965	1.1469	-0.0048283	0	0	0	0	0	-0.18719
1.585	-0.35831	1.1458	-0.0049108	0	0	0	0	0	-0.18881
1.59	-0.35697	1.1448	-0.0049996	0	0	0	0	0	-0.19077
1.595	-0.35559	1.1437	-0.0050754	0	0	0	0	0	-0.19224
1.6	-0.35426	1.1426	-0.0051531	0	0	0	0	0	-0.19321
1.605	-0.35288	1.1416	-0.0052318	0	0	0	0	0	-0.19447
1.61	-0.35151	1.1406	-0.005316	0	0	0	0	0	-0.19655
1.615	-0.35009	1.1395	-0.0054048	0	0	0	0	0	-0.19912
1.62	-0.34863	1.1385	-0.0055067	0	0	0	0	0	-0.20132
1.625	-0.34722	1.1375	-0.0056018	0	0	0	0	0	-0.20288
1.63	-0.3458	1.1364	-0.0056862	0	0	0	0	0	-0.20462
1.635	-0.34433	1.1354	-0.005775	0	0	0	0	0	-0.20715
1.64	-0.34282	1.1344	-0.0058778	0	0	0	0	0	-0.20991
1.645	-0.3413	1.1334	-0.0059684	0	0	0	0	0	-0.21198
1.65	-0.33977	1.1324	-0.0060426	0	0	0	0	0	-0.21318
1.655	-0.33827	1.1313	-0.0061211	0	0	0	0	0	-0.21407
1.66	-0.33673	1.1303	-0.0061884	0	0	0	0	0	-0.21526
1.665	-0.33516	1.1293	-0.0062622	0	0	0	0	0	-0.2167
1.67	-0.33358	1.1282	-0.0063446	0	0	0	0	0	-0.21781
1.675	-0.33201	1.1272	-0.0064121	0	0	0	0	0	-0.21844
1.68	-0.33045	1.1261	-0.0064688	0	0	0	0	0	-0.21922
1.685	-0.32886	1.1251	-0.0065338	0	0	0	0	0	-0.22078
1.69	-0.32721	1.124	-0.0066107	0	0	0	0	0	-0.22262
1.695	-0.32555	1.1229	-0.0066588	0	0	0	0	0	-0.22381
1.7	-0.32395	1.1218	-0.0066853	0	0	0	0	0	-0.22449
1.705	-0.32229	1.1207	-0.0067376	0	0	0	0	0	-0.22557
1.71	-0.3206	1.1196	-0.006807	0	0	0	0	0	-0.22722
1.715	-0.31893	1.1185	-0.0068558	0	0	0	0	0	-0.22869
1.72	-0.31719	1.1174	-0.0069151	0	0	0	0	0	-0.22902
1.725	-0.31547	1.1163	-0.0069772	0	0	0	0	0	-0.228
1.73	-0.31382	1.1151	-0.007003	0	0	0	0	0	-0.22661
1.735	-0.31213	1.114	-0.0070424	0	0	0	0	0	-0.22603
1.74	-0.3104	1.1129	-0.0070865	0	0	0	0	0	-0.22625
1.745	-0.30871	1.1117	-0.0071356	0	0	0	0	0	-0.22658
1.75	-0.30696	1.1105	-0.0071899	0	0	0	0	0	-0.22656
1.755	-0.30526	1.1094	-0.007245	0	0	0	0	0	-0.22595
1.76	-0.3035	1.1082	-0.007317	0	0	0	0	0	-0.22462
1.765	-0.30179	1.107	-0.0073528	0	0	0	0	0	-0.22284
1.77	-0.30006	1.1058	-0.007404	0	0	0	0	0	-0.22135
1.775	-0.29838	1.1046	-0.0074355	0	0	0	0	0	-0.2207
1.78	-0.29658	1.1034	-0.0074758	0	0	0	0	0	-0.22056
1.785	-0.29485	1.1022	-0.0075239	0	0	0	0	0	-0.22012
1.79	-0.29307	1.1009	-0.007597	0	0	0	0	0	-0.21892
1.795	-0.29132	1.0997	-0.0076651	0	0	0	0	0	-0.2168
1.8	-0.28955	1.0985	-0.0077275	0	0	0	0	0	-0.21359
1.805	-0.28781	1.0974	-0.007789	0	0	0	0	0	-0.20967
1.81	-0.28614	1.0962	-0.0078593	0	0	0	0	0	-0.20626
1.815	-0.28443	1.095	-0.0079456	0	0	0	0	0	-0.20423
1.82	-0.2827	1.0939	-0.0080237	0	0	0	0	0	-0.2031
1.825	-0.28097	1.0927	-0.008086	0	0	0	0	0	-0.20167
1.83	-0.27928	1.0916	-0.0081556	0	0	0	0	0	-0.19942
1.835	-0.27755	1.0905	-0.0082363	0	0	0	0	0	-0.19651
1.84	-0.27588	1.0894	-0.0083102	0	0	0	0	0	-0.19338
1.845	-0.27416	1.0882	-0.0083826	0	0	0	0	0	-0.1903
1.85	-0.27249	1.0871	-0.0084703	0	0	0	0	0	-0.18747
1.855	-0.27082	1.086	-0.00856	0	0	0	0	0	-0.18506
1.86	-0.26913	1.0849	-0.0086656	0	0	0	0	0	-0.18293
1.865	-0.26745	1.0839	-0.0088109	0	0	0	0	0	-0.18054
1.87	-0.26576	1.0829	-0.0089517	0	0	0	0	0	-0.17761
1.875	-0.2641	1.082	-0.0091049	0	0	0	0	0	-0.17438
1.88	-0.2624	1.0812	-0.0092643	0	0	0	0	0	-0.17095
1.885	-0.26073	1.0804	-0.0094031	0	0	0	0	0	-0.16723
1.89	-0.25908	1.0798	-0.0095522	0	0	0	0	0	-0.16355
1.895	-0.25742	1.0792	-0.0096872	0	0	0	0	0	-0.16094
1.9	-0.2558	1.0787	-0.0097838	0	0	0	0	0	-0.16023
1.905	-0.25409	1.0784	-0.009875	0	0	0	0	0	-0.1612
1.91	-0.25231	1.0782	-0.0099626	0	0	0	0	0	-0.16265
1.915	-0.25054	1.0781	-0.010052	0	0	0	0	0	-0.1636
1.92	-0.24876	1.0782	-0.010148	0	0	0	0	0	-0.16438
1.925	-0.24695	1.0785	-0.010266	0	0	0	0	0	-0.16613
1.93	-0.2451	1.079	-0.010377	0	0	0	0	0	-0.16948
1.935	-0.24313	1.0798	-0.010502	0	0	0	0	0	-0.17413
1.94	-0.24115	1.0808	-0.01061	0	0	0	0	0	-0.17962
1.945	-0.23906	1.0821	-0.01074	0	0	0	0	0	-0.1858
1.95	-0.23689	1.0838	-0.010854	0	0	0	0	0	-0.19201
1.955	-0.23463	1.0858	-0.010983	0	0	0	0	0	-0.19706
1.96	-0.23231	1.0882	-0.011127	0	0	0	0	0	-0.20023
1.965	-0.22998	1.0909	-0.011257	0	0	0	0	0	-0.20223
1.97	-0.22764	1.094	-0.011354	0	0	0	0	0	-0.20464
1.975	-0.22517	1.0975	-0.011414	0	0	0	0	0	-0.20831
1.98	-0.22263	1.1013	-0.011425	0	0	0	0	0	-0.21261
1.985	-0.22005	1.1055	-0.0114	0	0	0	0	0	-0.21672
1.99	-0.21748	1.1101	-0.011336	0	0	0	0	0	-0.22067
1.995	-0.21478	1.115	-0.011215	0	0	0	0	0	-0.2247
2	-0.21204	1.1204	-0.011041	0	0	0	0	0	-0.22856
2.005	-0.20928	1.1261	-0.010829	0	0	0	0	0	-0.23227
2.01	-0.20644	1.1322	-0.010582	0	0	0	0	0	-0.2366
2.015	-0.20355	1.1386	-0.010341	0	0	0	0	0	-0.24256
2.02	-0.20063	1.1454	-0.010061	0	0	0	0	0	-0.2505
2.025	-0.19752	1.1527	-0.0098051	0	0	0	0	0	-0.2591
2.03	-0.19438	1.1603	-0.0095528	0	0	0	0	0	-0.26637
2.035	-0.19122	1.1681	-0.0092483	0	0	0	0	0	-0.27228
2.04	-0.18796	1.1762	-0.0089733	0	0	0	0	0	-0.27888
2.045	-0.18474	1.1845	-0.0087004	0	0	0	0	0	-0.28803
2.05	-0.1813	1.1931	-0.0084075	0	0	0	0	0	-0.2998
2.055	-0.17779	1.2019	-0.0080701	0	0	0	0	0	-0.31291
2.06	-0.17427	1.211	-0.0077283	0	0	0	0	0	-0.32639
2.065	-0.17058	1.2201	-0.0073932	0	0	0	0	0	-0.33972
2.07	-0.16684	1.2295	-0.0069922	0	0	0	0	0	-0.35269
2.075	-0.16307	1.239	-0.0065293	0	0	0	0	0	-0.36683
2.08	-0.15922	1.2485	-0.0060545	0	0	0	0	0	-0.38442
2.085	-0.15522	1.2581	-0.0055826	0	0	0	0	0	-0.40554
2.09	-0.15109	1.2677	-0.0050878	0	0	0	0	0	-0.42879
2.095	-0.1469	1.2774	-0.0046156	0	0	0	0	0	-0.4515
2.1	-0.1426	1.2869	-0.0041617	0	0	0	0	0	-0.47251
2.105	-0.13831	1.2964	-0.0036971	0	0	0	0	0	-0.49126
2.11	-0.1339	1.3058	-0.003258	0	0	0	0	0	-0.50637
2.115	-0.12945	1.315	-0.0028318	0	0	0	0	0	-0.51653
2.12	-0.12508	1.3241	-0.0024444	0	0	0	0	0	-0.52475
2.125	-0.12101	1.3329	-0.0021193	0	0	0	0	0	-0.5386
2.13	-0.11641	1.3416	-0.0017487	0	0	0	0	0	-0.56051
2.135	-0.11188	1.3501	-0.001443	0	0	0	0	0	-0.58416
2.14	-0.10732	1.3583	-0.0011127	0	0	0	0	0	-0.60298
2.145	-0.10276	1.3662	-0.0008069	0	0	0	0	0	-0.61676
2.15	-0.098297	1.374	-0.00051734	0	0	0	0	0	-0.62815
2.155	-0.093585	1.3814	-0.00022375	0	0	0	0	0	-0.63835
2.16	-0.089124	1.3885	5.5672e-005	0	0	0	0	0	-0.64834
2.165	-0.084619	1.3953	0.00036874	0	0	0	0	0	-0.66006
2.17	-0.079969	1.4018	0.00067739	0	0	0	0	0	-0.6739
2.175	-0.075336	1.408	0.00098787	0	0	0	0	0	-0.68721
2.18	-0.070612	1.4138	0.0012741	0	0	0	0	0	-0.69836
2.185	-0.066065	1.4193	0.0015313	0	0	0	0	0	-0.70971
2.19	-0.061262	1.4245	0.0017854	0	0	0	0	0	-0.72442
2.195	-0.056604	1.4295	0.002011	0	0	0	0	0	-0.74198
2.2	-0.051525	1.4341	0.0022052	0	0	0	0	0	-0.75696
2.205	-0.046667	1.4384	0.0023872	0	0	0	0	0	-0.76449
2.21	-0.041773	1.4425	0.0025314	0	0	0	0	0	-0.76581
2.215	-0.036947	1.4462	0.0026918	0	0	0	0	0	-0.76614
2.22	-0.032058	1.4498	0.0028503	0	0	0	0	0	-0.76843
2.225	-0.027128	1.453	0.0030131	0	0	0	0	0	-0.77215
2.23	-0.022268	1.4561	0.0031992	0	0	0	0	0	-0.77636
2.235	-0.017359	1.4589	0.0033857	0	0	0	0	0	-0.78074
2.24	-0.012366	1.4615	0.00357	0	0	0	0	0	-0.78389
2.245	-0.0074641	1.4639	0.0037586	0	0	0	0	0	-0.78473
2.25	-0.0026282	1.466	0.0039702	0	0	0	0	0	-0.78482
2.255	0.0023006	1.4679	0.0041621	0	0	0	0	0	-0.78621
2.26	0.0071637	1.4696	0.0043869	0	0	0	0	0	-0.78853
2.265	0.012117	1.4711	0.0045901	0	0	0	0	0	-0.7897
2.27	0.017014	1.4723	0.0048035	0	0	0	0	0	-0.78881
2.275	0.021782	1.4733	0.0050213	0	0	0	0	0	-0.78763
2.28	0.026656	1.474	0.0052177	0	0	0	0	0	-0.78786
2.285	0.031562	1.4746	0.0054116	0	0	0	0	0	-0.78876
2.29	0.036393	1.4749	0.0056023	0	0	0	0	0	-0.78932
2.295	0.041189	1.4749	0.0058134	0	0	0	0	0	-0.79027
2.3	0.046079	1.4748	0.0060411	0	0	0	0	0	-0.79186
2.305	0.050959	1.4743	0.0062472	0	0	0	0	0	-0.79287
2.31	0.055798	1.4736	0.0064134	0	0	0	0	0	-0.7924
2.315	0.060679	1.4727	0.0066044	0	0	0	0	0	-0.79046
2.32	0.065545	1.4716	0.0067856	0	0	0	0	0	-0.78748
2.325	0.070329	1.4701	0.0069539	0	0	0	0	0	-0.78475
2.33	0.075169	1.4684	0.0071299	0	0	0	0	0	-0.78343
2.335	0.080042	1.4665	0.0072811	0	0	0	0	0	-0.7827
2.34	0.084906	1.4643	0.0074072	0	0	0	0	0	-0.78066
2.345	0.08977	1.4619	0.0075565	0	0	0	0	0	-0.7766
2.35	0.094602	1.4592	0.0077193	0	0	0	0	0	-0.77123
2.355	0.099407	1.4563	0.0078496	0	0	0	0	0	-0.76562
2.36	0.10424	1.4531	0.0080117	0	0	0	0	0	-0.76021
2.365	0.10905	1.4496	0.0081778	0	0	0	0	0	-0.75467
2.37	0.11384	1.4459	0.0083351	0	0	0	0	0	-0.74851
2.375	0.11863	1.4419	0.0085146	0	0	0	0	0	-0.7415
2.38	0.12337	1.4377	0.0086916	0	0	0	0	0	-0.73413
2.385	0.1281	1.4332	0.0088652	0	0	0	0	0	-0.72701
2.39	0.13286	1.4285	0.0090496	0	0	0	0	0	-0.72002
2.395	0.13756	1.4235	0.0092597	0	0	0	0	0	-0.71258
2.4	0.14223	1.4182	0.0094642	0	0	0	0	0	-0.70439
2.405	0.14693	1.4127	0.0096757	0	0	0	0	0	-0.69537
2.41	0.15153	1.4069	0.0098947	0	0	0	0	0	-0.68586
2.415	0.15614	1.4009	0.010104	0	0	0	0	0	-0.67626
2.42	0.16073	1.3947	0.010319	0	0	0	0	0	-0.66621
2.425	0.16522	1.3881	0.010534	0	0	0	0	0	-0.65518
2.43	0.1697	1.3814	0.010757	0	0	0	0	0	-0.64327
2.435	0.17417	1.3744	0.010996	0	0	0	0	0	-0.63052
2.44	0.17849	1.3672	0.011223	0	0	0	0	0	-0.61737
2.445	0.1828	1.3597	0.011443	0	0	0	0	0	-0.60494
2.45	0.18711	1.352	0.011683	0	0	0	0	0	-0.59354
2.455	0.19133	1.3441	0.011889	0	0	0	0	0	-0.58237
2.46	0.19556	1.3359	0.012088	0	0	0	0	0	-0.57067
2.465	0.19972	1.3274	0.012295	0	0	0	0	0	-0.55823
2.47	0.20384	1.3187	0.012501	0	0	0	0	0	-0.54551
2.475	0.20794	1.3098	0.012709	0	0	0	0	0	-0.53308
2.48	0.21197	1.3005	0.012897	0	0	0	0	0	-0.52141
2.485	0.21601	1.2911	0.013098	0	0	0	0	0	-0.5101
2.49	0.22004	1.2814	0.01337	0	0	0	0	0	-0.49788
2.495	0.22396	1.2716	0.013646	0	0	0	0	0	-0.48411
2.5	0.22782	1.2616	0.013908	0	0	0	0	0	-0.46964
2.505	0.23167	1.2515	0.014174	0	0	0	0	0	-0.4548
2.51	0.23545	1.2415	0.01445	0	0	0	0	0	-0.43841
2.515	0.23908	1.2314	0.014734	0	0	0	0	0	-0.41914
2.52	0.24263	1.2216	0.01502	0	0	0	0	0	-0.39684
2.525	0.24597	1.2119	0.015284	0	0	0	0	0	-0.3719
2.53	0.24914	1.2028	0.015581	0	0	0	0	0	-0.34511
2.535	0.25198	1.1944	0.015947	0	0	0	0	0	-0.31906
2.54	0.25454	1.1867	0.016385	0	0	0	0	0	-0.29821
2.545	0.25709	1.1795	0.016851	0	0	0	0	0	-0.28589
2.55	0.25949	1.1726	0.017284	0	0	0	0	0	-0.28221
2.555	0.262	1.1659	0.017716	0	0	0	0	0	-0.28522
2.56	0.26455	1.1596	0.018163	0	0	0	0	0	-0.2919
2.565	0.26721	1.1536	0.018601	0	0	0	0	0	-0.29937
2.57	0.26986	1.1477	0.01914	0	0	0	0	0	-0.30623
2.575	0.27259	1.1421	0.019666	0	0	0	0	0	-0.31211
2.58	0.27537	1.137	0.020171	0	0	0	0	0	-0.31588
2.585	0.27808	1.1322	0.020657	0	0	0	0	0	-0.3165
2.59	0.28073	1.1279	0.021101	0	0	0	0	0	-0.31461
2.595	0.28338	1.124	0.021529	0	0	0	0	0	-0.31163
2.6	0.28594	1.1205	0.021925	0	0	0	0	0	-0.30843
2.605	0.28849	1.1174	0.022319	0	0	0	0	0	-0.30549
2.61	0.29097	1.1147	0.022704	0	0	0	0	0	-0.30321
2.615	0.29343	1.1123	0.023082	0	0	0	0	0	-0.30164
2.62	0.29589	1.1102	0.02346	0	0	0	0	0	-0.30026
2.625	0.29832	1.1083	0.023811	0	0	0	0	0	-0.29839
2.63	0.30068	1.1067	0.024134	0	0	0	0	0	-0.29582
2.635	0.30303	1.1053	0.024449	0	0	0	0	0	-0.29248
2.64	0.30536	1.1042	0.024752	0	0	0	0	0	-0.28805
2.645	0.30761	1.1033	0.025026	0	0	0	0	0	-0.28239
2.65	0.30978	1.1027	0.02529	0	0	0	0	0	-0.27621
2.655	0.31191	1.1024	0.025569	0	0	0	0	0	-0.2704
2.66	0.31403	1.1022	0.025846	0	0	0	0	0	-0.26493
2.665	0.3161	1.1023	0.026122	0	0	0	0	0	-0.2591
2.67	0.31809	1.1027	0.026391	0	0	0	0	0	-0.25266
2.675	0.32002	1.1032	0.026678	0	0	0	0	0	-0.24603
2.68	0.32193	1.104	0.02699	0	0	0	0	0	-0.23949
2.685	0.32378	1.105	0.027291	0	0	0	0	0	-0.23297
2.69	0.32556	1.1061	0.027579	0	0	0	0	0	-0.22648
2.695	0.32732	1.1074	0.027881	0	0	0	0	0	-0.22019
2.7	0.32899	1.1089	0.028188	0	0	0	0	0	-0.21414
2.705	0.33064	1.1106	0.028479	0	0	0	0	0	-0.20806
2.71	0.33223	1.1124	0.028792	0	0	0	0	0	-0.20174
2.715	0.33373	1.1144	0.029119	0	0	0	0	0	-0.19551
2.72	0.33517	1.1165	0.029446	0	0	0	0	0	-0.18996
2.725	0.33661	1.1188	0.029778	0	0	0	0	0	-0.18514
2.73	0.33802	1.1212	0.030106	0	0	0	0	0	-0.18054
2.735	0.33935	1.1237	0.030447	0	0	0	0	0	-0.17597
2.74	0.34064	1.1263	0.03081	0	0	0	0	0	-0.1718
2.745	0.34191	1.129	0.031182	0	0	0	0	0	-0.16835
2.75	0.34317	1.1318	0.031545	0	0	0	0	0	-0.16547
2.755	0.34441	1.1347	0.031906	0	0	0	0	0	-0.16273
2.76	0.34562	1.1376	0.032284	0	0	0	0	0	-0.15988
2.765	0.34681	1.1407	0.032662	0	0	0	0	0	-0.15707
2.77	0.34796	1.1438	0.033026	0	0	0	0	0	-0.15491
2.775	0.34911	1.147	0.03338	0	0	0	0	0	-0.15396
2.78	0.35024	1.1502	0.033739	0	0	0	0	0	-0.15347
2.785	0.35147	1.1537	0.034043	0	0	0	0	0	-0.15135
2.79	0.3525	1.157	0.034397	0	0	0	0	0	-0.14671
2.795	0.35355	1.1604	0.034741	0	0	0	0	0	-0.14121
2.8	0.3546	1.1639	0.035071	0	0	0	0	0	-0.13661
2.805	0.35559	1.1673	0.035401	0	0	0	0	0	-0.13316
2.81	0.35656	1.1708	0.035734	0	0	0	0	0	-0.1305
2.815	0.35754	1.1742	0.036066	0	0	0	0	0	-0.12829
2.82	0.35848	1.1777	0.036395	0	0	0	0	0	-0.12626
2.825	0.3594	1.1812	0.036718	0	0	0	0	0	-0.12426
2.83	0.36035	1.1846	0.037043	0	0	0	0	0	-0.12207
2.835	0.36127	1.1881	0.037374	0	0	0	0	0	-0.1194
2.84	0.36213	1.1915	0.037696	0	0	0	0	0	-0.11655
2.845	0.36299	1.1949	0.038031	0	0	0	0	0	-0.11416
2.85	0.36385	1.1982	0.038369	0	0	0	0	0	-0.11239
2.855	0.36469	1.2016	0.038703	0	0	0	0	0	-0.11086
2.86	0.36552	1.2048	0.039033	0	0	0	0	0	-0.10908
2.865	0.36639	1.2081	0.039361	0	0	0	0	0	-0.10657
2.87	0.36719	1.2113	0.039688	0	0	0	0	0	-0.10327
2.875	0.36794	1.2144	0.040026	0	0	0	0	0	-0.099918
2.88	0.36871	1.2175	0.04037	0	0	0	0	0	-0.097103
2.885	0.36948	1.2205	0.040707	0	0	0	0	0	-0.094547
2.89	0.37023	1.2234	0.041036	0	0	0	0	0	-0.091771
2.895	0.37095	1.2263	0.041375	0	0	0	0	0	-0.088851
2.9	0.37164	1.2291	0.041718	0	0	0	0	0	-0.086056
2.905	0.37237	1.2319	0.04204	0	0	0	0	0	-0.083173
2.91	0.37304	1.2346	0.042361	0	0	0	0	0	-0.07981
2.915	0.37366	1.2372	0.042701	0	0	0	0	0	-0.07614
2.92	0.37431	1.2398	0.043029	0	0	0	0	0	-0.072586
2.925	0.37491	1.2423	0.043362	0	0	0	0	0	-0.069304
2.93	0.37548	1.2447	0.043696	0	0	0	0	0	-0.066314
2.935	0.37606	1.2471	0.044027	0	0	0	0	0	-0.063399
2.94	0.37662	1.2494	0.04437	0	0	0	0	0	-0.060142
2.945	0.37712	1.2517	0.044703	0	0	0	0	0	-0.056672
2.95	0.37762	1.2538	0.045031	0	0	0	0	0	-0.053548
2.955	0.37812	1.2559	0.045372	0	0	0	0	0	-0.050917
2.96	0.37857	1.2579	0.045713	0	0	0	0	0	-0.048629
2.965	0.37904	1.2598	0.046048	0	0	0	0	0	-0.04668
2.97	0.37949	1.2617	0.046397	0	0	0	0	0	-0.044936
2.975	0.37992	1.2634	0.046741	0	0	0	0	0	-0.043109
2.98	0.38034	1.265	0.04707	0	0	0	0	0	-0.041184
2.985	0.38074	1.2666	0.047418	0	0	0	0	0	-0.039399
2.99	0.38113	1.268	0.047757	0	0	0	0	0	-0.037768
2.995	0.38153	1.2694	0.048078	0	0	0	0	0	-0.036027
3	0.38188	1.2706	0.048422	0	0	0	0	0	-0.034203
3.005	0.38223	1.2718	0.048757	0	0	0	0	0	-0.032649
3.01	0.38258	1.2729	0.049063	0	0	0	0	0	-0.03134
3.015	0.38292	1.2739	0.049378	0	0	0	0	0	-0.029834
3.02	0.38323	1.2748	0.049709	0	0	0	0	0	-0.027998
3.025	0.38352	1.2756	0.050019	0	0	0	0	0	-0.026269
3.03	0.38381	1.2764	0.050306	0	0	0	0	0	-0.025147
3.035	0.3841	1.2771	0.050599	0	0	0	0	0	-0.024645
3.04	0.38438	1.2777	0.050901	0	0	0	0	0	-0.024323
3.045	0.38464	1.2782	0.051196	0	0	0	0	0	-0.023701
3.05	0.38491	1.2787	0.051466	0	0	0	0	0	-0.022494
3.055	0.38515	1.2791	0.051742	0	0	0	0	0	-0.020705
3.06	0.38536	1.2795	0.052039	0	0	0	0	0	-0.018711
3.065	0.38557	1.2799	0.052325	0	0	0	0	0	-0.017016
3.07	0.38578	1.2802	0.052583	0	0	0	0	0	-0.015841
3.075	0.38596	1.2804	0.052851	0	0	0	0	0	-0.015169
3.08	0.38613	1.2807	0.053141	0	0	0	0	0	-0.014947
3.085	0.38631	1.2809	0.053422	0	0	0	0	0	-0.014958
3.09	0.38648	1.2811	0.053687	0	0	0	0	0	-0.014753
3.095	0.38665	1.2813	0.053945	0	0	0	0	0	-0.013984
3.1	0.3868	1.2814	0.054192	0	0	0	0	0	-0.012785
3.105	0.38692	1.2815	0.054443	0	0	0	0	0	-0.01173
3.11	0.38705	1.2817	0.054702	0	0	0	0	0	-0.011293
3.115	0.38718	1.2818	0.054959	0	0	0	0	0	-0.011399
3.12	0.3873	1.2819	0.055201	0	0	0	0	0	-0.011762
3.125	0.38742	1.282	0.055428	0	0	0	0	0	-0.012353
3.13	0.38755	1.2821	0.055645	0	0	0	0	0	-0.013097
3.135	0.38771	1.2822	0.055857	0	0	0	0	0	-0.013401
3.14	0.38785	1.2823	0.056062	0	0	0	0	0	-0.012533
3.145	0.38797	1.2824	0.056263	0	0	0	0	0	-0.010499
3.15	0.38805	1.2825	0.056462	0	0	0	0	0	-0.008241
3.155	0.38813	1.2826	0.056651	0	0	0	0	0	-0.0068744
3.16	0.38821	1.2827	0.056822	0	0	0	0	0	-0.0068132
3.165	0.3883	1.2829	0.056983	0	0	0	0	0	-0.0075952
3.17	0.3884	1.283	0.057131	0	0	0	0	0	-0.008355
3.175	0.3885	1.2831	0.057276	0	0	0	0	0	-0.0084399
3.18	0.38858	1.2832	0.057424	0	0	0	0	0	-0.0077772
3.185	0.38864	1.2834	0.057565	0	0	0	0	0	-0.0067516
3.19	0.3887	1.2835	0.057693	0	0	0	0	0	-0.0057953
3.195	0.38875	1.2836	0.057814	0	0	0	0	0	-0.0051762
3.2	0.3888	1.2837	0.057924	0	0	0	0	0	-0.004981
3.205	0.38886	1.2839	0.05802	0	0	0	0	0	-0.005071
3.21	0.38891	1.284	0.058114	0	0	0	0	0	-0.0051569
3.215	0.38895	1.2841	0.058206	0	0	0	0	0	-0.0050126
3.22	0.38899	1.2842	0.05829	0	0	0	0	0	-0.0045962
3.225	0.38902	1.2843	0.058368	0	0	0	0	0	-0.0040811
3.23	0.38904	1.2844	0.058441	0	0	0	0	0	-0.0038047
3.235	0.38908	1.2845	0.058502	0	0	0	0	0	-0.0040193
3.24	0.38912	1.2845	0.058555	0	0	0	0	0	-0.0046344
3.245	0.38916	1.2846	0.058611	0	0	0	0	0	-0.0052637
3.25	0.3892	1.2847	0.058672	0	0	0	0	0	-0.005498
3.255	0.38923	1.2847	0.05873	0	0	0	0	0	-0.0051669
3.26	0.38925	1.2848	0.058787	0	0	0	0	0	-0.0044848
3.265	0.38927	1.2848	0.05884	0	0	0	0	0	-0.0039445
3.27	0.38928	1.2848	0.058888	0	0	0	0	0	-0.003957
3.275	0.3893	1.2848	0.058935	0	0	0	0	0	-0.0045275
3.28	0.38933	1.2849	0.058978	0	0	0	0	0	-0.0052308
3.285	0.38936	1.2849	0.059016	0	0	0	0	0	-0.0055437
3.29	0.38939	1.2849	0.059045	0	0	0	0	0	-0.0053043
3.295	0.3894	1.2849	0.05907	0	0	0	0	0	-0.0048744
3.3	0.38941	1.2849	0.059091	0	0	0	0	0	-0.0048392
3.305	0.38943	1.2849	0.05911	0	0	0	0	0	-0.0055278
3.31	0.38945	1.2849	0.059126	0	0	0	0	0	-0.0067695
3.315	0.38949	1.2848	0.059136	0	0	0	0	0	-0.0080661
3.32	0.38953	1.2848	0.05914	0	0	0	0	0	-0.0090049
3.325	0.38957	1.2848	0.059143	0	0	0	0	0	-0.0095006
3.33	0.38961	1.2847	0.059142	0	0	0	0	0	-0.0097063
3.335	0.38965	1.2847	0.059138	0	0	0	0	0	-0.0098459
3.34	0.3897	1.2846	0.059131	0	0	0	0	0	-0.010105
3.345	0.38976	1.2845	0.05912	0	0	0	0	0	-0.010542
3.35	0.38982	1.2845	0.059105	0	0	0	0	0	-0.011133
3.355	0.38988	1.2844	0.05909	0	0	0	0	0	-0.011899
3.36	0.38996	1.2843	0.05907	0	0	0	0	0	-0.012856
3.365	0.39005	1.2842	0.059046	0	0	0	0	0	-0.013888
3.37	0.39014	1.2841	0.059018	0	0	0	0	0	-0.014811
3.375	0.39025	1.284	0.058985	0	0	0	0	0	-0.015507
3.38	0.39036	1.2839	0.058954	0	0	0	0	0	-0.015982
3.385	0.39047	1.2838	0.058923	0	0	0	0	0	-0.016359
3.39	0.39059	1.2838	0.058893	0	0	0	0	0	-0.01676
3.395	0.39071	1.2837	0.058861	0	0	0	0	0	-0.01718
3.4	0.39084	1.2836	0.058828	0	0	0	0	0	-0.017506
3.405	0.39097	1.2836	0.058794	0	0	0	0	0	-0.017641
3.41	0.3911	1.2835	0.058762	0	0	0	0	0	-0.017629
3.415	0.39123	1.2835	0.058731	0	0	0	0	0	-0.017673
3.42	0.39136	1.2834	0.058697	0	0	0	0	0	-0.018012
3.425	0.3915	1.2834	0.058661	0	0	0	0	0	-0.018782
3.43	0.39165	1.2833	0.058624	0	0	0	0	0	-0.019953
3.435	0.39182	1.2833	0.058584	0	0	0	0	0	-0.021318
3.44	0.39201	1.2833	0.05854	0	0	0	0	0	-0.022564
3.445	0.39219	1.2833	0.058499	0	0	0	0	0	-0.023482
3.45	0.39238	1.2833	0.058461	0	0	0	0	0	-0.024036
3.455	0.39258	1.2833	0.058426	0	0	0	0	0	-0.024253
3.46	0.39277	1.2833	0.058399	0	0	0	0	0	-0.024229
3.465	0.39295	1.2834	0.058376	0	0	0	0	0	-0.024196
3.47	0.39314	1.2834	0.058353	0	0	0	0	0	-0.024369
3.475	0.39333	1.2834	0.058327	0	0	0	0	0	-0.024808
3.48	0.39353	1.2834	0.058298	0	0	0	0	0	-0.025508
3.485	0.39372	1.2834	0.058264	0	0	0	0	0	-0.026533
3.49	0.39393	1.2835	0.058227	0	0	0	0	0	-0.02798
3.495	0.39415	1.2835	0.058185	0	0	0	0	0	-0.029844
3.5	0.39439	1.2835	0.058135	0	0	0	0	0	-0.031971
3.505	0.39465	1.2835	0.058077	0	0	0	0	0	-0.034106
3.51	0.39493	1.2835	0.058014	0	0	0	0	0	-0.035972
3.515	0.39521	1.2835	0.05795	0	0	0	0	0	-0.037249
3.52	0.39548	1.2835	0.057884	0	0	0	0	0	-0.037318
3.525	0.39573	1.2835	0.057816	0	0	0	0	0	-0.034856
3.53	0.39599	1.2835	0.057746	0	0	0	0	0	-0.028134
3.535	0.3963	1.2836	0.057666	0	0	0	0	0	-0.018414
3.54	0.39608	1.2835	0.057626	0	0	0	0	0	-0.012764
3.545	0.39633	1.2836	0.057559	0	0	0	0	0	-0.016927
3.55	0.3966	1.2836	0.057491	0	0	0	0	0	-0.02706
3.555	0.39689	1.2836	0.05742	0	0	0	0	0	-0.035452
3.56	0.39718	1.2836	0.057346	0	0	0	0	0	-0.03921
3.565	0.39749	1.2836	0.057276	0	0	0	0	0	-0.039579
3.57	0.39777	1.2837	0.057212	0	0	0	0	0	-0.038444
3.575	0.39804	1.2837	0.057152	0	0	0	0	0	-0.037169
3.58	0.3983	1.2837	0.057089	0	0	0	0	0	-0.03639
3.585	0.39857	1.2837	0.057015	0	0	0	0	0	-0.035997
3.59	0.39884	1.2838	0.056938	0	0	0	0	0	-0.035627
3.595	0.39909	1.2838	0.056867	0	0	0	0	0	-0.035329
3.6	0.39936	1.2838	0.056799	0	0	0	0	0	-0.035511
3.605	0.39963	1.2839	0.056725	0	0	0	0	0	-0.036378
3.61	0.39992	1.2839	0.056647	0	0	0	0	0	-0.037677
3.615	0.40021	1.2839	0.056566	0	0	0	0	0	-0.038838
3.62	0.40051	1.284	0.056487	0	0	0	0	0	-0.039274
3.625	0.4008	1.284	0.056414	0	0	0	0	0	-0.038758
3.63	0.40107	1.284	0.056341	0	0	0	0	0	-0.037635
3.635	0.40133	1.2841	0.056269	0	0	0	0	0	-0.036556
3.64	0.40159	1.2841	0.056202	0	0	0	0	0	-0.036077
3.645	0.40184	1.2841	0.056139	0	0	0	0	0	-0.036514
3.65	0.40211	1.2841	0.056076	0	0	0	0	0	-0.037872
3.655	0.4024	1.2841	0.056013	0	0	0	0	0	-0.039814
3.66	0.4027	1.2842	0.055946	0	0	0	0	0	-0.041819
3.665	0.40303	1.2842	0.055877	0	0	0	0	0	-0.043331
3.67	0.40335	1.2842	0.055814	0	0	0	0	0	-0.043969
3.675	0.40367	1.2842	0.055761	0	0	0	0	0	-0.043886
3.68	0.40397	1.2842	0.055715	0	0	0	0	0	-0.043772
3.685	0.40427	1.2842	0.055668	0	0	0	0	0	-0.044362
3.69	0.40459	1.2842	0.055616	0	0	0	0	0	-0.045896
3.695	0.40492	1.2841	0.055563	0	0	0	0	0	-0.047932
3.7	0.40526	1.2841	0.055512	0	0	0	0	0	-0.049673
3.705	0.40561	1.2841	0.05546	0	0	0	0	0	-0.050549
3.71	0.40595	1.2841	0.055408	0	0	0	0	0	-0.050563
3.715	0.40629	1.284	0.055356	0	0	0	0	0	-0.050278
3.72	0.40661	1.284	0.055305	0	0	0	0	0	-0.050531
3.725	0.40695	1.2839	0.055259	0	0	0	0	0	-0.051709
3.73	0.40731	1.2839	0.055213	0	0	0	0	0	-0.053169
3.735	0.40768	1.2838	0.055167	0	0	0	0	0	-0.053778
3.74	0.40804	1.2838	0.055124	0	0	0	0	0	-0.053204
3.745	0.40839	1.2837	0.055084	0	0	0	0	0	-0.052625
3.75	0.40874	1.2837	0.055045	0	0	0	0	0	-0.054231
3.755	0.40909	1.2836	0.055009	0	0	0	0	0	-0.05967
3.76	0.40945	1.2835	0.054969	0	0	0	0	0	-0.067227
3.765	0.41017	1.2835	0.0549	0	0	0	0	0	-0.071105
3.77	0.41051	1.2834	0.054848	0	0	0	0	0	-0.067719
3.775	0.41089	1.2834	0.054789	0	0	0	0	0	-0.060726
3.78	0.41125	1.2833	0.05473	0	0	0	0	0	-0.055586
3.785	0.41161	1.2832	0.054668	0	0	0	0	0	-0.053587
3.79	0.41199	1.2832	0.054599	0	0	0	0	0	-0.053175
3.795	0.41234	1.2831	0.054531	0	0	0	0	0	-0.053121
3.8	0.41268	1.283	0.054457	0	0	0	0	0	-0.053353
3.805	0.41305	1.283	0.054376	0	0	0	0	0	-0.054048
3.81	0.41341	1.2829	0.05429	0	0	0	0	0	-0.05501
3.815	0.41377	1.2828	0.054199	0	0	0	0	0	-0.055877
3.82	0.41416	1.2828	0.054103	0	0	0	0	0	-0.05629
3.825	0.41452	1.2827	0.054006	0	0	0	0	0	-0.056204
3.83	0.41488	1.2826	0.053904	0	0	0	0	0	-0.056023
3.835	0.41527	1.2826	0.053799	0	0	0	0	0	-0.056149
3.84	0.41561	1.2825	0.053692	0	0	0	0	0	-0.056768
3.845	0.41596	1.2825	0.053583	0	0	0	0	0	-0.057434
3.85	0.41637	1.2824	0.053465	0	0	0	0	0	-0.05621
3.855	0.41673	1.2824	0.053354	0	0	0	0	0	-0.05074
3.86	0.41714	1.2823	0.053233	0	0	0	0	0	-0.042324
3.865	0.41708	1.2822	0.053138	0	0	0	0	0	-0.0376
3.87	0.41746	1.2821	0.053019	0	0	0	0	0	-0.041319
3.875	0.41784	1.2821	0.052903	0	0	0	0	0	-0.049731
3.88	0.41821	1.282	0.052785	0	0	0	0	0	-0.056292
3.885	0.41859	1.282	0.052662	0	0	0	0	0	-0.058791
3.89	0.41898	1.2819	0.052542	0	0	0	0	0	-0.058418
3.895	0.41934	1.2818	0.052423	0	0	0	0	0	-0.057146
3.9	0.4197	1.2817	0.052302	0	0	0	0	0	-0.056636
3.905	0.42007	1.2816	0.052182	0	0	0	0	0	-0.057302
3.91	0.42047	1.2815	0.052061	0	0	0	0	0	-0.058224
3.915	0.42087	1.2815	0.051942	0	0	0	0	0	-0.058388
3.92	0.42124	1.2814	0.051826	0	0	0	0	0	-0.057903
3.925	0.4216	1.2813	0.051708	0	0	0	0	0	-0.057758
3.93	0.42198	1.2812	0.05159	0	0	0	0	0	-0.058421
3.935	0.42238	1.2811	0.051474	0	0	0	0	0	-0.059092
3.94	0.42277	1.281	0.051361	0	0	0	0	0	-0.058679
3.945	0.42313	1.2809	0.051254	0	0	0	0	0	-0.057154
3.95	0.42348	1.2809	0.051149	0	0	0	0	0	-0.055426
3.955	0.42383	1.2808	0.051041	0	0	0	0	0	-0.054079
3.96	0.42418	1.2807	0.050932	0	0	0	0	0	-0.052812
3.965	0.42452	1.2806	0.050826	0	0	0	0	0	-0.051175
3.97	0.42484	1.2806	0.050727	0	0	0	0	0	-0.049517
3.975	0.42514	1.2805	0.05063	0	0	0	0	0	-0.048854
3.98	0.42546	1.2805	0.050535	0	0	0	0	0	-0.049705
3.985	0.4258	1.2804	0.050438	0	0	0	0	0	-0.051362
3.99	0.42616	1.2804	0.05034	0	0	0	0	0	-0.052569
3.995	0.42651	1.2803	0.050243	0	0	0	0	0	-0.052748
4	0.42685	1.2803	0.050147	0	0	0	0	0	-0.05227
4.005	0.4272	1.2802	0.050053	0	0	0	0	0	-0.051698
4.01	0.42753	1.2802	0.049966	0	0	0	0	0	-0.051144
4.015	0.42787	1.2801	0.049889	0	0	0	0	0	-0.050429
4.02	0.42819	1.2801	0.049812	0	0	0	0	0	-0.049567
4.025	0.4285	1.28	0.049736	0	0	0	0	0	-0.048886
4.03	0.42882	1.28	0.049658	0	0	0	0	0	-0.048692
4.035	0.42913	1.28	0.049578	0	0	0	0	0	-0.04891
4.04	0.42947	1.2799	0.049493	0	0	0	0	0	-0.049069
4.045	0.4298	1.2798	0.049407	0	0	0	0	0	-0.048729
4.05	0.43012	1.2798	0.049321	0	0	0	0	0	-0.047975
4.055	0.43043	1.2797	0.04924	0	0	0	0	0	-0.047238
4.06	0.43074	1.2797	0.049161	0	0	0	0	0	-0.046662
4.065	0.43105	1.2796	0.049088	0	0	0	0	0	-0.046068
4.07	0.43134	1.2795	0.049018	0	0	0	0	0	-0.045522
4.075	0.43164	1.2795	0.048952	0	0	0	0	0	-0.04548
4.08	0.43193	1.2794	0.048884	0	0	0	0	0	-0.046157
4.085	0.43226	1.2793	0.048812	0	0	0	0	0	-0.046971
4.09	0.43259	1.2792	0.048735	0	0	0	0	0	-0.047056
4.095	0.43289	1.2792	0.048665	0	0	0	0	0	-0.046316
4.1	0.43319	1.2791	0.048607	0	0	0	0	0	-0.045354
4.105	0.43349	1.279	0.048549	0	0	0	0	0	-0.044523
4.11	0.43378	1.2789	0.048494	0	0	0	0	0	-0.043837
4.115	0.43406	1.2789	0.048441	0	0	0	0	0	-0.04351
4.12	0.43434	1.2788	0.04839	0	0	0	0	0	-0.043727
4.125	0.43465	1.2787	0.048333	0	0	0	0	0	-0.044072
4.13	0.43496	1.2786	0.048272	0	0	0	0	0	-0.043839
4.135	0.43524	1.2785	0.048221	0	0	0	0	0	-0.042832
4.14	0.43552	1.2785	0.048179	0	0	0	0	0	-0.0414
4.145	0.43579	1.2784	0.048144	0	0	0	0	0	-0.040015
4.15	0.43604	1.2784	0.048112	0	0	0	0	0	-0.039249
4.155	0.43629	1.2783	0.048079	0	0	0	0	0	-0.039444
4.16	0.43658	1.2783	0.048042	0	0	0	0	0	-0.040053
4.165	0.43687	1.2783	0.047999	0	0	0	0	0	-0.040038
4.17	0.43714	1.2782	0.047964	0	0	0	0	0	-0.038929
4.175	0.43739	1.2782	0.047945	0	0	0	0	0	-0.037032
4.18	0.43762	1.2782	0.047931	0	0	0	0	0	-0.035038
4.185	0.43784	1.2782	0.047919	0	0	0	0	0	-0.033699
4.19	0.43806	1.2782	0.047909	0	0	0	0	0	-0.033303
4.195	0.4383	1.2782	0.047894	0	0	0	0	0	-0.033291
4.2	0.43854	1.2782	0.047876	0	0	0	0	0	-0.032793
4.205	0.43876	1.2782	0.047867	0	0	0	0	0	-0.031572
4.21	0.43896	1.2782	0.047865	0	0	0	0	0	-0.030063
4.215	0.43916	1.2782	0.047869	0	0	0	0	0	-0.0287
4.22	0.43933	1.2781	0.047875	0	0	0	0	0	-0.027758
4.225	0.43951	1.2781	0.047882	0	0	0	0	0	-0.027428
4.23	0.4397	1.2781	0.047883	0	0	0	0	0	-0.027413
4.235	0.43991	1.2781	0.047878	0	0	0	0	0	-0.026903
4.24	0.44009	1.2781	0.047883	0	0	0	0	0	-0.025515
4.245	0.44025	1.278	0.047899	0	0	0	0	0	-0.023866
4.25	0.4404	1.278	0.047925	0	0	0	0	0	-0.022908
4.255	0.44056	1.278	0.047956	0	0	0	0	0	-0.023201
4.26	0.44071	1.2779	0.047991	0	0	0	0	0	-0.024758
4.265	0.44089	1.2779	0.048026	0	0	0	0	0	-0.026868
4.27	0.44112	1.2778	0.048058	0	0	0	0	0	-0.028194
4.275	0.44132	1.2778	0.048096	0	0	0	0	0	-0.027847
4.28	0.44149	1.2777	0.048148	0	0	0	0	0	-0.026289
4.285	0.44164	1.2777	0.048208	0	0	0	0	0	-0.024515
4.29	0.44182	1.2776	0.04827	0	0	0	0	0	-0.02284
4.295	0.44195	1.2776	0.04833	0	0	0	0	0	-0.021237
4.3	0.44208	1.2775	0.048388	0	0	0	0	0	-0.020093
4.305	0.44222	1.2775	0.048446	0	0	0	0	0	-0.019823
4.31	0.44237	1.2774	0.048504	0	0	0	0	0	-0.020309
4.315	0.44252	1.2774	0.048565	0	0	0	0	0	-0.021154
4.32	0.44266	1.2773	0.048628	0	0	0	0	0	-0.021942
4.325	0.44282	1.2773	0.048693	0	0	0	0	0	-0.022058
4.33	0.44297	1.2772	0.048767	0	0	0	0	0	-0.020803
4.335	0.44309	1.2772	0.048846	0	0	0	0	0	-0.018101
4.34	0.44319	1.2771	0.048923	0	0	0	0	0	-0.014863
4.345	0.44327	1.2771	0.049002	0	0	0	0	0	-0.012444
4.35	0.44334	1.277	0.049087	0	0	0	0	0	-0.011774
4.355	0.44342	1.277	0.049179	0	0	0	0	0	-0.012839
4.36	0.44352	1.2769	0.049268	0	0	0	0	0	-0.014629
4.365	0.44365	1.2769	0.049358	0	0	0	0	0	-0.015625
4.37	0.44378	1.2769	0.049445	0	0	0	0	0	-0.014936
4.375	0.44387	1.2768	0.049526	0	0	0	0	0	-0.013351
4.38	0.44393	1.2768	0.049615	0	0	0	0	0	-0.012635
4.385	0.44404	1.2768	0.04971	0	0	0	0	0	-0.013245
4.39	0.44417	1.2767	0.049812	0	0	0	0	0	-0.013604
4.395	0.44427	1.2767	0.049923	0	0	0	0	0	-0.012206
4.4	0.44433	1.2767	0.050037	0	0	0	0	0	-0.0095217
4.405	0.44436	1.2767	0.050154	0	0	0	0	0	-0.0072444
4.41	0.44442	1.2766	0.050274	0	0	0	0	0	-0.0061707
4.415	0.44449	1.2766	0.050401	0	0	0	0	0	-0.0054804
4.42	0.44453	1.2766	0.050531	0	0	0	0	0	-0.0042272
4.425	0.44454	1.2766	0.050664	0	0	0	0	0	-0.0026564
4.43	0.44456	1.2766	0.050809	0	0	0	0	0	-0.0013382
4.435	0.4446	1.2766	0.050974	0	0	0	0	0	0.0001099
4.44	0.4446	1.2766	0.051164	0	0	0	0	0	0.0023871
4.445	0.44458	1.2766	0.051356	0	0	0	0	0	0.0052318
4.45	0.44454	1.2766	0.051561	0	0	0	0	0	0.0076795
4.455	0.4445	1.2766	0.051776	0	0	0	0	0	0.009132
4.46	0.44445	1.2767	0.051997	0	0	0	0	0	0.0097595
4.465	0.44443	1.2766	0.052231	0	0	0	0	0	0.010298
4.47	0.44438	1.2766	0.052482	0	0	0	0	0	0.011321
4.475	0.44431	1.2767	0.052753	0	0	0	0	0	0.012485
4.48	0.44425	1.2766	0.053035	0	0	0	0	0	0.013004
4.485	0.4442	1.2766	0.053311	0	0	0	0	0	0.012689
4.49	0.44415	1.2766	0.053606	0	0	0	0	0	0.012232
4.495	0.44409	1.2766	0.053903	0	0	0	0	0	0.012768
4.5	0.44408	1.2766	0.054208	0	0	0	0	0	0.014881
4.505	0.44396	1.2766	0.054546	0	0	0	0	0	0.017618
4.51	0.44385	1.2765	0.054876	0	0	0	0	0	0.019428
4.515	0.44379	1.2765	0.055199	0	0	0	0	0	0.020267
4.52	0.44368	1.2765	0.055575	0	0	0	0	0	0.021364
4.525	0.44359	1.2765	0.055952	0	0	0	0	0	0.023259
4.53	0.44346	1.2765	0.05632	0	0	0	0	0	0.025062
4.535	0.4433	1.2765	0.056722	0	0	0	0	0	0.025303
4.54	0.4432	1.2765	0.057128	0	0	0	0	0	0.023734
4.545	0.4431	1.2764	0.057538	0	0	0	0	0	0.022521
4.55	0.44306	1.2764	0.057935	0	0	0	0	0	0.024553
4.555	0.44288	1.2764	0.058365	0	0	0	0	0	0.02979
4.56	0.44267	1.2764	0.058798	0	0	0	0	0	0.034474
4.565	0.44243	1.2764	0.059242	0	0	0	0	0	0.0352
4.57	0.4423	1.2764	0.059681	0	0	0	0	0	0.032726
4.575	0.44219	1.2764	0.060159	0	0	0	0	0	0.030698
4.58	0.44203	1.2764	0.060608	0	0	0	0	0	0.03149
4.585	0.44185	1.2764	0.061073	0	0	0	0	0	0.034307
4.59	0.44162	1.2764	0.061574	0	0	0	0	0	0.036915
4.595	0.44143	1.2764	0.062044	0	0	0	0	0	0.038239
4.6	0.44123	1.2764	0.062553	0	0	0	0	0	0.03898
4.605	0.44103	1.2764	0.063064	0	0	0	0	0	0.040102
4.61	0.44079	1.2764	0.063574	0	0	0	0	0	0.041623
4.615	0.44056	1.2764	0.064093	0	0	0	0	0	0.043017
4.62	0.44032	1.2764	0.064627	0	0	0	0	0	0.043898
4.625	0.44006	1.2764	0.065169	0	0	0	0	0	0.044267
4.63	0.43983	1.2764	0.065706	0	0	0	0	0	0.04454
4.635	0.43958	1.2764	0.066268	0	0	0	0	0	0.045154
4.64	0.43932	1.2763	0.066818	0	0	0	0	0	0.046058
4.645	0.43904	1.2763	0.067372	0	0	0	0	0	0.046856
4.65	0.43879	1.2763	0.067961	0	0	0	0	0	0.047382
4.655	0.43852	1.2762	0.068525	0	0	0	0	0	0.04762
4.66	0.43821	1.2762	0.069109	0	0	0	0	0	0.047482
4.665	0.43798	1.2761	0.06969	0	0	0	0	0	0.047497
4.67	0.43772	1.276	0.070275	0	0	0	0	0	0.048526
4.675	0.43738	1.276	0.070867	0	0	0	0	0	0.05028
4.68	0.43709	1.2759	0.071458	0	0	0	0	0	0.05185
4.685	0.4368	1.2758	0.072066	0	0	0	0	0	0.053122
4.69	0.43646	1.2758	0.072656	0	0	0	0	0	0.054085
4.695	0.43612	1.2757	0.073277	0	0	0	0	0	0.054318
4.7	0.43583	1.2756	0.073893	0	0	0	0	0	0.054134
4.705	0.4355	1.2755	0.074519	0	0	0	0	0	0.054565
4.71	0.43517	1.2754	0.075125	0	0	0	0	0	0.056003
4.715	0.43482	1.2753	0.075763	0	0	0	0	0	0.057827
4.72	0.43447	1.2752	0.076385	0	0	0	0	0	0.058992
4.725	0.43407	1.2751	0.077007	0	0	0	0	0	0.058743
4.73	0.43374	1.275	0.077637	0	0	0	0	0	0.057527
4.735	0.43342	1.2749	0.078293	0	0	0	0	0	0.057071
4.74	0.43309	1.2748	0.078923	0	0	0	0	0	0.058596
4.745	0.43267	1.2747	0.079556	0	0	0	0	0	0.061297
4.75	0.43231	1.2746	0.080187	0	0	0	0	0	0.063342
4.755	0.43188	1.2745	0.080848	0	0	0	0	0	0.06393
4.76	0.43153	1.2744	0.08149	0	0	0	0	0	0.063997
4.765	0.43113	1.2743	0.08213	0	0	0	0	0	0.064929
4.77	0.43072	1.2742	0.082771	0	0	0	0	0	0.066528
4.775	0.43034	1.2741	0.083417	0	0	0	0	0	0.06648
4.78	0.42988	1.274	0.084051	0	0	0	0	0	0.061834
4.785	0.42951	1.2739	0.084669	0	0	0	0	0	0.052167
4.79	0.42936	1.2738	0.085321	0	0	0	0	0	0.041898
4.795	0.42916	1.2736	0.08596	0	0	0	0	0	0.036692
4.8	0.42889	1.2735	0.086572	0	0	0	0	0	0.037599
4.805	0.42859	1.2734	0.087169	0	0	0	0	0	0.041827
4.81	0.42832	1.2733	0.087753	0	0	0	0	0	0.047769
4.815	0.42802	1.2732	0.088324	0	0	0	0	0	0.056093
4.82	0.42769	1.2731	0.088876	0	0	0	0	0	0.065539
4.825	0.42697	1.273	0.089383	0	0	0	0	0	0.070774
4.83	0.42667	1.2729	0.089917	0	0	0	0	0	0.068868
4.835	0.42631	1.2728	0.090444	0	0	0	0	0	0.063981
4.84	0.4259	1.2727	0.090944	0	0	0	0	0	0.061073
4.845	0.42551	1.2725	0.091444	0	0	0	0	0	0.061136
4.85	0.42513	1.2724	0.091933	0	0	0	0	0	0.063881
4.855	0.42471	1.2723	0.092414	0	0	0	0	0	0.068739
4.86	0.42422	1.2722	0.0929	0	0	0	0	0	0.073635
4.865	0.42371	1.2721	0.093386	0	0	0	0	0	0.076443
4.87	0.42324	1.272	0.093863	0	0	0	0	0	0.077601
4.875	0.42278	1.2719	0.094338	0	0	0	0	0	0.079655
4.88	0.42224	1.2718	0.094805	0	0	0	0	0	0.084088
4.885	0.42168	1.2717	0.095277	0	0	0	0	0	0.089731
4.89	0.42107	1.2716	0.095768	0	0	0	0	0	0.093955
4.895	0.4204	1.2715	0.09627	0	0	0	0	0	0.095112
4.9	0.41986	1.2715	0.096779	0	0	0	0	0	0.094804
4.905	0.41929	1.2714	0.097295	0	0	0	0	0	0.096905
4.91	0.41863	1.2713	0.097812	0	0	0	0	0	0.10329
4.915	0.41792	1.2713	0.098347	0	0	0	0	0	0.11204
4.92	0.41715	1.2712	0.098896	0	0	0	0	0	0.11969
4.925	0.41634	1.2712	0.099455	0	0	0	0	0	0.12377
4.93	0.41556	1.2711	0.10003	0	0	0	0	0	0.1242
4.935	0.41481	1.2711	0.10063	0	0	0	0	0	0.12309
4.94	0.41404	1.2711	0.10126	0	0	0	0	0	0.12291
4.945	0.41325	1.271	0.1019	0	0	0	0	0	0.12507
4.95	0.41245	1.271	0.10256	0	0	0	0	0	0.12987
4.955	0.4116	1.271	0.10324	0	0	0	0	0	0.13676
4.96	0.41066	1.2711	0.10395	0	0	0	0	0	0.14451
4.965	0.40974	1.2711	0.10469	0	0	0	0	0	0.15205
4.97	0.40874	1.2711	0.10545	0	0	0	0	0	0.15859
4.975	0.40771	1.2711	0.10623	0	0	0	0	0	0.16283
4.98	0.40671	1.2712	0.10705	0	0	0	0	0	0.16262
4.985	0.40567	1.2712	0.10787	0	0	0	0	0	0.15556
4.99	0.40477	1.2712	0.1085	0	0	0	0	0	0.14071
4.995	0.40401	1.2712	0.10898	0	0	0	0	0	0.12054
