0.005	-0.46176	-0.22401	5	1	0	0	0	1	0	0	0	1
0.01	-0.46178	-0.22401	5	1	0	0	0	1	0	0	0	1
0.015	-0.46179	-0.22401	5	1	0	0	0	1	0	0	0	1
0.02	-0.4618	-0.22401	5	1	0	0	0	1	0	0	0	1
0.025	-0.46182	-0.22401	5	1	0	0	0	1	0	0	0	1
0.03	-0.46185	-0.22401	5	1	0	0	0	1	0	0	0	1
0.035	-0.46187	-0.22401	5	1	0	0	0	1	0	0	0	1
0.04	-0.46191	-0.22401	5	1	0	0	0	1	0	0	0	1
0.045	-0.46194	-0.22401	5	1	0	0	0	1	0	0	0	1
0.05	-0.46196	-0.22401	5	1	0	0	0	1	0	0	0	1
0.055	-0.462	-0.22401	5	1	0	0	0	1	0	0	0	1
0.06	-0.46204	-0.22401	5	1	0	0	0	1	0	0	0	1
0.065	-0.46208	-0.22401	5	1	0	0	0	1	0	0	0	1
0.07	-0.46213	-0.22401	5	1	0	0	0	1	0	0	0	1
0.075	-0.46218	-0.22401	5	1	0	0	0	1	0	0	0	1
0.08	-0.46223	-0.22401	5	1	0	0	0	1	0	0	0	1
0.085	-0.46227	-0.22401	5	1	0	0	0	1	0	0	0	1
0.09	-0.46231	-0.22401	5	1	0	0	0	1	0	0	0	1
0.095	-0.46237	-0.22401	5	1	0	0	0	1	0	0	0	1
0.1	-0.46241	-0.22401	5	1	0	0	0	1	0	0	0	1
0.105	-0.46245	-0.22401	5	1	0	0	0	1	0	0	0	1
0.11	-0.4625	-0.22401	5	1	0	0	0	1	0	0	0	1
0.115	-0.46255	-0.22401	5	1	0	0	0	1	0	0	0	1
0.12	-0.46259	-0.22401	5	1	0	0	0	1	0	0	0	1
0.125	-0.46264	-0.22401	5	1	0	0	0	1	0	0	0	1
0.13	-0.46268	-0.22401	5	1	0	0	0	1	0	0	0	1
0.135	-0.46271	-0.22401	5	1	0	0	0	1	0	0	0	1
0.14	-0.46275	-0.22401	5	1	0	0	0	1	0	0	0	1
0.145	-0.4628	-0.22401	5	1	0	0	0	1	0	0	0	1
0.15	-0.46285	-0.22401	5	1	0	0	0	1	0	0	0	1
0.155	-0.4629	-0.22401	5	1	0	0	0	1	0	0	0	1
0.16	-0.46295	-0.22401	5	1	0	0	0	1	0	0	0	1
0.165	-0.46299	-0.22401	5	1	0	0	0	1	0	0	0	1
0.17	-0.46304	-0.22401	5	1	0	0	0	1	0	0	0	1
0.175	-0.4631	-0.22401	5	1	0	0	0	1	0	0	0	1
0.18	-0.46315	-0.22401	5	1	0	0	0	1	0	0	0	1
0.185	-0.4632	-0.22401	5	1	0	0	0	1	0	0	0	1
0.19	-0.46326	-0.22401	5	1	0	0	0	1	0	0	0	1
0.195	-0.46331	-0.22401	5	1	0	0	0	1	0	0	0	1
0.2	-0.46336	-0.22401	5	1	0	0	0	1	0	0	0	1
0.205	-0.4634	-0.22401	5	1	0	0	0	1	0	0	0	1
0.21	-0.46345	-0.22401	5	1	0	0	0	1	0	0	0	1
0.215	-0.4635	-0.22401	5	1	0	0	0	1	0	0	0	1
0.22	-0.46354	-0.22401	5	1	0	0	0	1	0	0	0	1
0.225	-0.46358	-0.22401	5	1	0	0	0	1	0	0	0	1
0.23	-0.46362	-0.22401	5	1	0	0	0	1	0	0	0	1
0.235	-0.46366	-0.22401	5	1	0	0	0	1	0	0	0	1
0.24	-0.46371	-0.22401	5	1	0	0	0	1	0	0	0	1
0.245	-0.46375	-0.22401	5	1	0	0	0	1	0	0	0	1
0.25	-0.46379	-0.22401	5	1	0	0	0	1	0	0	0	1
0.255	-0.46382	-0.22401	5	1	0	0	0	1	0	0	0	1
0.26	-0.46386	-0.22401	5	1	0	0	0	1	0	0	0	1
0.265	-0.4639	-0.22401	5	1	0	0	0	1	0	0	0	1
0.27	-0.46395	-0.22401	5	1	0	0	0	1	0	0	0	1
0.275	-0.46399	-0.22401	5	1	0	0	0	1	0	0	0	1
0.28	-0.46403	-0.22401	5	1	0	0	0	1	0	0	0	1
0.285	-0.46407	-0.22401	5	1	0	0	0	1	0	0	0	1
0.29	-0.46409	-0.22401	5	1	0	0	0	1	0	0	0	1
0.295	-0.46412	-0.22401	5	1	0	0	0	1	0	0	0	1
0.3	-0.46416	-0.22401	5	1	0	0	0	1	0	0	0	1
0.305	-0.4642	-0.22401	5	1	0	0	0	1	0	0	0	1
0.31	-0.46423	-0.22401	5	1	0	0	0	1	0	0	0	1
0.315	-0.46427	-0.22401	5	1	0	0	0	1	0	0	0	1
0.32	-0.4643	-0.22401	5	1	0	0	0	1	0	0	0	1
0.325	-0.46432	-0.22401	5	1	0	0	0	1	0	0	0	1
0.33	-0.46434	-0.22401	5	1	0	0	0	1	0	0	0	1
0.335	-0.46437	-0.22401	5	1	0	0	0	1	0	0	0	1
0.34	-0.46439	-0.22401	5	1	0	0	0	1	0	0	0	1
0.345	-0.46442	-0.22401	5	1	0	0	0	1	0	0	0	1
0.35	-0.46443	-0.22401	5	1	0	0	0	1	0	0	0	1
0.355	-0.46438	-0.22401	5	1	0	0	0	1	0	0	0	1
0.36	-0.46441	-0.22401	5	1	0	0	0	1	0	0	0	1
0.365	-0.46444	-0.22401	5	1	0	0	0	1	0	0	0	1
0.37	-0.46445	-0.22401	5	1	0	0	0	1	0	0	0	1
0.375	-0.46447	-0.22401	5	1	0	0	0	1	0	0	0	1
0.38	-0.46448	-0.22401	5	1	0	0	0	1	0	0	0	1
0.385	-0.46449	-0.22401	5	1	0	0	0	1	0	0	0	1
0.39	-0.46451	-0.22401	5	1	0	0	0	1	0	0	0	1
0.395	-0.46452	-0.22401	5	1	0	0	0	1	0	0	0	1
0.4	-0.46452	-0.22401	5	1	0	0	0	1	0	0	0	1
0.405	-0.46454	-0.22401	5	1	0	0	0	1	0	0	0	1
0.41	-0.46455	-0.22401	5	1	0	0	0	1	0	0	0	1
0.415	-0.46455	-0.22401	5	1	0	0	0	1	0	0	0	1
0.42	-0.46454	-0.22401	5	1	0	0	0	1	0	0	0	1
0.425	-0.46455	-0.22401	5	1	0	0	0	1	0	0	0	1
0.43	-0.46455	-0.22401	5	1	0	0	0	1	0	0	0	1
0.435	-0.46456	-0.22401	5	1	0	0	0	1	0	0	0	1
0.44	-0.46457	-0.22401	5	1	0	0	0	1	0	0	0	1
0.445	-0.46456	-0.22401	5	1	0	0	0	1	0	0	0	1
0.45	-0.46456	-0.22401	5	1	0	0	0	1	0	0	0	1
0.455	-0.46457	-0.22401	5	1	0	0	0	1	0	0	0	1
0.46	-0.46457	-0.22401	5	1	0	0	0	1	0	0	0	1
0.465	-0.46458	-0.22401	5	1	0	0	0	1	0	0	0	1
0.47	-0.46459	-0.22401	5	1	0	0	0	1	0	0	0	1
0.475	-0.46458	-0.22401	5	1	0	0	0	1	0	0	0	1
0.48	-0.46459	-0.22401	5	1	0	0	0	1	0	0	0	1
0.485	-0.46458	-0.22401	5	1	0	0	0	1	0	0	0	1
0.49	-0.46458	-0.22401	5	1	0	0	0	1	0	0	0	1
0.495	-0.46459	-0.22401	5	1	0	0	0	1	0	0	0	1
0.5	-0.46459	-0.22401	5	1	0	0	0	1	0	0	0	1
0.505	-0.46458	-0.22401	5	1	0	0	0	1	0	0	0	1
0.51	-0.46458	-0.22401	5	1	0	0	0	1	0	0	0	1
0.515	-0.46458	-0.22401	5	1	0	0	0	1	0	0	0	1
0.52	-0.46458	-0.22401	5	1	0	0	0	1	0	0	0	1
0.525	-0.46458	-0.22401	5	1	0	0	0	1	0	0	0	1
0.53	-0.46458	-0.22401	5	1	0	0	0	1	0	0	0	1
0.535	-0.46457	-0.22401	5	1	0	0	0	1	0	0	0	1
0.54	-0.46455	-0.22401	5	1	0	0	0	1	0	0	0	1
0.545	-0.46455	-0.22401	5	1	0	0	0	1	0	0	0	1
0.55	-0.46455	-0.22401	5	1	0	0	0	1	0	0	0	1
0.555	-0.46455	-0.22401	5	1	0	0	0	1	0	0	0	1
0.56	-0.46454	-0.22401	5	1	0	0	0	1	0	0	0	1
0.565	-0.46454	-0.22401	5	1	0	0	0	1	0	0	0	1
0.57	-0.46454	-0.22401	5	1	0	0	0	1	0	0	0	1
0.575	-0.46453	-0.22401	5	1	0	0	0	1	0	0	0	1
0.58	-0.46452	-0.22401	5	1	0	0	0	1	0	0	0	1
0.585	-0.46451	-0.22401	5	1	0	0	0	1	0	0	0	1
0.59	-0.46456	-0.22401	5	1	0	0	0	1	0	0	0	1
0.595	-0.46455	-0.22401	5	1	0	0	0	1	0	0	0	1
0.6	-0.46453	-0.22401	5	1	0	0	0	1	0	0	0	1
0.605	-0.46452	-0.22401	5	1	0	0	0	1	0	0	0	1
0.61	-0.4645	-0.22401	5	1	0	0	0	1	0	0	0	1
0.615	-0.46443	-0.22401	5	1	0	0	0	1	0	0	0	1
0.62	-0.4644	-0.22401	5	1	0	0	0	1	0	0	0	1
0.625	-0.46436	-0.22401	5	1	0	0	0	1	0	0	0	1
0.63	-0.46433	-0.22401	5	1	0	0	0	1	0	0	0	1
0.635	-0.46427	-0.22401	5	1	0	0	0	1	0	0	0	1
0.64	-0.46423	-0.22401	5	1	0	0	0	1	0	0	0	1
0.645	-0.4642	-0.22401	5	1	0	0	0	1	0	0	0	1
0.65	-0.46416	-0.22401	5	1	0	0	0	1	0	0	0	1
0.655	-0.46412	-0.22401	5	1	0	0	0	1	0	0	0	1
0.66	-0.46408	-0.22401	5	1	0	0	0	1	0	0	0	1
0.665	-0.46402	-0.22401	5	1	0	0	0	1	0	0	0	1
0.67	-0.46396	-0.22401	5	1	0	0	0	1	0	0	0	1
0.675	-0.4639	-0.22401	5	1	0	0	0	1	0	0	0	1
0.68	-0.46384	-0.22401	5	1	0	0	0	1	0	0	0	1
0.685	-0.46378	-0.22401	5	1	0	0	0	1	0	0	0	1
0.69	-0.46372	-0.22401	5	1	0	0	0	1	0	0	0	1
0.695	-0.46367	-0.22401	5	1	0	0	0	1	0	0	0	1
0.7	-0.46361	-0.22401	5	1	0	0	0	1	0	0	0	1
0.705	-0.46354	-0.22401	5	1	0	0	0	1	0	0	0	1
0.71	-0.46345	-0.22401	5	1	0	0	0	1	0	0	0	1
0.715	-0.46336	-0.22401	5	1	0	0	0	1	0	0	0	1
0.72	-0.46332	-0.22401	5	1	0	0	0	1	0	0	0	1
0.725	-0.46321	-0.22401	5	1	0	0	0	1	0	0	0	1
0.73	-0.46314	-0.22401	5	1	0	0	0	1	0	0	0	1
0.735	-0.46306	-0.22401	5	1	0	0	0	1	0	0	0	1
0.74	-0.46297	-0.22401	5	1	0	0	0	1	0	0	0	1
0.745	-0.46288	-0.22401	5	1	0	0	0	1	0	0	0	1
0.75	-0.46278	-0.22401	5	1	0	0	0	1	0	0	0	1
0.755	-0.46267	-0.22401	5	1	0	0	0	1	0	0	0	1
0.76	-0.46255	-0.22401	5	1	0	0	0	1	0	0	0	1
0.765	-0.46245	-0.22401	5	1	0	0	0	1	0	0	0	1
0.77	-0.46233	-0.22401	5	1	0	0	0	1	0	0	0	1
0.775	-0.46224	-0.22401	5	1	0	0	0	1	0	0	0	1
0.78	-0.46212	-0.22401	5	1	0	0	0	1	0	0	0	1
0.785	-0.46201	-0.22401	5	1	0	0	0	1	0	0	0	1
0.79	-0.4619	-0.22401	5	1	0	0	0	1	0	0	0	1
0.795	-0.46177	-0.22401	5	1	0	0	0	1	0	0	0	1
0.8	-0.46164	-0.22401	5	1	0	0	0	1	0	0	0	1
0.805	-0.4615	-0.22401	5	1	0	0	0	1	0	0	0	1
0.81	-0.46137	-0.22401	5	1	0	0	0	1	0	0	0	1
0.815	-0.46124	-0.22401	5	1	0	0	0	1	0	0	0	1
0.82	-0.46112	-0.22401	5	1	0	0	0	1	0	0	0	1
0.825	-0.46098	-0.22401	5	1	0	0	0	1	0	0	0	1
0.83	-0.46084	-0.22401	5	1	0	0	0	1	0	0	0	1
0.835	-0.46068	-0.22401	5	1	0	0	0	1	0	0	0	1
0.84	-0.46053	-0.22401	5	1	0	0	0	1	0	0	0	1
0.845	-0.46038	-0.22401	5	1	0	0	0	1	0	0	0	1
0.85	-0.46026	-0.22401	5	1	0	0	0	1	0	0	0	1
0.855	-0.46012	-0.22401	5	1	0	0	0	1	0	0	0	1
0.86	-0.45999	-0.22401	5	1	0	0	0	1	0	0	0	1
0.865	-0.45986	-0.22401	5	1	0	0	0	1	0	0	0	1
0.87	-0.45971	-0.22401	5	1	0	0	0	1	0	0	0	1
0.875	-0.45956	-0.22401	5	1	0	0	0	1	0	0	0	1
0.88	-0.45941	-0.22401	5	1	0	0	0	1	0	0	0	1
0.885	-0.45926	-0.22401	5	1	0	0	0	1	0	0	0	1
0.89	-0.45912	-0.22401	5	1	0	0	0	1	0	0	0	1
0.895	-0.45896	-0.22401	5	1	0	0	0	1	0	0	0	1
0.9	-0.45882	-0.22401	5	1	0	0	0	1	0	0	0	1
0.905	-0.45865	-0.22401	5	1	0	0	0	1	0	0	0	1
0.91	-0.4585	-0.22401	5	1	0	0	0	1	0	0	0	1
0.915	-0.45833	-0.22401	5	1	0	0	0	1	0	0	0	1
0.92	-0.45815	-0.22401	5	1	0	0	0	1	0	0	0	1
0.925	-0.45796	-0.22401	5	1	0	0	0	1	0	0	0	1
0.93	-0.45777	-0.22401	5	1	0	0	0	1	0	0	0	1
0.935	-0.45758	-0.22401	5	1	0	0	0	1	0	0	0	1
0.94	-0.45738	-0.22401	5	1	0	0	0	1	0	0	0	1
0.945	-0.45717	-0.22401	5	1	0	0	0	1	0	0	0	1
0.95	-0.45696	-0.22401	5	1	0	0	0	1	0	0	0	1
0.955	-0.45677	-0.22401	5	1	0	0	0	1	0	0	0	1
0.96	-0.45656	-0.22401	5	1	0	0	0	1	0	0	0	1
0.965	-0.45635	-0.22401	5	1	0	0	0	1	0	0	0	1
0.97	-0.45612	-0.22401	5	1	0	0	0	1	0	0	0	1
0.975	-0.45588	-0.22401	5	1	0	0	0	1	0	0	0	1
0.98	-0.45564	-0.22401	5	1	0	0	0	1	0	0	0	1
0.985	-0.45541	-0.22401	5	1	0	0	0	1	0	0	0	1
0.99	-0.45518	-0.22401	5	1	0	0	0	1	0	0	0	1
0.995	-0.45493	-0.22401	5	1	0	0	0	1	0	0	0	1
1	-0.45468	-0.22401	5	1	0	0	0	1	0	0	0	1
1.005	-0.45442	-0.22401	5	1	0	0	0	1	0	0	0	1
1.01	-0.45415	-0.22401	5	1	0	0	0	1	0	0	0	1
1.015	-0.45387	-0.22401	5	1	0	0	0	1	0	0	0	1
1.02	-0.4536	-0.22401	5	1	0	0	0	1	0	0	0	1
1.025	-0.45333	-0.22401	5	1	0	0	0	1	0	0	0	1
1.03	-0.45302	-0.22401	5	1	0	0	0	1	0	0	0	1
1.035	-0.45268	-0.22401	5	1	0	0	0	1	0	0	0	1
1.04	-0.4524	-0.22401	5	1	0	0	0	1	0	0	0	1
1.045	-0.45208	-0.22401	5	1	0	0	0	1	0	0	0	1
1.05	-0.45171	-0.22401	5	1	0	0	0	1	0	0	0	1
1.055	-0.45144	-0.22401	5	1	0	0	0	1	0	0	0	1
1.06	-0.45114	-0.22401	5	1	0	0	0	1	0	0	0	1
1.065	-0.45071	-0.22401	5	1	0	0	0	1	0	0	0	1
1.07	-0.45039	-0.22401	5	1	0	0	0	1	0	0	0	1
1.075	-0.45003	-0.22401	5	1	0	0	0	1	0	0	0	1
1.08	-0.44967	-0.22401	5	1	0	0	0	1	0	0	0	1
1.085	-0.44932	-0.22401	5	1	0	0	0	1	0	0	0	1
1.09	-0.44896	-0.22401	5	1	0	0	0	1	0	0	0	1
1.095	-0.44858	-0.22401	5	1	0	0	0	1	0	0	0	1
1.1	-0.44819	-0.22401	5	1	0	0	0	1	0	0	0	1
1.105	-0.44782	-0.22401	5	1	0	0	0	1	0	0	0	1
1.11	-0.44739	-0.22401	5	1	0	0	0	1	0	0	0	1
1.115	-0.44698	-0.22401	5	1	0	0	0	1	0	0	0	1
1.12	-0.44658	-0.22401	5	1	0	0	0	1	0	0	0	1
1.125	-0.44617	-0.22401	5	1	0	0	0	1	0	0	0	1
1.13	-0.44575	-0.22401	5	1	0	0	0	1	0	0	0	1
1.135	-0.44535	-0.22401	5	1	0	0	0	1	0	0	0	1
1.14	-0.44493	-0.22401	5	1	0	0	0	1	0	0	0	1
1.145	-0.4445	-0.22401	5	1	0	0	0	1	0	0	0	1
1.15	-0.44411	-0.22401	5	1	0	0	0	1	0	0	0	1
1.155	-0.44365	-0.22401	5	1	0	0	0	1	0	0	0	1
1.16	-0.44322	-0.22401	5	1	0	0	0	1	0	0	0	1
1.165	-0.44273	-0.22401	5	1	0	0	0	1	0	0	0	1
1.17	-0.44225	-0.22401	5	1	0	0	0	1	0	0	0	1
1.175	-0.44178	-0.22401	5	1	0	0	0	1	0	0	0	1
1.18	-0.44132	-0.22401	5	1	0	0	0	1	0	0	0	1
1.185	-0.44086	-0.22401	5	1	0	0	0	1	0	0	0	1
1.19	-0.44036	-0.22401	5	1	0	0	0	1	0	0	0	1
1.195	-0.43988	-0.22401	5	1	0	0	0	1	0	0	0	1
1.2	-0.43942	-0.22401	5	1	0	0	0	1	0	0	0	1
1.205	-0.43889	-0.22401	5	1	0	0	0	1	0	0	0	1
1.21	-0.43837	-0.22401	5	1	0	0	0	1	0	0	0	1
1.215	-0.43781	-0.22401	5	1	0	0	0	1	0	0	0	1
1.22	-0.43726	-0.22401	5	1	0	0	0	1	0	0	0	1
1.225	-0.43675	-0.22401	5	1	0	0	0	1	0	0	0	1
1.23	-0.43621	-0.22401	5	1	0	0	0	1	0	0	0	1
1.235	-0.43568	-0.22401	5	1	0	0	0	1	0	0	0	1
1.24	-0.43512	-0.22401	5	1	0	0	0	1	0	0	0	1
1.245	-0.43455	-0.22401	5	1	0	0	0	1	0	0	0	1
1.25	-0.43395	-0.22401	5	1	0	0	0	1	0	0	0	1
1.255	-0.43334	-0.22401	5	1	0	0	0	1	0	0	0	1
1.26	-0.43277	-0.22401	5	1	0	0	0	1	0	0	0	1
1.265	-0.4322	-0.22401	5	1	0	0	0	1	0	0	0	1
1.27	-0.4316	-0.22401	5	1	0	0	0	1	0	0	0	1
1.275	-0.43096	-0.22401	5	1	0	0	0	1	0	0	0	1
1.28	-0.43033	-0.22401	5	1	0	0	0	1	0	0	0	1
1.285	-0.42972	-0.22401	5	1	0	0	0	1	0	0	0	1
1.29	-0.42908	-0.22401	5	1	0	0	0	1	0	0	0	1
1.295	-0.4284	-0.22401	5	1	0	0	0	1	0	0	0	1
1.3	-0.42774	-0.22401	5	1	0	0	0	1	0	0	0	1
1.305	-0.42707	-0.22401	5	1	0	0	0	1	0	0	0	1
1.31	-0.42638	-0.22401	5	1	0	0	0	1	0	0	0	1
1.315	-0.42567	-0.22401	5	1	0	0	0	1	0	0	0	1
1.32	-0.42502	-0.22401	5	1	0	0	0	1	0	0	0	1
1.325	-0.42432	-0.22401	5	1	0	0	0	1	0	0	0	1
1.33	-0.42362	-0.22401	5	1	0	0	0	1	0	0	0	1
1.335	-0.4229	-0.22401	5	1	0	0	0	1	0	0	0	1
1.34	-0.42216	-0.22401	5	1	0	0	0	1	0	0	0	1
1.345	-0.42141	-0.22401	5	1	0	0	0	1	0	0	0	1
1.35	-0.42065	-0.22401	5	1	0	0	0	1	0	0	0	1
1.355	-0.41995	-0.22401	5	1	0	0	0	1	0	0	0	1
1.36	-0.41923	-0.22401	5	1	0	0	0	1	0	0	0	1
1.365	-0.41851	-0.22401	5	1	0	0	0	1	0	0	0	1
1.37	-0.41778	-0.22401	5	1	0	0	0	1	0	0	0	1
1.375	-0.41699	-0.22401	5	1	0	0	0	1	0	0	0	1
1.38	-0.41625	-0.22401	5	1	0	0	0	1	0	0	0	1
1.385	-0.41552	-0.22401	5	1	0	0	0	1	0	0	0	1
1.39	-0.41479	-0.22401	5	1	0	0	0	1	0	0	0	1
1.395	-0.41401	-0.22401	5	1	0	0	0	1	0	0	0	1
1.4	-0.41327	-0.22401	5	1	0	0	0	1	0	0	0	1
1.405	-0.41253	-0.22401	5	1	0	0	0	1	0	0	0	1
1.41	-0.41176	-0.22401	5	1	0	0	0	1	0	0	0	1
1.415	-0.41095	-0.22401	5	1	0	0	0	1	0	0	0	1
1.42	-0.4102	-0.22401	5	1	0	0	0	1	0	0	0	1
1.425	-0.40942	-0.22401	5	1	0	0	0	1	0	0	0	1
1.43	-0.40859	-0.22401	5	1	0	0	0	1	0	0	0	1
1.435	-0.4078	-0.22401	5	1	0	0	0	1	0	0	0	1
1.44	-0.40702	-0.22401	5	1	0	0	0	1	0	0	0	1
1.445	-0.4062	-0.22401	5	1	0	0	0	1	0	0	0	1
1.45	-0.4054	-0.22401	5	1	0	0	0	1	0	0	0	1
1.455	-0.40457	-0.22401	5	1	0	0	0	1	0	0	0	1
1.46	-0.40375	-0.22401	5	1	0	0	0	1	0	0	0	1
1.465	-0.4029	-0.22401	5	1	0	0	0	1	0	0	0	1
1.47	-0.40207	-0.22401	5	1	0	0	0	1	0	0	0	1
1.475	-0.4012	-0.22401	5	1	0	0	0	1	0	0	0	1
1.48	-0.40034	-0.22401	5	1	0	0	0	1	0	0	0	1
1.485	-0.39949	-0.22401	5	1	0	0	0	1	0	0	0	1
1.49	-0.39868	-0.22401	5	1	0	0	0	1	0	0	0	1
1.495	-0.3978	-0.22401	5	1	0	0	0	1	0	0	0	1
1.5	-0.397	-0.22401	5	1	0	0	0	1	0	0	0	1
1.505	-0.39611	-0.22401	5	1	0	0	0	1	0	0	0	1
1.51	-0.39521	-0.22401	5	1	0	0	0	1	0	0	0	1
1.515	-0.39433	-0.22401	5	1	0	0	0	1	0	0	0	1
1.52	-0.39345	-0.22401	5	1	0	0	0	1	0	0	0	1
1.525	-0.39254	-0.22401	5	1	0	0	0	1	0	0	0	1
1.53	-0.39159	-0.22401	5	1	0	0	0	1	0	0	0	1
1.535	-0.39067	-0.22401	5	1	0	0	0	1	0	0	0	1
1.54	-0.38975	-0.22401	5	1	0	0	0	1	0	0	0	1
1.545	-0.38882	-0.22401	5	1	0	0	0	1	0	0	0	1
1.55	-0.38782	-0.22401	5	1	0	0	0	1	0	0	0	1
1.555	-0.38687	-0.22401	5	1	0	0	0	1	0	0	0	1
1.56	-0.38593	-0.22401	5	1	0	0	0	1	0	0	0	1
1.565	-0.38493	-0.22401	5	1	0	0	0	1	0	0	0	1
1.57	-0.3839	-0.22401	5	1	0	0	0	1	0	0	0	1
1.575	-0.38286	-0.22401	5	1	0	0	0	1	0	0	0	1
1.58	-0.38184	-0.22401	5	1	0	0	0	1	0	0	0	1
1.585	-0.38081	-0.22401	5	1	0	0	0	1	0	0	0	1
1.59	-0.37977	-0.22401	5	1	0	0	0	1	0	0	0	1
1.595	-0.37869	-0.22401	5	1	0	0	0	1	0	0	0	1
1.6	-0.37766	-0.22401	5	1	0	0	0	1	0	0	0	1
1.605	-0.37658	-0.22401	5	1	0	0	0	1	0	0	0	1
1.61	-0.3755	-0.22401	5	1	0	0	0	1	0	0	0	1
1.615	-0.37441	-0.22401	5	1	0	0	0	1	0	0	0	1
1.62	-0.37328	-0.22401	5	1	0	0	0	1	0	0	0	1
1.625	-0.37219	-0.22401	5	1	0	0	0	1	0	0	0	1
1.63	-0.3711	-0.22401	5	1	0	0	0	1	0	0	0	1
1.635	-0.36999	-0.22401	5	1	0	0	0	1	0	0	0	1
1.64	-0.36884	-0.22401	5	1	0	0	0	1	0	0	0	1
1.645	-0.36767	-0.22401	5	1	0	0	0	1	0	0	0	1
1.65	-0.36648	-0.22401	5	1	0	0	0	1	0	0	0	1
1.655	-0.36533	-0.22401	5	1	0	0	0	1	0	0	0	1
1.66	-0.36414	-0.22401	5	1	0	0	0	1	0	0	0	1
1.665	-0.36291	-0.22401	5	1	0	0	0	1	0	0	0	1
1.67	-0.36167	-0.22401	5	1	0	0	0	1	0	0	0	1
1.675	-0.36045	-0.22401	5	1	0	0	0	1	0	0	0	1
1.68	-0.35925	-0.22401	5	1	0	0	0	1	0	0	0	1
1.685	-0.35799	-0.22401	5	1	0	0	0	1	0	0	0	1
1.69	-0.35667	-0.22401	5	1	0	0	0	1	0	0	0	1
1.695	-0.35535	-0.22401	5	1	0	0	0	1	0	0	0	1
1.7	-0.3541	-0.22401	5	1	0	0	0	1	0	0	0	1
1.705	-0.35277	-0.22401	5	1	0	0	0	1	0	0	0	1
1.71	-0.3514	-0.22401	5	1	0	0	0	1	0	0	0	1
1.715	-0.35011	-0.22401	5	1	0	0	0	1	0	0	0	1
1.72	-0.3487	-0.22401	5	1	0	0	0	1	0	0	0	1
1.725	-0.34729	-0.22401	5	1	0	0	0	1	0	0	0	1
1.73	-0.34593	-0.22401	5	1	0	0	0	1	0	0	0	1
1.735	-0.34453	-0.22401	5	1	0	0	0	1	0	0	0	1
1.74	-0.34309	-0.22401	5	1	0	0	0	1	0	0	0	1
1.745	-0.34169	-0.22401	5	1	0	0	0	1	0	0	0	1
1.75	-0.34022	-0.22401	5	1	0	0	0	1	0	0	0	1
1.755	-0.3388	-0.22401	5	1	0	0	0	1	0	0	0	1
1.76	-0.3373	-0.22401	5	1	0	0	0	1	0	0	0	1
1.765	-0.33582	-0.22401	5	1	0	0	0	1	0	0	0	1
1.77	-0.33431	-0.22401	5	1	0	0	0	1	0	0	0	1
1.775	-0.33285	-0.22401	5	1	0	0	0	1	0	0	0	1
1.78	-0.33124	-0.22401	5	1	0	0	0	1	0	0	0	1
1.785	-0.32968	-0.22401	5	1	0	0	0	1	0	0	0	1
1.79	-0.32804	-0.22401	5	1	0	0	0	1	0	0	0	1
1.795	-0.32641	-0.22401	5	1	0	0	0	1	0	0	0	1
1.8	-0.32478	-0.22401	5	1	0	0	0	1	0	0	0	1
1.805	-0.32314	-0.22401	5	1	0	0	0	1	0	0	0	1
1.81	-0.32154	-0.22401	5	1	0	0	0	1	0	0	0	1
1.815	-0.3199	-0.22401	5	1	0	0	0	1	0	0	0	1
1.82	-0.31821	-0.22401	5	1	0	0	0	1	0	0	0	1
1.825	-0.3165	-0.22401	5	1	0	0	0	1	0	0	0	1
1.83	-0.31482	-0.22401	5	1	0	0	0	1	0	0	0	1
1.835	-0.31306	-0.22401	5	1	0	0	0	1	0	0	0	1
1.84	-0.31132	-0.22401	5	1	0	0	0	1	0	0	0	1
1.845	-0.30953	-0.22401	5	1	0	0	0	1	0	0	0	1
1.85	-0.30774	-0.22401	5	1	0	0	0	1	0	0	0	1
1.855	-0.30594	-0.22401	5	1	0	0	0	1	0	0	0	1
1.86	-0.30411	-0.22401	5	1	0	0	0	1	0	0	0	1
1.865	-0.30226	-0.22401	5	1	0	0	0	1	0	0	0	1
1.87	-0.30038	-0.22401	5	1	0	0	0	1	0	0	0	1
1.875	-0.29852	-0.22401	5	1	0	0	0	1	0	0	0	1
1.88	-0.29659	-0.22401	5	1	0	0	0	1	0	0	0	1
1.885	-0.2947	-0.22401	5	1	0	0	0	1	0	0	0	1
1.89	-0.2928	-0.22401	5	1	0	0	0	1	0	0	0	1
1.895	-0.29088	-0.22401	5	1	0	0	0	1	0	0	0	1
1.9	-0.28902	-0.22401	5	1	0	0	0	1	0	0	0	1
1.905	-0.28708	-0.22401	5	1	0	0	0	1	0	0	0	1
1.91	-0.28506	-0.22401	5	1	0	0	0	1	0	0	0	1
1.915	-0.28311	-0.22401	5	1	0	0	0	1	0	0	0	1
1.92	-0.28118	-0.22401	5	1	0	0	0	1	0	0	0	1
1.925	-0.27921	-0.22401	5	1	0	0	0	1	0	0	0	1
1.93	-0.27727	-0.22401	5	1	0	0	0	1	0	0	0	1
1.935	-0.27526	-0.22401	5	1	0	0	0	1	0	0	0	1
1.94	-0.27327	-0.22401	5	1	0	0	0	1	0	0	0	1
1.945	-0.27121	-0.22401	5	1	0	0	0	1	0	0	0	1
1.95	-0.26915	-0.22401	5	1	0	0	0	1	0	0	0	1
1.955	-0.26703	-0.22401	5	1	0	0	0	1	0	0	0	1
1.96	-0.26487	-0.22401	5	1	0	0	0	1	0	0	0	1
1.965	-0.26274	-0.22401	5	1	0	0	0	1	0	0	0	1
1.97	-0.26062	-0.22401	5	1	0	0	0	1	0	0	0	1
1.975	-0.2584	-0.22401	5	1	0	0	0	1	0	0	0	1
1.98	-0.25608	-0.22401	5	1	0	0	0	1	0	0	0	1
1.985	-0.25374	-0.22401	5	1	0	0	0	1	0	0	0	1
1.99	-0.2514	-0.22401	5	1	0	0	0	1	0	0	0	1
1.995	-0.24891	-0.22401	5	1	0	0	0	1	0	0	0	1
2	-0.24641	-0.22401	5	1	0	0	0	1	0	0	0	1
2.005	-0.24386	-0.22401	5	1	0	0	0	1	0	0	0	1
2.01	-0.24121	-0.22401	5	1	0	0	0	1	0	0	0	1
2.015	-0.23857	-0.22401	5	1	0	0	0	1	0	0	0	1
2.02	-0.23588	-0.22401	5	1	0	0	0	1	0	0	0	1
2.025	-0.23304	-0.22401	5	1	0	0	0	1	0	0	0	1
2.03	-0.23018	-0.22401	5	1	0	0	0	1	0	0	0	1
2.035	-0.22724	-0.22401	5	1	0	0	0	1	0	0	0	1
2.04	-0.22422	-0.22401	5	1	0	0	0	1	0	0	0	1
2.045	-0.22125	-0.22401	5	1	0	0	0	1	0	0	0	1
2.05	-0.21807	-0.22401	5	1	0	0	0	1	0	0	0	1
2.055	-0.21479	-0.22401	5	1	0	0	0	1	0	0	0	1
2.06	-0.21148	-0.22401	5	1	0	0	0	1	0	0	0	1
2.065	-0.20799	-0.22401	5	1	0	0	0	1	0	0	0	1
2.07	-0.20443	-0.22401	5	1	0	0	0	1	0	0	0	1
2.075	-0.20075	-0.22401	5	1	0	0	0	1	0	0	0	1
2.08	-0.19693	-0.22401	5	1	0	0	0	1	0	0	0	1
2.085	-0.1932	-0.22401	5	1	0	0	0	1	0	0	0	1
2.09	-0.18892	-0.22401	5	1	0	0	0	1	0	0	0	1
2.095	-0.18454	-0.22401	5	1	0	0	0	1	0	0	0	1
2.1	-0.18006	-0.22401	5	1	0	0	0	1	0	0	0	1
2.105	-0.17555	-0.22401	5	1	0	0	0	1	0	0	0	1
2.11	-0.17087	-0.22401	5	1	0	0	0	1	0	0	0	1
2.115	-0.16606	-0.22401	5	1	0	0	0	1	0	0	0	1
2.12	-0.16124	-0.22401	5	1	0	0	0	1	0	0	0	1
2.125	-0.15656	-0.22401	5	1	0	0	0	1	0	0	0	1
2.13	-0.15144	-0.22401	5	1	0	0	0	1	0	0	0	1
2.135	-0.14629	-0.22401	5	1	0	0	0	1	0	0	0	1
2.14	-0.14112	-0.22401	5	1	0	0	0	1	0	0	0	1
2.145	-0.13588	-0.22401	5	1	0	0	0	1	0	0	0	1
2.15	-0.13063	-0.22401	5	1	0	0	0	1	0	0	0	1
2.155	-0.12517	-0.22401	5	1	0	0	0	1	0	0	0	1
2.16	-0.1199	-0.22401	5	1	0	0	0	1	0	0	0	1
2.165	-0.11461	-0.22401	5	1	0	0	0	1	0	0	0	1
2.17	-0.10917	-0.22401	5	1	0	0	0	1	0	0	0	1
2.175	-0.10371	-0.22401	5	1	0	0	0	1	0	0	0	1
2.18	-0.098198	-0.22401	5	1	0	0	0	1	0	0	0	1
2.185	-0.092766	-0.22401	5	1	0	0	0	1	0	0	0	1
2.19	-0.087187	-0.22401	5	1	0	0	0	1	0	0	0	1
2.195	-0.081733	-0.22401	5	1	0	0	0	1	0	0	0	1
2.2	-0.075988	-0.22401	5	1	0	0	0	1	0	0	0	1
2.205	-0.070378	-0.22401	5	1	0	0	0	1	0	0	0	1
2.21	-0.064737	-0.22401	5	1	0	0	0	1	0	0	0	1
2.215	-0.059156	-0.22401	5	1	0	0	0	1	0	0	0	1
2.22	-0.053536	-0.22401	5	1	0	0	0	1	0	0	0	1
2.225	-0.047886	-0.22401	5	1	0	0	0	1	0	0	0	1
2.23	-0.042316	-0.22401	5	1	0	0	0	1	0	0	0	1
2.235	-0.036671	-0.22401	5	1	0	0	0	1	0	0	0	1
2.24	-0.030973	-0.22401	5	1	0	0	0	1	0	0	0	1
2.245	-0.025352	-0.22401	5	1	0	0	0	1	0	0	0	1
2.25	-0.019757	-0.22401	5	1	0	0	0	1	0	0	0	1
2.255	-0.014089	-0.22401	5	1	0	0	0	1	0	0	0	1
2.26	-0.0084802	-0.22401	5	1	0	0	0	1	0	0	0	1
2.265	-0.0027813	-0.22401	5	1	0	0	0	1	0	0	0	1
2.27	0.0028517	-0.22401	5	1	0	0	0	1	0	0	0	1
2.275	0.0083813	-0.22401	5	1	0	0	0	1	0	0	0	1
2.28	0.013998	-0.22401	5	1	0	0	0	1	0	0	0	1
2.285	0.01963	-0.22401	5	1	0	0	0	1	0	0	0	1
2.29	0.025176	-0.22401	5	1	0	0	0	1	0	0	0	1
2.295	0.030697	-0.22401	5	1	0	0	0	1	0	0	0	1
2.3	0.036301	-0.22401	5	1	0	0	0	1	0	0	0	1
2.305	0.041885	-0.22401	5	1	0	0	0	1	0	0	0	1
2.31	0.04744	-0.22401	5	1	0	0	0	1	0	0	0	1
2.315	0.053028	-0.22401	5	1	0	0	0	1	0	0	0	1
2.32	0.058609	-0.22401	5	1	0	0	0	1	0	0	0	1
2.325	0.06412	-0.22401	5	1	0	0	0	1	0	0	0	1
2.33	0.069669	-0.22401	5	1	0	0	0	1	0	0	0	1
2.335	0.075255	-0.22401	5	1	0	0	0	1	0	0	0	1
2.34	0.080833	-0.22401	5	1	0	0	0	1	0	0	0	1
2.345	0.086426	-0.22401	5	1	0	0	0	1	0	0	0	1
2.35	0.091977	-0.22401	5	1	0	0	0	1	0	0	0	1
2.355	0.097502	-0.22401	5	1	0	0	0	1	0	0	0	1
2.36	0.10306	-0.22401	5	1	0	0	0	1	0	0	0	1
2.365	0.10858	-0.22401	5	1	0	0	0	1	0	0	0	1
2.37	0.11409	-0.22401	5	1	0	0	0	1	0	0	0	1
2.375	0.1196	-0.22401	5	1	0	0	0	1	0	0	0	1
2.38	0.12507	-0.22401	5	1	0	0	0	1	0	0	0	1
2.385	0.13051	-0.22401	5	1	0	0	0	1	0	0	0	1
2.39	0.13599	-0.22401	5	1	0	0	0	1	0	0	0	1
2.395	0.14143	-0.22401	5	1	0	0	0	1	0	0	0	1
2.4	0.14683	-0.22401	5	1	0	0	0	1	0	0	0	1
2.405	0.15225	-0.22401	5	1	0	0	0	1	0	0	0	1
2.41	0.15762	-0.22401	5	1	0	0	0	1	0	0	0	1
2.415	0.16302	-0.22401	5	1	0	0	0	1	0	0	0	1
2.42	0.16838	-0.22401	5	1	0	0	0	1	0	0	0	1
2.425	0.17366	-0.22401	5	1	0	0	0	1	0	0	0	1
2.43	0.17895	-0.22401	5	1	0	0	0	1	0	0	0	1
2.435	0.18422	-0.22401	5	1	0	0	0	1	0	0	0	1
2.44	0.18936	-0.22401	5	1	0	0	0	1	0	0	0	1
2.445	0.1945	-0.22401	5	1	0	0	0	1	0	0	0	1
2.45	0.19965	-0.22401	5	1	0	0	0	1	0	0	0	1
2.455	0.20474	-0.22401	5	1	0	0	0	1	0	0	0	1
2.46	0.2098	-0.22401	5	1	0	0	0	1	0	0	0	1
2.465	0.21486	-0.22401	5	1	0	0	0	1	0	0	0	1
2.47	0.21982	-0.22401	5	1	0	0	0	1	0	0	0	1
2.475	0.22474	-0.22401	5	1	0	0	0	1	0	0	0	1
2.48	0.22947	-0.22401	5	1	0	0	0	1	0	0	0	1
2.485	0.23414	-0.22401	5	1	0	0	0	1	0	0	0	1
2.49	0.23877	-0.22401	5	1	0	0	0	1	0	0	0	1
2.495	0.24339	-0.22401	5	1	0	0	0	1	0	0	0	1
2.5	0.24807	-0.22401	5	1	0	0	0	1	0	0	0	1
2.505	0.25279	-0.22401	5	1	0	0	0	1	0	0	0	1
2.51	0.25744	-0.22401	5	1	0	0	0	1	0	0	0	1
2.515	0.26194	-0.22401	5	1	0	0	0	1	0	0	0	1
2.52	0.26632	-0.22401	5	1	0	0	0	1	0	0	0	1
2.525	0.27041	-0.22401	5	1	0	0	0	1	0	0	0	1
2.53	0.27437	-0.22401	5	1	0	0	0	1	0	0	0	1
2.535	0.27815	-0.22401	5	1	0	0	0	1	0	0	0	1
2.54	0.28177	-0.22401	5	1	0	0	0	1	0	0	0	1
2.545	0.28535	-0.22401	5	1	0	0	0	1	0	0	0	1
2.55	0.28871	-0.22401	5	1	0	0	0	1	0	0	0	1
2.555	0.29202	-0.22401	5	1	0	0	0	1	0	0	0	1
2.56	0.2952	-0.22401	5	1	0	0	0	1	0	0	0	1
2.565	0.29834	-0.22401	5	1	0	0	0	1	0	0	0	1
2.57	0.30137	-0.22401	5	1	0	0	0	1	0	0	0	1
2.575	0.30434	-0.22401	5	1	0	0	0	1	0	0	0	1
2.58	0.3072	-0.22401	5	1	0	0	0	1	0	0	0	1
2.585	0.30984	-0.22401	5	1	0	0	0	1	0	0	0	1
2.59	0.31232	-0.22401	5	1	0	0	0	1	0	0	0	1
2.595	0.31473	-0.22401	5	1	0	0	0	1	0	0	0	1
2.6	0.31703	-0.22401	5	1	0	0	0	1	0	0	0	1
2.605	0.3193	-0.22401	5	1	0	0	0	1	0	0	0	1
2.61	0.32151	-0.22401	5	1	0	0	0	1	0	0	0	1
2.615	0.32366	-0.22401	5	1	0	0	0	1	0	0	0	1
2.62	0.32582	-0.22401	5	1	0	0	0	1	0	0	0	1
2.625	0.32792	-0.22401	5	1	0	0	0	1	0	0	0	1
2.63	0.32993	-0.22401	5	1	0	0	0	1	0	0	0	1
2.635	0.33192	-0.22401	5	1	0	0	0	1	0	0	0	1
2.64	0.3339	-0.22401	5	1	0	0	0	1	0	0	0	1
2.645	0.33578	-0.22401	5	1	0	0	0	1	0	0	0	1
2.65	0.33757	-0.22401	5	1	0	0	0	1	0	0	0	1
2.655	0.33932	-0.22401	5	1	0	0	0	1	0	0	0	1
2.66	0.34103	-0.22401	5	1	0	0	0	1	0	0	0	1
2.665	0.34268	-0.22401	5	1	0	0	0	1	0	0	0	1
2.67	0.34424	-0.22401	5	1	0	0	0	1	0	0	0	1
2.675	0.34574	-0.22401	5	1	0	0	0	1	0	0	0	1
2.68	0.34722	-0.22401	5	1	0	0	0	1	0	0	0	1
2.685	0.34863	-0.22401	5	1	0	0	0	1	0	0	0	1
2.69	0.34995	-0.22401	5	1	0	0	0	1	0	0	0	1
2.695	0.35126	-0.22401	5	1	0	0	0	1	0	0	0	1
2.7	0.35247	-0.22401	5	1	0	0	0	1	0	0	0	1
2.705	0.35365	-0.22401	5	1	0	0	0	1	0	0	0	1
2.71	0.35477	-0.22401	5	1	0	0	0	1	0	0	0	1
2.715	0.3558	-0.22401	5	1	0	0	0	1	0	0	0	1
2.72	0.35678	-0.22401	5	1	0	0	0	1	0	0	0	1
2.725	0.35773	-0.22401	5	1	0	0	0	1	0	0	0	1
2.73	0.35865	-0.22401	5	1	0	0	0	1	0	0	0	1
2.735	0.35949	-0.22401	5	1	0	0	0	1	0	0	0	1
2.74	0.36027	-0.22401	5	1	0	0	0	1	0	0	0	1
2.745	0.36103	-0.22401	5	1	0	0	0	1	0	0	0	1
2.75	0.36176	-0.22401	5	1	0	0	0	1	0	0	0	1
2.755	0.36247	-0.22401	5	1	0	0	0	1	0	0	0	1
2.76	0.36314	-0.22401	5	1	0	0	0	1	0	0	0	1
2.765	0.36378	-0.22401	5	1	0	0	0	1	0	0	0	1
2.77	0.36438	-0.22401	5	1	0	0	0	1	0	0	0	1
2.775	0.365	-0.22401	5	1	0	0	0	1	0	0	0	1
2.78	0.36559	-0.22401	5	1	0	0	0	1	0	0	0	1
2.785	0.36622	-0.22401	5	1	0	0	0	1	0	0	0	1
2.79	0.3667	-0.22401	5	1	0	0	0	1	0	0	0	1
2.795	0.3672	-0.22401	5	1	0	0	0	1	0	0	0	1
2.8	0.36768	-0.22401	5	1	0	0	0	1	0	0	0	1
2.805	0.36811	-0.22401	5	1	0	0	0	1	0	0	0	1
2.81	0.3685	-0.22401	5	1	0	0	0	1	0	0	0	1
2.815	0.3689	-0.22401	5	1	0	0	0	1	0	0	0	1
2.82	0.36926	-0.22401	5	1	0	0	0	1	0	0	0	1
2.825	0.36961	-0.22401	5	1	0	0	0	1	0	0	0	1
2.83	0.36998	-0.22401	5	1	0	0	0	1	0	0	0	1
2.835	0.37034	-0.22401	5	1	0	0	0	1	0	0	0	1
2.84	0.37063	-0.22401	5	1	0	0	0	1	0	0	0	1
2.845	0.37092	-0.22401	5	1	0	0	0	1	0	0	0	1
2.85	0.3712	-0.22401	5	1	0	0	0	1	0	0	0	1
2.855	0.37147	-0.22401	5	1	0	0	0	1	0	0	0	1
2.86	0.37174	-0.22401	5	1	0	0	0	1	0	0	0	1
2.865	0.37205	-0.22401	5	1	0	0	0	1	0	0	0	1
2.87	0.3723	-0.22401	5	1	0	0	0	1	0	0	0	1
2.875	0.3725	-0.22401	5	1	0	0	0	1	0	0	0	1
2.88	0.37273	-0.22401	5	1	0	0	0	1	0	0	0	1
2.885	0.37298	-0.22401	5	1	0	0	0	1	0	0	0	1
2.89	0.37322	-0.22401	5	1	0	0	0	1	0	0	0	1
2.895	0.37342	-0.22401	5	1	0	0	0	1	0	0	0	1
2.9	0.37361	-0.22401	5	1	0	0	0	1	0	0	0	1
2.905	0.37384	-0.22401	5	1	0	0	0	1	0	0	0	1
2.91	0.37402	-0.22401	5	1	0	0	0	1	0	0	0	1
2.915	0.37417	-0.22401	5	1	0	0	0	1	0	0	0	1
2.92	0.37436	-0.22401	5	1	0	0	0	1	0	0	0	1
2.925	0.37451	-0.22401	5	1	0	0	0	1	0	0	0	1
2.93	0.37462	-0.22401	5	1	0	0	0	1	0	0	0	1
2.935	0.37477	-0.22401	5	1	0	0	0	1	0	0	0	1
2.94	0.37489	-0.22401	5	1	0	0	0	1	0	0	0	1
2.945	0.37496	-0.22401	5	1	0	0	0	1	0	0	0	1
2.95	0.37506	-0.22401	5	1	0	0	0	1	0	0	0	1
2.955	0.37515	-0.22401	5	1	0	0	0	1	0	0	0	1
2.96	0.37522	-0.22401	5	1	0	0	0	1	0	0	0	1
2.965	0.37531	-0.22401	5	1	0	0	0	1	0	0	0	1
2.97	0.3754	-0.22401	5	1	0	0	0	1	0	0	0	1
2.975	0.37547	-0.22401	5	1	0	0	0	1	0	0	0	1
2.98	0.37556	-0.22401	5	1	0	0	0	1	0	0	0	1
2.985	0.37563	-0.22401	5	1	0	0	0	1	0	0	0	1
2.99	0.37571	-0.22401	5	1	0	0	0	1	0	0	0	1
2.995	0.37581	-0.22401	5	1	0	0	0	1	0	0	0	1
3	0.37588	-0.22401	5	1	0	0	0	1	0	0	0	1
3.005	0.37596	-0.22401	5	1	0	0	0	1	0	0	0	1
3.01	0.37606	-0.22401	5	1	0	0	0	1	0	0	0	1
3.015	0.37616	-0.22401	5	1	0	0	0	1	0	0	0	1
3.02	0.37622	-0.22401	5	1	0	0	0	1	0	0	0	1
3.025	0.37628	-0.22401	5	1	0	0	0	1	0	0	0	1
3.03	0.37636	-0.22401	5	1	0	0	0	1	0	0	0	1
3.035	0.37644	-0.22401	5	1	0	0	0	1	0	0	0	1
3.04	0.37651	-0.22401	5	1	0	0	0	1	0	0	0	1
3.045	0.37658	-0.22401	5	1	0	0	0	1	0	0	0	1
3.05	0.37665	-0.22401	5	1	0	0	0	1	0	0	0	1
3.055	0.3767	-0.22401	5	1	0	0	0	1	0	0	0	1
3.06	0.37674	-0.22401	5	1	0	0	0	1	0	0	0	1
3.065	0.37678	-0.22401	5	1	0	0	0	1	0	0	0	1
3.07	0.37684	-0.22401	5	1	0	0	0	1	0	0	0	1
3.075	0.37689	-0.22401	5	1	0	0	0	1	0	0	0	1
3.08	0.37692	-0.22401	5	1	0	0	0	1	0	0	0	1
3.085	0.37697	-0.22401	5	1	0	0	0	1	0	0	0	1
3.09	0.37702	-0.22401	5	1	0	0	0	1	0	0	0	1
3.095	0.37707	-0.22401	5	1	0	0	0	1	0	0	0	1
3.1	0.37712	-0.22401	5	1	0	0	0	1	0	0	0	1
3.105	0.37714	-0.22401	5	1	0	0	0	1	0	0	0	1
3.11	0.37716	-0.22401	5	1	0	0	0	1	0	0	0	1
3.115	0.37719	-0.22401	5	1	0	0	0	1	0	0	0	1
3.12	0.3772	-0.22401	5	1	0	0	0	1	0	0	0	1
3.125	0.3772	-0.22401	5	1	0	0	0	1	0	0	0	1
3.13	0.37723	-0.22401	5	1	0	0	0	1	0	0	0	1
3.135	0.37727	-0.22401	5	1	0	0	0	1	0	0	0	1
3.14	0.3773	-0.22401	5	1	0	0	0	1	0	0	0	1
3.145	0.37731	-0.22401	5	1	0	0	0	1	0	0	0	1
3.15	0.37729	-0.22401	5	1	0	0	0	1	0	0	0	1
3.155	0.37725	-0.22401	5	1	0	0	0	1	0	0	0	1
3.16	0.37721	-0.22401	5	1	0	0	0	1	0	0	0	1
3.165	0.37719	-0.22401	5	1	0	0	0	1	0	0	0	1
3.17	0.37718	-0.22401	5	1	0	0	0	1	0	0	0	1
3.175	0.37716	-0.22401	5	1	0	0	0	1	0	0	0	1
3.18	0.37713	-0.22401	5	1	0	0	0	1	0	0	0	1
3.185	0.37709	-0.22401	5	1	0	0	0	1	0	0	0	1
3.19	0.37705	-0.22401	5	1	0	0	0	1	0	0	0	1
3.195	0.37701	-0.22401	5	1	0	0	0	1	0	0	0	1
3.2	0.37698	-0.22401	5	1	0	0	0	1	0	0	0	1
3.205	0.37696	-0.22401	5	1	0	0	0	1	0	0	0	1
3.21	0.37694	-0.22401	5	1	0	0	0	1	0	0	0	1
3.215	0.3769	-0.22401	5	1	0	0	0	1	0	0	0	1
3.22	0.37686	-0.22401	5	1	0	0	0	1	0	0	0	1
3.225	0.37682	-0.22401	5	1	0	0	0	1	0	0	0	1
3.23	0.37678	-0.22401	5	1	0	0	0	1	0	0	0	1
3.235	0.37674	-0.22401	5	1	0	0	0	1	0	0	0	1
3.24	0.37671	-0.22401	5	1	0	0	0	1	0	0	0	1
3.245	0.37669	-0.22401	5	1	0	0	0	1	0	0	0	1
3.25	0.37666	-0.22401	5	1	0	0	0	1	0	0	0	1
3.255	0.37663	-0.22401	5	1	0	0	0	1	0	0	0	1
3.26	0.37659	-0.22401	5	1	0	0	0	1	0	0	0	1
3.265	0.37656	-0.22401	5	1	0	0	0	1	0	0	0	1
3.27	0.37653	-0.22401	5	1	0	0	0	1	0	0	0	1
3.275	0.37651	-0.22401	5	1	0	0	0	1	0	0	0	1
3.28	0.37649	-0.22401	5	1	0	0	0	1	0	0	0	1
3.285	0.37649	-0.22401	5	1	0	0	0	1	0	0	0	1
3.29	0.37648	-0.22401	5	1	0	0	0	1	0	0	0	1
3.295	0.37647	-0.22401	5	1	0	0	0	1	0	0	0	1
3.3	0.37646	-0.22401	5	1	0	0	0	1	0	0	0	1
3.305	0.37646	-0.22401	5	1	0	0	0	1	0	0	0	1
3.31	0.37648	-0.22401	5	1	0	0	0	1	0	0	0	1
3.315	0.37652	-0.22401	5	1	0	0	0	1	0	0	0	1
3.32	0.37654	-0.22401	5	1	0	0	0	1	0	0	0	1
3.325	0.37659	-0.22401	5	1	0	0	0	1	0	0	0	1
3.33	0.37664	-0.22401	5	1	0	0	0	1	0	0	0	1
3.335	0.37669	-0.22401	5	1	0	0	0	1	0	0	0	1
3.34	0.37676	-0.22401	5	1	0	0	0	1	0	0	0	1
3.345	0.37684	-0.22401	5	1	0	0	0	1	0	0	0	1
3.35	0.37692	-0.22401	5	1	0	0	0	1	0	0	0	1
3.355	0.37701	-0.22401	5	1	0	0	0	1	0	0	0	1
3.36	0.3771	-0.22401	5	1	0	0	0	1	0	0	0	1
3.365	0.37721	-0.22401	5	1	0	0	0	1	0	0	0	1
3.37	0.37732	-0.22401	5	1	0	0	0	1	0	0	0	1
3.375	0.37746	-0.22401	5	1	0	0	0	1	0	0	0	1
3.38	0.37759	-0.22401	5	1	0	0	0	1	0	0	0	1
3.385	0.37773	-0.22401	5	1	0	0	0	1	0	0	0	1
3.39	0.37786	-0.22401	5	1	0	0	0	1	0	0	0	1
3.395	0.378	-0.22401	5	1	0	0	0	1	0	0	0	1
3.4	0.37814	-0.22401	5	1	0	0	0	1	0	0	0	1
3.405	0.37827	-0.22401	5	1	0	0	0	1	0	0	0	1
3.41	0.37841	-0.22401	5	1	0	0	0	1	0	0	0	1
3.415	0.37854	-0.22401	5	1	0	0	0	1	0	0	0	1
3.42	0.37867	-0.22401	5	1	0	0	0	1	0	0	0	1
3.425	0.3788	-0.22401	5	1	0	0	0	1	0	0	0	1
3.43	0.37894	-0.22401	5	1	0	0	0	1	0	0	0	1
3.435	0.37896	-0.22401	5	1	0	0	0	1	0	0	0	1
3.44	0.37914	-0.22401	5	1	0	0	0	1	0	0	0	1
3.445	0.3793	-0.22401	5	1	0	0	0	1	0	0	0	1
3.45	0.37959	-0.22401	5	1	0	0	0	1	0	0	0	1
3.455	0.37977	-0.22401	5	1	0	0	0	1	0	0	0	1
3.46	0.37995	-0.22401	5	1	0	0	0	1	0	0	0	1
3.465	0.38012	-0.22401	5	1	0	0	0	1	0	0	0	1
3.47	0.3803	-0.22401	5	1	0	0	0	1	0	0	0	1
3.475	0.38048	-0.22401	5	1	0	0	0	1	0	0	0	1
3.48	0.38065	-0.22401	5	1	0	0	0	1	0	0	0	1
3.485	0.38083	-0.22401	5	1	0	0	0	1	0	0	0	1
3.49	0.38102	-0.22401	5	1	0	0	0	1	0	0	0	1
3.495	0.38122	-0.22401	5	1	0	0	0	1	0	0	0	1
3.5	0.38144	-0.22401	5	1	0	0	0	1	0	0	0	1
3.505	0.38167	-0.22401	5	1	0	0	0	1	0	0	0	1
3.51	0.38191	-0.22401	5	1	0	0	0	1	0	0	0	1
3.515	0.38215	-0.22401	5	1	0	0	0	1	0	0	0	1
3.52	0.38238	-0.22401	5	1	0	0	0	1	0	0	0	1
3.525	0.3826	-0.22401	5	1	0	0	0	1	0	0	0	1
3.53	0.38281	-0.22401	5	1	0	0	0	1	0	0	0	1
3.535	0.38305	-0.22401	5	1	0	0	0	1	0	0	0	1
3.54	0.38293	-0.22401	5	1	0	0	0	1	0	0	0	1
3.545	0.38313	-0.22401	5	1	0	0	0	1	0	0	0	1
3.55	0.38335	-0.22401	5	1	0	0	0	1	0	0	0	1
3.555	0.38359	-0.22401	5	1	0	0	0	1	0	0	0	1
3.56	0.38384	-0.22401	5	1	0	0	0	1	0	0	0	1
3.565	0.3841	-0.22401	5	1	0	0	0	1	0	0	0	1
3.57	0.38434	-0.22401	5	1	0	0	0	1	0	0	0	1
3.575	0.38456	-0.22401	5	1	0	0	0	1	0	0	0	1
3.58	0.38477	-0.22401	5	1	0	0	0	1	0	0	0	1
3.585	0.38499	-0.22401	5	1	0	0	0	1	0	0	0	1
3.59	0.3852	-0.22401	5	1	0	0	0	1	0	0	0	1
3.595	0.3854	-0.22401	5	1	0	0	0	1	0	0	0	1
3.6	0.38562	-0.22401	5	1	0	0	0	1	0	0	0	1
3.605	0.38583	-0.22401	5	1	0	0	0	1	0	0	0	1
3.61	0.38606	-0.22401	5	1	0	0	0	1	0	0	0	1
3.615	0.3863	-0.22401	5	1	0	0	0	1	0	0	0	1
3.62	0.38654	-0.22401	5	1	0	0	0	1	0	0	0	1
3.625	0.38676	-0.22401	5	1	0	0	0	1	0	0	0	1
3.63	0.38698	-0.22401	5	1	0	0	0	1	0	0	0	1
3.635	0.38718	-0.22401	5	1	0	0	0	1	0	0	0	1
3.64	0.38738	-0.22401	5	1	0	0	0	1	0	0	0	1
3.645	0.38759	-0.22401	5	1	0	0	0	1	0	0	0	1
3.65	0.3878	-0.22401	5	1	0	0	0	1	0	0	0	1
3.655	0.38802	-0.22401	5	1	0	0	0	1	0	0	0	1
3.66	0.38825	-0.22401	5	1	0	0	0	1	0	0	0	1
3.665	0.3885	-0.22401	5	1	0	0	0	1	0	0	0	1
3.67	0.38875	-0.22401	5	1	0	0	0	1	0	0	0	1
3.675	0.38898	-0.22401	5	1	0	0	0	1	0	0	0	1
3.68	0.38921	-0.22401	5	1	0	0	0	1	0	0	0	1
3.685	0.38943	-0.22401	5	1	0	0	0	1	0	0	0	1
3.69	0.38965	-0.22401	5	1	0	0	0	1	0	0	0	1
3.695	0.38989	-0.22401	5	1	0	0	0	1	0	0	0	1
3.7	0.39014	-0.22401	5	1	0	0	0	1	0	0	0	1
3.705	0.3904	-0.22401	5	1	0	0	0	1	0	0	0	1
3.71	0.39065	-0.22401	5	1	0	0	0	1	0	0	0	1
3.715	0.3909	-0.22401	5	1	0	0	0	1	0	0	0	1
3.72	0.39114	-0.22401	5	1	0	0	0	1	0	0	0	1
3.725	0.39139	-0.22401	5	1	0	0	0	1	0	0	0	1
3.73	0.39166	-0.22401	5	1	0	0	0	1	0	0	0	1
3.735	0.39194	-0.22401	5	1	0	0	0	1	0	0	0	1
3.74	0.39209	-0.22401	5	1	0	0	0	1	0	0	0	1
3.745	0.39235	-0.22401	5	1	0	0	0	1	0	0	0	1
3.75	0.39272	-0.22401	5	1	0	0	0	1	0	0	0	1
3.755	0.39287	-0.22401	5	1	0	0	0	1	0	0	0	1
3.76	0.39313	-0.22401	5	1	0	0	0	1	0	0	0	1
3.765	0.39364	-0.22401	5	1	0	0	0	1	0	0	0	1
3.77	0.39389	-0.22401	5	1	0	0	0	1	0	0	0	1
3.775	0.39417	-0.22401	5	1	0	0	0	1	0	0	0	1
3.78	0.39443	-0.22401	5	1	0	0	0	1	0	0	0	1
3.785	0.39469	-0.22401	5	1	0	0	0	1	0	0	0	1
3.79	0.39497	-0.22401	5	1	0	0	0	1	0	0	0	1
3.795	0.39522	-0.22401	5	1	0	0	0	1	0	0	0	1
3.8	0.39547	-0.22401	5	1	0	0	0	1	0	0	0	1
3.805	0.39573	-0.22401	5	1	0	0	0	1	0	0	0	1
3.81	0.39599	-0.22401	5	1	0	0	0	1	0	0	0	1
3.815	0.39625	-0.22401	5	1	0	0	0	1	0	0	0	1
3.82	0.39664	-0.22401	5	1	0	0	0	1	0	0	0	1
3.825	0.3969	-0.22401	5	1	0	0	0	1	0	0	0	1
3.83	0.39716	-0.22401	5	1	0	0	0	1	0	0	0	1
3.835	0.39744	-0.22401	5	1	0	0	0	1	0	0	0	1
3.84	0.39769	-0.22401	5	1	0	0	0	1	0	0	0	1
3.845	0.39795	-0.22401	5	1	0	0	0	1	0	0	0	1
3.85	0.39824	-0.22401	5	1	0	0	0	1	0	0	0	1
3.855	0.39851	-0.22401	5	1	0	0	0	1	0	0	0	1
3.86	0.39881	-0.22401	5	1	0	0	0	1	0	0	0	1
3.865	0.3988	-0.22401	5	1	0	0	0	1	0	0	0	1
3.87	0.39908	-0.22401	5	1	0	0	0	1	0	0	0	1
3.875	0.39935	-0.22401	5	1	0	0	0	1	0	0	0	1
3.88	0.39962	-0.22401	5	1	0	0	0	1	0	0	0	1
3.885	0.3999	-0.22401	5	1	0	0	0	1	0	0	0	1
3.89	0.40018	-0.22401	5	1	0	0	0	1	0	0	0	1
3.895	0.40044	-0.22401	5	1	0	0	0	1	0	0	0	1
3.9	0.40069	-0.22401	5	1	0	0	0	1	0	0	0	1
3.905	0.40096	-0.22401	5	1	0	0	0	1	0	0	0	1
3.91	0.40123	-0.22401	5	1	0	0	0	1	0	0	0	1
3.915	0.40151	-0.22401	5	1	0	0	0	1	0	0	0	1
3.92	0.40177	-0.22401	5	1	0	0	0	1	0	0	0	1
3.925	0.40202	-0.22401	5	1	0	0	0	1	0	0	0	1
3.93	0.40228	-0.22401	5	1	0	0	0	1	0	0	0	1
3.935	0.40256	-0.22401	5	1	0	0	0	1	0	0	0	1
3.94	0.40284	-0.22401	5	1	0	0	0	1	0	0	0	1
3.945	0.4031	-0.22401	5	1	0	0	0	1	0	0	0	1
3.95	0.40335	-0.22401	5	1	0	0	0	1	0	0	0	1
3.955	0.4036	-0.22401	5	1	0	0	0	1	0	0	0	1
3.96	0.40385	-0.22401	5	1	0	0	0	1	0	0	0	1
3.965	0.40409	-0.22401	5	1	0	0	0	1	0	0	0	1
3.97	0.40432	-0.22401	5	1	0	0	0	1	0	0	0	1
3.975	0.40454	-0.22401	5	1	0	0	0	1	0	0	0	1
3.98	0.40477	-0.22401	5	1	0	0	0	1	0	0	0	1
3.985	0.40501	-0.22401	5	1	0	0	0	1	0	0	0	1
3.99	0.40527	-0.22401	5	1	0	0	0	1	0	0	0	1
3.995	0.40552	-0.22401	5	1	0	0	0	1	0	0	0	1
4	0.40577	-0.22401	5	1	0	0	0	1	0	0	0	1
4.005	0.40602	-0.22401	5	1	0	0	0	1	0	0	0	1
4.01	0.40626	-0.22401	5	1	0	0	0	1	0	0	0	1
4.015	0.4065	-0.22401	5	1	0	0	0	1	0	0	0	1
4.02	0.40672	-0.22401	5	1	0	0	0	1	0	0	0	1
4.025	0.40695	-0.22401	5	1	0	0	0	1	0	0	0	1
4.03	0.40718	-0.22401	5	1	0	0	0	1	0	0	0	1
4.035	0.4074	-0.22401	5	1	0	0	0	1	0	0	0	1
4.04	0.40766	-0.22401	5	1	0	0	0	1	0	0	0	1
4.045	0.40792	-0.22401	5	1	0	0	0	1	0	0	0	1
4.05	0.40816	-0.22401	5	1	0	0	0	1	0	0	0	1
4.055	0.4084	-0.22401	5	1	0	0	0	1	0	0	0	1
4.06	0.40863	-0.22401	5	1	0	0	0	1	0	0	0	1
4.065	0.40886	-0.22401	5	1	0	0	0	1	0	0	0	1
4.07	0.40909	-0.22401	5	1	0	0	0	1	0	0	0	1
4.075	0.40931	-0.22401	5	1	0	0	0	1	0	0	0	1
4.08	0.40954	-0.22401	5	1	0	0	0	1	0	0	0	1
4.085	0.4098	-0.22401	5	1	0	0	0	1	0	0	0	1
4.09	0.41006	-0.22401	5	1	0	0	0	1	0	0	0	1
4.095	0.4103	-0.22401	5	1	0	0	0	1	0	0	0	1
4.1	0.41053	-0.22401	5	1	0	0	0	1	0	0	0	1
4.105	0.41077	-0.22401	5	1	0	0	0	1	0	0	0	1
4.11	0.41099	-0.22401	5	1	0	0	0	1	0	0	0	1
4.115	0.4112	-0.22401	5	1	0	0	0	1	0	0	0	1
4.12	0.41141	-0.22401	5	1	0	0	0	1	0	0	0	1
4.125	0.41165	-0.22401	5	1	0	0	0	1	0	0	0	1
4.13	0.41188	-0.22401	5	1	0	0	0	1	0	0	0	1
4.135	0.4121	-0.22401	5	1	0	0	0	1	0	0	0	1
4.14	0.4123	-0.22401	5	1	0	0	0	1	0	0	0	1
4.145	0.4125	-0.22401	5	1	0	0	0	1	0	0	0	1
4.15	0.41268	-0.22401	5	1	0	0	0	1	0	0	0	1
4.155	0.41287	-0.22401	5	1	0	0	0	1	0	0	0	1
4.16	0.41309	-0.22401	5	1	0	0	0	1	0	0	0	1
4.165	0.41331	-0.22401	5	1	0	0	0	1	0	0	0	1
4.17	0.41353	-0.22401	5	1	0	0	0	1	0	0	0	1
4.175	0.41372	-0.22401	5	1	0	0	0	1	0	0	0	1
4.18	0.4139	-0.22401	5	1	0	0	0	1	0	0	0	1
4.185	0.41407	-0.22401	5	1	0	0	0	1	0	0	0	1
4.19	0.41424	-0.22401	5	1	0	0	0	1	0	0	0	1
4.195	0.41442	-0.22401	5	1	0	0	0	1	0	0	0	1
4.2	0.41461	-0.22401	5	1	0	0	0	1	0	0	0	1
4.205	0.41479	-0.22401	5	1	0	0	0	1	0	0	0	1
4.21	0.41494	-0.22401	5	1	0	0	0	1	0	0	0	1
4.215	0.4151	-0.22401	5	1	0	0	0	1	0	0	0	1
4.22	0.41524	-0.22401	5	1	0	0	0	1	0	0	0	1
4.225	0.41538	-0.22401	5	1	0	0	0	1	0	0	0	1
4.23	0.41554	-0.22401	5	1	0	0	0	1	0	0	0	1
4.235	0.41572	-0.22401	5	1	0	0	0	1	0	0	0	1
4.24	0.41587	-0.22401	5	1	0	0	0	1	0	0	0	1
4.245	0.416	-0.22401	5	1	0	0	0	1	0	0	0	1
4.25	0.41613	-0.22401	5	1	0	0	0	1	0	0	0	1
4.255	0.41626	-0.22401	5	1	0	0	0	1	0	0	0	1
4.26	0.41639	-0.22401	5	1	0	0	0	1	0	0	0	1
4.265	0.41654	-0.22401	5	1	0	0	0	1	0	0	0	1
4.27	0.41673	-0.22401	5	1	0	0	0	1	0	0	0	1
4.275	0.4169	-0.22401	5	1	0	0	0	1	0	0	0	1
4.28	0.41704	-0.22401	5	1	0	0	0	1	0	0	0	1
4.285	0.41717	-0.22401	5	1	0	0	0	1	0	0	0	1
4.29	0.41731	-0.22401	5	1	0	0	0	1	0	0	0	1
4.295	0.41743	-0.22401	5	1	0	0	0	1	0	0	0	1
4.3	0.41753	-0.22401	5	1	0	0	0	1	0	0	0	1
4.305	0.41766	-0.22401	5	1	0	0	0	1	0	0	0	1
4.31	0.41779	-0.22401	5	1	0	0	0	1	0	0	0	1
4.315	0.41793	-0.22401	5	1	0	0	0	1	0	0	0	1
4.32	0.41806	-0.22401	5	1	0	0	0	1	0	0	0	1
4.325	0.41819	-0.22401	5	1	0	0	0	1	0	0	0	1
4.33	0.41832	-0.22401	5	1	0	0	0	1	0	0	0	1
4.335	0.41843	-0.22401	5	1	0	0	0	1	0	0	0	1
4.34	0.41853	-0.22401	5	1	0	0	0	1	0	0	0	1
4.345	0.41861	-0.22401	5	1	0	0	0	1	0	0	0	1
4.35	0.41868	-0.22401	5	1	0	0	0	1	0	0	0	1
4.355	0.41876	-0.22401	5	1	0	0	0	1	0	0	0	1
4.36	0.41885	-0.22401	5	1	0	0	0	1	0	0	0	1
4.365	0.41895	-0.22401	5	1	0	0	0	1	0	0	0	1
4.37	0.41906	-0.22401	5	1	0	0	0	1	0	0	0	1
4.375	0.41915	-0.22401	5	1	0	0	0	1	0	0	0	1
4.38	0.41921	-0.22401	5	1	0	0	0	1	0	0	0	1
4.385	0.41931	-0.22401	5	1	0	0	0	1	0	0	0	1
4.39	0.41941	-0.22401	5	1	0	0	0	1	0	0	0	1
4.395	0.41949	-0.22401	5	1	0	0	0	1	0	0	0	1
4.4	0.41955	-0.22401	5	1	0	0	0	1	0	0	0	1
4.405	0.4196	-0.22401	5	1	0	0	0	1	0	0	0	1
4.41	0.41966	-0.22401	5	1	0	0	0	1	0	0	0	1
4.415	0.41974	-0.22401	5	1	0	0	0	1	0	0	0	1
4.42	0.41981	-0.22401	5	1	0	0	0	1	0	0	0	1
4.425	0.41985	-0.22401	5	1	0	0	0	1	0	0	0	1
4.43	0.41992	-0.22401	5	1	0	0	0	1	0	0	0	1
4.435	0.41999	-0.22401	5	1	0	0	0	1	0	0	0	1
4.44	0.42004	-0.22401	5	1	0	0	0	1	0	0	0	1
4.445	0.42007	-0.22401	5	1	0	0	0	1	0	0	0	1
4.45	0.42009	-0.22401	5	1	0	0	0	1	0	0	0	1
4.455	0.42012	-0.22401	5	1	0	0	0	1	0	0	0	1
4.46	0.42013	-0.22401	5	1	0	0	0	1	0	0	0	1
4.465	0.42018	-0.22401	5	1	0	0	0	1	0	0	0	1
4.47	0.42018	-0.22401	5	1	0	0	0	1	0	0	0	1
4.475	0.42018	-0.22401	5	1	0	0	0	1	0	0	0	1
4.48	0.42021	-0.22401	5	1	0	0	0	1	0	0	0	1
4.485	0.42025	-0.22401	5	1	0	0	0	1	0	0	0	1
4.49	0.42028	-0.22401	5	1	0	0	0	1	0	0	0	1
4.495	0.4203	-0.22401	5	1	0	0	0	1	0	0	0	1
4.5	0.42037	-0.22401	5	1	0	0	0	1	0	0	0	1
4.505	0.42036	-0.22401	5	1	0	0	0	1	0	0	0	1
4.51	0.42035	-0.22401	5	1	0	0	0	1	0	0	0	1
4.515	0.42039	-0.22401	5	1	0	0	0	1	0	0	0	1
4.52	0.42038	-0.22401	5	1	0	0	0	1	0	0	0	1
4.525	0.4204	-0.22401	5	1	0	0	0	1	0	0	0	1
4.53	0.42039	-0.22401	5	1	0	0	0	1	0	0	0	1
4.535	0.42034	-0.22401	5	1	0	0	0	1	0	0	0	1
4.54	0.42036	-0.22401	5	1	0	0	0	1	0	0	0	1
4.545	0.42037	-0.22401	5	1	0	0	0	1	0	0	0	1
4.55	0.4204	-0.22401	5	1	0	0	0	1	0	0	0	1
4.555	0.42034	-0.22401	5	1	0	0	0	1	0	0	0	1
4.56	0.42027	-0.22401	5	1	0	0	0	1	0	0	0	1
4.565	0.42016	-0.22401	5	1	0	0	0	1	0	0	0	1
4.57	0.42015	-0.22401	5	1	0	0	0	1	0	0	0	1
4.575	0.42015	-0.22401	5	1	0	0	0	1	0	0	0	1
4.58	0.4201	-0.22401	5	1	0	0	0	1	0	0	0	1
4.585	0.42003	-0.22401	5	1	0	0	0	1	0	0	0	1
4.59	0.41994	-0.22401	5	1	0	0	0	1	0	0	0	1
4.595	0.41988	-0.22401	5	1	0	0	0	1	0	0	0	1
4.6	0.4198	-0.22401	5	1	0	0	0	1	0	0	0	1
4.605	0.41973	-0.22401	5	1	0	0	0	1	0	0	0	1
4.61	0.41963	-0.22401	5	1	0	0	0	1	0	0	0	1
4.615	0.41952	-0.22401	5	1	0	0	0	1	0	0	0	1
4.62	0.41942	-0.22401	5	1	0	0	0	1	0	0	0	1
4.625	0.4193	-0.22401	5	1	0	0	0	1	0	0	0	1
4.63	0.4192	-0.22401	5	1	0	0	0	1	0	0	0	1
4.635	0.4191	-0.22401	5	1	0	0	0	1	0	0	0	1
4.64	0.41897	-0.22401	5	1	0	0	0	1	0	0	0	1
4.645	0.41883	-0.22401	5	1	0	0	0	1	0	0	0	1
4.65	0.41871	-0.22401	5	1	0	0	0	1	0	0	0	1
4.655	0.41858	-0.22401	5	1	0	0	0	1	0	0	0	1
4.66	0.41842	-0.22401	5	1	0	0	0	1	0	0	0	1
4.665	0.41833	-0.22401	5	1	0	0	0	1	0	0	0	1
4.67	0.41821	-0.22401	5	1	0	0	0	1	0	0	0	1
4.675	0.41802	-0.22401	5	1	0	0	0	1	0	0	0	1
4.68	0.41786	-0.22401	5	1	0	0	0	1	0	0	0	1
4.685	0.41771	-0.22401	5	1	0	0	0	1	0	0	0	1
4.69	0.41752	-0.22401	5	1	0	0	0	1	0	0	0	1
4.695	0.41732	-0.22401	5	1	0	0	0	1	0	0	0	1
4.7	0.41718	-0.22401	5	1	0	0	0	1	0	0	0	1
4.705	0.417	-0.22401	5	1	0	0	0	1	0	0	0	1
4.71	0.41681	-0.22401	5	1	0	0	0	1	0	0	0	1
4.715	0.4166	-0.22401	5	1	0	0	0	1	0	0	0	1
4.72	0.41642	-0.22401	5	1	0	0	0	1	0	0	0	1
4.725	0.41618	-0.22401	5	1	0	0	0	1	0	0	0	1
4.73	0.41599	-0.22401	5	1	0	0	0	1	0	0	0	1
4.735	0.41582	-0.22401	5	1	0	0	0	1	0	0	0	1
4.74	0.41564	-0.22401	5	1	0	0	0	1	0	0	0	1
4.745	0.41538	-0.22401	5	1	0	0	0	1	0	0	0	1
4.75	0.41517	-0.22401	5	1	0	0	0	1	0	0	0	1
4.755	0.41492	-0.22401	5	1	0	0	0	1	0	0	0	1
4.76	0.41471	-0.22401	5	1	0	0	0	1	0	0	0	1
4.765	0.41447	-0.22401	5	1	0	0	0	1	0	0	0	1
4.77	0.41422	-0.22401	5	1	0	0	0	1	0	0	0	1
4.775	0.41398	-0.22401	5	1	0	0	0	1	0	0	0	1
4.78	0.41369	-0.22401	5	1	0	0	0	1	0	0	0	1
4.785	0.41347	-0.22401	5	1	0	0	0	1	0	0	0	1
4.79	0.41339	-0.22401	5	1	0	0	0	1	0	0	0	1
4.795	0.41328	-0.22401	5	1	0	0	0	1	0	0	0	1
4.8	0.41311	-0.22401	5	1	0	0	0	1	0	0	0	1
4.805	0.41292	-0.22401	5	1	0	0	0	1	0	0	0	1
4.81	0.41276	-0.22401	5	1	0	0	0	1	0	0	0	1
4.815	0.41259	-0.22401	5	1	0	0	0	1	0	0	0	1
4.82	0.41237	-0.22401	5	1	0	0	0	1	0	0	0	1
4.825	0.4119	-0.22401	5	1	0	0	0	1	0	0	0	1
4.83	0.4117	-0.22401	5	1	0	0	0	1	0	0	0	1
4.835	0.41149	-0.22401	5	1	0	0	0	1	0	0	0	1
4.84	0.41123	-0.22401	5	1	0	0	0	1	0	0	0	1
4.845	0.41099	-0.22401	5	1	0	0	0	1	0	0	0	1
4.85	0.41074	-0.22401	5	1	0	0	0	1	0	0	0	1
4.855	0.41047	-0.22401	5	1	0	0	0	1	0	0	0	1
4.86	0.41016	-0.22401	5	1	0	0	0	1	0	0	0	1
4.865	0.40983	-0.22401	5	1	0	0	0	1	0	0	0	1
4.87	0.40953	-0.22401	5	1	0	0	0	1	0	0	0	1
4.875	0.40922	-0.22401	5	1	0	0	0	1	0	0	0	1
4.88	0.40886	-0.22401	5	1	0	0	0	1	0	0	0	1
4.885	0.4085	-0.22401	5	1	0	0	0	1	0	0	0	1
4.89	0.40809	-0.22401	5	1	0	0	0	1	0	0	0	1
4.895	0.40765	-0.22401	5	1	0	0	0	1	0	0	0	1
4.9	0.40729	-0.22401	5	1	0	0	0	1	0	0	0	1
4.905	0.40691	-0.22401	5	1	0	0	0	1	0	0	0	1
4.91	0.40648	-0.22401	5	1	0	0	0	1	0	0	0	1
4.915	0.406	-0.22401	5	1	0	0	0	1	0	0	0	1
4.92	0.40548	-0.22401	5	1	0	0	0	1	0	0	0	1
4.925	0.40493	-0.22401	5	1	0	0	0	1	0	0	0	1
4.93	0.40441	-0.22401	5	1	0	0	0	1	0	0	0	1
4.935	0.4039	-0.22401	5	1	0	0	0	1	0	0	0	1
4.94	0.40338	-0.22401	5	1	0	0	0	1	0	0	0	1
4.945	0.40286	-0.22401	5	1	0	0	0	1	0	0	0	1
4.95	0.40231	-0.22401	5	1	0	0	0	1	0	0	0	1
4.955	0.40174	-0.22401	5	1	0	0	0	1	0	0	0	1
4.96	0.40111	-0.22401	5	1	0	0	0	1	0	0	0	1
4.965	0.40047	-0.22401	5	1	0	0	0	1	0	0	0	1
4.97	0.3998	-0.22401	5	1	0	0	0	1	0	0	0	1
4.975	0.3991	-0.22401	5	1	0	0	0	1	0	0	0	1
4.98	0.39842	-0.22401	5	1	0	0	0	1	0	0	0	1
4.985	0.39772	-0.22401	5	1	0	0	0	1	0	0	0	1
4.99	0.39711	-0.22401	5	1	0	0	0	1	0	0	0	1
4.995	0.3966	-0.22401	5	1	0	0	0	1	0	0	0	1
