0.005	-0.46223	0	0	1	0	0	0	1	0	0	0	1
0.01	-0.46218	0	0	1	0	0	0	1	0	0	0	1
0.015	-0.46232	0	0	1	0	0	0	1	0	0	0	1
0.02	-0.46259	0	0	1	0	0	0	1	0	0	0	1
0.025	-0.46289	0	0	1	0	0	0	1	0	0	0	1
0.03	-0.46309	0	0	1	0	0	0	1	0	0	0	1
0.035	-0.46321	0	0	1	0	0	0	1	0	0	0	1
0.04	-0.46328	0	0	1	0	0	0	1	0	0	0	1
0.045	-0.4634	0	0	1	0	0	0	1	0	0	0	1
0.05	-0.46363	0	0	1	0	0	0	1	0	0	0	1
0.055	-0.46392	0	0	1	0	0	0	1	0	0	0	1
0.06	-0.4642	0	0	1	0	0	0	1	0	0	0	1
0.065	-0.46443	0	0	1	0	0	0	1	0	0	0	1
0.07	-0.46456	0	0	1	0	0	0	1	0	0	0	1
0.075	-0.46458	0	0	1	0	0	0	1	0	0	0	1
0.08	-0.46456	0	0	1	0	0	0	1	0	0	0	1
0.085	-0.46461	0	0	1	0	0	0	1	0	0	0	1
0.09	-0.4647	0	0	1	0	0	0	1	0	0	0	1
0.095	-0.46478	0	0	1	0	0	0	1	0	0	0	1
0.1	-0.46487	0	0	1	0	0	0	1	0	0	0	1
0.105	-0.46495	0	0	1	0	0	0	1	0	0	0	1
0.11	-0.46495	0	0	1	0	0	0	1	0	0	0	1
0.115	-0.46487	0	0	1	0	0	0	1	0	0	0	1
0.12	-0.46478	0	0	1	0	0	0	1	0	0	0	1
0.125	-0.46472	0	0	1	0	0	0	1	0	0	0	1
0.13	-0.46478	0	0	1	0	0	0	1	0	0	0	1
0.135	-0.465	0	0	1	0	0	0	1	0	0	0	1
0.14	-0.4653	0	0	1	0	0	0	1	0	0	0	1
0.145	-0.46548	0	0	1	0	0	0	1	0	0	0	1
0.15	-0.46551	0	0	1	0	0	0	1	0	0	0	1
0.155	-0.46551	0	0	1	0	0	0	1	0	0	0	1
0.16	-0.4656	0	0	1	0	0	0	1	0	0	0	1
0.165	-0.46579	0	0	1	0	0	0	1	0	0	0	1
0.17	-0.46599	0	0	1	0	0	0	1	0	0	0	1
0.175	-0.46615	0	0	1	0	0	0	1	0	0	0	1
0.18	-0.46624	0	0	1	0	0	0	1	0	0	0	1
0.185	-0.46625	0	0	1	0	0	0	1	0	0	0	1
0.19	-0.46616	0	0	1	0	0	0	1	0	0	0	1
0.195	-0.46605	0	0	1	0	0	0	1	0	0	0	1
0.2	-0.46601	0	0	1	0	0	0	1	0	0	0	1
0.205	-0.46601	0	0	1	0	0	0	1	0	0	0	1
0.21	-0.466	0	0	1	0	0	0	1	0	0	0	1
0.215	-0.46598	0	0	1	0	0	0	1	0	0	0	1
0.22	-0.466	0	0	1	0	0	0	1	0	0	0	1
0.225	-0.46608	0	0	1	0	0	0	1	0	0	0	1
0.23	-0.46612	0	0	1	0	0	0	1	0	0	0	1
0.235	-0.46609	0	0	1	0	0	0	1	0	0	0	1
0.24	-0.46599	0	0	1	0	0	0	1	0	0	0	1
0.245	-0.4659	0	0	1	0	0	0	1	0	0	0	1
0.25	-0.4659	0	0	1	0	0	0	1	0	0	0	1
0.255	-0.46605	0	0	1	0	0	0	1	0	0	0	1
0.26	-0.46625	0	0	1	0	0	0	1	0	0	0	1
0.265	-0.46637	0	0	1	0	0	0	1	0	0	0	1
0.27	-0.46634	0	0	1	0	0	0	1	0	0	0	1
0.275	-0.46619	0	0	1	0	0	0	1	0	0	0	1
0.28	-0.46599	0	0	1	0	0	0	1	0	0	0	1
0.285	-0.46588	0	0	1	0	0	0	1	0	0	0	1
0.29	-0.46594	0	0	1	0	0	0	1	0	0	0	1
0.295	-0.46609	0	0	1	0	0	0	1	0	0	0	1
0.3	-0.46617	0	0	1	0	0	0	1	0	0	0	1
0.305	-0.46614	0	0	1	0	0	0	1	0	0	0	1
0.31	-0.46601	0	0	1	0	0	0	1	0	0	0	1
0.315	-0.46584	0	0	1	0	0	0	1	0	0	0	1
0.32	-0.46572	0	0	1	0	0	0	1	0	0	0	1
0.325	-0.46567	0	0	1	0	0	0	1	0	0	0	1
0.33	-0.46562	0	0	1	0	0	0	1	0	0	0	1
0.335	-0.46539	0	0	1	0	0	0	1	0	0	0	1
0.34	-0.46489	0	0	1	0	0	0	1	0	0	0	1
0.345	-0.46453	0	0	1	0	0	0	1	0	0	0	1
0.35	-0.46473	0	0	1	0	0	0	1	0	0	0	1
0.355	-0.46451	0	0	1	0	0	0	1	0	0	0	1
0.36	-0.46486	0	0	1	0	0	0	1	0	0	0	1
0.365	-0.46509	0	0	1	0	0	0	1	0	0	0	1
0.37	-0.46511	0	0	1	0	0	0	1	0	0	0	1
0.375	-0.46503	0	0	1	0	0	0	1	0	0	0	1
0.38	-0.46489	0	0	1	0	0	0	1	0	0	0	1
0.385	-0.46476	0	0	1	0	0	0	1	0	0	0	1
0.39	-0.46462	0	0	1	0	0	0	1	0	0	0	1
0.395	-0.46462	0	0	1	0	0	0	1	0	0	0	1
0.4	-0.46464	0	0	1	0	0	0	1	0	0	0	1
0.405	-0.46475	0	0	1	0	0	0	1	0	0	0	1
0.41	-0.46495	0	0	1	0	0	0	1	0	0	0	1
0.415	-0.46507	0	0	1	0	0	0	1	0	0	0	1
0.42	-0.46502	0	0	1	0	0	0	1	0	0	0	1
0.425	-0.4649	0	0	1	0	0	0	1	0	0	0	1
0.43	-0.46489	0	0	1	0	0	0	1	0	0	0	1
0.435	-0.46496	0	0	1	0	0	0	1	0	0	0	1
0.44	-0.46506	0	0	1	0	0	0	1	0	0	0	1
0.445	-0.46504	0	0	1	0	0	0	1	0	0	0	1
0.45	-0.46492	0	0	1	0	0	0	1	0	0	0	1
0.455	-0.46482	0	0	1	0	0	0	1	0	0	0	1
0.46	-0.46483	0	0	1	0	0	0	1	0	0	0	1
0.465	-0.46493	0	0	1	0	0	0	1	0	0	0	1
0.47	-0.46505	0	0	1	0	0	0	1	0	0	0	1
0.475	-0.46511	0	0	1	0	0	0	1	0	0	0	1
0.48	-0.46508	0	0	1	0	0	0	1	0	0	0	1
0.485	-0.46498	0	0	1	0	0	0	1	0	0	0	1
0.49	-0.46494	0	0	1	0	0	0	1	0	0	0	1
0.495	-0.46494	0	0	1	0	0	0	1	0	0	0	1
0.5	-0.46421	0	0	1	0	0	0	1	0	0	0	1
0.505	-0.46421	0	0	1	0	0	0	1	0	0	0	1
0.51	-0.46423	0	0	1	0	0	0	1	0	0	0	1
0.515	-0.46428	0	0	1	0	0	0	1	0	0	0	1
0.52	-0.46418	0	0	1	0	0	0	1	0	0	0	1
0.525	-0.46403	0	0	1	0	0	0	1	0	0	0	1
0.53	-0.46389	0	0	1	0	0	0	1	0	0	0	1
0.535	-0.46393	0	0	1	0	0	0	1	0	0	0	1
0.54	-0.46415	0	0	1	0	0	0	1	0	0	0	1
0.545	-0.46445	0	0	1	0	0	0	1	0	0	0	1
0.55	-0.46445	0	0	1	0	0	0	1	0	0	0	1
0.555	-0.46445	0	0	1	0	0	0	1	0	0	0	1
0.56	-0.46444	0	0	1	0	0	0	1	0	0	0	1
0.565	-0.46444	0	0	1	0	0	0	1	0	0	0	1
0.57	-0.46443	0	0	1	0	0	0	1	0	0	0	1
0.575	-0.46427	0	0	1	0	0	0	1	0	0	0	1
0.58	-0.46528	0	0	1	0	0	0	1	0	0	0	1
0.585	-0.4656	0	0	1	0	0	0	1	0	0	0	1
0.59	-0.46535	0	0	1	0	0	0	1	0	0	0	1
0.595	-0.46433	0	0	1	0	0	0	1	0	0	0	1
0.6	-0.46402	0	0	1	0	0	0	1	0	0	0	1
0.605	-0.46335	0	0	1	0	0	0	1	0	0	0	1
0.61	-0.46286	0	0	1	0	0	0	1	0	0	0	1
0.615	-0.46281	0	0	1	0	0	0	1	0	0	0	1
0.62	-0.46296	0	0	1	0	0	0	1	0	0	0	1
0.625	-0.46302	0	0	1	0	0	0	1	0	0	0	1
0.63	-0.46299	0	0	1	0	0	0	1	0	0	0	1
0.635	-0.46307	0	0	1	0	0	0	1	0	0	0	1
0.64	-0.46325	0	0	1	0	0	0	1	0	0	0	1
0.645	-0.46333	0	0	1	0	0	0	1	0	0	0	1
0.65	-0.4632	0	0	1	0	0	0	1	0	0	0	1
0.655	-0.46288	0	0	1	0	0	0	1	0	0	0	1
0.66	-0.46247	0	0	1	0	0	0	1	0	0	0	1
0.665	-0.46211	0	0	1	0	0	0	1	0	0	0	1
0.67	-0.46193	0	0	1	0	0	0	1	0	0	0	1
0.675	-0.46196	0	0	1	0	0	0	1	0	0	0	1
0.68	-0.46205	0	0	1	0	0	0	1	0	0	0	1
0.685	-0.46207	0	0	1	0	0	0	1	0	0	0	1
0.69	-0.46188	0	0	1	0	0	0	1	0	0	0	1
0.695	-0.46151	0	0	1	0	0	0	1	0	0	0	1
0.7	-0.46106	0	0	1	0	0	0	1	0	0	0	1
0.705	-0.46076	0	0	1	0	0	0	1	0	0	0	1
0.71	-0.46069	0	0	1	0	0	0	1	0	0	0	1
0.715	-0.46069	0	0	1	0	0	0	1	0	0	0	1
0.72	-0.46048	0	0	1	0	0	0	1	0	0	0	1
0.725	-0.46023	0	0	1	0	0	0	1	0	0	0	1
0.73	-0.45996	0	0	1	0	0	0	1	0	0	0	1
0.735	-0.45963	0	0	1	0	0	0	1	0	0	0	1
0.74	-0.45924	0	0	1	0	0	0	1	0	0	0	1
0.745	-0.45876	0	0	1	0	0	0	1	0	0	0	1
0.75	-0.4583	0	0	1	0	0	0	1	0	0	0	1
0.755	-0.45798	0	0	1	0	0	0	1	0	0	0	1
0.76	-0.45784	0	0	1	0	0	0	1	0	0	0	1
0.765	-0.45777	0	0	1	0	0	0	1	0	0	0	1
0.77	-0.45767	0	0	1	0	0	0	1	0	0	0	1
0.775	-0.45745	0	0	1	0	0	0	1	0	0	0	1
0.78	-0.45712	0	0	1	0	0	0	1	0	0	0	1
0.785	-0.45666	0	0	1	0	0	0	1	0	0	0	1
0.79	-0.45611	0	0	1	0	0	0	1	0	0	0	1
0.795	-0.45567	0	0	1	0	0	0	1	0	0	0	1
0.8	-0.45546	0	0	1	0	0	0	1	0	0	0	1
0.805	-0.45547	0	0	1	0	0	0	1	0	0	0	1
0.81	-0.45544	0	0	1	0	0	0	1	0	0	0	1
0.815	-0.45518	0	0	1	0	0	0	1	0	0	0	1
0.82	-0.45466	0	0	1	0	0	0	1	0	0	0	1
0.825	-0.45405	0	0	1	0	0	0	1	0	0	0	1
0.83	-0.4536	0	0	1	0	0	0	1	0	0	0	1
0.835	-0.45346	0	0	1	0	0	0	1	0	0	0	1
0.84	-0.45358	0	0	1	0	0	0	1	0	0	0	1
0.845	-0.45376	0	0	1	0	0	0	1	0	0	0	1
0.85	-0.45379	0	0	1	0	0	0	1	0	0	0	1
0.855	-0.45361	0	0	1	0	0	0	1	0	0	0	1
0.86	-0.45324	0	0	1	0	0	0	1	0	0	0	1
0.865	-0.45277	0	0	1	0	0	0	1	0	0	0	1
0.87	-0.45236	0	0	1	0	0	0	1	0	0	0	1
0.875	-0.45211	0	0	1	0	0	0	1	0	0	0	1
0.88	-0.45195	0	0	1	0	0	0	1	0	0	0	1
0.885	-0.45178	0	0	1	0	0	0	1	0	0	0	1
0.89	-0.45149	0	0	1	0	0	0	1	0	0	0	1
0.895	-0.45108	0	0	1	0	0	0	1	0	0	0	1
0.9	-0.45055	0	0	1	0	0	0	1	0	0	0	1
0.905	-0.44994	0	0	1	0	0	0	1	0	0	0	1
0.91	-0.44921	0	0	1	0	0	0	1	0	0	0	1
0.915	-0.4485	0	0	1	0	0	0	1	0	0	0	1
0.92	-0.44788	0	0	1	0	0	0	1	0	0	0	1
0.925	-0.44733	0	0	1	0	0	0	1	0	0	0	1
0.93	-0.44679	0	0	1	0	0	0	1	0	0	0	1
0.935	-0.44631	0	0	1	0	0	0	1	0	0	0	1
0.94	-0.44596	0	0	1	0	0	0	1	0	0	0	1
0.945	-0.44573	0	0	1	0	0	0	1	0	0	0	1
0.95	-0.44548	0	0	1	0	0	0	1	0	0	0	1
0.955	-0.44501	0	0	1	0	0	0	1	0	0	0	1
0.96	-0.44434	0	0	1	0	0	0	1	0	0	0	1
0.965	-0.44361	0	0	1	0	0	0	1	0	0	0	1
0.97	-0.44302	0	0	1	0	0	0	1	0	0	0	1
0.975	-0.44263	0	0	1	0	0	0	1	0	0	0	1
0.98	-0.44234	0	0	1	0	0	0	1	0	0	0	1
0.985	-0.44195	0	0	1	0	0	0	1	0	0	0	1
0.99	-0.44141	0	0	1	0	0	0	1	0	0	0	1
0.995	-0.44078	0	0	1	0	0	0	1	0	0	0	1
1	-0.44016	0	0	1	0	0	0	1	0	0	0	1
1.005	-0.43961	0	0	1	0	0	0	1	0	0	0	1
1.01	-0.43908	0	0	1	0	0	0	1	0	0	0	1
1.015	-0.43847	0	0	1	0	0	0	1	0	0	0	1
1.02	-0.43764	0	0	1	0	0	0	1	0	0	0	1
1.025	-0.43669	0	0	1	0	0	0	1	0	0	0	1
1.03	-0.43592	0	0	1	0	0	0	1	0	0	0	1
1.035	-0.43551	0	0	1	0	0	0	1	0	0	0	1
1.04	-0.43519	0	0	1	0	0	0	1	0	0	0	1
1.045	-0.43493	0	0	1	0	0	0	1	0	0	0	1
1.05	-0.43465	0	0	1	0	0	0	1	0	0	0	1
1.055	-0.43384	0	0	1	0	0	0	1	0	0	0	1
1.06	-0.43275	0	0	1	0	0	0	1	0	0	0	1
1.065	-0.43222	0	0	1	0	0	0	1	0	0	0	1
1.07	-0.43211	0	0	1	0	0	0	1	0	0	0	1
1.075	-0.43204	0	0	1	0	0	0	1	0	0	0	1
1.08	-0.43177	0	0	1	0	0	0	1	0	0	0	1
1.085	-0.4312	0	0	1	0	0	0	1	0	0	0	1
1.09	-0.43043	0	0	1	0	0	0	1	0	0	0	1
1.095	-0.42963	0	0	1	0	0	0	1	0	0	0	1
1.1	-0.42885	0	0	1	0	0	0	1	0	0	0	1
1.105	-0.42809	0	0	1	0	0	0	1	0	0	0	1
1.11	-0.42758	0	0	1	0	0	0	1	0	0	0	1
1.115	-0.42736	0	0	1	0	0	0	1	0	0	0	1
1.12	-0.42722	0	0	1	0	0	0	1	0	0	0	1
1.125	-0.42711	0	0	1	0	0	0	1	0	0	0	1
1.13	-0.42699	0	0	1	0	0	0	1	0	0	0	1
1.135	-0.42677	0	0	1	0	0	0	1	0	0	0	1
1.14	-0.42641	0	0	1	0	0	0	1	0	0	0	1
1.145	-0.4258	0	0	1	0	0	0	1	0	0	0	1
1.15	-0.42476	0	0	1	0	0	0	1	0	0	0	1
1.155	-0.42357	0	0	1	0	0	0	1	0	0	0	1
1.16	-0.42253	0	0	1	0	0	0	1	0	0	0	1
1.165	-0.42199	0	0	1	0	0	0	1	0	0	0	1
1.17	-0.42189	0	0	1	0	0	0	1	0	0	0	1
1.175	-0.42185	0	0	1	0	0	0	1	0	0	0	1
1.18	-0.42161	0	0	1	0	0	0	1	0	0	0	1
1.185	-0.42119	0	0	1	0	0	0	1	0	0	0	1
1.19	-0.4207	0	0	1	0	0	0	1	0	0	0	1
1.195	-0.4199	0	0	1	0	0	0	1	0	0	0	1
1.2	-0.41864	0	0	1	0	0	0	1	0	0	0	1
1.205	-0.4173	0	0	1	0	0	0	1	0	0	0	1
1.21	-0.41638	0	0	1	0	0	0	1	0	0	0	1
1.215	-0.41612	0	0	1	0	0	0	1	0	0	0	1
1.22	-0.41618	0	0	1	0	0	0	1	0	0	0	1
1.225	-0.41595	0	0	1	0	0	0	1	0	0	0	1
1.23	-0.41519	0	0	1	0	0	0	1	0	0	0	1
1.235	-0.41395	0	0	1	0	0	0	1	0	0	0	1
1.24	-0.41257	0	0	1	0	0	0	1	0	0	0	1
1.245	-0.41147	0	0	1	0	0	0	1	0	0	0	1
1.25	-0.41092	0	0	1	0	0	0	1	0	0	0	1
1.255	-0.41071	0	0	1	0	0	0	1	0	0	0	1
1.26	-0.41023	0	0	1	0	0	0	1	0	0	0	1
1.265	-0.40919	0	0	1	0	0	0	1	0	0	0	1
1.27	-0.40791	0	0	1	0	0	0	1	0	0	0	1
1.275	-0.40683	0	0	1	0	0	0	1	0	0	0	1
1.28	-0.40588	0	0	1	0	0	0	1	0	0	0	1
1.285	-0.40476	0	0	1	0	0	0	1	0	0	0	1
1.29	-0.40345	0	0	1	0	0	0	1	0	0	0	1
1.295	-0.40219	0	0	1	0	0	0	1	0	0	0	1
1.3	-0.40102	0	0	1	0	0	0	1	0	0	0	1
1.305	-0.39999	0	0	1	0	0	0	1	0	0	0	1
1.31	-0.3992	0	0	1	0	0	0	1	0	0	0	1
1.315	-0.39853	0	0	1	0	0	0	1	0	0	0	1
1.32	-0.3975	0	0	1	0	0	0	1	0	0	0	1
1.325	-0.39603	0	0	1	0	0	0	1	0	0	0	1
1.33	-0.39426	0	0	1	0	0	0	1	0	0	0	1
1.335	-0.39258	0	0	1	0	0	0	1	0	0	0	1
1.34	-0.39139	0	0	1	0	0	0	1	0	0	0	1
1.345	-0.39088	0	0	1	0	0	0	1	0	0	0	1
1.35	-0.39074	0	0	1	0	0	0	1	0	0	0	1
1.355	-0.39024	0	0	1	0	0	0	1	0	0	0	1
1.36	-0.38912	0	0	1	0	0	0	1	0	0	0	1
1.365	-0.3876	0	0	1	0	0	0	1	0	0	0	1
1.37	-0.38614	0	0	1	0	0	0	1	0	0	0	1
1.375	-0.38517	0	0	1	0	0	0	1	0	0	0	1
1.38	-0.38445	0	0	1	0	0	0	1	0	0	0	1
1.385	-0.38361	0	0	1	0	0	0	1	0	0	0	1
1.39	-0.38262	0	0	1	0	0	0	1	0	0	0	1
1.395	-0.38165	0	0	1	0	0	0	1	0	0	0	1
1.4	-0.38048	0	0	1	0	0	0	1	0	0	0	1
1.405	-0.37906	0	0	1	0	0	0	1	0	0	0	1
1.41	-0.37764	0	0	1	0	0	0	1	0	0	0	1
1.415	-0.37636	0	0	1	0	0	0	1	0	0	0	1
1.42	-0.37504	0	0	1	0	0	0	1	0	0	0	1
1.425	-0.37377	0	0	1	0	0	0	1	0	0	0	1
1.43	-0.37276	0	0	1	0	0	0	1	0	0	0	1
1.435	-0.3718	0	0	1	0	0	0	1	0	0	0	1
1.44	-0.37061	0	0	1	0	0	0	1	0	0	0	1
1.445	-0.36927	0	0	1	0	0	0	1	0	0	0	1
1.45	-0.36785	0	0	1	0	0	0	1	0	0	0	1
1.455	-0.36647	0	0	1	0	0	0	1	0	0	0	1
1.46	-0.36509	0	0	1	0	0	0	1	0	0	0	1
1.465	-0.36375	0	0	1	0	0	0	1	0	0	0	1
1.47	-0.36253	0	0	1	0	0	0	1	0	0	0	1
1.475	-0.36171	0	0	1	0	0	0	1	0	0	0	1
1.48	-0.36128	0	0	1	0	0	0	1	0	0	0	1
1.485	-0.36092	0	0	1	0	0	0	1	0	0	0	1
1.49	-0.36016	0	0	1	0	0	0	1	0	0	0	1
1.495	-0.35897	0	0	1	0	0	0	1	0	0	0	1
1.5	-0.35732	0	0	1	0	0	0	1	0	0	0	1
1.505	-0.35569	0	0	1	0	0	0	1	0	0	0	1
1.51	-0.35428	0	0	1	0	0	0	1	0	0	0	1
1.515	-0.35289	0	0	1	0	0	0	1	0	0	0	1
1.52	-0.35138	0	0	1	0	0	0	1	0	0	0	1
1.525	-0.34994	0	0	1	0	0	0	1	0	0	0	1
1.53	-0.34879	0	0	1	0	0	0	1	0	0	0	1
1.535	-0.34768	0	0	1	0	0	0	1	0	0	0	1
1.54	-0.34636	0	0	1	0	0	0	1	0	0	0	1
1.545	-0.34495	0	0	1	0	0	0	1	0	0	0	1
1.55	-0.34367	0	0	1	0	0	0	1	0	0	0	1
1.555	-0.34219	0	0	1	0	0	0	1	0	0	0	1
1.56	-0.34019	0	0	1	0	0	0	1	0	0	0	1
1.565	-0.33805	0	0	1	0	0	0	1	0	0	0	1
1.57	-0.33631	0	0	1	0	0	0	1	0	0	0	1
1.575	-0.33502	0	0	1	0	0	0	1	0	0	0	1
1.58	-0.33384	0	0	1	0	0	0	1	0	0	0	1
1.585	-0.33258	0	0	1	0	0	0	1	0	0	0	1
1.59	-0.33122	0	0	1	0	0	0	1	0	0	0	1
1.595	-0.32985	0	0	1	0	0	0	1	0	0	0	1
1.6	-0.32831	0	0	1	0	0	0	1	0	0	0	1
1.605	-0.32668	0	0	1	0	0	0	1	0	0	0	1
1.61	-0.32515	0	0	1	0	0	0	1	0	0	0	1
1.615	-0.32388	0	0	1	0	0	0	1	0	0	0	1
1.62	-0.32286	0	0	1	0	0	0	1	0	0	0	1
1.625	-0.32162	0	0	1	0	0	0	1	0	0	0	1
1.63	-0.3198	0	0	1	0	0	0	1	0	0	0	1
1.635	-0.31758	0	0	1	0	0	0	1	0	0	0	1
1.64	-0.31546	0	0	1	0	0	0	1	0	0	0	1
1.645	-0.31367	0	0	1	0	0	0	1	0	0	0	1
1.65	-0.31201	0	0	1	0	0	0	1	0	0	0	1
1.655	-0.31008	0	0	1	0	0	0	1	0	0	0	1
1.66	-0.30802	0	0	1	0	0	0	1	0	0	0	1
1.665	-0.30626	0	0	1	0	0	0	1	0	0	0	1
1.67	-0.30475	0	0	1	0	0	0	1	0	0	0	1
1.675	-0.30289	0	0	1	0	0	0	1	0	0	0	1
1.68	-0.30041	0	0	1	0	0	0	1	0	0	0	1
1.685	-0.29785	0	0	1	0	0	0	1	0	0	0	1
1.69	-0.29578	0	0	1	0	0	0	1	0	0	0	1
1.695	-0.29401	0	0	1	0	0	0	1	0	0	0	1
1.7	-0.29193	0	0	1	0	0	0	1	0	0	0	1
1.705	-0.28953	0	0	1	0	0	0	1	0	0	0	1
1.71	-0.28713	0	0	1	0	0	0	1	0	0	0	1
1.715	-0.28465	0	0	1	0	0	0	1	0	0	0	1
1.72	-0.28245	0	0	1	0	0	0	1	0	0	0	1
1.725	-0.28053	0	0	1	0	0	0	1	0	0	0	1
1.73	-0.27851	0	0	1	0	0	0	1	0	0	0	1
1.735	-0.27628	0	0	1	0	0	0	1	0	0	0	1
1.74	-0.27401	0	0	1	0	0	0	1	0	0	0	1
1.745	-0.27163	0	0	1	0	0	0	1	0	0	0	1
1.75	-0.26922	0	0	1	0	0	0	1	0	0	0	1
1.755	-0.2667	0	0	1	0	0	0	1	0	0	0	1
1.76	-0.26421	0	0	1	0	0	0	1	0	0	0	1
1.765	-0.26154	0	0	1	0	0	0	1	0	0	0	1
1.77	-0.25843	0	0	1	0	0	0	1	0	0	0	1
1.775	-0.25465	0	0	1	0	0	0	1	0	0	0	1
1.78	-0.2508	0	0	1	0	0	0	1	0	0	0	1
1.785	-0.24727	0	0	1	0	0	0	1	0	0	0	1
1.79	-0.24442	0	0	1	0	0	0	1	0	0	0	1
1.795	-0.24218	0	0	1	0	0	0	1	0	0	0	1
1.8	-0.24018	0	0	1	0	0	0	1	0	0	0	1
1.805	-0.23797	0	0	1	0	0	0	1	0	0	0	1
1.81	-0.23514	0	0	1	0	0	0	1	0	0	0	1
1.815	-0.23182	0	0	1	0	0	0	1	0	0	0	1
1.82	-0.2284	0	0	1	0	0	0	1	0	0	0	1
1.825	-0.22503	0	0	1	0	0	0	1	0	0	0	1
1.83	-0.22156	0	0	1	0	0	0	1	0	0	0	1
1.835	-0.21813	0	0	1	0	0	0	1	0	0	0	1
1.84	-0.21478	0	0	1	0	0	0	1	0	0	0	1
1.845	-0.21151	0	0	1	0	0	0	1	0	0	0	1
1.85	-0.20815	0	0	1	0	0	0	1	0	0	0	1
1.855	-0.20458	0	0	1	0	0	0	1	0	0	0	1
1.86	-0.20077	0	0	1	0	0	0	1	0	0	0	1
1.865	-0.19687	0	0	1	0	0	0	1	0	0	0	1
1.87	-0.19308	0	0	1	0	0	0	1	0	0	0	1
1.875	-0.18954	0	0	1	0	0	0	1	0	0	0	1
1.88	-0.18641	0	0	1	0	0	0	1	0	0	0	1
1.885	-0.18344	0	0	1	0	0	0	1	0	0	0	1
1.89	-0.18022	0	0	1	0	0	0	1	0	0	0	1
1.895	-0.17642	0	0	1	0	0	0	1	0	0	0	1
1.9	-0.172	0	0	1	0	0	0	1	0	0	0	1
1.905	-0.16772	0	0	1	0	0	0	1	0	0	0	1
1.91	-0.16434	0	0	1	0	0	0	1	0	0	0	1
1.915	-0.16142	0	0	1	0	0	0	1	0	0	0	1
1.92	-0.15809	0	0	1	0	0	0	1	0	0	0	1
1.925	-0.15392	0	0	1	0	0	0	1	0	0	0	1
1.93	-0.14879	0	0	1	0	0	0	1	0	0	0	1
1.935	-0.14293	0	0	1	0	0	0	1	0	0	0	1
1.94	-0.13642	0	0	1	0	0	0	1	0	0	0	1
1.945	-0.12951	0	0	1	0	0	0	1	0	0	0	1
1.95	-0.12243	0	0	1	0	0	0	1	0	0	0	1
1.955	-0.11552	0	0	1	0	0	0	1	0	0	0	1
1.96	-0.10848	0	0	1	0	0	0	1	0	0	0	1
1.965	-0.10035	0	0	1	0	0	0	1	0	0	0	1
1.97	-0.090474	0	0	1	0	0	0	1	0	0	0	1
1.975	-0.079486	0	0	1	0	0	0	1	0	0	0	1
1.98	-0.068162	0	0	1	0	0	0	1	0	0	0	1
1.985	-0.056429	0	0	1	0	0	0	1	0	0	0	1
1.99	-0.043853	0	0	1	0	0	0	1	0	0	0	1
1.995	-0.03065	0	0	1	0	0	0	1	0	0	0	1
2	-0.016991	0	0	1	0	0	0	1	0	0	0	1
2.005	-0.0028621	0	0	1	0	0	0	1	0	0	0	1
2.01	0.011916	0	0	1	0	0	0	1	0	0	0	1
2.015	0.02801	0	0	1	0	0	0	1	0	0	0	1
2.02	0.04549	0	0	1	0	0	0	1	0	0	0	1
2.025	0.063211	0	0	1	0	0	0	1	0	0	0	1
2.03	0.080441	0	0	1	0	0	0	1	0	0	0	1
2.035	0.097621	0	0	1	0	0	0	1	0	0	0	1
2.04	0.11589	0	0	1	0	0	0	1	0	0	0	1
2.045	0.13624	0	0	1	0	0	0	1	0	0	0	1
2.05	0.15787	0	0	1	0	0	0	1	0	0	0	1
2.055	0.17971	0	0	1	0	0	0	1	0	0	0	1
2.06	0.20143	0	0	1	0	0	0	1	0	0	0	1
2.065	0.22261	0	0	1	0	0	0	1	0	0	0	1
2.07	0.2433	0	0	1	0	0	0	1	0	0	0	1
2.075	0.26466	0	0	1	0	0	0	1	0	0	0	1
2.08	0.28816	0	0	1	0	0	0	1	0	0	0	1
2.085	0.31353	0	0	1	0	0	0	1	0	0	0	1
2.09	0.33613	0	0	1	0	0	0	1	0	0	0	1
2.095	0.35307	0	0	1	0	0	0	1	0	0	0	1
2.1	0.36501	0	0	1	0	0	0	1	0	0	0	1
2.105	0.37374	0	0	1	0	0	0	1	0	0	0	1
2.11	0.37974	0	0	1	0	0	0	1	0	0	0	1
2.115	0.38391	0	0	1	0	0	0	1	0	0	0	1
2.12	0.38854	0	0	1	0	0	0	1	0	0	0	1
2.125	0.39493	0	0	1	0	0	0	1	0	0	0	1
2.13	0.40019	0	0	1	0	0	0	1	0	0	0	1
2.135	0.40242	0	0	1	0	0	0	1	0	0	0	1
2.14	0.40233	0	0	1	0	0	0	1	0	0	0	1
2.145	0.40072	0	0	1	0	0	0	1	0	0	0	1
2.15	0.39758	0	0	1	0	0	0	1	0	0	0	1
2.155	0.39308	0	0	1	0	0	0	1	0	0	0	1
2.16	0.38949	0	0	1	0	0	0	1	0	0	0	1
2.165	0.38777	0	0	1	0	0	0	1	0	0	0	1
2.17	0.38646	0	0	1	0	0	0	1	0	0	0	1
2.175	0.38449	0	0	1	0	0	0	1	0	0	0	1
2.18	0.38231	0	0	1	0	0	0	1	0	0	0	1
2.185	0.38137	0	0	1	0	0	0	1	0	0	0	1
2.19	0.38175	0	0	1	0	0	0	1	0	0	0	1
2.195	0.38272	0	0	1	0	0	0	1	0	0	0	1
2.2	0.38233	0	0	1	0	0	0	1	0	0	0	1
2.205	0.3808	0	0	1	0	0	0	1	0	0	0	1
2.21	0.37934	0	0	1	0	0	0	1	0	0	0	1
2.215	0.37887	0	0	1	0	0	0	1	0	0	0	1
2.22	0.37927	0	0	1	0	0	0	1	0	0	0	1
2.225	0.38023	0	0	1	0	0	0	1	0	0	0	1
2.23	0.3816	0	0	1	0	0	0	1	0	0	0	1
2.235	0.38267	0	0	1	0	0	0	1	0	0	0	1
2.24	0.38304	0	0	1	0	0	0	1	0	0	0	1
2.245	0.38344	0	0	1	0	0	0	1	0	0	0	1
2.25	0.38448	0	0	1	0	0	0	1	0	0	0	1
2.255	0.3857	0	0	1	0	0	0	1	0	0	0	1
2.26	0.38647	0	0	1	0	0	0	1	0	0	0	1
2.265	0.3864	0	0	1	0	0	0	1	0	0	0	1
2.27	0.38615	0	0	1	0	0	0	1	0	0	0	1
2.275	0.38656	0	0	1	0	0	0	1	0	0	0	1
2.28	0.38718	0	0	1	0	0	0	1	0	0	0	1
2.285	0.38766	0	0	1	0	0	0	1	0	0	0	1
2.29	0.38855	0	0	1	0	0	0	1	0	0	0	1
2.295	0.39018	0	0	1	0	0	0	1	0	0	0	1
2.3	0.39199	0	0	1	0	0	0	1	0	0	0	1
2.305	0.39356	0	0	1	0	0	0	1	0	0	0	1
2.31	0.39491	0	0	1	0	0	0	1	0	0	0	1
2.315	0.39608	0	0	1	0	0	0	1	0	0	0	1
2.32	0.39744	0	0	1	0	0	0	1	0	0	0	1
2.325	0.39958	0	0	1	0	0	0	1	0	0	0	1
2.33	0.40227	0	0	1	0	0	0	1	0	0	0	1
2.335	0.40481	0	0	1	0	0	0	1	0	0	0	1
2.34	0.40681	0	0	1	0	0	0	1	0	0	0	1
2.345	0.40836	0	0	1	0	0	0	1	0	0	0	1
2.35	0.40984	0	0	1	0	0	0	1	0	0	0	1
2.355	0.41141	0	0	1	0	0	0	1	0	0	0	1
2.36	0.41286	0	0	1	0	0	0	1	0	0	0	1
2.365	0.41413	0	0	1	0	0	0	1	0	0	0	1
2.37	0.41529	0	0	1	0	0	0	1	0	0	0	1
2.375	0.41647	0	0	1	0	0	0	1	0	0	0	1
2.38	0.41786	0	0	1	0	0	0	1	0	0	0	1
2.385	0.41939	0	0	1	0	0	0	1	0	0	0	1
2.39	0.42074	0	0	1	0	0	0	1	0	0	0	1
2.395	0.42196	0	0	1	0	0	0	1	0	0	0	1
2.4	0.42333	0	0	1	0	0	0	1	0	0	0	1
2.405	0.42473	0	0	1	0	0	0	1	0	0	0	1
2.41	0.42598	0	0	1	0	0	0	1	0	0	0	1
2.415	0.42683	0	0	1	0	0	0	1	0	0	0	1
2.42	0.42724	0	0	1	0	0	0	1	0	0	0	1
2.425	0.42746	0	0	1	0	0	0	1	0	0	0	1
2.43	0.4275	0	0	1	0	0	0	1	0	0	0	1
2.435	0.42745	0	0	1	0	0	0	1	0	0	0	1
2.44	0.42788	0	0	1	0	0	0	1	0	0	0	1
2.445	0.42889	0	0	1	0	0	0	1	0	0	0	1
2.45	0.43009	0	0	1	0	0	0	1	0	0	0	1
2.455	0.43113	0	0	1	0	0	0	1	0	0	0	1
2.46	0.43158	0	0	1	0	0	0	1	0	0	0	1
2.465	0.43105	0	0	1	0	0	0	1	0	0	0	1
2.47	0.42972	0	0	1	0	0	0	1	0	0	0	1
2.475	0.42829	0	0	1	0	0	0	1	0	0	0	1
2.48	0.42805	0	0	1	0	0	0	1	0	0	0	1
2.485	0.42986	0	0	1	0	0	0	1	0	0	0	1
2.49	0.43368	0	0	1	0	0	0	1	0	0	0	1
2.495	0.43855	0	0	1	0	0	0	1	0	0	0	1
2.5	0.44291	0	0	1	0	0	0	1	0	0	0	1
2.505	0.44535	0	0	1	0	0	0	1	0	0	0	1
2.51	0.44543	0	0	1	0	0	0	1	0	0	0	1
2.515	0.44377	0	0	1	0	0	0	1	0	0	0	1
2.52	0.44144	0	0	1	0	0	0	1	0	0	0	1
2.525	0.4397	0	0	1	0	0	0	1	0	0	0	1
2.53	0.4389	0	0	1	0	0	0	1	0	0	0	1
2.535	0.43862	0	0	1	0	0	0	1	0	0	0	1
2.54	0.43827	0	0	1	0	0	0	1	0	0	0	1
2.545	0.43749	0	0	1	0	0	0	1	0	0	0	1
2.55	0.43692	0	0	1	0	0	0	1	0	0	0	1
2.555	0.43678	0	0	1	0	0	0	1	0	0	0	1
2.56	0.43683	0	0	1	0	0	0	1	0	0	0	1
2.565	0.43635	0	0	1	0	0	0	1	0	0	0	1
2.57	0.4348	0	0	1	0	0	0	1	0	0	0	1
2.575	0.43187	0	0	1	0	0	0	1	0	0	0	1
2.58	0.42794	0	0	1	0	0	0	1	0	0	0	1
2.585	0.42425	0	0	1	0	0	0	1	0	0	0	1
2.59	0.4219	0	0	1	0	0	0	1	0	0	0	1
2.595	0.42114	0	0	1	0	0	0	1	0	0	0	1
2.6	0.42166	0	0	1	0	0	0	1	0	0	0	1
2.605	0.42288	0	0	1	0	0	0	1	0	0	0	1
2.61	0.42438	0	0	1	0	0	0	1	0	0	0	1
2.615	0.42581	0	0	1	0	0	0	1	0	0	0	1
2.62	0.4268	0	0	1	0	0	0	1	0	0	0	1
2.625	0.42731	0	0	1	0	0	0	1	0	0	0	1
2.63	0.42762	0	0	1	0	0	0	1	0	0	0	1
2.635	0.42765	0	0	1	0	0	0	1	0	0	0	1
2.64	0.42721	0	0	1	0	0	0	1	0	0	0	1
2.645	0.42661	0	0	1	0	0	0	1	0	0	0	1
2.65	0.42623	0	0	1	0	0	0	1	0	0	0	1
2.655	0.42597	0	0	1	0	0	0	1	0	0	0	1
2.66	0.42553	0	0	1	0	0	0	1	0	0	0	1
2.665	0.42493	0	0	1	0	0	0	1	0	0	0	1
2.67	0.42445	0	0	1	0	0	0	1	0	0	0	1
2.675	0.42411	0	0	1	0	0	0	1	0	0	0	1
2.68	0.42357	0	0	1	0	0	0	1	0	0	0	1
2.685	0.42273	0	0	1	0	0	0	1	0	0	0	1
2.69	0.42175	0	0	1	0	0	0	1	0	0	0	1
2.695	0.42051	0	0	1	0	0	0	1	0	0	0	1
2.7	0.41893	0	0	1	0	0	0	1	0	0	0	1
2.705	0.41691	0	0	1	0	0	0	1	0	0	0	1
2.71	0.41472	0	0	1	0	0	0	1	0	0	0	1
2.715	0.41284	0	0	1	0	0	0	1	0	0	0	1
2.72	0.41132	0	0	1	0	0	0	1	0	0	0	1
2.725	0.40969	0	0	1	0	0	0	1	0	0	0	1
2.73	0.40776	0	0	1	0	0	0	1	0	0	0	1
2.735	0.40598	0	0	1	0	0	0	1	0	0	0	1
2.74	0.40476	0	0	1	0	0	0	1	0	0	0	1
2.745	0.40401	0	0	1	0	0	0	1	0	0	0	1
2.75	0.40333	0	0	1	0	0	0	1	0	0	0	1
2.755	0.4025	0	0	1	0	0	0	1	0	0	0	1
2.76	0.40169	0	0	1	0	0	0	1	0	0	0	1
2.765	0.40123	0	0	1	0	0	0	1	0	0	0	1
2.77	0.40124	0	0	1	0	0	0	1	0	0	0	1
2.775	0.40118	0	0	1	0	0	0	1	0	0	0	1
2.78	0.40045	0	0	1	0	0	0	1	0	0	0	1
2.785	0.39886	0	0	1	0	0	0	1	0	0	0	1
2.79	0.39719	0	0	1	0	0	0	1	0	0	0	1
2.795	0.39571	0	0	1	0	0	0	1	0	0	0	1
2.8	0.3943	0	0	1	0	0	0	1	0	0	0	1
2.805	0.39309	0	0	1	0	0	0	1	0	0	0	1
2.81	0.39237	0	0	1	0	0	0	1	0	0	0	1
2.815	0.39209	0	0	1	0	0	0	1	0	0	0	1
2.82	0.39209	0	0	1	0	0	0	1	0	0	0	1
2.825	0.39196	0	0	1	0	0	0	1	0	0	0	1
2.83	0.39126	0	0	1	0	0	0	1	0	0	0	1
2.835	0.3901	0	0	1	0	0	0	1	0	0	0	1
2.84	0.38917	0	0	1	0	0	0	1	0	0	0	1
2.845	0.38888	0	0	1	0	0	0	1	0	0	0	1
2.85	0.38917	0	0	1	0	0	0	1	0	0	0	1
2.855	0.38965	0	0	1	0	0	0	1	0	0	0	1
2.86	0.38976	0	0	1	0	0	0	1	0	0	0	1
2.865	0.38926	0	0	1	0	0	0	1	0	0	0	1
2.87	0.38875	0	0	1	0	0	0	1	0	0	0	1
2.875	0.38886	0	0	1	0	0	0	1	0	0	0	1
2.88	0.38933	0	0	1	0	0	0	1	0	0	0	1
2.885	0.38957	0	0	1	0	0	0	1	0	0	0	1
2.89	0.38951	0	0	1	0	0	0	1	0	0	0	1
2.895	0.38943	0	0	1	0	0	0	1	0	0	0	1
2.9	0.38934	0	0	1	0	0	0	1	0	0	0	1
2.905	0.38903	0	0	1	0	0	0	1	0	0	0	1
2.91	0.38858	0	0	1	0	0	0	1	0	0	0	1
2.915	0.38815	0	0	1	0	0	0	1	0	0	0	1
2.92	0.38758	0	0	1	0	0	0	1	0	0	0	1
2.925	0.387	0	0	1	0	0	0	1	0	0	0	1
2.93	0.38652	0	0	1	0	0	0	1	0	0	0	1
2.935	0.3859	0	0	1	0	0	0	1	0	0	0	1
2.94	0.3852	0	0	1	0	0	0	1	0	0	0	1
2.945	0.38481	0	0	1	0	0	0	1	0	0	0	1
2.95	0.38473	0	0	1	0	0	0	1	0	0	0	1
2.955	0.38482	0	0	1	0	0	0	1	0	0	0	1
2.96	0.38505	0	0	1	0	0	0	1	0	0	0	1
2.965	0.38525	0	0	1	0	0	0	1	0	0	0	1
2.97	0.38533	0	0	1	0	0	0	1	0	0	0	1
2.975	0.3854	0	0	1	0	0	0	1	0	0	0	1
2.98	0.38548	0	0	1	0	0	0	1	0	0	0	1
2.985	0.38564	0	0	1	0	0	0	1	0	0	0	1
2.99	0.38582	0	0	1	0	0	0	1	0	0	0	1
2.995	0.38597	0	0	1	0	0	0	1	0	0	0	1
3	0.38613	0	0	1	0	0	0	1	0	0	0	1
3.005	0.38618	0	0	1	0	0	0	1	0	0	0	1
3.01	0.38593	0	0	1	0	0	0	1	0	0	0	1
3.015	0.38549	0	0	1	0	0	0	1	0	0	0	1
3.02	0.38522	0	0	1	0	0	0	1	0	0	0	1
3.025	0.38522	0	0	1	0	0	0	1	0	0	0	1
3.03	0.38525	0	0	1	0	0	0	1	0	0	0	1
3.035	0.38509	0	0	1	0	0	0	1	0	0	0	1
3.04	0.38473	0	0	1	0	0	0	1	0	0	0	1
3.045	0.38425	0	0	1	0	0	0	1	0	0	0	1
3.05	0.38369	0	0	1	0	0	0	1	0	0	0	1
3.055	0.38324	0	0	1	0	0	0	1	0	0	0	1
3.06	0.383	0	0	1	0	0	0	1	0	0	0	1
3.065	0.3829	0	0	1	0	0	0	1	0	0	0	1
3.07	0.38278	0	0	1	0	0	0	1	0	0	0	1
3.075	0.38264	0	0	1	0	0	0	1	0	0	0	1
3.08	0.3826	0	0	1	0	0	0	1	0	0	0	1
3.085	0.38257	0	0	1	0	0	0	1	0	0	0	1
3.09	0.38234	0	0	1	0	0	0	1	0	0	0	1
3.095	0.38179	0	0	1	0	0	0	1	0	0	0	1
3.1	0.38105	0	0	1	0	0	0	1	0	0	0	1
3.105	0.38036	0	0	1	0	0	0	1	0	0	0	1
3.11	0.37986	0	0	1	0	0	0	1	0	0	0	1
3.115	0.37965	0	0	1	0	0	0	1	0	0	0	1
3.12	0.37984	0	0	1	0	0	0	1	0	0	0	1
3.125	0.38034	0	0	1	0	0	0	1	0	0	0	1
3.13	0.38062	0	0	1	0	0	0	1	0	0	0	1
3.135	0.38019	0	0	1	0	0	0	1	0	0	0	1
3.14	0.37907	0	0	1	0	0	0	1	0	0	0	1
3.145	0.37681	0	0	1	0	0	0	1	0	0	0	1
3.15	0.37685	0	0	1	0	0	0	1	0	0	0	1
3.155	0.37658	0	0	1	0	0	0	1	0	0	0	1
3.16	0.37681	0	0	1	0	0	0	1	0	0	0	1
3.165	0.37708	0	0	1	0	0	0	1	0	0	0	1
3.17	0.37691	0	0	1	0	0	0	1	0	0	0	1
3.175	0.37635	0	0	1	0	0	0	1	0	0	0	1
3.18	0.37572	0	0	1	0	0	0	1	0	0	0	1
3.185	0.37534	0	0	1	0	0	0	1	0	0	0	1
3.19	0.37535	0	0	1	0	0	0	1	0	0	0	1
3.195	0.37562	0	0	1	0	0	0	1	0	0	0	1
3.2	0.37578	0	0	1	0	0	0	1	0	0	0	1
3.205	0.37555	0	0	1	0	0	0	1	0	0	0	1
3.21	0.37505	0	0	1	0	0	0	1	0	0	0	1
3.215	0.37456	0	0	1	0	0	0	1	0	0	0	1
3.22	0.3743	0	0	1	0	0	0	1	0	0	0	1
3.225	0.37433	0	0	1	0	0	0	1	0	0	0	1
3.23	0.37457	0	0	1	0	0	0	1	0	0	0	1
3.235	0.3748	0	0	1	0	0	0	1	0	0	0	1
3.24	0.37483	0	0	1	0	0	0	1	0	0	0	1
3.245	0.37466	0	0	1	0	0	0	1	0	0	0	1
3.25	0.37438	0	0	1	0	0	0	1	0	0	0	1
3.255	0.37415	0	0	1	0	0	0	1	0	0	0	1
3.26	0.37409	0	0	1	0	0	0	1	0	0	0	1
3.265	0.37424	0	0	1	0	0	0	1	0	0	0	1
3.27	0.37457	0	0	1	0	0	0	1	0	0	0	1
3.275	0.3749	0	0	1	0	0	0	1	0	0	0	1
3.28	0.37508	0	0	1	0	0	0	1	0	0	0	1
3.285	0.37512	0	0	1	0	0	0	1	0	0	0	1
3.29	0.37513	0	0	1	0	0	0	1	0	0	0	1
3.295	0.3753	0	0	1	0	0	0	1	0	0	0	1
3.3	0.37718	0	0	1	0	0	0	1	0	0	0	1
3.305	0.37658	0	0	1	0	0	0	1	0	0	0	1
3.31	0.37693	0	0	1	0	0	0	1	0	0	0	1
3.315	0.37736	0	0	1	0	0	0	1	0	0	0	1
3.32	0.37781	0	0	1	0	0	0	1	0	0	0	1
3.325	0.37836	0	0	1	0	0	0	1	0	0	0	1
3.33	0.37899	0	0	1	0	0	0	1	0	0	0	1
3.335	0.37968	0	0	1	0	0	0	1	0	0	0	1
3.34	0.38035	0	0	1	0	0	0	1	0	0	0	1
3.345	0.38095	0	0	1	0	0	0	1	0	0	0	1
3.35	0.38154	0	0	1	0	0	0	1	0	0	0	1
3.355	0.38222	0	0	1	0	0	0	1	0	0	0	1
3.36	0.38304	0	0	1	0	0	0	1	0	0	0	1
3.365	0.38394	0	0	1	0	0	0	1	0	0	0	1
3.37	0.38474	0	0	1	0	0	0	1	0	0	0	1
3.375	0.38533	0	0	1	0	0	0	1	0	0	0	1
3.38	0.38571	0	0	1	0	0	0	1	0	0	0	1
3.385	0.38595	0	0	1	0	0	0	1	0	0	0	1
3.39	0.38615	0	0	1	0	0	0	1	0	0	0	1
3.395	0.38635	0	0	1	0	0	0	1	0	0	0	1
3.4	0.38654	0	0	1	0	0	0	1	0	0	0	1
3.405	0.38664	0	0	1	0	0	0	1	0	0	0	1
3.41	0.38663	0	0	1	0	0	0	1	0	0	0	1
3.415	0.38645	0	0	1	0	0	0	1	0	0	0	1
3.42	0.38607	0	0	1	0	0	0	1	0	0	0	1
3.425	0.38579	0	0	1	0	0	0	1	0	0	0	1
3.43	0.3863	0	0	1	0	0	0	1	0	0	0	1
3.435	0.38836	0	0	1	0	0	0	1	0	0	0	1
3.44	0.391	0	0	1	0	0	0	1	0	0	0	1
3.445	0.39282	0	0	1	0	0	0	1	0	0	0	1
3.45	0.39294	0	0	1	0	0	0	1	0	0	0	1
3.455	0.39214	0	0	1	0	0	0	1	0	0	0	1
3.46	0.39144	0	0	1	0	0	0	1	0	0	0	1
3.465	0.3912	0	0	1	0	0	0	1	0	0	0	1
3.47	0.3913	0	0	1	0	0	0	1	0	0	0	1
3.475	0.39156	0	0	1	0	0	0	1	0	0	0	1
3.48	0.392	0	0	1	0	0	0	1	0	0	0	1
3.485	0.39268	0	0	1	0	0	0	1	0	0	0	1
3.49	0.39362	0	0	1	0	0	0	1	0	0	0	1
3.495	0.39471	0	0	1	0	0	0	1	0	0	0	1
3.5	0.39578	0	0	1	0	0	0	1	0	0	0	1
3.505	0.39658	0	0	1	0	0	0	1	0	0	0	1
3.51	0.39697	0	0	1	0	0	0	1	0	0	0	1
3.515	0.39683	0	0	1	0	0	0	1	0	0	0	1
3.52	0.396	0	0	1	0	0	0	1	0	0	0	1
3.525	0.39419	0	0	1	0	0	0	1	0	0	0	1
3.53	0.39188	0	0	1	0	0	0	1	0	0	0	1
3.535	0.3905	0	0	1	0	0	0	1	0	0	0	1
3.54	0.39212	0	0	1	0	0	0	1	0	0	0	1
3.545	0.39535	0	0	1	0	0	0	1	0	0	0	1
3.55	0.3981	0	0	1	0	0	0	1	0	0	0	1
3.555	0.39947	0	0	1	0	0	0	1	0	0	0	1
3.56	0.39969	0	0	1	0	0	0	1	0	0	0	1
3.565	0.39918	0	0	1	0	0	0	1	0	0	0	1
3.57	0.39845	0	0	1	0	0	0	1	0	0	0	1
3.575	0.39788	0	0	1	0	0	0	1	0	0	0	1
3.58	0.39763	0	0	1	0	0	0	1	0	0	0	1
3.585	0.39768	0	0	1	0	0	0	1	0	0	0	1
3.59	0.398	0	0	1	0	0	0	1	0	0	0	1
3.595	0.3986	0	0	1	0	0	0	1	0	0	0	1
3.6	0.39934	0	0	1	0	0	0	1	0	0	0	1
3.605	0.40006	0	0	1	0	0	0	1	0	0	0	1
3.61	0.40052	0	0	1	0	0	0	1	0	0	0	1
3.615	0.40059	0	0	1	0	0	0	1	0	0	0	1
3.62	0.40028	0	0	1	0	0	0	1	0	0	0	1
3.625	0.39978	0	0	1	0	0	0	1	0	0	0	1
3.63	0.39939	0	0	1	0	0	0	1	0	0	0	1
3.635	0.39931	0	0	1	0	0	0	1	0	0	0	1
3.64	0.39962	0	0	1	0	0	0	1	0	0	0	1
3.645	0.40028	0	0	1	0	0	0	1	0	0	0	1
3.65	0.40116	0	0	1	0	0	0	1	0	0	0	1
3.655	0.40207	0	0	1	0	0	0	1	0	0	0	1
3.66	0.40275	0	0	1	0	0	0	1	0	0	0	1
3.665	0.40297	0	0	1	0	0	0	1	0	0	0	1
3.67	0.40274	0	0	1	0	0	0	1	0	0	0	1
3.675	0.40238	0	0	1	0	0	0	1	0	0	0	1
3.68	0.4022	0	0	1	0	0	0	1	0	0	0	1
3.685	0.40241	0	0	1	0	0	0	1	0	0	0	1
3.69	0.40295	0	0	1	0	0	0	1	0	0	0	1
3.695	0.4036	0	0	1	0	0	0	1	0	0	0	1
3.7	0.40408	0	0	1	0	0	0	1	0	0	0	1
3.705	0.40431	0	0	1	0	0	0	1	0	0	0	1
3.71	0.40443	0	0	1	0	0	0	1	0	0	0	1
3.715	0.40459	0	0	1	0	0	0	1	0	0	0	1
3.72	0.40482	0	0	1	0	0	0	1	0	0	0	1
3.725	0.40485	0	0	1	0	0	0	1	0	0	0	1
3.73	0.4046	0	0	1	0	0	0	1	0	0	0	1
3.735	0.40454	0	0	1	0	0	0	1	0	0	0	1
3.74	0.40527	0	0	1	0	0	0	1	0	0	0	1
3.745	0.40636	0	0	1	0	0	0	1	0	0	0	1
3.75	0.40745	0	0	1	0	0	0	1	0	0	0	1
3.755	0.40926	0	0	1	0	0	0	1	0	0	0	1
3.76	0.41094	0	0	1	0	0	0	1	0	0	0	1
3.765	0.41078	0	0	1	0	0	0	1	0	0	0	1
3.77	0.40967	0	0	1	0	0	0	1	0	0	0	1
3.775	0.40887	0	0	1	0	0	0	1	0	0	0	1
3.78	0.40868	0	0	1	0	0	0	1	0	0	0	1
3.785	0.40873	0	0	1	0	0	0	1	0	0	0	1
3.79	0.40876	0	0	1	0	0	0	1	0	0	0	1
3.795	0.40891	0	0	1	0	0	0	1	0	0	0	1
3.8	0.40947	0	0	1	0	0	0	1	0	0	0	1
3.805	0.41057	0	0	1	0	0	0	1	0	0	0	1
3.81	0.41191	0	0	1	0	0	0	1	0	0	0	1
3.815	0.41279	0	0	1	0	0	0	1	0	0	0	1
3.82	0.41249	0	0	1	0	0	0	1	0	0	0	1
3.825	0.41172	0	0	1	0	0	0	1	0	0	0	1
3.83	0.41129	0	0	1	0	0	0	1	0	0	0	1
3.835	0.41144	0	0	1	0	0	0	1	0	0	0	1
3.84	0.41199	0	0	1	0	0	0	1	0	0	0	1
3.845	0.41229	0	0	1	0	0	0	1	0	0	0	1
3.85	0.41153	0	0	1	0	0	0	1	0	0	0	1
3.855	0.40999	0	0	1	0	0	0	1	0	0	0	1
3.86	0.4089	0	0	1	0	0	0	1	0	0	0	1
3.865	0.41003	0	0	1	0	0	0	1	0	0	0	1
3.87	0.41216	0	0	1	0	0	0	1	0	0	0	1
3.875	0.41375	0	0	1	0	0	0	1	0	0	0	1
3.88	0.41438	0	0	1	0	0	0	1	0	0	0	1
3.885	0.41441	0	0	1	0	0	0	1	0	0	0	1
3.89	0.41426	0	0	1	0	0	0	1	0	0	0	1
3.895	0.41431	0	0	1	0	0	0	1	0	0	0	1
3.9	0.41466	0	0	1	0	0	0	1	0	0	0	1
3.905	0.41509	0	0	1	0	0	0	1	0	0	0	1
3.91	0.41532	0	0	1	0	0	0	1	0	0	0	1
3.915	0.41535	0	0	1	0	0	0	1	0	0	0	1
3.92	0.41547	0	0	1	0	0	0	1	0	0	0	1
3.925	0.41587	0	0	1	0	0	0	1	0	0	0	1
3.93	0.41633	0	0	1	0	0	0	1	0	0	0	1
3.935	0.41654	0	0	1	0	0	0	1	0	0	0	1
3.94	0.41647	0	0	1	0	0	0	1	0	0	0	1
3.945	0.41636	0	0	1	0	0	0	1	0	0	0	1
3.95	0.41635	0	0	1	0	0	0	1	0	0	0	1
3.955	0.41636	0	0	1	0	0	0	1	0	0	0	1
3.96	0.41626	0	0	1	0	0	0	1	0	0	0	1
3.965	0.41613	0	0	1	0	0	0	1	0	0	0	1
3.97	0.41623	0	0	1	0	0	0	1	0	0	0	1
3.975	0.41675	0	0	1	0	0	0	1	0	0	0	1
3.98	0.41754	0	0	1	0	0	0	1	0	0	0	1
3.985	0.41829	0	0	1	0	0	0	1	0	0	0	1
3.99	0.41878	0	0	1	0	0	0	1	0	0	0	1
3.995	0.419	0	0	1	0	0	0	1	0	0	0	1
4	0.419	0	0	1	0	0	0	1	0	0	0	1
4.005	0.41884	0	0	1	0	0	0	1	0	0	0	1
4.01	0.41861	0	0	1	0	0	0	1	0	0	0	1
4.015	0.41845	0	0	1	0	0	0	1	0	0	0	1
4.02	0.41854	0	0	1	0	0	0	1	0	0	0	1
4.025	0.419	0	0	1	0	0	0	1	0	0	0	1
4.03	0.41979	0	0	1	0	0	0	1	0	0	0	1
4.035	0.42066	0	0	1	0	0	0	1	0	0	0	1
4.04	0.42123	0	0	1	0	0	0	1	0	0	0	1
4.045	0.42135	0	0	1	0	0	0	1	0	0	0	1
4.05	0.42119	0	0	1	0	0	0	1	0	0	0	1
4.055	0.42097	0	0	1	0	0	0	1	0	0	0	1
4.06	0.42086	0	0	1	0	0	0	1	0	0	0	1
4.065	0.42096	0	0	1	0	0	0	1	0	0	0	1
4.07	0.4214	0	0	1	0	0	0	1	0	0	0	1
4.075	0.4222	0	0	1	0	0	0	1	0	0	0	1
4.08	0.42309	0	0	1	0	0	0	1	0	0	0	1
4.085	0.42364	0	0	1	0	0	0	1	0	0	0	1
4.09	0.42365	0	0	1	0	0	0	1	0	0	0	1
4.095	0.42332	0	0	1	0	0	0	1	0	0	0	1
4.1	0.42294	0	0	1	0	0	0	1	0	0	0	1
4.105	0.42272	0	0	1	0	0	0	1	0	0	0	1
4.11	0.42285	0	0	1	0	0	0	1	0	0	0	1
4.115	0.42334	0	0	1	0	0	0	1	0	0	0	1
4.12	0.4239	0	0	1	0	0	0	1	0	0	0	1
4.125	0.4241	0	0	1	0	0	0	1	0	0	0	1
4.13	0.42379	0	0	1	0	0	0	1	0	0	0	1
4.135	0.42324	0	0	1	0	0	0	1	0	0	0	1
4.14	0.42285	0	0	1	0	0	0	1	0	0	0	1
4.145	0.42296	0	0	1	0	0	0	1	0	0	0	1
4.15	0.42365	0	0	1	0	0	0	1	0	0	0	1
4.155	0.42458	0	0	1	0	0	0	1	0	0	0	1
4.16	0.42517	0	0	1	0	0	0	1	0	0	0	1
4.165	0.42511	0	0	1	0	0	0	1	0	0	0	1
4.17	0.42453	0	0	1	0	0	0	1	0	0	0	1
4.175	0.4239	0	0	1	0	0	0	1	0	0	0	1
4.18	0.42365	0	0	1	0	0	0	1	0	0	0	1
4.185	0.42391	0	0	1	0	0	0	1	0	0	0	1
4.19	0.42441	0	0	1	0	0	0	1	0	0	0	1
4.195	0.42466	0	0	1	0	0	0	1	0	0	0	1
4.2	0.42443	0	0	1	0	0	0	1	0	0	0	1
4.205	0.42391	0	0	1	0	0	0	1	0	0	0	1
4.21	0.42345	0	0	1	0	0	0	1	0	0	0	1
4.215	0.42336	0	0	1	0	0	0	1	0	0	0	1
4.22	0.42374	0	0	1	0	0	0	1	0	0	0	1
4.225	0.42433	0	0	1	0	0	0	1	0	0	0	1
4.23	0.42465	0	0	1	0	0	0	1	0	0	0	1
4.235	0.42436	0	0	1	0	0	0	1	0	0	0	1
4.24	0.42375	0	0	1	0	0	0	1	0	0	0	1
4.245	0.42336	0	0	1	0	0	0	1	0	0	0	1
4.25	0.42354	0	0	1	0	0	0	1	0	0	0	1
4.255	0.42431	0	0	1	0	0	0	1	0	0	0	1
4.26	0.42539	0	0	1	0	0	0	1	0	0	0	1
4.265	0.42619	0	0	1	0	0	0	1	0	0	0	1
4.27	0.42624	0	0	1	0	0	0	1	0	0	0	1
4.275	0.42564	0	0	1	0	0	0	1	0	0	0	1
4.28	0.42489	0	0	1	0	0	0	1	0	0	0	1
4.285	0.42432	0	0	1	0	0	0	1	0	0	0	1
4.29	0.42402	0	0	1	0	0	0	1	0	0	0	1
4.295	0.42411	0	0	1	0	0	0	1	0	0	0	1
4.3	0.42459	0	0	1	0	0	0	1	0	0	0	1
4.305	0.42518	0	0	1	0	0	0	1	0	0	0	1
4.31	0.42561	0	0	1	0	0	0	1	0	0	0	1
4.315	0.42576	0	0	1	0	0	0	1	0	0	0	1
4.32	0.42564	0	0	1	0	0	0	1	0	0	0	1
4.325	0.42522	0	0	1	0	0	0	1	0	0	0	1
4.33	0.42453	0	0	1	0	0	0	1	0	0	0	1
4.335	0.42376	0	0	1	0	0	0	1	0	0	0	1
4.34	0.4232	0	0	1	0	0	0	1	0	0	0	1
4.345	0.42306	0	0	1	0	0	0	1	0	0	0	1
4.35	0.42341	0	0	1	0	0	0	1	0	0	0	1
4.355	0.42404	0	0	1	0	0	0	1	0	0	0	1
4.36	0.4246	0	0	1	0	0	0	1	0	0	0	1
4.365	0.42481	0	0	1	0	0	0	1	0	0	0	1
4.37	0.4247	0	0	1	0	0	0	1	0	0	0	1
4.375	0.42462	0	0	1	0	0	0	1	0	0	0	1
4.38	0.42473	0	0	1	0	0	0	1	0	0	0	1
4.385	0.42473	0	0	1	0	0	0	1	0	0	0	1
4.39	0.42436	0	0	1	0	0	0	1	0	0	0	1
4.395	0.42381	0	0	1	0	0	0	1	0	0	0	1
4.4	0.42351	0	0	1	0	0	0	1	0	0	0	1
4.405	0.42362	0	0	1	0	0	0	1	0	0	0	1
4.41	0.42391	0	0	1	0	0	0	1	0	0	0	1
4.415	0.42412	0	0	1	0	0	0	1	0	0	0	1
4.42	0.42428	0	0	1	0	0	0	1	0	0	0	1
4.425	0.42443	0	0	1	0	0	0	1	0	0	0	1
4.43	0.42437	0	0	1	0	0	0	1	0	0	0	1
4.435	0.42394	0	0	1	0	0	0	1	0	0	0	1
4.44	0.42336	0	0	1	0	0	0	1	0	0	0	1
4.445	0.42297	0	0	1	0	0	0	1	0	0	0	1
4.45	0.42288	0	0	1	0	0	0	1	0	0	0	1
4.455	0.42291	0	0	1	0	0	0	1	0	0	0	1
4.46	0.42291	0	0	1	0	0	0	1	0	0	0	1
4.465	0.42283	0	0	1	0	0	0	1	0	0	0	1
4.47	0.42299	0	0	1	0	0	0	1	0	0	0	1
4.475	0.42349	0	0	1	0	0	0	1	0	0	0	1
4.48	0.42405	0	0	1	0	0	0	1	0	0	0	1
4.485	0.42442	0	0	1	0	0	0	1	0	0	0	1
4.49	0.42453	0	0	1	0	0	0	1	0	0	0	1
4.495	0.42436	0	0	1	0	0	0	1	0	0	0	1
4.5	0.42394	0	0	1	0	0	0	1	0	0	0	1
4.505	0.42372	0	0	1	0	0	0	1	0	0	0	1
4.51	0.42377	0	0	1	0	0	0	1	0	0	0	1
4.515	0.42366	0	0	1	0	0	0	1	0	0	0	1
4.52	0.41743	0	0	1	0	0	0	1	0	0	0	1
4.525	0.41769	0	0	1	0	0	0	1	0	0	0	1
4.53	0.41754	0	0	1	0	0	0	1	0	0	0	1
4.535	0.42359	0	0	1	0	0	0	1	0	0	0	1
4.54	0.42371	0	0	1	0	0	0	1	0	0	0	1
4.545	0.41784	0	0	1	0	0	0	1	0	0	0	1
4.55	0.41921	0	0	1	0	0	0	1	0	0	0	1
4.555	0.42017	0	0	1	0	0	0	1	0	0	0	1
4.56	0.42006	0	0	1	0	0	0	1	0	0	0	1
4.565	0.41924	0	0	1	0	0	0	1	0	0	0	1
4.57	0.41873	0	0	1	0	0	0	1	0	0	0	1
4.575	0.41903	0	0	1	0	0	0	1	0	0	0	1
4.58	0.41978	0	0	1	0	0	0	1	0	0	0	1
4.585	0.41954	0	0	1	0	0	0	1	0	0	0	1
4.59	0.41918	0	0	1	0	0	0	1	0	0	0	1
4.595	0.41894	0	0	1	0	0	0	1	0	0	0	1
4.6	0.41858	0	0	1	0	0	0	1	0	0	0	1
4.605	0.41804	0	0	1	0	0	0	1	0	0	0	1
4.61	0.4175	0	0	1	0	0	0	1	0	0	0	1
4.615	0.41711	0	0	1	0	0	0	1	0	0	0	1
4.62	0.41684	0	0	1	0	0	0	1	0	0	0	1
4.625	0.41663	0	0	1	0	0	0	1	0	0	0	1
4.63	0.41628	0	0	1	0	0	0	1	0	0	0	1
4.635	0.4157	0	0	1	0	0	0	1	0	0	0	1
4.64	0.41511	0	0	1	0	0	0	1	0	0	0	1
4.645	0.41474	0	0	1	0	0	0	1	0	0	0	1
4.65	0.41462	0	0	1	0	0	0	1	0	0	0	1
4.655	0.41461	0	0	1	0	0	0	1	0	0	0	1
4.66	0.41453	0	0	1	0	0	0	1	0	0	0	1
4.665	0.41393	0	0	1	0	0	0	1	0	0	0	1
4.67	0.41293	0	0	1	0	0	0	1	0	0	0	1
4.675	0.41204	0	0	1	0	0	0	1	0	0	0	1
4.68	0.41133	0	0	1	0	0	0	1	0	0	0	1
4.685	0.41079	0	0	1	0	0	0	1	0	0	0	1
4.69	0.41056	0	0	1	0	0	0	1	0	0	0	1
4.695	0.41054	0	0	1	0	0	0	1	0	0	0	1
4.7	0.41021	0	0	1	0	0	0	1	0	0	0	1
4.705	0.40953	0	0	1	0	0	0	1	0	0	0	1
4.71	0.40878	0	0	1	0	0	0	1	0	0	0	1
4.715	0.40825	0	0	1	0	0	0	1	0	0	0	1
4.72	0.40805	0	0	1	0	0	0	1	0	0	0	1
4.725	0.40817	0	0	1	0	0	0	1	0	0	0	1
4.73	0.4081	0	0	1	0	0	0	1	0	0	0	1
4.735	0.40745	0	0	1	0	0	0	1	0	0	0	1
4.74	0.40639	0	0	1	0	0	0	1	0	0	0	1
4.745	0.40561	0	0	1	0	0	0	1	0	0	0	1
4.75	0.40513	0	0	1	0	0	0	1	0	0	0	1
4.755	0.40473	0	0	1	0	0	0	1	0	0	0	1
4.76	0.40405	0	0	1	0	0	0	1	0	0	0	1
4.765	0.40324	0	0	1	0	0	0	1	0	0	0	1
4.77	0.40282	0	0	1	0	0	0	1	0	0	0	1
4.775	0.40336	0	0	1	0	0	0	1	0	0	0	1
4.78	0.40511	0	0	1	0	0	0	1	0	0	0	1
4.785	0.40711	0	0	1	0	0	0	1	0	0	0	1
4.79	0.40785	0	0	1	0	0	0	1	0	0	0	1
4.795	0.40723	0	0	1	0	0	0	1	0	0	0	1
4.8	0.40611	0	0	1	0	0	0	1	0	0	0	1
4.805	0.40479	0	0	1	0	0	0	1	0	0	0	1
4.81	0.40275	0	0	1	0	0	0	1	0	0	0	1
4.815	0.4002	0	0	1	0	0	0	1	0	0	0	1
4.82	0.39845	0	0	1	0	0	0	1	0	0	0	1
4.825	0.39889	0	0	1	0	0	0	1	0	0	0	1
4.83	0.40002	0	0	1	0	0	0	1	0	0	0	1
4.835	0.40044	0	0	1	0	0	0	1	0	0	0	1
4.84	0.39999	0	0	1	0	0	0	1	0	0	0	1
4.845	0.39899	0	0	1	0	0	0	1	0	0	0	1
4.85	0.39773	0	0	1	0	0	0	1	0	0	0	1
4.855	0.39651	0	0	1	0	0	0	1	0	0	0	1
4.86	0.39562	0	0	1	0	0	0	1	0	0	0	1
4.865	0.39495	0	0	1	0	0	0	1	0	0	0	1
4.87	0.39401	0	0	1	0	0	0	1	0	0	0	1
4.875	0.39255	0	0	1	0	0	0	1	0	0	0	1
4.88	0.39094	0	0	1	0	0	0	1	0	0	0	1
4.885	0.3897	0	0	1	0	0	0	1	0	0	0	1
4.89	0.38915	0	0	1	0	0	0	1	0	0	0	1
4.895	0.38895	0	0	1	0	0	0	1	0	0	0	1
4.9	0.3881	0	0	1	0	0	0	1	0	0	0	1
4.905	0.38615	0	0	1	0	0	0	1	0	0	0	1
4.91	0.38363	0	0	1	0	0	0	1	0	0	0	1
4.915	0.38138	0	0	1	0	0	0	1	0	0	0	1
4.92	0.38	0	0	1	0	0	0	1	0	0	0	1
4.925	0.37954	0	0	1	0	0	0	1	0	0	0	1
4.93	0.37946	0	0	1	0	0	0	1	0	0	0	1
4.935	0.37913	0	0	1	0	0	0	1	0	0	0	1
4.94	0.37823	0	0	1	0	0	0	1	0	0	0	1
4.945	0.37667	0	0	1	0	0	0	1	0	0	0	1
4.95	0.37458	0	0	1	0	0	0	1	0	0	0	1
4.955	0.37223	0	0	1	0	0	0	1	0	0	0	1
4.96	0.36997	0	0	1	0	0	0	1	0	0	0	1
4.965	0.36791	0	0	1	0	0	0	1	0	0	0	1
4.97	0.3663	0	0	1	0	0	0	1	0	0	0	1
4.975	0.36557	0	0	1	0	0	0	1	0	0	0	1
4.98	0.36622	0	0	1	0	0	0	1	0	0	0	1
4.985	0.36863	0	0	1	0	0	0	1	0	0	0	1
4.99	0.37231	0	0	1	0	0	0	1	0	0	0	1
4.995	0.37231	0	0	1	0	0	0	1	0	0	0	1
