0.005	-0.46176	-0.4	0	-0.46176	-0.39903	0
0.01	-0.46178	-0.4	0	-0.46178	-0.39909	0
0.015	-0.46179	-0.4	0	-0.46179	-0.39911	0
0.02	-0.4618	-0.4	0	-0.4618	-0.39905	0
0.025	-0.46182	-0.4	0	-0.46182	-0.39893	0
0.03	-0.46185	-0.4	0	-0.46185	-0.39876	0
0.035	-0.46187	-0.4	0	-0.46187	-0.39862	0
0.04	-0.46191	-0.4	0	-0.46191	-0.39853	0
0.045	-0.46194	-0.4	0	-0.46194	-0.39848	0
0.05	-0.46196	-0.4	0	-0.46196	-0.39841	0
0.055	-0.462	-0.4	0	-0.462	-0.39829	0
0.06	-0.46204	-0.4	0	-0.46204	-0.39814	0
0.065	-0.46208	-0.4	0	-0.46208	-0.39801	0
0.07	-0.46213	-0.4	0	-0.46213	-0.39792	0
0.075	-0.46218	-0.4	0	-0.46218	-0.39786	0
0.08	-0.46223	-0.4	0	-0.46223	-0.39786	0
0.085	-0.46227	-0.4	0	-0.46227	-0.39788	0
0.09	-0.46231	-0.4	0	-0.46231	-0.3979	0
0.095	-0.46237	-0.4	0	-0.46237	-0.39793	0
0.1	-0.46241	-0.4	0	-0.46241	-0.39798	0
0.105	-0.46245	-0.4	0	-0.46245	-0.39802	0
0.11	-0.4625	-0.4	0	-0.4625	-0.39804	0
0.115	-0.46255	-0.4	0	-0.46255	-0.39808	0
0.12	-0.46259	-0.4	0	-0.46259	-0.39817	0
0.125	-0.46264	-0.4	0	-0.46264	-0.39826	0
0.13	-0.46268	-0.4	0	-0.46268	-0.39833	0
0.135	-0.46271	-0.4	0	-0.46271	-0.39834	0
0.14	-0.46275	-0.4	0	-0.46275	-0.39826	0
0.145	-0.4628	-0.4	0	-0.4628	-0.39813	0
0.15	-0.46285	-0.4	0	-0.46285	-0.39807	0
0.155	-0.4629	-0.4	0	-0.4629	-0.39811	0
0.16	-0.46295	-0.4	0	-0.46295	-0.39818	0
0.165	-0.46299	-0.4	0	-0.46299	-0.3982	0
0.17	-0.46304	-0.4	0	-0.46304	-0.39814	0
0.175	-0.4631	-0.4	0	-0.4631	-0.39805	0
0.18	-0.46315	-0.4	0	-0.46315	-0.39799	0
0.185	-0.4632	-0.4	0	-0.4632	-0.39798	0
0.19	-0.46326	-0.4	0	-0.46326	-0.39801	0
0.195	-0.46331	-0.4	0	-0.46331	-0.39809	0
0.2	-0.46336	-0.4	0	-0.46336	-0.39816	0
0.205	-0.4634	-0.4	0	-0.4634	-0.39821	0
0.21	-0.46345	-0.4	0	-0.46345	-0.39825	0
0.215	-0.4635	-0.4	0	-0.4635	-0.39831	0
0.22	-0.46354	-0.4	0	-0.46354	-0.39836	0
0.225	-0.46358	-0.4	0	-0.46358	-0.39839	0
0.23	-0.46362	-0.4	0	-0.46362	-0.39838	0
0.235	-0.46366	-0.4	0	-0.46366	-0.39836	0
0.24	-0.46371	-0.4	0	-0.46371	-0.39834	0
0.245	-0.46375	-0.4	0	-0.46375	-0.39834	0
0.25	-0.46379	-0.4	0	-0.46379	-0.39837	0
0.255	-0.46382	-0.4	0	-0.46382	-0.39838	0
0.26	-0.46386	-0.4	0	-0.46386	-0.39833	0
0.265	-0.4639	-0.4	0	-0.4639	-0.39827	0
0.27	-0.46395	-0.4	0	-0.46395	-0.39826	0
0.275	-0.46399	-0.4	0	-0.46399	-0.39831	0
0.28	-0.46403	-0.4	0	-0.46403	-0.39842	0
0.285	-0.46407	-0.4	0	-0.46407	-0.39853	0
0.29	-0.46409	-0.4	0	-0.46409	-0.39858	0
0.295	-0.46412	-0.4	0	-0.46412	-0.39854	0
0.3	-0.46416	-0.4	0	-0.46416	-0.39844	0
0.305	-0.4642	-0.4	0	-0.4642	-0.39838	0
0.31	-0.46423	-0.4	0	-0.46423	-0.39839	0
0.315	-0.46427	-0.4	0	-0.46427	-0.39846	0
0.32	-0.4643	-0.4	0	-0.4643	-0.39852	0
0.325	-0.46432	-0.4	0	-0.46432	-0.39856	0
0.33	-0.46434	-0.4	0	-0.46434	-0.39858	0
0.335	-0.46437	-0.4	0	-0.46437	-0.39862	0
0.34	-0.46439	-0.4	0	-0.46439	-0.39873	0
0.345	-0.46442	-0.4	0	-0.46442	-0.39889	0
0.35	-0.46443	-0.4	0	-0.46443	-0.39903	0
0.355	-0.46438	-0.4	0	-0.46438	-0.39903	0
0.36	-0.46441	-0.4	0	-0.46441	-0.39889	0
0.365	-0.46444	-0.4	0	-0.46444	-0.39878	0
0.37	-0.46445	-0.4	0	-0.46445	-0.39878	0
0.375	-0.46447	-0.4	0	-0.46447	-0.39883	0
0.38	-0.46448	-0.4	0	-0.46448	-0.39889	0
0.385	-0.46449	-0.4	0	-0.46449	-0.39895	0
0.39	-0.46451	-0.4	0	-0.46451	-0.39902	0
0.395	-0.46452	-0.4	0	-0.46452	-0.39905	0
0.4	-0.46452	-0.4	0	-0.46452	-0.39904	0
0.405	-0.46454	-0.4	0	-0.46454	-0.39904	0
0.41	-0.46455	-0.4	0	-0.46455	-0.3991	0
0.415	-0.46455	-0.4	0	-0.46455	-0.39921	0
0.42	-0.46454	-0.4	0	-0.46454	-0.39929	0
0.425	-0.46455	-0.4	0	-0.46455	-0.39928	0
0.43	-0.46455	-0.4	0	-0.46455	-0.39924	0
0.435	-0.46456	-0.4	0	-0.46456	-0.39924	0
0.44	-0.46457	-0.4	0	-0.46457	-0.3993	0
0.445	-0.46456	-0.4	0	-0.46456	-0.39935	0
0.45	-0.46456	-0.4	0	-0.46456	-0.39935	0
0.455	-0.46457	-0.4	0	-0.46457	-0.39932	0
0.46	-0.46457	-0.4	0	-0.46457	-0.3993	0
0.465	-0.46458	-0.4	0	-0.46458	-0.39935	0
0.47	-0.46459	-0.4	0	-0.46459	-0.39944	0
0.475	-0.46458	-0.4	0	-0.46458	-0.39952	0
0.48	-0.46459	-0.4	0	-0.46459	-0.39956	0
0.485	-0.46458	-0.4	0	-0.46458	-0.39958	0
0.49	-0.46458	-0.4	0	-0.46458	-0.3996	0
0.495	-0.46459	-0.4	0	-0.46459	-0.39966	0
0.5	-0.46459	-0.4	0	-0.46459	-0.39976	0
0.505	-0.46458	-0.4	0	-0.46458	-0.39985	0
0.51	-0.46458	-0.4	0	-0.46458	-0.39987	0
0.515	-0.46458	-0.4	0	-0.46458	-0.39987	0
0.52	-0.46458	-0.4	0	-0.46458	-0.39988	0
0.525	-0.46458	-0.4	0	-0.46458	-0.39995	0
0.53	-0.46458	-0.4	0	-0.46458	-0.40008	0
0.535	-0.46457	-0.4	0	-0.46457	-0.4002	0
0.54	-0.46455	-0.4	0	-0.46455	-0.40026	0
0.545	-0.46455	-0.4	0	-0.46455	-0.40023	0
0.55	-0.46455	-0.4	0	-0.46455	-0.40019	0
0.555	-0.46455	-0.4	0	-0.46455	-0.4002	0
0.56	-0.46454	-0.4	0	-0.46454	-0.40028	0
0.565	-0.46454	-0.4	0	-0.46454	-0.4004	0
0.57	-0.46454	-0.4	0	-0.46454	-0.40052	0
0.575	-0.46453	-0.4	0	-0.46453	-0.40061	0
0.58	-0.46452	-0.4	0	-0.46452	-0.40063	0
0.585	-0.46451	-0.4	0	-0.46451	-0.40058	0
0.59	-0.46456	-0.4	0	-0.46456	-0.40058	0
0.595	-0.46455	-0.4	0	-0.46455	-0.40072	0
0.6	-0.46453	-0.4	0	-0.46453	-0.401	0
0.605	-0.46452	-0.4	0	-0.46452	-0.40133	0
0.61	-0.4645	-0.4	0	-0.4645	-0.40168	0
0.615	-0.46443	-0.4	0	-0.46443	-0.40198	0
0.62	-0.4644	-0.4	0	-0.4644	-0.40219	0
0.625	-0.46436	-0.4	0	-0.46436	-0.40234	0
0.63	-0.46433	-0.4	0	-0.46433	-0.40249	0
0.635	-0.46427	-0.4	0	-0.46427	-0.40261	0
0.64	-0.46423	-0.4	0	-0.46423	-0.40263	0
0.645	-0.4642	-0.4	0	-0.4642	-0.40257	0
0.65	-0.46416	-0.4	0	-0.46416	-0.40257	0
0.655	-0.46412	-0.4	0	-0.46412	-0.40269	0
0.66	-0.46408	-0.4	0	-0.46408	-0.40294	0
0.665	-0.46402	-0.4	0	-0.46402	-0.40326	0
0.67	-0.46396	-0.4	0	-0.46396	-0.40355	0
0.675	-0.4639	-0.4	0	-0.4639	-0.40369	0
0.68	-0.46384	-0.4	0	-0.46384	-0.40366	0
0.685	-0.46378	-0.4	0	-0.46378	-0.40353	0
0.69	-0.46372	-0.4	0	-0.46372	-0.40343	0
0.695	-0.46367	-0.4	0	-0.46367	-0.40345	0
0.7	-0.46361	-0.4	0	-0.46361	-0.40364	0
0.705	-0.46354	-0.4	0	-0.46354	-0.40398	0
0.71	-0.46345	-0.4	0	-0.46345	-0.40433	0
0.715	-0.46336	-0.4	0	-0.46336	-0.40456	0
0.72	-0.46332	-0.4	0	-0.46332	-0.40465	0
0.725	-0.46321	-0.4	0	-0.46321	-0.40463	0
0.73	-0.46314	-0.4	0	-0.46314	-0.40455	0
0.735	-0.46306	-0.4	0	-0.46306	-0.40448	0
0.74	-0.46297	-0.4	0	-0.46297	-0.40456	0
0.745	-0.46288	-0.4	0	-0.46288	-0.4048	0
0.75	-0.46278	-0.4	0	-0.46278	-0.40514	0
0.755	-0.46267	-0.4	0	-0.46267	-0.40545	0
0.76	-0.46255	-0.4	0	-0.46255	-0.40558	0
0.765	-0.46245	-0.4	0	-0.46245	-0.4055	0
0.77	-0.46233	-0.4	0	-0.46233	-0.40529	0
0.775	-0.46224	-0.4	0	-0.46224	-0.40512	0
0.78	-0.46212	-0.4	0	-0.46212	-0.4051	0
0.785	-0.46201	-0.4	0	-0.46201	-0.40527	0
0.79	-0.4619	-0.4	0	-0.4619	-0.40557	0
0.795	-0.46177	-0.4	0	-0.46177	-0.40587	0
0.8	-0.46164	-0.4	0	-0.46164	-0.40602	0
0.805	-0.4615	-0.4	0	-0.4615	-0.40596	0
0.81	-0.46137	-0.4	0	-0.46137	-0.40579	0
0.815	-0.46124	-0.4	0	-0.46124	-0.40569	0
0.82	-0.46112	-0.4	0	-0.46112	-0.40578	0
0.825	-0.46098	-0.4	0	-0.46098	-0.40603	0
0.83	-0.46084	-0.4	0	-0.46084	-0.40631	0
0.835	-0.46068	-0.4	0	-0.46068	-0.40645	0
0.84	-0.46053	-0.4	0	-0.46053	-0.40636	0
0.845	-0.46038	-0.4	0	-0.46038	-0.40607	0
0.85	-0.46026	-0.4	0	-0.46026	-0.40572	0
0.855	-0.46012	-0.4	0	-0.46012	-0.40547	0
0.86	-0.45999	-0.4	0	-0.45999	-0.40541	0
0.865	-0.45986	-0.4	0	-0.45986	-0.40553	0
0.87	-0.45971	-0.4	0	-0.45971	-0.40576	0
0.875	-0.45956	-0.4	0	-0.45956	-0.40597	0
0.88	-0.45941	-0.4	0	-0.45941	-0.40606	0
0.885	-0.45926	-0.4	0	-0.45926	-0.40602	0
0.89	-0.45912	-0.4	0	-0.45912	-0.40589	0
0.895	-0.45896	-0.4	0	-0.45896	-0.40575	0
0.9	-0.45882	-0.4	0	-0.45882	-0.40566	0
0.905	-0.45865	-0.4	0	-0.45865	-0.40567	0
0.91	-0.4585	-0.4	0	-0.4585	-0.40579	0
0.915	-0.45833	-0.4	0	-0.45833	-0.40601	0
0.92	-0.45815	-0.4	0	-0.45815	-0.40628	0
0.925	-0.45796	-0.4	0	-0.45796	-0.4065	0
0.93	-0.45777	-0.4	0	-0.45777	-0.40665	0
0.935	-0.45758	-0.4	0	-0.45758	-0.40674	0
0.94	-0.45738	-0.4	0	-0.45738	-0.40679	0
0.945	-0.45717	-0.4	0	-0.45717	-0.4068	0
0.95	-0.45696	-0.4	0	-0.45696	-0.40678	0
0.955	-0.45677	-0.4	0	-0.45677	-0.4068	0
0.96	-0.45656	-0.4	0	-0.45656	-0.40694	0
0.965	-0.45635	-0.4	0	-0.45635	-0.4072	0
0.97	-0.45612	-0.4	0	-0.45612	-0.40749	0
0.975	-0.45588	-0.4	0	-0.45588	-0.40769	0
0.98	-0.45564	-0.4	0	-0.45564	-0.40776	0
0.985	-0.45541	-0.4	0	-0.45541	-0.40777	0
0.99	-0.45518	-0.4	0	-0.45518	-0.40785	0
0.995	-0.45493	-0.4	0	-0.45493	-0.40805	0
1	-0.45468	-0.4	0	-0.45468	-0.40838	0
1.005	-0.45442	-0.4	0	-0.45442	-0.40877	0
1.01	-0.45415	-0.4	0	-0.45415	-0.40913	0
1.015	-0.45387	-0.4	0	-0.45387	-0.40938	0
1.02	-0.4536	-0.4	0	-0.4536	-0.40958	0
1.025	-0.45333	-0.4	0	-0.45333	-0.40985	0
1.03	-0.45302	-0.4	0	-0.45302	-0.41023	0
1.035	-0.45268	-0.4	0	-0.45268	-0.41063	0
1.04	-0.4524	-0.4	0	-0.4524	-0.41094	0
1.045	-0.45208	-0.4	0	-0.45208	-0.41115	0
1.05	-0.45171	-0.4	0	-0.45171	-0.41132	0
1.055	-0.45144	-0.4	0	-0.45144	-0.41158	0
1.06	-0.45114	-0.4	0	-0.45114	-0.41206	0
1.065	-0.45071	-0.4	0	-0.45071	-0.4126	0
1.07	-0.45039	-0.4	0	-0.45039	-0.41295	0
1.075	-0.45003	-0.4	0	-0.45003	-0.41316	0
1.08	-0.44967	-0.4	0	-0.44967	-0.41336	0
1.085	-0.44932	-0.4	0	-0.44932	-0.41363	0
1.09	-0.44896	-0.4	0	-0.44896	-0.414	0
1.095	-0.44858	-0.4	0	-0.44858	-0.41445	0
1.1	-0.44819	-0.4	0	-0.44819	-0.4149	0
1.105	-0.44782	-0.4	0	-0.44782	-0.41535	0
1.11	-0.44739	-0.4	0	-0.44739	-0.41579	0
1.115	-0.44698	-0.4	0	-0.44698	-0.41617	0
1.12	-0.44658	-0.4	0	-0.44658	-0.41646	0
1.125	-0.44617	-0.4	0	-0.44617	-0.41672	0
1.13	-0.44575	-0.4	0	-0.44575	-0.41698	0
1.135	-0.44535	-0.4	0	-0.44535	-0.41725	0
1.14	-0.44493	-0.4	0	-0.44493	-0.41753	0
1.145	-0.4445	-0.4	0	-0.4445	-0.41782	0
1.15	-0.44411	-0.4	0	-0.44411	-0.41822	0
1.155	-0.44365	-0.4	0	-0.44365	-0.41882	0
1.16	-0.44322	-0.4	0	-0.44322	-0.41958	0
1.165	-0.44273	-0.4	0	-0.44273	-0.42027	0
1.17	-0.44225	-0.4	0	-0.44225	-0.42067	0
1.175	-0.44178	-0.4	0	-0.44178	-0.4208	0
1.18	-0.44132	-0.4	0	-0.44132	-0.42087	0
1.185	-0.44086	-0.4	0	-0.44086	-0.42107	0
1.19	-0.44036	-0.4	0	-0.44036	-0.42143	0
1.195	-0.43988	-0.4	0	-0.43988	-0.42191	0
1.2	-0.43942	-0.4	0	-0.43942	-0.42259	0
1.205	-0.43889	-0.4	0	-0.43889	-0.42346	0
1.21	-0.43837	-0.4	0	-0.43837	-0.42424	0
1.215	-0.43781	-0.4	0	-0.43781	-0.42466	0
1.22	-0.43726	-0.4	0	-0.43726	-0.42473	0
1.225	-0.43675	-0.4	0	-0.43675	-0.42476	0
1.23	-0.43621	-0.4	0	-0.43621	-0.42501	0
1.235	-0.43568	-0.4	0	-0.43568	-0.42548	0
1.24	-0.43512	-0.4	0	-0.43512	-0.42607	0
1.245	-0.43455	-0.4	0	-0.43455	-0.42669	0
1.25	-0.43395	-0.4	0	-0.43395	-0.42723	0
1.255	-0.43334	-0.4	0	-0.43334	-0.42754	0
1.26	-0.43277	-0.4	0	-0.43277	-0.42764	0
1.265	-0.4322	-0.4	0	-0.4322	-0.42779	0
1.27	-0.4316	-0.4	0	-0.4316	-0.42817	0
1.275	-0.43096	-0.4	0	-0.43096	-0.4287	0
1.28	-0.43033	-0.4	0	-0.43033	-0.42919	0
1.285	-0.42972	-0.4	0	-0.42972	-0.42962	0
1.29	-0.42908	-0.4	0	-0.42908	-0.43002	0
1.295	-0.4284	-0.4	0	-0.4284	-0.43034	0
1.3	-0.42774	-0.4	0	-0.42774	-0.43054	0
1.305	-0.42707	-0.4	0	-0.42707	-0.43069	0
1.31	-0.42638	-0.4	0	-0.42638	-0.43081	0
1.315	-0.42567	-0.4	0	-0.42567	-0.43087	0
1.32	-0.42502	-0.4	0	-0.42502	-0.43092	0
1.325	-0.42432	-0.4	0	-0.42432	-0.43109	0
1.33	-0.42362	-0.4	0	-0.42362	-0.43139	0
1.335	-0.4229	-0.4	0	-0.4229	-0.43171	0
1.34	-0.42216	-0.4	0	-0.42216	-0.43194	0
1.345	-0.42141	-0.4	0	-0.42141	-0.43195	0
1.35	-0.42065	-0.4	0	-0.42065	-0.43171	0
1.355	-0.41995	-0.4	0	-0.41995	-0.43136	0
1.36	-0.41923	-0.4	0	-0.41923	-0.43119	0
1.365	-0.41851	-0.4	0	-0.41851	-0.43131	0
1.37	-0.41778	-0.4	0	-0.41778	-0.43156	0
1.375	-0.41699	-0.4	0	-0.41699	-0.43164	0
1.38	-0.41625	-0.4	0	-0.41625	-0.43144	0
1.385	-0.41552	-0.4	0	-0.41552	-0.43112	0
1.39	-0.41479	-0.4	0	-0.41479	-0.43093	0
1.395	-0.41401	-0.4	0	-0.41401	-0.43088	0
1.4	-0.41327	-0.4	0	-0.41327	-0.43088	0
1.405	-0.41253	-0.4	0	-0.41253	-0.43098	0
1.41	-0.41176	-0.4	0	-0.41176	-0.43118	0
1.415	-0.41095	-0.4	0	-0.41095	-0.43136	0
1.42	-0.4102	-0.4	0	-0.4102	-0.43147	0
1.425	-0.40942	-0.4	0	-0.40942	-0.43157	0
1.43	-0.40859	-0.4	0	-0.40859	-0.43162	0
1.435	-0.4078	-0.4	0	-0.4078	-0.43158	0
1.44	-0.40702	-0.4	0	-0.40702	-0.43154	0
1.445	-0.4062	-0.4	0	-0.4062	-0.43159	0
1.45	-0.4054	-0.4	0	-0.4054	-0.43171	0
1.455	-0.40457	-0.4	0	-0.40457	-0.4319	0
1.46	-0.40375	-0.4	0	-0.40375	-0.43216	0
1.465	-0.4029	-0.4	0	-0.4029	-0.43247	0
1.47	-0.40207	-0.4	0	-0.40207	-0.43276	0
1.475	-0.4012	-0.4	0	-0.4012	-0.43289	0
1.48	-0.40034	-0.4	0	-0.40034	-0.43276	0
1.485	-0.39949	-0.4	0	-0.39949	-0.4325	0
1.49	-0.39868	-0.4	0	-0.39868	-0.43238	0
1.495	-0.3978	-0.4	0	-0.3978	-0.43257	0
1.5	-0.397	-0.4	0	-0.397	-0.43304	0
1.505	-0.39611	-0.4	0	-0.39611	-0.43359	0
1.51	-0.39521	-0.4	0	-0.39521	-0.43402	0
1.515	-0.39433	-0.4	0	-0.39433	-0.43433	0
1.52	-0.39345	-0.4	0	-0.39345	-0.43465	0
1.525	-0.39254	-0.4	0	-0.39254	-0.43508	0
1.53	-0.39159	-0.4	0	-0.39159	-0.43548	0
1.535	-0.39067	-0.4	0	-0.39067	-0.4358	0
1.54	-0.38975	-0.4	0	-0.38975	-0.43615	0
1.545	-0.38882	-0.4	0	-0.38882	-0.43661	0
1.55	-0.38782	-0.4	0	-0.38782	-0.43703	0
1.555	-0.38687	-0.4	0	-0.38687	-0.43735	0
1.56	-0.38593	-0.4	0	-0.38593	-0.43778	0
1.565	-0.38493	-0.4	0	-0.38493	-0.43845	0
1.57	-0.3839	-0.4	0	-0.3839	-0.43913	0
1.575	-0.38286	-0.4	0	-0.38286	-0.43954	0
1.58	-0.38184	-0.4	0	-0.38184	-0.43978	0
1.585	-0.38081	-0.4	0	-0.38081	-0.44006	0
1.59	-0.37977	-0.4	0	-0.37977	-0.44041	0
1.595	-0.37869	-0.4	0	-0.37869	-0.44071	0
1.6	-0.37766	-0.4	0	-0.37766	-0.44093	0
1.605	-0.37658	-0.4	0	-0.37658	-0.44122	0
1.61	-0.3755	-0.4	0	-0.3755	-0.44164	0
1.615	-0.37441	-0.4	0	-0.37441	-0.44213	0
1.62	-0.37328	-0.4	0	-0.37328	-0.44251	0
1.625	-0.37219	-0.4	0	-0.37219	-0.44274	0
1.63	-0.3711	-0.4	0	-0.3711	-0.44304	0
1.635	-0.36999	-0.4	0	-0.36999	-0.44356	0
1.64	-0.36884	-0.4	0	-0.36884	-0.4442	0
1.645	-0.36767	-0.4	0	-0.36767	-0.44472	0
1.65	-0.36648	-0.4	0	-0.36648	-0.44504	0
1.655	-0.36533	-0.4	0	-0.36533	-0.44529	0
1.66	-0.36414	-0.4	0	-0.36414	-0.44562	0
1.665	-0.36291	-0.4	0	-0.36291	-0.44602	0
1.67	-0.36167	-0.4	0	-0.36167	-0.44629	0
1.675	-0.36045	-0.4	0	-0.36045	-0.44644	0
1.68	-0.35925	-0.4	0	-0.35925	-0.4467	0
1.685	-0.35799	-0.4	0	-0.35799	-0.44719	0
1.69	-0.35667	-0.4	0	-0.35667	-0.44772	0
1.695	-0.35535	-0.4	0	-0.35535	-0.44805	0
1.7	-0.3541	-0.4	0	-0.3541	-0.44824	0
1.705	-0.35277	-0.4	0	-0.35277	-0.44852	0
1.71	-0.3514	-0.4	0	-0.3514	-0.44893	0
1.715	-0.35011	-0.4	0	-0.35011	-0.44934	0
1.72	-0.3487	-0.4	0	-0.3487	-0.44959	0
1.725	-0.34729	-0.4	0	-0.34729	-0.44961	0
1.73	-0.34593	-0.4	0	-0.34593	-0.44952	0
1.735	-0.34453	-0.4	0	-0.34453	-0.44955	0
1.74	-0.34309	-0.4	0	-0.34309	-0.44972	0
1.745	-0.34169	-0.4	0	-0.34169	-0.4499	0
1.75	-0.34022	-0.4	0	-0.34022	-0.45003	0
1.755	-0.3388	-0.4	0	-0.3388	-0.45009	0
1.76	-0.3373	-0.4	0	-0.3373	-0.45007	0
1.765	-0.33582	-0.4	0	-0.33582	-0.44997	0
1.77	-0.33431	-0.4	0	-0.33431	-0.44992	0
1.775	-0.33285	-0.4	0	-0.33285	-0.45009	0
1.78	-0.33124	-0.4	0	-0.33124	-0.45043	0
1.785	-0.32968	-0.4	0	-0.32968	-0.45075	0
1.79	-0.32804	-0.4	0	-0.32804	-0.45087	0
1.795	-0.32641	-0.4	0	-0.32641	-0.4507	0
1.8	-0.32478	-0.4	0	-0.32478	-0.45023	0
1.805	-0.32314	-0.4	0	-0.32314	-0.4496	0
1.81	-0.32154	-0.4	0	-0.32154	-0.44911	0
1.815	-0.3199	-0.4	0	-0.3199	-0.44897	0
1.82	-0.31821	-0.4	0	-0.31821	-0.44907	0
1.825	-0.3165	-0.4	0	-0.3165	-0.44914	0
1.83	-0.31482	-0.4	0	-0.31482	-0.44907	0
1.835	-0.31306	-0.4	0	-0.31306	-0.44889	0
1.84	-0.31132	-0.4	0	-0.31132	-0.44866	0
1.845	-0.30953	-0.4	0	-0.30953	-0.44841	0
1.85	-0.30774	-0.4	0	-0.30774	-0.44817	0
1.855	-0.30594	-0.4	0	-0.30594	-0.44801	0
1.86	-0.30411	-0.4	0	-0.30411	-0.44791	0
1.865	-0.30226	-0.4	0	-0.30226	-0.44778	0
1.87	-0.30038	-0.4	0	-0.30038	-0.44754	0
1.875	-0.29852	-0.4	0	-0.29852	-0.4472	0
1.88	-0.29659	-0.4	0	-0.29659	-0.44676	0
1.885	-0.2947	-0.4	0	-0.2947	-0.44618	0
1.89	-0.2928	-0.4	0	-0.2928	-0.44558	0
1.895	-0.29088	-0.4	0	-0.29088	-0.44517	0
1.9	-0.28902	-0.4	0	-0.28902	-0.44513	0
1.905	-0.28708	-0.4	0	-0.28708	-0.44542	0
1.91	-0.28506	-0.4	0	-0.28506	-0.44572	0
1.915	-0.28311	-0.4	0	-0.28311	-0.44575	0
1.92	-0.28118	-0.4	0	-0.28118	-0.44565	0
1.925	-0.27921	-0.4	0	-0.27921	-0.44574	0
1.93	-0.27727	-0.4	0	-0.27727	-0.44617	0
1.935	-0.27526	-0.4	0	-0.27526	-0.44691	0
1.94	-0.27327	-0.4	0	-0.27327	-0.44784	0
1.945	-0.27121	-0.4	0	-0.27121	-0.44893	0
1.95	-0.26915	-0.4	0	-0.26915	-0.45005	0
1.955	-0.26703	-0.4	0	-0.26703	-0.45096	0
1.96	-0.26487	-0.4	0	-0.26487	-0.4515	0
1.965	-0.26274	-0.4	0	-0.26274	-0.45185	0
1.97	-0.26062	-0.4	0	-0.26062	-0.45244	0
1.975	-0.2584	-0.4	0	-0.2584	-0.4535	0
1.98	-0.25608	-0.4	0	-0.25608	-0.45481	0
1.985	-0.25374	-0.4	0	-0.25374	-0.45613	0
1.99	-0.2514	-0.4	0	-0.2514	-0.45745	0
1.995	-0.24891	-0.4	0	-0.24891	-0.45884	0
2	-0.24641	-0.4	0	-0.24641	-0.46025	0
2.005	-0.24386	-0.4	0	-0.24386	-0.46165	0
2.01	-0.24121	-0.4	0	-0.24121	-0.46311	0
2.015	-0.23857	-0.4	0	-0.23857	-0.46481	0
2.02	-0.23588	-0.4	0	-0.23588	-0.46691	0
2.025	-0.23304	-0.4	0	-0.23304	-0.46924	0
2.03	-0.23018	-0.4	0	-0.23018	-0.47142	0
2.035	-0.22724	-0.4	0	-0.22724	-0.47336	0
2.04	-0.22422	-0.4	0	-0.22422	-0.47544	0
2.045	-0.22125	-0.4	0	-0.22125	-0.47806	0
2.05	-0.21807	-0.4	0	-0.21807	-0.48133	0
2.055	-0.21479	-0.4	0	-0.21479	-0.48501	0
2.06	-0.21148	-0.4	0	-0.21148	-0.48884	0
2.065	-0.20799	-0.4	0	-0.20799	-0.49267	0
2.07	-0.20443	-0.4	0	-0.20443	-0.49644	0
2.075	-0.20075	-0.4	0	-0.20075	-0.5004	0
2.08	-0.19693	-0.4	0	-0.19693	-0.50512	0
2.085	-0.1932	-0.4	0	-0.1932	-0.51101	0
2.09	-0.18892	-0.4	0	-0.18892	-0.51774	0
2.095	-0.18454	-0.4	0	-0.18454	-0.52427	0
2.1	-0.18006	-0.4	0	-0.18006	-0.52988	0
2.105	-0.17555	-0.4	0	-0.17555	-0.53459	0
2.11	-0.17087	-0.4	0	-0.17087	-0.53848	0
2.115	-0.16606	-0.4	0	-0.16606	-0.5415	0
2.12	-0.16124	-0.4	0	-0.16124	-0.54425	0
2.125	-0.15656	-0.4	0	-0.15656	-0.54818	0
2.13	-0.15144	-0.4	0	-0.15144	-0.55375	0
2.135	-0.14629	-0.4	0	-0.14629	-0.5596	0
2.14	-0.14112	-0.4	0	-0.14112	-0.56442	0
2.145	-0.13588	-0.4	0	-0.13588	-0.56819	0
2.15	-0.13063	-0.4	0	-0.13063	-0.57138	0
2.155	-0.12517	-0.4	0	-0.12517	-0.57404	0
2.16	-0.1199	-0.4	0	-0.1199	-0.57636	0
2.165	-0.11461	-0.4	0	-0.11461	-0.57892	0
2.17	-0.10917	-0.4	0	-0.10917	-0.5819	0
2.175	-0.10371	-0.4	0	-0.10371	-0.58471	0
2.18	-0.098198	-0.4	0	-0.098198	-0.5869	0
2.185	-0.092766	-0.4	0	-0.092766	-0.58893	0
2.19	-0.087187	-0.4	0	-0.087187	-0.5915	0
2.195	-0.081733	-0.4	0	-0.081733	-0.59458	0
2.2	-0.075988	-0.4	0	-0.075988	-0.59721	0
2.205	-0.070378	-0.4	0	-0.070378	-0.59839	0
2.21	-0.064737	-0.4	0	-0.064737	-0.59829	0
2.215	-0.059156	-0.4	0	-0.059156	-0.59793	0
2.22	-0.053536	-0.4	0	-0.053536	-0.59793	0
2.225	-0.047886	-0.4	0	-0.047886	-0.59824	0
2.23	-0.042316	-0.4	0	-0.042316	-0.59874	0
2.235	-0.036671	-0.4	0	-0.036671	-0.59933	0
2.24	-0.030973	-0.4	0	-0.030973	-0.5997	0
2.245	-0.025352	-0.4	0	-0.025352	-0.59961	0
2.25	-0.019757	-0.4	0	-0.019757	-0.59943	0
2.255	-0.014089	-0.4	0	-0.014089	-0.59957	0
2.26	-0.0084802	-0.4	0	-0.0084802	-0.59992	0
2.265	-0.0027813	-0.4	0	-0.0027813	-0.6	0
2.27	0.0028517	-0.4	0	0.0028517	-0.59962	0
2.275	0.0083813	-0.4	0	0.0083813	-0.59917	0
2.28	0.013998	-0.4	0	0.013998	-0.59903	0
2.285	0.01963	-0.4	0	0.01963	-0.59901	0
2.29	0.025176	-0.4	0	0.025176	-0.59891	0
2.295	0.030697	-0.4	0	0.030697	-0.59897	0
2.3	0.036301	-0.4	0	0.036301	-0.59928	0
2.305	0.041885	-0.4	0	0.041885	-0.59952	0
2.31	0.04744	-0.4	0	0.04744	-0.59946	0
2.315	0.053028	-0.4	0	0.053028	-0.59908	0
2.32	0.058609	-0.4	0	0.058609	-0.59847	0
2.325	0.06412	-0.4	0	0.06412	-0.5979	0
2.33	0.069669	-0.4	0	0.069669	-0.5977	0
2.335	0.075255	-0.4	0	0.075255	-0.5977	0
2.34	0.080833	-0.4	0	0.080833	-0.59745	0
2.345	0.086426	-0.4	0	0.086426	-0.59671	0
2.35	0.091977	-0.4	0	0.091977	-0.59563	0
2.355	0.097502	-0.4	0	0.097502	-0.59451	0
2.36	0.10306	-0.4	0	0.10306	-0.59345	0
2.365	0.10858	-0.4	0	0.10858	-0.59238	0
2.37	0.11409	-0.4	0	0.11409	-0.59118	0
2.375	0.1196	-0.4	0	0.1196	-0.58985	0
2.38	0.12507	-0.4	0	0.12507	-0.58851	0
2.385	0.13051	-0.4	0	0.13051	-0.58732	0
2.39	0.13599	-0.4	0	0.13599	-0.58621	0
2.395	0.14143	-0.4	0	0.14143	-0.58501	0
2.4	0.14683	-0.4	0	0.14683	-0.58365	0
2.405	0.15225	-0.4	0	0.15225	-0.58219	0
2.41	0.15762	-0.4	0	0.15762	-0.58066	0
2.415	0.16302	-0.4	0	0.16302	-0.57904	0
2.42	0.16838	-0.4	0	0.16838	-0.57722	0
2.425	0.17366	-0.4	0	0.17366	-0.57514	0
2.43	0.17895	-0.4	0	0.17895	-0.57287	0
2.435	0.18422	-0.4	0	0.18422	-0.57041	0
2.44	0.18936	-0.4	0	0.18936	-0.56789	0
2.445	0.1945	-0.4	0	0.1945	-0.56561	0
2.45	0.19965	-0.4	0	0.19965	-0.56363	0
2.455	0.20474	-0.4	0	0.20474	-0.56171	0
2.46	0.2098	-0.4	0	0.2098	-0.55958	0
2.465	0.21486	-0.4	0	0.21486	-0.55711	0
2.47	0.21982	-0.4	0	0.21982	-0.55429	0
2.475	0.22474	-0.4	0	0.22474	-0.55129	0
2.48	0.22947	-0.4	0	0.22947	-0.54837	0
2.485	0.23414	-0.4	0	0.23414	-0.54574	0
2.49	0.23877	-0.4	0	0.23877	-0.54325	0
2.495	0.24339	-0.4	0	0.24339	-0.54063	0
2.5	0.24807	-0.4	0	0.24807	-0.53762	0
2.505	0.25279	-0.4	0	0.25279	-0.53388	0
2.51	0.25744	-0.4	0	0.25744	-0.52905	0
2.515	0.26194	-0.4	0	0.26194	-0.52314	0
2.52	0.26632	-0.4	0	0.26632	-0.51651	0
2.525	0.27041	-0.4	0	0.27041	-0.50968	0
2.53	0.27437	-0.4	0	0.27437	-0.50304	0
2.535	0.27815	-0.4	0	0.27815	-0.497	0
2.54	0.28177	-0.4	0	0.28177	-0.49203	0
2.545	0.28535	-0.4	0	0.28535	-0.48841	0
2.55	0.28871	-0.4	0	0.28871	-0.48609	0
2.555	0.29202	-0.4	0	0.29202	-0.48487	0
2.56	0.2952	-0.4	0	0.2952	-0.48432	0
2.565	0.29834	-0.4	0	0.29834	-0.48393	0
2.57	0.30137	-0.4	0	0.30137	-0.48337	0
2.575	0.30434	-0.4	0	0.30434	-0.48248	0
2.58	0.3072	-0.4	0	0.3072	-0.48103	0
2.585	0.30984	-0.4	0	0.30984	-0.479	0
2.59	0.31232	-0.4	0	0.31232	-0.47673	0
2.595	0.31473	-0.4	0	0.31473	-0.47469	0
2.6	0.31703	-0.4	0	0.31703	-0.47305	0
2.605	0.3193	-0.4	0	0.3193	-0.47175	0
2.61	0.32151	-0.4	0	0.32151	-0.47069	0
2.615	0.32366	-0.4	0	0.32366	-0.46978	0
2.62	0.32582	-0.4	0	0.32582	-0.46889	0
2.625	0.32792	-0.4	0	0.32792	-0.46792	0
2.63	0.32993	-0.4	0	0.32993	-0.46688	0
2.635	0.33192	-0.4	0	0.33192	-0.46578	0
2.64	0.3339	-0.4	0	0.3339	-0.46451	0
2.645	0.33578	-0.4	0	0.33578	-0.46297	0
2.65	0.33757	-0.4	0	0.33757	-0.46132	0
2.655	0.33932	-0.4	0	0.33932	-0.45976	0
2.66	0.34103	-0.4	0	0.34103	-0.45828	0
2.665	0.34268	-0.4	0	0.34268	-0.45669	0
2.67	0.34424	-0.4	0	0.34424	-0.45498	0
2.675	0.34574	-0.4	0	0.34574	-0.45325	0
2.68	0.34722	-0.4	0	0.34722	-0.45156	0
2.685	0.34863	-0.4	0	0.34863	-0.44987	0
2.69	0.34995	-0.4	0	0.34995	-0.44819	0
2.695	0.35126	-0.4	0	0.35126	-0.44657	0
2.7	0.35247	-0.4	0	0.35247	-0.44501	0
2.705	0.35365	-0.4	0	0.35365	-0.44343	0
2.71	0.35477	-0.4	0	0.35477	-0.44178	0
2.715	0.3558	-0.4	0	0.3558	-0.44013	0
2.72	0.35678	-0.4	0	0.35678	-0.43867	0
2.725	0.35773	-0.4	0	0.35773	-0.43738	0
2.73	0.35865	-0.4	0	0.35865	-0.43612	0
2.735	0.35949	-0.4	0	0.35949	-0.43484	0
2.74	0.36027	-0.4	0	0.36027	-0.43365	0
2.745	0.36103	-0.4	0	0.36103	-0.43268	0
2.75	0.36176	-0.4	0	0.36176	-0.43188	0
2.755	0.36247	-0.4	0	0.36247	-0.43113	0
2.76	0.36314	-0.4	0	0.36314	-0.43035	0
2.765	0.36378	-0.4	0	0.36378	-0.4296	0
2.77	0.36438	-0.4	0	0.36438	-0.42902	0
2.775	0.365	-0.4	0	0.365	-0.4287	0
2.78	0.36559	-0.4	0	0.36559	-0.42844	0
2.785	0.36622	-0.4	0	0.36622	-0.42783	0
2.79	0.3667	-0.4	0	0.3667	-0.42672	0
2.795	0.3672	-0.4	0	0.3672	-0.42548	0
2.8	0.36768	-0.4	0	0.36768	-0.4244	0
2.805	0.36811	-0.4	0	0.36811	-0.42352	0
2.81	0.3685	-0.4	0	0.3685	-0.4228	0
2.815	0.3689	-0.4	0	0.3689	-0.42223	0
2.82	0.36926	-0.4	0	0.36926	-0.42176	0
2.825	0.36961	-0.4	0	0.36961	-0.42135	0
2.83	0.36998	-0.4	0	0.36998	-0.4209	0
2.835	0.37034	-0.4	0	0.37034	-0.42028	0
2.84	0.37063	-0.4	0	0.37063	-0.41957	0
2.845	0.37092	-0.4	0	0.37092	-0.41897	0
2.85	0.3712	-0.4	0	0.3712	-0.41857	0
2.855	0.37147	-0.4	0	0.37147	-0.41831	0
2.86	0.37174	-0.4	0	0.37174	-0.41804	0
2.865	0.37205	-0.4	0	0.37205	-0.41759	0
2.87	0.3723	-0.4	0	0.3723	-0.41693	0
2.875	0.3725	-0.4	0	0.3725	-0.41626	0
2.88	0.37273	-0.4	0	0.37273	-0.41578	0
2.885	0.37298	-0.4	0	0.37298	-0.41539	0
2.89	0.37322	-0.4	0	0.37322	-0.41492	0
2.895	0.37342	-0.4	0	0.37342	-0.41438	0
2.9	0.37361	-0.4	0	0.37361	-0.41387	0
2.905	0.37384	-0.4	0	0.37384	-0.41334	0
2.91	0.37402	-0.4	0	0.37402	-0.41271	0
2.915	0.37417	-0.4	0	0.37417	-0.41203	0
2.92	0.37436	-0.4	0	0.37436	-0.41136	0
2.925	0.37451	-0.4	0	0.37451	-0.41072	0
2.93	0.37462	-0.4	0	0.37462	-0.41014	0
2.935	0.37477	-0.4	0	0.37477	-0.40958	0
2.94	0.37489	-0.4	0	0.37489	-0.40895	0
2.945	0.37496	-0.4	0	0.37496	-0.40829	0
2.95	0.37506	-0.4	0	0.37506	-0.40773	0
2.955	0.37515	-0.4	0	0.37515	-0.4073	0
2.96	0.37522	-0.4	0	0.37522	-0.40698	0
2.965	0.37531	-0.4	0	0.37531	-0.40673	0
2.97	0.3754	-0.4	0	0.3754	-0.40651	0
2.975	0.37547	-0.4	0	0.37547	-0.40626	0
2.98	0.37556	-0.4	0	0.37556	-0.40599	0
2.985	0.37563	-0.4	0	0.37563	-0.40575	0
2.99	0.37571	-0.4	0	0.37571	-0.40556	0
2.995	0.37581	-0.4	0	0.37581	-0.40537	0
3	0.37588	-0.4	0	0.37588	-0.40517	0
3.005	0.37596	-0.4	0	0.37596	-0.40501	0
3.01	0.37606	-0.4	0	0.37606	-0.40485	0
3.015	0.37616	-0.4	0	0.37616	-0.4046	0
3.02	0.37622	-0.4	0	0.37622	-0.40427	0
3.025	0.37628	-0.4	0	0.37628	-0.404	0
3.03	0.37636	-0.4	0	0.37636	-0.40387	0
3.035	0.37644	-0.4	0	0.37644	-0.40385	0
3.04	0.37651	-0.4	0	0.37651	-0.40381	0
3.045	0.37658	-0.4	0	0.37658	-0.40368	0
3.05	0.37665	-0.4	0	0.37665	-0.40345	0
3.055	0.3767	-0.4	0	0.3767	-0.40311	0
3.06	0.37674	-0.4	0	0.37674	-0.40278	0
3.065	0.37678	-0.4	0	0.37678	-0.40253	0
3.07	0.37684	-0.4	0	0.37684	-0.40239	0
3.075	0.37689	-0.4	0	0.37689	-0.40233	0
3.08	0.37692	-0.4	0	0.37692	-0.40234	0
3.085	0.37697	-0.4	0	0.37697	-0.4024	0
3.09	0.37702	-0.4	0	0.37702	-0.40242	0
3.095	0.37707	-0.4	0	0.37707	-0.40231	0
3.1	0.37712	-0.4	0	0.37712	-0.40207	0
3.105	0.37714	-0.4	0	0.37714	-0.4018	0
3.11	0.37716	-0.4	0	0.37716	-0.40162	0
3.115	0.37719	-0.4	0	0.37719	-0.40156	0
3.12	0.3772	-0.4	0	0.3772	-0.40158	0
3.125	0.3772	-0.4	0	0.3772	-0.40171	0
3.13	0.37723	-0.4	0	0.37723	-0.40191	0
3.135	0.37727	-0.4	0	0.37727	-0.402	0
3.14	0.3773	-0.4	0	0.3773	-0.40177	0
3.145	0.37731	-0.4	0	0.37731	-0.40124	0
3.15	0.37729	-0.4	0	0.37729	-0.40065	0
3.155	0.37725	-0.4	0	0.37725	-0.40027	0
3.16	0.37721	-0.4	0	0.37721	-0.40023	0
3.165	0.37719	-0.4	0	0.37719	-0.40041	0
3.17	0.37718	-0.4	0	0.37718	-0.40059	0
3.175	0.37716	-0.4	0	0.37716	-0.40061	0
3.18	0.37713	-0.4	0	0.37713	-0.40044	0
3.185	0.37709	-0.4	0	0.37709	-0.40021	0
3.19	0.37705	-0.4	0	0.37705	-0.40004	0
3.195	0.37705	-0.4	0	0.37705	-0.40004	0
3.2	0.37705	-0.4	0	0.37705	-0.40004	0
3.205	0.37705	-0.4	0	0.37705	-0.40004	0
3.21	0.37705	-0.4	0	0.37705	-0.40004	0
3.215	0.37705	-0.4	0	0.37705	-0.40004	0
3.22	0.37705	-0.4	0	0.37705	-0.40004	0
3.225	0.37705	-0.4	0	0.37705	-0.40004	0
3.23	0.37705	-0.4	0	0.37705	-0.40004	0
3.235	0.37705	-0.4	0	0.37705	-0.40004	0
3.24	0.37705	-0.4	0	0.37705	-0.40004	0
3.245	0.37705	-0.4	0	0.37705	-0.40004	0
3.25	0.37705	-0.4	0	0.37705	-0.40004	0
3.255	0.37705	-0.4	0	0.37705	-0.40004	0
3.26	0.37705	-0.4	0	0.37705	-0.40004	0
3.265	0.37705	-0.4	0	0.37705	-0.40004	0
3.27	0.37705	-0.4	0	0.37705	-0.40004	0
3.275	0.37705	-0.4	0	0.37705	-0.40004	0
3.28	0.37705	-0.4	0	0.37705	-0.40004	0
3.285	0.37705	-0.4	0	0.37705	-0.40004	0
3.29	0.37705	-0.4	0	0.37705	-0.40004	0
3.295	0.37705	-0.4	0	0.37705	-0.40004	0
3.3	0.37705	-0.4	0	0.37705	-0.40004	0
3.305	0.37705	-0.4	0	0.37705	-0.40004	0
3.31	0.37705	-0.4	0	0.37705	-0.40004	0
3.315	0.37705	-0.4	0	0.37705	-0.40004	0
3.32	0.37705	-0.4	0	0.37705	-0.40004	0
3.325	0.37705	-0.4	0	0.37705	-0.40004	0
3.33	0.37705	-0.4	0	0.37705	-0.40004	0
3.335	0.37705	-0.4	0	0.37705	-0.40004	0
3.34	0.37705	-0.4	0	0.37705	-0.40004	0
3.345	0.37705	-0.4	0	0.37705	-0.40004	0
3.35	0.37705	-0.4	0	0.37705	-0.40004	0
3.355	0.37705	-0.4	0	0.37705	-0.40004	0
3.36	0.37705	-0.4	0	0.37705	-0.40004	0
3.365	0.37705	-0.4	0	0.37705	-0.40004	0
3.37	0.37705	-0.4	0	0.37705	-0.40004	0
3.375	0.37705	-0.4	0	0.37705	-0.40004	0
3.38	0.37705	-0.4	0	0.37705	-0.40004	0
3.385	0.37705	-0.4	0	0.37705	-0.40004	0
3.39	0.37705	-0.4	0	0.37705	-0.40004	0
3.395	0.37705	-0.4	0	0.37705	-0.40004	0
3.4	0.37705	-0.4	0	0.37705	-0.40004	0
3.405	0.37705	-0.4	0	0.37705	-0.40004	0
3.41	0.37705	-0.4	0	0.37705	-0.40004	0
3.415	0.37705	-0.4	0	0.37705	-0.40004	0
3.42	0.37705	-0.4	0	0.37705	-0.40004	0
3.425	0.37705	-0.4	0	0.37705	-0.40004	0
3.43	0.37705	-0.4	0	0.37705	-0.40004	0
3.435	0.37705	-0.4	0	0.37705	-0.40004	0
3.44	0.37705	-0.4	0	0.37705	-0.40004	0
3.445	0.37705	-0.4	0	0.37705	-0.40004	0
3.45	0.37705	-0.4	0	0.37705	-0.40004	0
3.455	0.37705	-0.4	0	0.37705	-0.40004	0
3.46	0.37705	-0.4	0	0.37705	-0.40004	0
3.465	0.37705	-0.4	0	0.37705	-0.40004	0
3.47	0.37705	-0.4	0	0.37705	-0.40004	0
3.475	0.37705	-0.4	0	0.37705	-0.40004	0
3.48	0.37705	-0.4	0	0.37705	-0.40004	0
3.485	0.37705	-0.4	0	0.37705	-0.40004	0
3.49	0.37705	-0.4	0	0.37705	-0.40004	0
3.495	0.37705	-0.4	0	0.37705	-0.40004	0
3.5	0.37705	-0.4	0	0.37705	-0.40004	0
3.505	0.37705	-0.4	0	0.37705	-0.40004	0
3.51	0.37705	-0.4	0	0.37705	-0.40004	0
3.515	0.37705	-0.4	0	0.37705	-0.40004	0
3.52	0.37705	-0.4	0	0.37705	-0.40004	0
3.525	0.37705	-0.4	0	0.37705	-0.40004	0
3.53	0.37705	-0.4	0	0.37705	-0.40004	0
3.535	0.37705	-0.4	0	0.37705	-0.40004	0
3.54	0.37705	-0.4	0	0.37705	-0.40004	0
3.545	0.37705	-0.4	0	0.37705	-0.40004	0
3.55	0.37705	-0.4	0	0.37705	-0.40004	0
3.555	0.37705	-0.4	0	0.37705	-0.40004	0
3.56	0.37705	-0.4	0	0.37705	-0.40004	0
3.565	0.37705	-0.4	0	0.37705	-0.40004	0
3.57	0.37705	-0.4	0	0.37705	-0.40004	0
3.575	0.37705	-0.4	0	0.37705	-0.40004	0
3.58	0.37705	-0.4	0	0.37705	-0.40004	0
3.585	0.37705	-0.4	0	0.37705	-0.40004	0
3.59	0.37705	-0.4	0	0.37705	-0.40004	0
3.595	0.37705	-0.4	0	0.37705	-0.40004	0
3.6	0.37705	-0.4	0	0.37705	-0.40004	0
3.605	0.37705	-0.4	0	0.37705	-0.40004	0
3.61	0.37705	-0.4	0	0.37705	-0.40004	0
3.615	0.37705	-0.4	0	0.37705	-0.40004	0
3.62	0.37705	-0.4	0	0.37705	-0.40004	0
3.625	0.37705	-0.4	0	0.37705	-0.40004	0
3.63	0.37705	-0.4	0	0.37705	-0.40004	0
3.635	0.37705	-0.4	0	0.37705	-0.40004	0
3.64	0.37705	-0.4	0	0.37705	-0.40004	0
3.645	0.37705	-0.4	0	0.37705	-0.40004	0
3.65	0.37705	-0.4	0	0.37705	-0.40004	0
3.655	0.37705	-0.4	0	0.37705	-0.40004	0
3.66	0.37705	-0.4	0	0.37705	-0.40004	0
3.665	0.37705	-0.4	0	0.37705	-0.40004	0
3.67	0.37705	-0.4	0	0.37705	-0.40004	0
3.675	0.37705	-0.4	0	0.37705	-0.40004	0
3.68	0.37705	-0.4	0	0.37705	-0.40004	0
3.685	0.37705	-0.4	0	0.37705	-0.40004	0
3.69	0.37705	-0.4	0	0.37705	-0.40004	0
3.695	0.37705	-0.4	0	0.37705	-0.40004	0
3.7	0.37705	-0.4	0	0.37705	-0.40004	0
3.705	0.37705	-0.4	0	0.37705	-0.40004	0
3.71	0.37705	-0.4	0	0.37705	-0.40004	0
3.715	0.37705	-0.4	0	0.37705	-0.40004	0
3.72	0.37705	-0.4	0	0.37705	-0.40004	0
3.725	0.37705	-0.4	0	0.37705	-0.40004	0
3.73	0.37705	-0.4	0	0.37705	-0.40004	0
3.735	0.37705	-0.4	0	0.37705	-0.40004	0
3.74	0.37705	-0.4	0	0.37705	-0.40004	0
3.745	0.37705	-0.4	0	0.37705	-0.40004	0
3.75	0.37705	-0.4	0	0.37705	-0.40004	0
3.755	0.37705	-0.4	0	0.37705	-0.40004	0
3.76	0.37705	-0.4	0	0.37705	-0.40004	0
3.765	0.37705	-0.4	0	0.37705	-0.40004	0
3.77	0.37705	-0.4	0	0.37705	-0.40004	0
3.775	0.37705	-0.4	0	0.37705	-0.40004	0
3.78	0.37705	-0.4	0	0.37705	-0.40004	0
3.785	0.37705	-0.4	0	0.37705	-0.40004	0
3.79	0.37705	-0.4	0	0.37705	-0.40004	0
3.795	0.37705	-0.4	0	0.37705	-0.40004	0
3.8	0.37705	-0.4	0	0.37705	-0.40004	0
3.805	0.37705	-0.4	0	0.37705	-0.40004	0
3.81	0.37705	-0.4	0	0.37705	-0.40004	0
3.815	0.37705	-0.4	0	0.37705	-0.40004	0
3.82	0.37705	-0.4	0	0.37705	-0.40004	0
3.825	0.37705	-0.4	0	0.37705	-0.40004	0
3.83	0.37705	-0.4	0	0.37705	-0.40004	0
3.835	0.37705	-0.4	0	0.37705	-0.40004	0
3.84	0.37705	-0.4	0	0.37705	-0.40004	0
3.845	0.37705	-0.4	0	0.37705	-0.40004	0
3.85	0.37705	-0.4	0	0.37705	-0.40004	0
3.855	0.37705	-0.4	0	0.37705	-0.40004	0
3.86	0.37705	-0.4	0	0.37705	-0.40004	0
3.865	0.37705	-0.4	0	0.37705	-0.40004	0
3.87	0.37705	-0.4	0	0.37705	-0.40004	0
3.875	0.37705	-0.4	0	0.37705	-0.40004	0
3.88	0.37705	-0.4	0	0.37705	-0.40004	0
3.885	0.37705	-0.4	0	0.37705	-0.40004	0
3.89	0.37705	-0.4	0	0.37705	-0.40004	0
3.895	0.37705	-0.4	0	0.37705	-0.40004	0
3.9	0.37705	-0.4	0	0.37705	-0.40004	0
3.905	0.37705	-0.4	0	0.37705	-0.40004	0
3.91	0.37705	-0.4	0	0.37705	-0.40004	0
3.915	0.37705	-0.4	0	0.37705	-0.40004	0
3.92	0.37705	-0.4	0	0.37705	-0.40004	0
3.925	0.37705	-0.4	0	0.37705	-0.40004	0
3.93	0.37705	-0.4	0	0.37705	-0.40004	0
3.935	0.37705	-0.4	0	0.37705	-0.40004	0
3.94	0.37705	-0.4	0	0.37705	-0.40004	0
3.945	0.37705	-0.4	0	0.37705	-0.40004	0
3.95	0.37705	-0.4	0	0.37705	-0.40004	0
3.955	0.37705	-0.4	0	0.37705	-0.40004	0
3.96	0.37705	-0.4	0	0.37705	-0.40004	0
3.965	0.37705	-0.4	0	0.37705	-0.40004	0
3.97	0.37705	-0.4	0	0.37705	-0.40004	0
3.975	0.37705	-0.4	0	0.37705	-0.40004	0
3.98	0.37705	-0.4	0	0.37705	-0.40004	0
3.985	0.37705	-0.4	0	0.37705	-0.40004	0
3.99	0.37705	-0.4	0	0.37705	-0.40004	0
3.995	0.37705	-0.4	0	0.37705	-0.40004	0
4	0.37705	-0.4	0	0.37705	-0.40004	0
4.005	0.37705	-0.4	0	0.37705	-0.40004	0
4.01	0.37705	-0.4	0	0.37705	-0.40004	0
4.015	0.37705	-0.4	0	0.37705	-0.40004	0
4.02	0.37705	-0.4	0	0.37705	-0.40004	0
4.025	0.37705	-0.4	0	0.37705	-0.40004	0
4.03	0.37705	-0.4	0	0.37705	-0.40004	0
4.035	0.37705	-0.4	0	0.37705	-0.40004	0
4.04	0.37705	-0.4	0	0.37705	-0.40004	0
4.045	0.37705	-0.4	0	0.37705	-0.40004	0
4.05	0.37705	-0.4	0	0.37705	-0.40004	0
4.055	0.37705	-0.4	0	0.37705	-0.40004	0
4.06	0.37705	-0.4	0	0.37705	-0.40004	0
4.065	0.37705	-0.4	0	0.37705	-0.40004	0
4.07	0.37705	-0.4	0	0.37705	-0.40004	0
4.075	0.37705	-0.4	0	0.37705	-0.40004	0
4.08	0.37705	-0.4	0	0.37705	-0.40004	0
4.085	0.37705	-0.4	0	0.37705	-0.40004	0
4.09	0.37705	-0.4	0	0.37705	-0.40004	0
4.095	0.37705	-0.4	0	0.37705	-0.40004	0
4.1	0.37705	-0.4	0	0.37705	-0.40004	0
4.105	0.37705	-0.4	0	0.37705	-0.40004	0
4.11	0.37705	-0.4	0	0.37705	-0.40004	0
4.115	0.37705	-0.4	0	0.37705	-0.40004	0
4.12	0.37705	-0.4	0	0.37705	-0.40004	0
4.125	0.37705	-0.4	0	0.37705	-0.40004	0
4.13	0.37705	-0.4	0	0.37705	-0.40004	0
4.135	0.37705	-0.4	0	0.37705	-0.40004	0
4.14	0.37705	-0.4	0	0.37705	-0.40004	0
4.145	0.37705	-0.4	0	0.37705	-0.40004	0
4.15	0.37705	-0.4	0	0.37705	-0.40004	0
4.155	0.37705	-0.4	0	0.37705	-0.40004	0
4.16	0.37705	-0.4	0	0.37705	-0.40004	0
4.165	0.37705	-0.4	0	0.37705	-0.40004	0
4.17	0.37705	-0.4	0	0.37705	-0.40004	0
4.175	0.37705	-0.4	0	0.37705	-0.40004	0
4.18	0.37705	-0.4	0	0.37705	-0.40004	0
4.185	0.37705	-0.4	0	0.37705	-0.40004	0
4.19	0.37705	-0.4	0	0.37705	-0.40004	0
4.195	0.37705	-0.4	0	0.37705	-0.40004	0
4.2	0.37705	-0.4	0	0.37705	-0.40004	0
4.205	0.37705	-0.4	0	0.37705	-0.40004	0
4.21	0.37705	-0.4	0	0.37705	-0.40004	0
4.215	0.37705	-0.4	0	0.37705	-0.40004	0
4.22	0.37705	-0.4	0	0.37705	-0.40004	0
4.225	0.37705	-0.4	0	0.37705	-0.40004	0
4.23	0.37705	-0.4	0	0.37705	-0.40004	0
4.235	0.37705	-0.4	0	0.37705	-0.40004	0
4.24	0.37705	-0.4	0	0.37705	-0.40004	0
4.245	0.37705	-0.4	0	0.37705	-0.40004	0
4.25	0.37705	-0.4	0	0.37705	-0.40004	0
4.255	0.37705	-0.4	0	0.37705	-0.40004	0
4.26	0.37705	-0.4	0	0.37705	-0.40004	0
4.265	0.37705	-0.4	0	0.37705	-0.40004	0
4.27	0.37705	-0.4	0	0.37705	-0.40004	0
4.275	0.37705	-0.4	0	0.37705	-0.40004	0
4.28	0.37705	-0.4	0	0.37705	-0.40004	0
4.285	0.37705	-0.4	0	0.37705	-0.40004	0
4.29	0.37705	-0.4	0	0.37705	-0.40004	0
4.295	0.37705	-0.4	0	0.37705	-0.40004	0
4.3	0.37705	-0.4	0	0.37705	-0.40004	0
4.305	0.37705	-0.4	0	0.37705	-0.40004	0
4.31	0.37705	-0.4	0	0.37705	-0.40004	0
4.315	0.37705	-0.4	0	0.37705	-0.40004	0
4.32	0.37705	-0.4	0	0.37705	-0.40004	0
4.325	0.37705	-0.4	0	0.37705	-0.40004	0
4.33	0.37705	-0.4	0	0.37705	-0.40004	0
4.335	0.37705	-0.4	0	0.37705	-0.40004	0
4.34	0.37705	-0.4	0	0.37705	-0.40004	0
4.345	0.37705	-0.4	0	0.37705	-0.40004	0
4.35	0.37705	-0.4	0	0.37705	-0.40004	0
4.355	0.37705	-0.4	0	0.37705	-0.40004	0
4.36	0.37705	-0.4	0	0.37705	-0.40004	0
4.365	0.37705	-0.4	0	0.37705	-0.40004	0
4.37	0.37705	-0.4	0	0.37705	-0.40004	0
4.375	0.37705	-0.4	0	0.37705	-0.40004	0
4.38	0.37705	-0.4	0	0.37705	-0.40004	0
4.385	0.37705	-0.4	0	0.37705	-0.40004	0
4.39	0.37705	-0.4	0	0.37705	-0.40004	0
4.395	0.37705	-0.4	0	0.37705	-0.40004	0
4.4	0.37705	-0.4	0	0.37705	-0.40004	0
4.405	0.37705	-0.4	0	0.37705	-0.40004	0
4.41	0.37705	-0.4	0	0.37705	-0.40004	0
4.415	0.37705	-0.4	0	0.37705	-0.40004	0
4.42	0.37705	-0.4	0	0.37705	-0.40004	0
4.425	0.37705	-0.4	0	0.37705	-0.40004	0
4.43	0.37705	-0.4	0	0.37705	-0.40004	0
4.435	0.37705	-0.4	0	0.37705	-0.40004	0
4.44	0.37705	-0.4	0	0.37705	-0.40004	0
4.445	0.37705	-0.4	0	0.37705	-0.40004	0
4.45	0.37705	-0.4	0	0.37705	-0.40004	0
4.455	0.37705	-0.4	0	0.37705	-0.40004	0
4.46	0.37705	-0.4	0	0.37705	-0.40004	0
4.465	0.37705	-0.4	0	0.37705	-0.40004	0
4.47	0.37705	-0.4	0	0.37705	-0.40004	0
4.475	0.37705	-0.4	0	0.37705	-0.40004	0
4.48	0.37705	-0.4	0	0.37705	-0.40004	0
4.485	0.37705	-0.4	0	0.37705	-0.40004	0
4.49	0.37705	-0.4	0	0.37705	-0.40004	0
4.495	0.37705	-0.4	0	0.37705	-0.40004	0
4.5	0.37705	-0.4	0	0.37705	-0.40004	0
4.505	0.37705	-0.4	0	0.37705	-0.40004	0
4.51	0.37705	-0.4	0	0.37705	-0.40004	0
4.515	0.37705	-0.4	0	0.37705	-0.40004	0
4.52	0.37705	-0.4	0	0.37705	-0.40004	0
4.525	0.37705	-0.4	0	0.37705	-0.40004	0
4.53	0.37705	-0.4	0	0.37705	-0.40004	0
4.535	0.37705	-0.4	0	0.37705	-0.40004	0
4.54	0.37705	-0.4	0	0.37705	-0.40004	0
4.545	0.37705	-0.4	0	0.37705	-0.40004	0
4.55	0.37705	-0.4	0	0.37705	-0.40004	0
4.555	0.37705	-0.4	0	0.37705	-0.40004	0
4.56	0.37705	-0.4	0	0.37705	-0.40004	0
4.565	0.37705	-0.4	0	0.37705	-0.40004	0
4.57	0.37705	-0.4	0	0.37705	-0.40004	0
4.575	0.37705	-0.4	0	0.37705	-0.40004	0
4.58	0.37705	-0.4	0	0.37705	-0.40004	0
4.585	0.37705	-0.4	0	0.37705	-0.40004	0
4.59	0.37705	-0.4	0	0.37705	-0.40004	0
4.595	0.37705	-0.4	0	0.37705	-0.40004	0
4.6	0.37705	-0.4	0	0.37705	-0.40004	0
4.605	0.37705	-0.4	0	0.37705	-0.40004	0
4.61	0.37705	-0.4	0	0.37705	-0.40004	0
4.615	0.37705	-0.4	0	0.37705	-0.40004	0
4.62	0.37705	-0.4	0	0.37705	-0.40004	0
4.625	0.37705	-0.4	0	0.37705	-0.40004	0
4.63	0.37705	-0.4	0	0.37705	-0.40004	0
4.635	0.37705	-0.4	0	0.37705	-0.40004	0
4.64	0.37705	-0.4	0	0.37705	-0.40004	0
4.645	0.37705	-0.4	0	0.37705	-0.40004	0
4.65	0.37705	-0.4	0	0.37705	-0.40004	0
4.655	0.37705	-0.4	0	0.37705	-0.40004	0
4.66	0.37705	-0.4	0	0.37705	-0.40004	0
4.665	0.37705	-0.4	0	0.37705	-0.40004	0
4.67	0.37705	-0.4	0	0.37705	-0.40004	0
4.675	0.37705	-0.4	0	0.37705	-0.40004	0
4.68	0.37705	-0.4	0	0.37705	-0.40004	0
4.685	0.37705	-0.4	0	0.37705	-0.40004	0
4.69	0.37705	-0.4	0	0.37705	-0.40004	0
4.695	0.37705	-0.4	0	0.37705	-0.40004	0
4.7	0.37705	-0.4	0	0.37705	-0.40004	0
4.705	0.37705	-0.4	0	0.37705	-0.40004	0
4.71	0.37705	-0.4	0	0.37705	-0.40004	0
4.715	0.37705	-0.4	0	0.37705	-0.40004	0
4.72	0.37705	-0.4	0	0.37705	-0.40004	0
4.725	0.37705	-0.4	0	0.37705	-0.40004	0
4.73	0.37705	-0.4	0	0.37705	-0.40004	0
4.735	0.37705	-0.4	0	0.37705	-0.40004	0
4.74	0.37705	-0.4	0	0.37705	-0.40004	0
4.745	0.37705	-0.4	0	0.37705	-0.40004	0
4.75	0.37705	-0.4	0	0.37705	-0.40004	0
4.755	0.37705	-0.4	0	0.37705	-0.40004	0
4.76	0.37705	-0.4	0	0.37705	-0.40004	0
4.765	0.37705	-0.4	0	0.37705	-0.40004	0
4.77	0.37705	-0.4	0	0.37705	-0.40004	0
4.775	0.37705	-0.4	0	0.37705	-0.40004	0
4.78	0.37705	-0.4	0	0.37705	-0.40004	0
4.785	0.37705	-0.4	0	0.37705	-0.40004	0
4.79	0.37705	-0.4	0	0.37705	-0.40004	0
4.795	0.37705	-0.4	0	0.37705	-0.40004	0
4.8	0.37705	-0.4	0	0.37705	-0.40004	0
4.805	0.37705	-0.4	0	0.37705	-0.40004	0
4.81	0.37705	-0.4	0	0.37705	-0.40004	0
4.815	0.37705	-0.4	0	0.37705	-0.40004	0
4.82	0.37705	-0.4	0	0.37705	-0.40004	0
4.825	0.37705	-0.4	0	0.37705	-0.40004	0
4.83	0.37705	-0.4	0	0.37705	-0.40004	0
4.835	0.37705	-0.4	0	0.37705	-0.40004	0
4.84	0.37705	-0.4	0	0.37705	-0.40004	0
4.845	0.37705	-0.4	0	0.37705	-0.40004	0
4.85	0.37705	-0.4	0	0.37705	-0.40004	0
4.855	0.37705	-0.4	0	0.37705	-0.40004	0
4.86	0.37705	-0.4	0	0.37705	-0.40004	0
4.865	0.37705	-0.4	0	0.37705	-0.40004	0
4.87	0.37705	-0.4	0	0.37705	-0.40004	0
4.875	0.37705	-0.4	0	0.37705	-0.40004	0
4.88	0.37705	-0.4	0	0.37705	-0.40004	0
4.885	0.37705	-0.4	0	0.37705	-0.40004	0
4.89	0.37705	-0.4	0	0.37705	-0.40004	0
4.895	0.37705	-0.4	0	0.37705	-0.40004	0
4.9	0.37705	-0.4	0	0.37705	-0.40004	0
4.905	0.37705	-0.4	0	0.37705	-0.40004	0
4.91	0.37705	-0.4	0	0.37705	-0.40004	0
4.915	0.37705	-0.4	0	0.37705	-0.40004	0
4.92	0.37705	-0.4	0	0.37705	-0.40004	0
4.925	0.37705	-0.4	0	0.37705	-0.40004	0
4.93	0.37705	-0.4	0	0.37705	-0.40004	0
4.935	0.37705	-0.4	0	0.37705	-0.40004	0
4.94	0.37705	-0.4	0	0.37705	-0.40004	0
4.945	0.37705	-0.4	0	0.37705	-0.40004	0
4.95	0.37705	-0.4	0	0.37705	-0.40004	0
4.955	0.37705	-0.4	0	0.37705	-0.40004	0
4.96	0.37705	-0.4	0	0.37705	-0.40004	0
4.965	0.37705	-0.4	0	0.37705	-0.40004	0
4.97	0.37705	-0.4	0	0.37705	-0.40004	0
4.975	0.37705	-0.4	0	0.37705	-0.40004	0
4.98	0.37705	-0.4	0	0.37705	-0.40004	0
4.985	0.37705	-0.4	0	0.37705	-0.40004	0
4.99	0.37705	-0.4	0	0.37705	-0.40004	0
4.995	0.37705	-0.4	0	0.37705	-0.40004	0
