0.005	-0.46176	-1.6	0	-0.46176	-1.4068	0
0.01	-0.46178	-1.6	0	-0.46178	-1.4068	0
0.015	-0.46179	-1.6	0	-0.46179	-1.4068	0
0.02	-0.4618	-1.6	0	-0.4618	-1.4068	0
0.025	-0.46182	-1.6	0	-0.46182	-1.4068	0
0.03	-0.46185	-1.6	0	-0.46185	-1.4068	0
0.035	-0.46187	-1.6	0	-0.46187	-1.4068	0
0.04	-0.46191	-1.6	0	-0.46191	-1.4068	0
0.045	-0.46194	-1.6	0	-0.46194	-1.4068	0
0.05	-0.46196	-1.6	0	-0.46196	-1.4068	0
0.055	-0.462	-1.6	0	-0.462	-1.4068	0
0.06	-0.46204	-1.6	0	-0.46204	-1.4068	0
0.065	-0.46208	-1.6	0	-0.46208	-1.4068	0
0.07	-0.46213	-1.6	0	-0.46213	-1.4068	0
0.075	-0.46218	-1.6	0	-0.46218	-1.4068	0
0.08	-0.46223	-1.6	0	-0.46223	-1.4068	0
0.085	-0.46227	-1.6	0	-0.46227	-1.4068	0
0.09	-0.46231	-1.6	0	-0.46231	-1.4068	0
0.095	-0.46237	-1.6	0	-0.46237	-1.4068	0
0.1	-0.46241	-1.6	0	-0.46241	-1.4068	0
0.105	-0.46245	-1.6	0	-0.46245	-1.4068	0
0.11	-0.4625	-1.6	0	-0.4625	-1.4068	0
0.115	-0.46255	-1.6	0	-0.46255	-1.4068	0
0.12	-0.46259	-1.6	0	-0.46259	-1.4068	0
0.125	-0.46264	-1.6	0	-0.46264	-1.4068	0
0.13	-0.46268	-1.6	0	-0.46268	-1.4068	0
0.135	-0.46271	-1.6	0	-0.46271	-1.4068	0
0.14	-0.46275	-1.6	0	-0.46275	-1.4068	0
0.145	-0.4628	-1.6	0	-0.4628	-1.4068	0
0.15	-0.46285	-1.6	0	-0.46285	-1.4068	0
0.155	-0.4629	-1.6	0	-0.4629	-1.4068	0
0.16	-0.46295	-1.6	0	-0.46295	-1.4068	0
0.165	-0.46299	-1.6	0	-0.46299	-1.4068	0
0.17	-0.46304	-1.6	0	-0.46304	-1.4068	0
0.175	-0.4631	-1.6	0	-0.4631	-1.4068	0
0.18	-0.46315	-1.6	0	-0.46315	-1.4068	0
0.185	-0.4632	-1.6	0	-0.4632	-1.4068	0
0.19	-0.46326	-1.6	0	-0.46326	-1.4068	0
0.195	-0.46331	-1.6	0	-0.46331	-1.4068	0
0.2	-0.46336	-1.6	0	-0.46336	-1.4068	0
0.205	-0.4634	-1.6	0	-0.4634	-1.4068	0
0.21	-0.46345	-1.6	0	-0.46345	-1.4068	0
0.215	-0.4635	-1.6	0	-0.4635	-1.4068	0
0.22	-0.46354	-1.6	0	-0.46354	-1.4067	0
0.225	-0.46358	-1.6	0	-0.46358	-1.4067	0
0.23	-0.46362	-1.6	0	-0.46362	-1.4067	0
0.235	-0.46366	-1.6	0	-0.46366	-1.4067	0
0.24	-0.46371	-1.6	0	-0.46371	-1.4067	0
0.245	-0.46375	-1.6	0	-0.46375	-1.4067	0
0.25	-0.46379	-1.6	0	-0.46379	-1.4067	0
0.255	-0.46382	-1.6	0	-0.46382	-1.4067	0
0.26	-0.46386	-1.6	0	-0.46386	-1.4067	0
0.265	-0.4639	-1.6	0	-0.4639	-1.4067	0
0.27	-0.46395	-1.6	0	-0.46395	-1.4067	0
0.275	-0.46399	-1.6	0	-0.46399	-1.4067	0
0.28	-0.46403	-1.6	0	-0.46403	-1.4067	0
0.285	-0.46407	-1.6	0	-0.46407	-1.4068	0
0.29	-0.46409	-1.6	0	-0.46409	-1.4068	0
0.295	-0.46412	-1.6	0	-0.46412	-1.4068	0
0.3	-0.46416	-1.6	0	-0.46416	-1.4068	0
0.305	-0.4642	-1.6	0	-0.4642	-1.4068	0
0.31	-0.46423	-1.6	0	-0.46423	-1.4068	0
0.315	-0.46427	-1.6	0	-0.46427	-1.4068	0
0.32	-0.4643	-1.6	0	-0.4643	-1.4068	0
0.325	-0.46432	-1.6	0	-0.46432	-1.4068	0
0.33	-0.46434	-1.6	0	-0.46434	-1.4068	0
0.335	-0.46437	-1.6	0	-0.46437	-1.4068	0
0.34	-0.46439	-1.6	0	-0.46439	-1.4068	0
0.345	-0.46442	-1.6	0	-0.46442	-1.4068	0
0.35	-0.46443	-1.6	0	-0.46443	-1.4068	0
0.355	-0.46438	-1.6	0	-0.46438	-1.4068	0
0.36	-0.46441	-1.6	0	-0.46441	-1.4069	0
0.365	-0.46444	-1.6	0	-0.46444	-1.4069	0
0.37	-0.46445	-1.6	0	-0.46445	-1.4069	0
0.375	-0.46447	-1.6	0	-0.46447	-1.4069	0
0.38	-0.46448	-1.6	0	-0.46448	-1.4069	0
0.385	-0.46449	-1.6	0	-0.46449	-1.4069	0
0.39	-0.46451	-1.6	0	-0.46451	-1.4069	0
0.395	-0.46452	-1.6	0	-0.46452	-1.4069	0
0.4	-0.46452	-1.6	0	-0.46452	-1.4069	0
0.405	-0.46454	-1.6	0	-0.46454	-1.4069	0
0.41	-0.46455	-1.6	0	-0.46455	-1.4069	0
0.415	-0.46455	-1.6	0	-0.46455	-1.4069	0
0.42	-0.46454	-1.6	0	-0.46454	-1.4069	0
0.425	-0.46455	-1.6	0	-0.46455	-1.4069	0
0.43	-0.46455	-1.6	0	-0.46455	-1.4069	0
0.435	-0.46456	-1.6	0	-0.46456	-1.4069	0
0.44	-0.46457	-1.6	0	-0.46457	-1.4069	0
0.445	-0.46456	-1.6	0	-0.46456	-1.4069	0
0.45	-0.46456	-1.6	0	-0.46456	-1.4069	0
0.455	-0.46457	-1.6	0	-0.46457	-1.4069	0
0.46	-0.46457	-1.6	0	-0.46457	-1.4069	0
0.465	-0.46458	-1.6	0	-0.46458	-1.4069	0
0.47	-0.46459	-1.6	0	-0.46459	-1.4069	0
0.475	-0.46458	-1.6	0	-0.46458	-1.4069	0
0.48	-0.46459	-1.6	0	-0.46459	-1.4069	0
0.485	-0.46458	-1.6	0	-0.46458	-1.4069	0
0.49	-0.46458	-1.6	0	-0.46458	-1.4069	0
0.495	-0.46459	-1.6	0	-0.46459	-1.4069	0
0.5	-0.46459	-1.6	0	-0.46459	-1.4069	0
0.505	-0.46458	-1.6	0	-0.46458	-1.4069	0
0.51	-0.46458	-1.6	0	-0.46458	-1.4069	0
0.515	-0.46458	-1.6	0	-0.46458	-1.4069	0
0.52	-0.46458	-1.6	0	-0.46458	-1.4069	0
0.525	-0.46458	-1.6	0	-0.46458	-1.4069	0
0.53	-0.46458	-1.6	0	-0.46458	-1.4069	0
0.535	-0.46457	-1.6	0	-0.46457	-1.4069	0
0.54	-0.46455	-1.6	0	-0.46455	-1.4068	0
0.545	-0.46455	-1.6	0	-0.46455	-1.4068	0
0.55	-0.46455	-1.6	0	-0.46455	-1.4068	0
0.555	-0.46455	-1.6	0	-0.46455	-1.4068	0
0.56	-0.46454	-1.6	0	-0.46454	-1.4068	0
0.565	-0.46454	-1.6	0	-0.46454	-1.4068	0
0.57	-0.46454	-1.6	0	-0.46454	-1.4068	0
0.575	-0.46453	-1.6	0	-0.46453	-1.4068	0
0.58	-0.46452	-1.6	0	-0.46452	-1.4068	0
0.585	-0.46451	-1.6	0	-0.46451	-1.4068	0
0.59	-0.46456	-1.6	0	-0.46456	-1.4068	0
0.595	-0.46455	-1.6	0	-0.46455	-1.4068	0
0.6	-0.46453	-1.6	0	-0.46453	-1.4068	0
0.605	-0.46452	-1.6	0	-0.46452	-1.4068	0
0.61	-0.4645	-1.6	0	-0.4645	-1.4068	0
0.615	-0.46443	-1.6	0	-0.46443	-1.4068	0
0.62	-0.4644	-1.6	0	-0.4644	-1.4068	0
0.625	-0.46436	-1.6	0	-0.46436	-1.4068	0
0.63	-0.46433	-1.6	0	-0.46433	-1.4068	0
0.635	-0.46427	-1.6	0	-0.46427	-1.4068	0
0.64	-0.46423	-1.6	0	-0.46423	-1.4068	0
0.645	-0.4642	-1.6	0	-0.4642	-1.4068	0
0.65	-0.46416	-1.6	0	-0.46416	-1.4068	0
0.655	-0.46412	-1.6	0	-0.46412	-1.4068	0
0.66	-0.46408	-1.6	0	-0.46408	-1.4068	0
0.665	-0.46402	-1.6	0	-0.46402	-1.4068	0
0.67	-0.46396	-1.6	0	-0.46396	-1.4068	0
0.675	-0.4639	-1.6	0	-0.4639	-1.4068	0
0.68	-0.46384	-1.6	0	-0.46384	-1.4068	0
0.685	-0.46378	-1.6	0	-0.46378	-1.4068	0
0.69	-0.46372	-1.6	0	-0.46372	-1.4068	0
0.695	-0.46367	-1.6	0	-0.46367	-1.4069	0
0.7	-0.46361	-1.6	0	-0.46361	-1.4069	0
0.705	-0.46354	-1.6	0	-0.46354	-1.4069	0
0.71	-0.46345	-1.6	0	-0.46345	-1.4069	0
0.715	-0.46336	-1.6	0	-0.46336	-1.4069	0
0.72	-0.46332	-1.6	0	-0.46332	-1.4069	0
0.725	-0.46321	-1.6	0	-0.46321	-1.4069	0
0.73	-0.46314	-1.6	0	-0.46314	-1.4069	0
0.735	-0.46306	-1.6	0	-0.46306	-1.407	0
0.74	-0.46297	-1.6	0	-0.46297	-1.407	0
0.745	-0.46288	-1.6	0	-0.46288	-1.407	0
0.75	-0.46278	-1.6	0	-0.46278	-1.407	0
0.755	-0.46267	-1.6	0	-0.46267	-1.407	0
0.76	-0.46255	-1.6	0	-0.46255	-1.4071	0
0.765	-0.46245	-1.6	0	-0.46245	-1.4071	0
0.77	-0.46233	-1.6	0	-0.46233	-1.4071	0
0.775	-0.46224	-1.6	0	-0.46224	-1.4071	0
0.78	-0.46212	-1.6	0	-0.46212	-1.4071	0
0.785	-0.46201	-1.6	0	-0.46201	-1.4072	0
0.79	-0.4619	-1.6	0	-0.4619	-1.4072	0
0.795	-0.46177	-1.6	0	-0.46177	-1.4072	0
0.8	-0.46164	-1.6	0	-0.46164	-1.4072	0
0.805	-0.4615	-1.6	0	-0.4615	-1.4073	0
0.81	-0.46137	-1.6	0	-0.46137	-1.4073	0
0.815	-0.46124	-1.6	0	-0.46124	-1.4073	0
0.82	-0.46112	-1.6	0	-0.46112	-1.4073	0
0.825	-0.46098	-1.6	0	-0.46098	-1.4073	0
0.83	-0.46084	-1.6	0	-0.46084	-1.4074	0
0.835	-0.46068	-1.6	0	-0.46068	-1.4074	0
0.84	-0.46053	-1.6	0	-0.46053	-1.4074	0
0.845	-0.46038	-1.6	0	-0.46038	-1.4075	0
0.85	-0.46026	-1.6	0	-0.46026	-1.4075	0
0.855	-0.46012	-1.6	0	-0.46012	-1.4075	0
0.86	-0.45999	-1.6	0	-0.45999	-1.4075	0
0.865	-0.45986	-1.6	0	-0.45986	-1.4076	0
0.87	-0.45971	-1.6	0	-0.45971	-1.4076	0
0.875	-0.45956	-1.6	0	-0.45956	-1.4076	0
0.88	-0.45941	-1.6	0	-0.45941	-1.4077	0
0.885	-0.45926	-1.6	0	-0.45926	-1.4077	0
0.89	-0.45912	-1.6	0	-0.45912	-1.4077	0
0.895	-0.45896	-1.6	0	-0.45896	-1.4077	0
0.9	-0.45882	-1.6	0	-0.45882	-1.4078	0
0.905	-0.45865	-1.6	0	-0.45865	-1.4078	0
0.91	-0.4585	-1.6	0	-0.4585	-1.4078	0
0.915	-0.45833	-1.6	0	-0.45833	-1.4079	0
0.92	-0.45815	-1.6	0	-0.45815	-1.4079	0
0.925	-0.45796	-1.6	0	-0.45796	-1.4079	0
0.93	-0.45777	-1.6	0	-0.45777	-1.408	0
0.935	-0.45758	-1.6	0	-0.45758	-1.408	0
0.94	-0.45738	-1.6	0	-0.45738	-1.408	0
0.945	-0.45717	-1.6	0	-0.45717	-1.4081	0
0.95	-0.45696	-1.6	0	-0.45696	-1.4081	0
0.955	-0.45677	-1.6	0	-0.45677	-1.4082	0
0.96	-0.45656	-1.6	0	-0.45656	-1.4082	0
0.965	-0.45635	-1.6	0	-0.45635	-1.4082	0
0.97	-0.45612	-1.6	0	-0.45612	-1.4083	0
0.975	-0.45588	-1.6	0	-0.45588	-1.4083	0
0.98	-0.45564	-1.6	0	-0.45564	-1.4084	0
0.985	-0.45541	-1.6	0	-0.45541	-1.4084	0
0.99	-0.45518	-1.6	0	-0.45518	-1.4084	0
0.995	-0.45493	-1.6	0	-0.45493	-1.4085	0
1	-0.45468	-1.6	0	-0.45468	-1.4085	0
1.005	-0.45442	-1.6	0	-0.45442	-1.4086	0
1.01	-0.45415	-1.6	0	-0.45415	-1.4086	0
1.015	-0.45387	-1.6	0	-0.45387	-1.4087	0
1.02	-0.4536	-1.6	0	-0.4536	-1.4087	0
1.025	-0.45333	-1.6	0	-0.45333	-1.4088	0
1.03	-0.45302	-1.6	0	-0.45302	-1.4089	0
1.035	-0.45268	-1.6	0	-0.45268	-1.4089	0
1.04	-0.4524	-1.6	0	-0.4524	-1.409	0
1.045	-0.45208	-1.6	0	-0.45208	-1.409	0
1.05	-0.45171	-1.6	0	-0.45171	-1.4091	0
1.055	-0.45144	-1.6	0	-0.45144	-1.4092	0
1.06	-0.45114	-1.6	0	-0.45114	-1.4093	0
1.065	-0.45071	-1.6	0	-0.45071	-1.4093	0
1.07	-0.45039	-1.6	0	-0.45039	-1.4094	0
1.075	-0.45003	-1.6	0	-0.45003	-1.4095	0
1.08	-0.44967	-1.6	0	-0.44967	-1.4096	0
1.085	-0.44932	-1.6	0	-0.44932	-1.4097	0
1.09	-0.44896	-1.6	0	-0.44896	-1.4098	0
1.095	-0.44858	-1.6	0	-0.44858	-1.4099	0
1.1	-0.44819	-1.6	0	-0.44819	-1.41	0
1.105	-0.44782	-1.6	0	-0.44782	-1.4101	0
1.11	-0.44739	-1.6	0	-0.44739	-1.4102	0
1.115	-0.44698	-1.6	0	-0.44698	-1.4103	0
1.12	-0.44658	-1.6	0	-0.44658	-1.4104	0
1.125	-0.44617	-1.6	0	-0.44617	-1.4105	0
1.13	-0.44575	-1.6	0	-0.44575	-1.4107	0
1.135	-0.44535	-1.6	0	-0.44535	-1.4108	0
1.14	-0.44493	-1.6	0	-0.44493	-1.4109	0
1.145	-0.4445	-1.6	0	-0.4445	-1.411	0
1.15	-0.44411	-1.6	0	-0.44411	-1.4112	0
1.155	-0.44365	-1.6	0	-0.44365	-1.4113	0
1.16	-0.44322	-1.6	0	-0.44322	-1.4114	0
1.165	-0.44273	-1.6	0	-0.44273	-1.4116	0
1.17	-0.44225	-1.6	0	-0.44225	-1.4117	0
1.175	-0.44178	-1.6	0	-0.44178	-1.4119	0
1.18	-0.44132	-1.6	0	-0.44132	-1.4121	0
1.185	-0.44086	-1.6	0	-0.44086	-1.4122	0
1.19	-0.44036	-1.6	0	-0.44036	-1.4124	0
1.195	-0.43988	-1.6	0	-0.43988	-1.4126	0
1.2	-0.43942	-1.6	0	-0.43942	-1.4127	0
1.205	-0.43889	-1.6	0	-0.43889	-1.4129	0
1.21	-0.43837	-1.6	0	-0.43837	-1.4131	0
1.215	-0.43781	-1.6	0	-0.43781	-1.4133	0
1.22	-0.43726	-1.6	0	-0.43726	-1.4135	0
1.225	-0.43675	-1.6	0	-0.43675	-1.4137	0
1.23	-0.43621	-1.6	0	-0.43621	-1.4139	0
1.235	-0.43568	-1.6	0	-0.43568	-1.4141	0
1.24	-0.43512	-1.6	0	-0.43512	-1.4144	0
1.245	-0.43455	-1.6	0	-0.43455	-1.4146	0
1.25	-0.43395	-1.6	0	-0.43395	-1.4148	0
1.255	-0.43334	-1.6	0	-0.43334	-1.4151	0
1.26	-0.43277	-1.6	0	-0.43277	-1.4153	0
1.265	-0.4322	-1.6	0	-0.4322	-1.4156	0
1.27	-0.4316	-1.6	0	-0.4316	-1.4159	0
1.275	-0.43096	-1.6	0	-0.43096	-1.4162	0
1.28	-0.43033	-1.6	0	-0.43033	-1.4164	0
1.285	-0.42972	-1.6	0	-0.42972	-1.4167	0
1.29	-0.42908	-1.6	0	-0.42908	-1.417	0
1.295	-0.4284	-1.6	0	-0.4284	-1.4173	0
1.3	-0.42774	-1.6	0	-0.42774	-1.4176	0
1.305	-0.42707	-1.6	0	-0.42707	-1.4179	0
1.31	-0.42638	-1.6	0	-0.42638	-1.4183	0
1.315	-0.42567	-1.6	0	-0.42567	-1.4186	0
1.32	-0.42502	-1.6	0	-0.42502	-1.4189	0
1.325	-0.42432	-1.6	0	-0.42432	-1.4192	0
1.33	-0.42362	-1.6	0	-0.42362	-1.4196	0
1.335	-0.4229	-1.6	0	-0.4229	-1.4199	0
1.34	-0.42216	-1.6	0	-0.42216	-1.4202	0
1.345	-0.42141	-1.6	0	-0.42141	-1.4206	0
1.35	-0.42065	-1.6	0	-0.42065	-1.4209	0
1.355	-0.41995	-1.6	0	-0.41995	-1.4212	0
1.36	-0.41923	-1.6	0	-0.41923	-1.4216	0
1.365	-0.41851	-1.6	0	-0.41851	-1.4219	0
1.37	-0.41778	-1.6	0	-0.41778	-1.4222	0
1.375	-0.41699	-1.6	0	-0.41699	-1.4225	0
1.38	-0.41625	-1.6	0	-0.41625	-1.4229	0
1.385	-0.41552	-1.6	0	-0.41552	-1.4232	0
1.39	-0.41479	-1.6	0	-0.41479	-1.4235	0
1.395	-0.41401	-1.6	0	-0.41401	-1.4238	0
1.4	-0.41327	-1.6	0	-0.41327	-1.4241	0
1.405	-0.41253	-1.6	0	-0.41253	-1.4244	0
1.41	-0.41176	-1.6	0	-0.41176	-1.4247	0
1.415	-0.41095	-1.6	0	-0.41095	-1.425	0
1.42	-0.4102	-1.6	0	-0.4102	-1.4253	0
1.425	-0.40942	-1.6	0	-0.40942	-1.4256	0
1.43	-0.40859	-1.6	0	-0.40859	-1.4259	0
1.435	-0.4078	-1.6	0	-0.4078	-1.4262	0
1.44	-0.40702	-1.6	0	-0.40702	-1.4264	0
1.445	-0.4062	-1.6	0	-0.4062	-1.4267	0
1.45	-0.4054	-1.6	0	-0.4054	-1.427	0
1.455	-0.40457	-1.6	0	-0.40457	-1.4273	0
1.46	-0.40375	-1.6	0	-0.40375	-1.4275	0
1.465	-0.4029	-1.6	0	-0.4029	-1.4278	0
1.47	-0.40207	-1.6	0	-0.40207	-1.428	0
1.475	-0.4012	-1.6	0	-0.4012	-1.4283	0
1.48	-0.40034	-1.6	0	-0.40034	-1.4285	0
1.485	-0.39949	-1.6	0	-0.39949	-1.4288	0
1.49	-0.39868	-1.6	0	-0.39868	-1.429	0
1.495	-0.3978	-1.6	0	-0.3978	-1.4293	0
1.5	-0.397	-1.6	0	-0.397	-1.4295	0
1.505	-0.39611	-1.6	0	-0.39611	-1.4297	0
1.51	-0.39521	-1.6	0	-0.39521	-1.43	0
1.515	-0.39433	-1.6	0	-0.39433	-1.4302	0
1.52	-0.39345	-1.6	0	-0.39345	-1.4304	0
1.525	-0.39254	-1.6	0	-0.39254	-1.4306	0
1.53	-0.39159	-1.6	0	-0.39159	-1.4309	0
1.535	-0.39067	-1.6	0	-0.39067	-1.4311	0
1.54	-0.38975	-1.6	0	-0.38975	-1.4313	0
1.545	-0.38882	-1.6	0	-0.38882	-1.4315	0
1.55	-0.38782	-1.6	0	-0.38782	-1.4317	0
1.555	-0.38687	-1.6	0	-0.38687	-1.4319	0
1.56	-0.38593	-1.6	0	-0.38593	-1.4321	0
1.565	-0.38493	-1.6	0	-0.38493	-1.4324	0
1.57	-0.3839	-1.6	0	-0.3839	-1.4326	0
1.575	-0.38286	-1.6	0	-0.38286	-1.4328	0
1.58	-0.38184	-1.6	0	-0.38184	-1.433	0
1.585	-0.38081	-1.6	0	-0.38081	-1.4332	0
1.59	-0.37977	-1.6	0	-0.37977	-1.4334	0
1.595	-0.37869	-1.6	0	-0.37869	-1.4336	0
1.6	-0.37766	-1.6	0	-0.37766	-1.4338	0
1.605	-0.37658	-1.6	0	-0.37658	-1.434	0
1.61	-0.3755	-1.6	0	-0.3755	-1.4342	0
1.615	-0.37441	-1.6	0	-0.37441	-1.4344	0
1.62	-0.37328	-1.6	0	-0.37328	-1.4346	0
1.625	-0.37219	-1.6	0	-0.37219	-1.4348	0
1.63	-0.3711	-1.6	0	-0.3711	-1.435	0
1.635	-0.36999	-1.6	0	-0.36999	-1.4352	0
1.64	-0.36884	-1.6	0	-0.36884	-1.4353	0
1.645	-0.36767	-1.6	0	-0.36767	-1.4355	0
1.65	-0.36648	-1.6	0	-0.36648	-1.4357	0
1.655	-0.36533	-1.6	0	-0.36533	-1.4359	0
1.66	-0.36414	-1.6	0	-0.36414	-1.4361	0
1.665	-0.36291	-1.6	0	-0.36291	-1.4363	0
1.67	-0.36167	-1.6	0	-0.36167	-1.4365	0
1.675	-0.36045	-1.6	0	-0.36045	-1.4367	0
1.68	-0.35925	-1.6	0	-0.35925	-1.4368	0
1.685	-0.35799	-1.6	0	-0.35799	-1.437	0
1.69	-0.35667	-1.6	0	-0.35667	-1.4372	0
1.695	-0.35535	-1.6	0	-0.35535	-1.4374	0
1.7	-0.3541	-1.6	0	-0.3541	-1.4376	0
1.705	-0.35277	-1.6	0	-0.35277	-1.4378	0
1.71	-0.3514	-1.6	0	-0.3514	-1.438	0
1.715	-0.35011	-1.6	0	-0.35011	-1.4382	0
1.72	-0.3487	-1.6	0	-0.3487	-1.4384	0
1.725	-0.34729	-1.6	0	-0.34729	-1.4386	0
1.73	-0.34593	-1.6	0	-0.34593	-1.4388	0
1.735	-0.34453	-1.6	0	-0.34453	-1.439	0
1.74	-0.34309	-1.6	0	-0.34309	-1.4392	0
1.745	-0.34169	-1.6	0	-0.34169	-1.4394	0
1.75	-0.34022	-1.6	0	-0.34022	-1.4396	0
1.755	-0.3388	-1.6	0	-0.3388	-1.4398	0
1.76	-0.3373	-1.6	0	-0.3373	-1.44	0
1.765	-0.33582	-1.6	0	-0.33582	-1.4402	0
1.77	-0.33431	-1.6	0	-0.33431	-1.4404	0
1.775	-0.33285	-1.6	0	-0.33285	-1.4405	0
1.78	-0.33124	-1.6	0	-0.33124	-1.4407	0
1.785	-0.32968	-1.6	0	-0.32968	-1.4409	0
1.79	-0.32804	-1.6	0	-0.32804	-1.4411	0
1.795	-0.32641	-1.6	0	-0.32641	-1.4413	0
1.8	-0.32478	-1.6	0	-0.32478	-1.4414	0
1.805	-0.32314	-1.6	0	-0.32314	-1.4416	0
1.81	-0.32154	-1.6	0	-0.32154	-1.4418	0
1.815	-0.3199	-1.6	0	-0.3199	-1.442	0
1.82	-0.31821	-1.6	0	-0.31821	-1.4421	0
1.825	-0.3165	-1.6	0	-0.3165	-1.4423	0
1.83	-0.31482	-1.6	0	-0.31482	-1.4425	0
1.835	-0.31306	-1.6	0	-0.31306	-1.4427	0
1.84	-0.31132	-1.6	0	-0.31132	-1.4429	0
1.845	-0.30953	-1.6	0	-0.30953	-1.4431	0
1.85	-0.30774	-1.6	0	-0.30774	-1.4432	0
1.855	-0.30594	-1.6	0	-0.30594	-1.4434	0
1.86	-0.30411	-1.6	0	-0.30411	-1.4436	0
1.865	-0.30226	-1.6	0	-0.30226	-1.4438	0
1.87	-0.30038	-1.6	0	-0.30038	-1.4439	0
1.875	-0.29852	-1.6	0	-0.29852	-1.4441	0
1.88	-0.29659	-1.6	0	-0.29659	-1.4442	0
1.885	-0.2947	-1.6	0	-0.2947	-1.4443	0
1.89	-0.2928	-1.6	0	-0.2928	-1.4443	0
1.895	-0.29088	-1.6	0	-0.29088	-1.4444	0
1.9	-0.28902	-1.6	0	-0.28902	-1.4444	0
1.905	-0.28708	-1.6	0	-0.28708	-1.4444	0
1.91	-0.28506	-1.6	0	-0.28506	-1.4443	0
1.915	-0.28311	-1.6	0	-0.28311	-1.4442	0
1.92	-0.28118	-1.6	0	-0.28118	-1.4441	0
1.925	-0.27921	-1.6	0	-0.27921	-1.4438	0
1.93	-0.27727	-1.6	0	-0.27727	-1.4435	0
1.935	-0.27526	-1.6	0	-0.27526	-1.4432	0
1.94	-0.27327	-1.6	0	-0.27327	-1.4427	0
1.945	-0.27121	-1.6	0	-0.27121	-1.4421	0
1.95	-0.26915	-1.6	0	-0.26915	-1.4415	0
1.955	-0.26703	-1.6	0	-0.26703	-1.4407	0
1.96	-0.26487	-1.6	0	-0.26487	-1.4399	0
1.965	-0.26274	-1.6	0	-0.26274	-1.439	0
1.97	-0.26062	-1.6	0	-0.26062	-1.438	0
1.975	-0.2584	-1.6	0	-0.2584	-1.437	0
1.98	-0.25608	-1.6	0	-0.25608	-1.4358	0
1.985	-0.25374	-1.6	0	-0.25374	-1.4347	0
1.99	-0.2514	-1.6	0	-0.2514	-1.4334	0
1.995	-0.24891	-1.6	0	-0.24891	-1.4321	0
2	-0.24641	-1.6	0	-0.24641	-1.4308	0
2.005	-0.24386	-1.6	0	-0.24386	-1.4294	0
2.01	-0.24121	-1.6	0	-0.24121	-1.428	0
2.015	-0.23857	-1.6	0	-0.23857	-1.4265	0
2.02	-0.23588	-1.6	0	-0.23588	-1.425	0
2.025	-0.23304	-1.6	0	-0.23304	-1.4234	0
2.03	-0.23018	-1.6	0	-0.23018	-1.4219	0
2.035	-0.22724	-1.6	0	-0.22724	-1.4203	0
2.04	-0.22422	-1.6	0	-0.22422	-1.4187	0
2.045	-0.22125	-1.6	0	-0.22125	-1.4172	0
2.05	-0.21807	-1.6	0	-0.21807	-1.4156	0
2.055	-0.21479	-1.6	0	-0.21479	-1.4141	0
2.06	-0.21148	-1.6	0	-0.21148	-1.4127	0
2.065	-0.20799	-1.6	0	-0.20799	-1.4113	0
2.07	-0.20443	-1.6	0	-0.20443	-1.41	0
2.075	-0.20075	-1.6	0	-0.20075	-1.4088	0
2.08	-0.19693	-1.6	0	-0.19693	-1.4076	0
2.085	-0.1932	-1.6	0	-0.1932	-1.4066	0
2.09	-0.18892	-1.6	0	-0.18892	-1.4056	0
2.095	-0.18454	-1.6	0	-0.18454	-1.4047	0
2.1	-0.18006	-1.6	0	-0.18006	-1.4039	0
2.105	-0.17555	-1.6	0	-0.17555	-1.4032	0
2.11	-0.17087	-1.6	0	-0.17087	-1.4025	0
2.115	-0.16606	-1.6	0	-0.16606	-1.402	0
2.12	-0.16124	-1.6	0	-0.16124	-1.4015	0
2.125	-0.15656	-1.6	0	-0.15656	-1.4011	0
2.13	-0.15144	-1.6	0	-0.15144	-1.4008	0
2.135	-0.14629	-1.6	0	-0.14629	-1.4005	0
2.14	-0.14112	-1.6	0	-0.14112	-1.4003	0
2.145	-0.13588	-1.6	0	-0.13588	-1.4001	0
2.15	-0.13063	-1.6	0	-0.13063	-1.4	0
2.155	-0.12517	-1.6	0	-0.12517	-1.4	0
2.16	-0.1199	-1.6	0	-0.1199	-1.4	0
2.165	-0.11461	-1.6	0	-0.11461	-1.4	0
2.17	-0.10917	-1.6	0	-0.10917	-1.4001	0
2.175	-0.10371	-1.6	0	-0.10371	-1.4002	0
2.18	-0.098198	-1.6	0	-0.098198	-1.4004	0
2.185	-0.092766	-1.6	0	-0.092766	-1.4005	0
2.19	-0.087187	-1.6	0	-0.087187	-1.4007	0
2.195	-0.081733	-1.6	0	-0.081733	-1.4008	0
2.2	-0.075988	-1.6	0	-0.075988	-1.401	0
2.205	-0.070378	-1.6	0	-0.070378	-1.4011	0
2.21	-0.064737	-1.6	0	-0.064737	-1.4013	0
2.215	-0.059156	-1.6	0	-0.059156	-1.4014	0
2.22	-0.053536	-1.6	0	-0.053536	-1.4015	0
2.225	-0.047886	-1.6	0	-0.047886	-1.4015	0
2.23	-0.042316	-1.6	0	-0.042316	-1.4016	0
2.235	-0.036671	-1.6	0	-0.036671	-1.4016	0
2.24	-0.030973	-1.6	0	-0.030973	-1.4016	0
2.245	-0.025352	-1.6	0	-0.025352	-1.4016	0
2.25	-0.019757	-1.6	0	-0.019757	-1.4016	0
2.255	-0.014089	-1.6	0	-0.014089	-1.4016	0
2.26	-0.0084802	-1.6	0	-0.0084802	-1.4015	0
2.265	-0.0027813	-1.6	0	-0.0027813	-1.4015	0
2.27	0.0028517	-1.6	0	0.0028517	-1.4015	0
2.275	0.0083813	-1.6	0	0.0083813	-1.4015	0
2.28	0.013998	-1.6	0	0.013998	-1.4014	0
2.285	0.01963	-1.6	0	0.01963	-1.4014	0
2.29	0.025176	-1.6	0	0.025176	-1.4014	0
2.295	0.030697	-1.6	0	0.030697	-1.4014	0
2.3	0.036301	-1.6	0	0.036301	-1.4014	0
2.305	0.041885	-1.6	0	0.041885	-1.4014	0
2.31	0.04744	-1.6	0	0.04744	-1.4014	0
2.315	0.053028	-1.6	0	0.053028	-1.4014	0
2.32	0.058609	-1.6	0	0.058609	-1.4015	0
2.325	0.06412	-1.6	0	0.06412	-1.4016	0
2.33	0.069669	-1.6	0	0.069669	-1.4017	0
2.335	0.075255	-1.6	0	0.075255	-1.4018	0
2.34	0.080833	-1.6	0	0.080833	-1.4019	0
2.345	0.086426	-1.6	0	0.086426	-1.4021	0
2.35	0.091977	-1.6	0	0.091977	-1.4023	0
2.355	0.097502	-1.6	0	0.097502	-1.4024	0
2.36	0.10306	-1.6	0	0.10306	-1.4026	0
2.365	0.10858	-1.6	0	0.10858	-1.4029	0
2.37	0.11409	-1.6	0	0.11409	-1.4031	0
2.375	0.1196	-1.6	0	0.1196	-1.4033	0
2.38	0.12507	-1.6	0	0.12507	-1.4036	0
2.385	0.13051	-1.6	0	0.13051	-1.4038	0
2.39	0.13599	-1.6	0	0.13599	-1.4041	0
2.395	0.14143	-1.6	0	0.14143	-1.4044	0
2.4	0.14683	-1.6	0	0.14683	-1.4046	0
2.405	0.15225	-1.6	0	0.15225	-1.4049	0
2.41	0.15762	-1.6	0	0.15762	-1.4051	0
2.415	0.16302	-1.6	0	0.16302	-1.4054	0
2.42	0.16838	-1.6	0	0.16838	-1.4057	0
2.425	0.17366	-1.6	0	0.17366	-1.4059	0
2.43	0.17895	-1.6	0	0.17895	-1.4062	0
2.435	0.18422	-1.6	0	0.18422	-1.4064	0
2.44	0.18936	-1.6	0	0.18936	-1.4067	0
2.445	0.1945	-1.6	0	0.1945	-1.4069	0
2.45	0.19965	-1.6	0	0.19965	-1.4072	0
2.455	0.20474	-1.6	0	0.20474	-1.4074	0
2.46	0.2098	-1.6	0	0.2098	-1.4077	0
2.465	0.21486	-1.6	0	0.21486	-1.408	0
2.47	0.21982	-1.6	0	0.21982	-1.4083	0
2.475	0.22474	-1.6	0	0.22474	-1.4087	0
2.48	0.22947	-1.6	0	0.22947	-1.4092	0
2.485	0.23414	-1.6	0	0.23414	-1.41	0
2.49	0.23877	-1.6	0	0.23877	-1.4109	0
2.495	0.24339	-1.6	0	0.24339	-1.4119	0
2.5	0.24807	-1.6	0	0.24807	-1.4131	0
2.505	0.25279	-1.6	0	0.25279	-1.4144	0
2.51	0.25744	-1.6	0	0.25744	-1.4158	0
2.515	0.26194	-1.6	0	0.26194	-1.4172	0
2.52	0.26632	-1.6	0	0.26632	-1.4186	0
2.525	0.27041	-1.6	0	0.27041	-1.4201	0
2.53	0.27437	-1.6	0	0.27437	-1.4216	0
2.535	0.27815	-1.6	0	0.27815	-1.4232	0
2.54	0.28177	-1.6	0	0.28177	-1.4248	0
2.545	0.28535	-1.6	0	0.28535	-1.4264	0
2.55	0.28871	-1.6	0	0.28871	-1.4279	0
2.555	0.29202	-1.6	0	0.29202	-1.4293	0
2.56	0.2952	-1.6	0	0.2952	-1.4307	0
2.565	0.29834	-1.6	0	0.29834	-1.432	0
2.57	0.30137	-1.6	0	0.30137	-1.4332	0
2.575	0.30434	-1.6	0	0.30434	-1.4342	0
2.58	0.3072	-1.6	0	0.3072	-1.4351	0
2.585	0.30984	-1.6	0	0.30984	-1.4359	0
2.59	0.31232	-1.6	0	0.31232	-1.4366	0
2.595	0.31473	-1.6	0	0.31473	-1.4372	0
2.6	0.31703	-1.6	0	0.31703	-1.4377	0
2.605	0.3193	-1.6	0	0.3193	-1.4381	0
2.61	0.32151	-1.6	0	0.32151	-1.4386	0
2.615	0.32366	-1.6	0	0.32366	-1.439	0
2.62	0.32582	-1.6	0	0.32582	-1.4394	0
2.625	0.32792	-1.6	0	0.32792	-1.4398	0
2.63	0.32993	-1.6	0	0.32993	-1.4402	0
2.635	0.33192	-1.6	0	0.33192	-1.4405	0
2.64	0.3339	-1.6	0	0.3339	-1.4407	0
2.645	0.33578	-1.6	0	0.33578	-1.441	0
2.65	0.33757	-1.6	0	0.33757	-1.4411	0
2.655	0.33932	-1.6	0	0.33932	-1.4412	0
2.66	0.34103	-1.6	0	0.34103	-1.4412	0
2.665	0.34268	-1.6	0	0.34268	-1.4412	0
2.67	0.34424	-1.6	0	0.34424	-1.4412	0
2.675	0.34574	-1.6	0	0.34574	-1.4411	0
2.68	0.34722	-1.6	0	0.34722	-1.441	0
2.685	0.34863	-1.6	0	0.34863	-1.4408	0
2.69	0.34995	-1.6	0	0.34995	-1.4406	0
2.695	0.35126	-1.6	0	0.35126	-1.4404	0
2.7	0.35247	-1.6	0	0.35247	-1.4401	0
2.705	0.35365	-1.6	0	0.35365	-1.4399	0
2.71	0.35477	-1.6	0	0.35477	-1.4396	0
2.715	0.3558	-1.6	0	0.3558	-1.4393	0
2.72	0.35678	-1.6	0	0.35678	-1.4389	0
2.725	0.35773	-1.6	0	0.35773	-1.4385	0
2.73	0.35865	-1.6	0	0.35865	-1.4381	0
2.735	0.35949	-1.6	0	0.35949	-1.4377	0
2.74	0.36027	-1.6	0	0.36027	-1.4373	0
2.745	0.36103	-1.6	0	0.36103	-1.4368	0
2.75	0.36176	-1.6	0	0.36176	-1.4363	0
2.755	0.36247	-1.6	0	0.36247	-1.4358	0
2.76	0.36314	-1.6	0	0.36314	-1.4353	0
2.765	0.36378	-1.6	0	0.36378	-1.4347	0
2.77	0.36438	-1.6	0	0.36438	-1.4342	0
2.775	0.365	-1.6	0	0.365	-1.4336	0
2.78	0.36559	-1.6	0	0.36559	-1.433	0
2.785	0.36622	-1.6	0	0.36622	-1.4324	0
2.79	0.3667	-1.6	0	0.3667	-1.4318	0
2.795	0.3672	-1.6	0	0.3672	-1.4312	0
2.8	0.36768	-1.6	0	0.36768	-1.4306	0
2.805	0.36811	-1.6	0	0.36811	-1.4299	0
2.81	0.3685	-1.6	0	0.3685	-1.4293	0
2.815	0.3689	-1.6	0	0.3689	-1.4287	0
2.82	0.36926	-1.6	0	0.36926	-1.428	0
2.825	0.36961	-1.6	0	0.36961	-1.4274	0
2.83	0.36998	-1.6	0	0.36998	-1.4267	0
2.835	0.37034	-1.6	0	0.37034	-1.4261	0
2.84	0.37063	-1.6	0	0.37063	-1.4254	0
2.845	0.37092	-1.6	0	0.37092	-1.4248	0
2.85	0.3712	-1.6	0	0.3712	-1.4241	0
2.855	0.37147	-1.6	0	0.37147	-1.4235	0
2.86	0.37174	-1.6	0	0.37174	-1.4228	0
2.865	0.37205	-1.6	0	0.37205	-1.4222	0
2.87	0.3723	-1.6	0	0.3723	-1.4216	0
2.875	0.3725	-1.6	0	0.3725	-1.4209	0
2.88	0.37273	-1.6	0	0.37273	-1.4203	0
2.885	0.37298	-1.6	0	0.37298	-1.4197	0
2.89	0.37322	-1.6	0	0.37322	-1.4191	0
2.895	0.37342	-1.6	0	0.37342	-1.4185	0
2.9	0.37361	-1.6	0	0.37361	-1.4179	0
2.905	0.37384	-1.6	0	0.37384	-1.4174	0
2.91	0.37402	-1.6	0	0.37402	-1.4168	0
2.915	0.37417	-1.6	0	0.37417	-1.4163	0
2.92	0.37436	-1.6	0	0.37436	-1.4157	0
2.925	0.37451	-1.6	0	0.37451	-1.4152	0
2.93	0.37462	-1.6	0	0.37462	-1.4147	0
2.935	0.37477	-1.6	0	0.37477	-1.4142	0
2.94	0.37489	-1.6	0	0.37489	-1.4137	0
2.945	0.37496	-1.6	0	0.37496	-1.4132	0
2.95	0.37506	-1.6	0	0.37506	-1.4128	0
2.955	0.37515	-1.6	0	0.37515	-1.4123	0
2.96	0.37522	-1.6	0	0.37522	-1.4119	0
2.965	0.37531	-1.6	0	0.37531	-1.4115	0
2.97	0.3754	-1.6	0	0.3754	-1.4111	0
2.975	0.37547	-1.6	0	0.37547	-1.4107	0
2.98	0.37556	-1.6	0	0.37556	-1.4103	0
2.985	0.37563	-1.6	0	0.37563	-1.41	0
2.99	0.37571	-1.6	0	0.37571	-1.4097	0
2.995	0.37581	-1.6	0	0.37581	-1.4094	0
3	0.37588	-1.6	0	0.37588	-1.4091	0
3.005	0.37596	-1.6	0	0.37596	-1.4088	0
3.01	0.37606	-1.6	0	0.37606	-1.4086	0
3.015	0.37616	-1.6	0	0.37616	-1.4083	0
3.02	0.37622	-1.6	0	0.37622	-1.4081	0
3.025	0.37628	-1.6	0	0.37628	-1.4079	0
3.03	0.37636	-1.6	0	0.37636	-1.4077	0
3.035	0.37644	-1.6	0	0.37644	-1.4076	0
3.04	0.37651	-1.6	0	0.37651	-1.4074	0
3.045	0.37658	-1.6	0	0.37658	-1.4073	0
3.05	0.37665	-1.6	0	0.37665	-1.4072	0
3.055	0.3767	-1.6	0	0.3767	-1.4071	0
3.06	0.37674	-1.6	0	0.37674	-1.407	0
3.065	0.37678	-1.6	0	0.37678	-1.4069	0
3.07	0.37684	-1.6	0	0.37684	-1.4069	0
3.075	0.37689	-1.6	0	0.37689	-1.4068	0
3.08	0.37692	-1.6	0	0.37692	-1.4067	0
3.085	0.37697	-1.6	0	0.37697	-1.4067	0
3.09	0.37702	-1.6	0	0.37702	-1.4067	0
3.095	0.37707	-1.6	0	0.37707	-1.4066	0
3.1	0.37712	-1.6	0	0.37712	-1.4066	0
3.105	0.37714	-1.6	0	0.37714	-1.4066	0
3.11	0.37716	-1.6	0	0.37716	-1.4065	0
3.115	0.37719	-1.6	0	0.37719	-1.4065	0
3.12	0.3772	-1.6	0	0.3772	-1.4065	0
3.125	0.3772	-1.6	0	0.3772	-1.4065	0
3.13	0.37723	-1.6	0	0.37723	-1.4065	0
3.135	0.37727	-1.6	0	0.37727	-1.4064	0
3.14	0.3773	-1.6	0	0.3773	-1.4064	0
3.145	0.37731	-1.6	0	0.37731	-1.4064	0
3.15	0.37729	-1.6	0	0.37729	-1.4064	0
3.155	0.37725	-1.6	0	0.37725	-1.4064	0
3.16	0.37721	-1.6	0	0.37721	-1.4063	0
3.165	0.37719	-1.6	0	0.37719	-1.4063	0
3.17	0.37718	-1.6	0	0.37718	-1.4063	0
3.175	0.37716	-1.6	0	0.37716	-1.4063	0
3.18	0.37713	-1.6	0	0.37713	-1.4062	0
3.185	0.37709	-1.6	0	0.37709	-1.4062	0
3.19	0.37705	-1.6	0	0.37705	-1.4062	0
3.195	0.37705	-1.6	0	0.37705	-1.4062	0
3.2	0.37705	-1.6	0	0.37705	-1.4062	0
3.205	0.37705	-1.6	0	0.37705	-1.4062	0
3.21	0.37705	-1.6	0	0.37705	-1.4062	0
3.215	0.37705	-1.6	0	0.37705	-1.4062	0
3.22	0.37705	-1.6	0	0.37705	-1.4062	0
3.225	0.37705	-1.6	0	0.37705	-1.4062	0
3.23	0.37705	-1.6	0	0.37705	-1.4062	0
3.235	0.37705	-1.6	0	0.37705	-1.4062	0
3.24	0.37705	-1.6	0	0.37705	-1.4062	0
3.245	0.37705	-1.6	0	0.37705	-1.4062	0
3.25	0.37705	-1.6	0	0.37705	-1.4062	0
3.255	0.37705	-1.6	0	0.37705	-1.4062	0
3.26	0.37705	-1.6	0	0.37705	-1.4062	0
3.265	0.37705	-1.6	0	0.37705	-1.4062	0
3.27	0.37705	-1.6	0	0.37705	-1.4062	0
3.275	0.37705	-1.6	0	0.37705	-1.4062	0
3.28	0.37705	-1.6	0	0.37705	-1.4062	0
3.285	0.37705	-1.6	0	0.37705	-1.4062	0
3.29	0.37705	-1.6	0	0.37705	-1.4062	0
3.295	0.37705	-1.6	0	0.37705	-1.4062	0
3.3	0.37705	-1.6	0	0.37705	-1.4062	0
3.305	0.37705	-1.6	0	0.37705	-1.4062	0
3.31	0.37705	-1.6	0	0.37705	-1.4062	0
3.315	0.37705	-1.6	0	0.37705	-1.4062	0
3.32	0.37705	-1.6	0	0.37705	-1.4062	0
3.325	0.37705	-1.6	0	0.37705	-1.4062	0
3.33	0.37705	-1.6	0	0.37705	-1.4062	0
3.335	0.37705	-1.6	0	0.37705	-1.4062	0
3.34	0.37705	-1.6	0	0.37705	-1.4062	0
3.345	0.37705	-1.6	0	0.37705	-1.4062	0
3.35	0.37705	-1.6	0	0.37705	-1.4062	0
3.355	0.37705	-1.6	0	0.37705	-1.4062	0
3.36	0.37705	-1.6	0	0.37705	-1.4062	0
3.365	0.37705	-1.6	0	0.37705	-1.4062	0
3.37	0.37705	-1.6	0	0.37705	-1.4062	0
3.375	0.37705	-1.6	0	0.37705	-1.4062	0
3.38	0.37705	-1.6	0	0.37705	-1.4062	0
3.385	0.37705	-1.6	0	0.37705	-1.4062	0
3.39	0.37705	-1.6	0	0.37705	-1.4062	0
3.395	0.37705	-1.6	0	0.37705	-1.4062	0
3.4	0.37705	-1.6	0	0.37705	-1.4062	0
3.405	0.37705	-1.6	0	0.37705	-1.4062	0
3.41	0.37705	-1.6	0	0.37705	-1.4062	0
3.415	0.37705	-1.6	0	0.37705	-1.4062	0
3.42	0.37705	-1.6	0	0.37705	-1.4062	0
3.425	0.37705	-1.6	0	0.37705	-1.4062	0
3.43	0.37705	-1.6	0	0.37705	-1.4062	0
3.435	0.37705	-1.6	0	0.37705	-1.4062	0
3.44	0.37705	-1.6	0	0.37705	-1.4062	0
3.445	0.37705	-1.6	0	0.37705	-1.4062	0
3.45	0.37705	-1.6	0	0.37705	-1.4062	0
3.455	0.37705	-1.6	0	0.37705	-1.4062	0
3.46	0.37705	-1.6	0	0.37705	-1.4062	0
3.465	0.37705	-1.6	0	0.37705	-1.4062	0
3.47	0.37705	-1.6	0	0.37705	-1.4062	0
3.475	0.37705	-1.6	0	0.37705	-1.4062	0
3.48	0.37705	-1.6	0	0.37705	-1.4062	0
3.485	0.37705	-1.6	0	0.37705	-1.4062	0
3.49	0.37705	-1.6	0	0.37705	-1.4062	0
3.495	0.37705	-1.6	0	0.37705	-1.4062	0
3.5	0.37705	-1.6	0	0.37705	-1.4062	0
3.505	0.37705	-1.6	0	0.37705	-1.4062	0
3.51	0.37705	-1.6	0	0.37705	-1.4062	0
3.515	0.37705	-1.6	0	0.37705	-1.4062	0
3.52	0.37705	-1.6	0	0.37705	-1.4062	0
3.525	0.37705	-1.6	0	0.37705	-1.4062	0
3.53	0.37705	-1.6	0	0.37705	-1.4062	0
3.535	0.37705	-1.6	0	0.37705	-1.4062	0
3.54	0.37705	-1.6	0	0.37705	-1.4062	0
3.545	0.37705	-1.6	0	0.37705	-1.4062	0
3.55	0.37705	-1.6	0	0.37705	-1.4062	0
3.555	0.37705	-1.6	0	0.37705	-1.4062	0
3.56	0.37705	-1.6	0	0.37705	-1.4062	0
3.565	0.37705	-1.6	0	0.37705	-1.4062	0
3.57	0.37705	-1.6	0	0.37705	-1.4062	0
3.575	0.37705	-1.6	0	0.37705	-1.4062	0
3.58	0.37705	-1.6	0	0.37705	-1.4062	0
3.585	0.37705	-1.6	0	0.37705	-1.4062	0
3.59	0.37705	-1.6	0	0.37705	-1.4062	0
3.595	0.37705	-1.6	0	0.37705	-1.4062	0
3.6	0.37705	-1.6	0	0.37705	-1.4062	0
3.605	0.37705	-1.6	0	0.37705	-1.4062	0
3.61	0.37705	-1.6	0	0.37705	-1.4062	0
3.615	0.37705	-1.6	0	0.37705	-1.4062	0
3.62	0.37705	-1.6	0	0.37705	-1.4062	0
3.625	0.37705	-1.6	0	0.37705	-1.4062	0
3.63	0.37705	-1.6	0	0.37705	-1.4062	0
3.635	0.37705	-1.6	0	0.37705	-1.4062	0
3.64	0.37705	-1.6	0	0.37705	-1.4062	0
3.645	0.37705	-1.6	0	0.37705	-1.4062	0
3.65	0.37705	-1.6	0	0.37705	-1.4062	0
3.655	0.37705	-1.6	0	0.37705	-1.4062	0
3.66	0.37705	-1.6	0	0.37705	-1.4062	0
3.665	0.37705	-1.6	0	0.37705	-1.4062	0
3.67	0.37705	-1.6	0	0.37705	-1.4062	0
3.675	0.37705	-1.6	0	0.37705	-1.4062	0
3.68	0.37705	-1.6	0	0.37705	-1.4062	0
3.685	0.37705	-1.6	0	0.37705	-1.4062	0
3.69	0.37705	-1.6	0	0.37705	-1.4062	0
3.695	0.37705	-1.6	0	0.37705	-1.4062	0
3.7	0.37705	-1.6	0	0.37705	-1.4062	0
3.705	0.37705	-1.6	0	0.37705	-1.4062	0
3.71	0.37705	-1.6	0	0.37705	-1.4062	0
3.715	0.37705	-1.6	0	0.37705	-1.4062	0
3.72	0.37705	-1.6	0	0.37705	-1.4062	0
3.725	0.37705	-1.6	0	0.37705	-1.4062	0
3.73	0.37705	-1.6	0	0.37705	-1.4062	0
3.735	0.37705	-1.6	0	0.37705	-1.4062	0
3.74	0.37705	-1.6	0	0.37705	-1.4062	0
3.745	0.37705	-1.6	0	0.37705	-1.4062	0
3.75	0.37705	-1.6	0	0.37705	-1.4062	0
3.755	0.37705	-1.6	0	0.37705	-1.4062	0
3.76	0.37705	-1.6	0	0.37705	-1.4062	0
3.765	0.37705	-1.6	0	0.37705	-1.4062	0
3.77	0.37705	-1.6	0	0.37705	-1.4062	0
3.775	0.37705	-1.6	0	0.37705	-1.4062	0
3.78	0.37705	-1.6	0	0.37705	-1.4062	0
3.785	0.37705	-1.6	0	0.37705	-1.4062	0
3.79	0.37705	-1.6	0	0.37705	-1.4062	0
3.795	0.37705	-1.6	0	0.37705	-1.4062	0
3.8	0.37705	-1.6	0	0.37705	-1.4062	0
3.805	0.37705	-1.6	0	0.37705	-1.4062	0
3.81	0.37705	-1.6	0	0.37705	-1.4062	0
3.815	0.37705	-1.6	0	0.37705	-1.4062	0
3.82	0.37705	-1.6	0	0.37705	-1.4062	0
3.825	0.37705	-1.6	0	0.37705	-1.4062	0
3.83	0.37705	-1.6	0	0.37705	-1.4062	0
3.835	0.37705	-1.6	0	0.37705	-1.4062	0
3.84	0.37705	-1.6	0	0.37705	-1.4062	0
3.845	0.37705	-1.6	0	0.37705	-1.4062	0
3.85	0.37705	-1.6	0	0.37705	-1.4062	0
3.855	0.37705	-1.6	0	0.37705	-1.4062	0
3.86	0.37705	-1.6	0	0.37705	-1.4062	0
3.865	0.37705	-1.6	0	0.37705	-1.4062	0
3.87	0.37705	-1.6	0	0.37705	-1.4062	0
3.875	0.37705	-1.6	0	0.37705	-1.4062	0
3.88	0.37705	-1.6	0	0.37705	-1.4062	0
3.885	0.37705	-1.6	0	0.37705	-1.4062	0
3.89	0.37705	-1.6	0	0.37705	-1.4062	0
3.895	0.37705	-1.6	0	0.37705	-1.4062	0
3.9	0.37705	-1.6	0	0.37705	-1.4062	0
3.905	0.37705	-1.6	0	0.37705	-1.4062	0
3.91	0.37705	-1.6	0	0.37705	-1.4062	0
3.915	0.37705	-1.6	0	0.37705	-1.4062	0
3.92	0.37705	-1.6	0	0.37705	-1.4062	0
3.925	0.37705	-1.6	0	0.37705	-1.4062	0
3.93	0.37705	-1.6	0	0.37705	-1.4062	0
3.935	0.37705	-1.6	0	0.37705	-1.4062	0
3.94	0.37705	-1.6	0	0.37705	-1.4062	0
3.945	0.37705	-1.6	0	0.37705	-1.4062	0
3.95	0.37705	-1.6	0	0.37705	-1.4062	0
3.955	0.37705	-1.6	0	0.37705	-1.4062	0
3.96	0.37705	-1.6	0	0.37705	-1.4062	0
3.965	0.37705	-1.6	0	0.37705	-1.4062	0
3.97	0.37705	-1.6	0	0.37705	-1.4062	0
3.975	0.37705	-1.6	0	0.37705	-1.4062	0
3.98	0.37705	-1.6	0	0.37705	-1.4062	0
3.985	0.37705	-1.6	0	0.37705	-1.4062	0
3.99	0.37705	-1.6	0	0.37705	-1.4062	0
3.995	0.37705	-1.6	0	0.37705	-1.4062	0
4	0.37705	-1.6	0	0.37705	-1.4062	0
4.005	0.37705	-1.6	0	0.37705	-1.4062	0
4.01	0.37705	-1.6	0	0.37705	-1.4062	0
4.015	0.37705	-1.6	0	0.37705	-1.4062	0
4.02	0.37705	-1.6	0	0.37705	-1.4062	0
4.025	0.37705	-1.6	0	0.37705	-1.4062	0
4.03	0.37705	-1.6	0	0.37705	-1.4062	0
4.035	0.37705	-1.6	0	0.37705	-1.4062	0
4.04	0.37705	-1.6	0	0.37705	-1.4062	0
4.045	0.37705	-1.6	0	0.37705	-1.4062	0
4.05	0.37705	-1.6	0	0.37705	-1.4062	0
4.055	0.37705	-1.6	0	0.37705	-1.4062	0
4.06	0.37705	-1.6	0	0.37705	-1.4062	0
4.065	0.37705	-1.6	0	0.37705	-1.4062	0
4.07	0.37705	-1.6	0	0.37705	-1.4062	0
4.075	0.37705	-1.6	0	0.37705	-1.4062	0
4.08	0.37705	-1.6	0	0.37705	-1.4062	0
4.085	0.37705	-1.6	0	0.37705	-1.4062	0
4.09	0.37705	-1.6	0	0.37705	-1.4062	0
4.095	0.37705	-1.6	0	0.37705	-1.4062	0
4.1	0.37705	-1.6	0	0.37705	-1.4062	0
4.105	0.37705	-1.6	0	0.37705	-1.4062	0
4.11	0.37705	-1.6	0	0.37705	-1.4062	0
4.115	0.37705	-1.6	0	0.37705	-1.4062	0
4.12	0.37705	-1.6	0	0.37705	-1.4062	0
4.125	0.37705	-1.6	0	0.37705	-1.4062	0
4.13	0.37705	-1.6	0	0.37705	-1.4062	0
4.135	0.37705	-1.6	0	0.37705	-1.4062	0
4.14	0.37705	-1.6	0	0.37705	-1.4062	0
4.145	0.37705	-1.6	0	0.37705	-1.4062	0
4.15	0.37705	-1.6	0	0.37705	-1.4062	0
4.155	0.37705	-1.6	0	0.37705	-1.4062	0
4.16	0.37705	-1.6	0	0.37705	-1.4062	0
4.165	0.37705	-1.6	0	0.37705	-1.4062	0
4.17	0.37705	-1.6	0	0.37705	-1.4062	0
4.175	0.37705	-1.6	0	0.37705	-1.4062	0
4.18	0.37705	-1.6	0	0.37705	-1.4062	0
4.185	0.37705	-1.6	0	0.37705	-1.4062	0
4.19	0.37705	-1.6	0	0.37705	-1.4062	0
4.195	0.37705	-1.6	0	0.37705	-1.4062	0
4.2	0.37705	-1.6	0	0.37705	-1.4062	0
4.205	0.37705	-1.6	0	0.37705	-1.4062	0
4.21	0.37705	-1.6	0	0.37705	-1.4062	0
4.215	0.37705	-1.6	0	0.37705	-1.4062	0
4.22	0.37705	-1.6	0	0.37705	-1.4062	0
4.225	0.37705	-1.6	0	0.37705	-1.4062	0
4.23	0.37705	-1.6	0	0.37705	-1.4062	0
4.235	0.37705	-1.6	0	0.37705	-1.4062	0
4.24	0.37705	-1.6	0	0.37705	-1.4062	0
4.245	0.37705	-1.6	0	0.37705	-1.4062	0
4.25	0.37705	-1.6	0	0.37705	-1.4062	0
4.255	0.37705	-1.6	0	0.37705	-1.4062	0
4.26	0.37705	-1.6	0	0.37705	-1.4062	0
4.265	0.37705	-1.6	0	0.37705	-1.4062	0
4.27	0.37705	-1.6	0	0.37705	-1.4062	0
4.275	0.37705	-1.6	0	0.37705	-1.4062	0
4.28	0.37705	-1.6	0	0.37705	-1.4062	0
4.285	0.37705	-1.6	0	0.37705	-1.4062	0
4.29	0.37705	-1.6	0	0.37705	-1.4062	0
4.295	0.37705	-1.6	0	0.37705	-1.4062	0
4.3	0.37705	-1.6	0	0.37705	-1.4062	0
4.305	0.37705	-1.6	0	0.37705	-1.4062	0
4.31	0.37705	-1.6	0	0.37705	-1.4062	0
4.315	0.37705	-1.6	0	0.37705	-1.4062	0
4.32	0.37705	-1.6	0	0.37705	-1.4062	0
4.325	0.37705	-1.6	0	0.37705	-1.4062	0
4.33	0.37705	-1.6	0	0.37705	-1.4062	0
4.335	0.37705	-1.6	0	0.37705	-1.4062	0
4.34	0.37705	-1.6	0	0.37705	-1.4062	0
4.345	0.37705	-1.6	0	0.37705	-1.4062	0
4.35	0.37705	-1.6	0	0.37705	-1.4062	0
4.355	0.37705	-1.6	0	0.37705	-1.4062	0
4.36	0.37705	-1.6	0	0.37705	-1.4062	0
4.365	0.37705	-1.6	0	0.37705	-1.4062	0
4.37	0.37705	-1.6	0	0.37705	-1.4062	0
4.375	0.37705	-1.6	0	0.37705	-1.4062	0
4.38	0.37705	-1.6	0	0.37705	-1.4062	0
4.385	0.37705	-1.6	0	0.37705	-1.4062	0
4.39	0.37705	-1.6	0	0.37705	-1.4062	0
4.395	0.37705	-1.6	0	0.37705	-1.4062	0
4.4	0.37705	-1.6	0	0.37705	-1.4062	0
4.405	0.37705	-1.6	0	0.37705	-1.4062	0
4.41	0.37705	-1.6	0	0.37705	-1.4062	0
4.415	0.37705	-1.6	0	0.37705	-1.4062	0
4.42	0.37705	-1.6	0	0.37705	-1.4062	0
4.425	0.37705	-1.6	0	0.37705	-1.4062	0
4.43	0.37705	-1.6	0	0.37705	-1.4062	0
4.435	0.37705	-1.6	0	0.37705	-1.4062	0
4.44	0.37705	-1.6	0	0.37705	-1.4062	0
4.445	0.37705	-1.6	0	0.37705	-1.4062	0
4.45	0.37705	-1.6	0	0.37705	-1.4062	0
4.455	0.37705	-1.6	0	0.37705	-1.4062	0
4.46	0.37705	-1.6	0	0.37705	-1.4062	0
4.465	0.37705	-1.6	0	0.37705	-1.4062	0
4.47	0.37705	-1.6	0	0.37705	-1.4062	0
4.475	0.37705	-1.6	0	0.37705	-1.4062	0
4.48	0.37705	-1.6	0	0.37705	-1.4062	0
4.485	0.37705	-1.6	0	0.37705	-1.4062	0
4.49	0.37705	-1.6	0	0.37705	-1.4062	0
4.495	0.37705	-1.6	0	0.37705	-1.4062	0
4.5	0.37705	-1.6	0	0.37705	-1.4062	0
4.505	0.37705	-1.6	0	0.37705	-1.4062	0
4.51	0.37705	-1.6	0	0.37705	-1.4062	0
4.515	0.37705	-1.6	0	0.37705	-1.4062	0
4.52	0.37705	-1.6	0	0.37705	-1.4062	0
4.525	0.37705	-1.6	0	0.37705	-1.4062	0
4.53	0.37705	-1.6	0	0.37705	-1.4062	0
4.535	0.37705	-1.6	0	0.37705	-1.4062	0
4.54	0.37705	-1.6	0	0.37705	-1.4062	0
4.545	0.37705	-1.6	0	0.37705	-1.4062	0
4.55	0.37705	-1.6	0	0.37705	-1.4062	0
4.555	0.37705	-1.6	0	0.37705	-1.4062	0
4.56	0.37705	-1.6	0	0.37705	-1.4062	0
4.565	0.37705	-1.6	0	0.37705	-1.4062	0
4.57	0.37705	-1.6	0	0.37705	-1.4062	0
4.575	0.37705	-1.6	0	0.37705	-1.4062	0
4.58	0.37705	-1.6	0	0.37705	-1.4062	0
4.585	0.37705	-1.6	0	0.37705	-1.4062	0
4.59	0.37705	-1.6	0	0.37705	-1.4062	0
4.595	0.37705	-1.6	0	0.37705	-1.4062	0
4.6	0.37705	-1.6	0	0.37705	-1.4062	0
4.605	0.37705	-1.6	0	0.37705	-1.4062	0
4.61	0.37705	-1.6	0	0.37705	-1.4062	0
4.615	0.37705	-1.6	0	0.37705	-1.4062	0
4.62	0.37705	-1.6	0	0.37705	-1.4062	0
4.625	0.37705	-1.6	0	0.37705	-1.4062	0
4.63	0.37705	-1.6	0	0.37705	-1.4062	0
4.635	0.37705	-1.6	0	0.37705	-1.4062	0
4.64	0.37705	-1.6	0	0.37705	-1.4062	0
4.645	0.37705	-1.6	0	0.37705	-1.4062	0
4.65	0.37705	-1.6	0	0.37705	-1.4062	0
4.655	0.37705	-1.6	0	0.37705	-1.4062	0
4.66	0.37705	-1.6	0	0.37705	-1.4062	0
4.665	0.37705	-1.6	0	0.37705	-1.4062	0
4.67	0.37705	-1.6	0	0.37705	-1.4062	0
4.675	0.37705	-1.6	0	0.37705	-1.4062	0
4.68	0.37705	-1.6	0	0.37705	-1.4062	0
4.685	0.37705	-1.6	0	0.37705	-1.4062	0
4.69	0.37705	-1.6	0	0.37705	-1.4062	0
4.695	0.37705	-1.6	0	0.37705	-1.4062	0
4.7	0.37705	-1.6	0	0.37705	-1.4062	0
4.705	0.37705	-1.6	0	0.37705	-1.4062	0
4.71	0.37705	-1.6	0	0.37705	-1.4062	0
4.715	0.37705	-1.6	0	0.37705	-1.4062	0
4.72	0.37705	-1.6	0	0.37705	-1.4062	0
4.725	0.37705	-1.6	0	0.37705	-1.4062	0
4.73	0.37705	-1.6	0	0.37705	-1.4062	0
4.735	0.37705	-1.6	0	0.37705	-1.4062	0
4.74	0.37705	-1.6	0	0.37705	-1.4062	0
4.745	0.37705	-1.6	0	0.37705	-1.4062	0
4.75	0.37705	-1.6	0	0.37705	-1.4062	0
4.755	0.37705	-1.6	0	0.37705	-1.4062	0
4.76	0.37705	-1.6	0	0.37705	-1.4062	0
4.765	0.37705	-1.6	0	0.37705	-1.4062	0
4.77	0.37705	-1.6	0	0.37705	-1.4062	0
4.775	0.37705	-1.6	0	0.37705	-1.4062	0
4.78	0.37705	-1.6	0	0.37705	-1.4062	0
4.785	0.37705	-1.6	0	0.37705	-1.4062	0
4.79	0.37705	-1.6	0	0.37705	-1.4062	0
4.795	0.37705	-1.6	0	0.37705	-1.4062	0
4.8	0.37705	-1.6	0	0.37705	-1.4062	0
4.805	0.37705	-1.6	0	0.37705	-1.4062	0
4.81	0.37705	-1.6	0	0.37705	-1.4062	0
4.815	0.37705	-1.6	0	0.37705	-1.4062	0
4.82	0.37705	-1.6	0	0.37705	-1.4062	0
4.825	0.37705	-1.6	0	0.37705	-1.4062	0
4.83	0.37705	-1.6	0	0.37705	-1.4062	0
4.835	0.37705	-1.6	0	0.37705	-1.4062	0
4.84	0.37705	-1.6	0	0.37705	-1.4062	0
4.845	0.37705	-1.6	0	0.37705	-1.4062	0
4.85	0.37705	-1.6	0	0.37705	-1.4062	0
4.855	0.37705	-1.6	0	0.37705	-1.4062	0
4.86	0.37705	-1.6	0	0.37705	-1.4062	0
4.865	0.37705	-1.6	0	0.37705	-1.4062	0
4.87	0.37705	-1.6	0	0.37705	-1.4062	0
4.875	0.37705	-1.6	0	0.37705	-1.4062	0
4.88	0.37705	-1.6	0	0.37705	-1.4062	0
4.885	0.37705	-1.6	0	0.37705	-1.4062	0
4.89	0.37705	-1.6	0	0.37705	-1.4062	0
4.895	0.37705	-1.6	0	0.37705	-1.4062	0
4.9	0.37705	-1.6	0	0.37705	-1.4062	0
4.905	0.37705	-1.6	0	0.37705	-1.4062	0
4.91	0.37705	-1.6	0	0.37705	-1.4062	0
4.915	0.37705	-1.6	0	0.37705	-1.4062	0
4.92	0.37705	-1.6	0	0.37705	-1.4062	0
4.925	0.37705	-1.6	0	0.37705	-1.4062	0
4.93	0.37705	-1.6	0	0.37705	-1.4062	0
4.935	0.37705	-1.6	0	0.37705	-1.4062	0
4.94	0.37705	-1.6	0	0.37705	-1.4062	0
4.945	0.37705	-1.6	0	0.37705	-1.4062	0
4.95	0.37705	-1.6	0	0.37705	-1.4062	0
4.955	0.37705	-1.6	0	0.37705	-1.4062	0
4.96	0.37705	-1.6	0	0.37705	-1.4062	0
4.965	0.37705	-1.6	0	0.37705	-1.4062	0
4.97	0.37705	-1.6	0	0.37705	-1.4062	0
4.975	0.37705	-1.6	0	0.37705	-1.4062	0
4.98	0.37705	-1.6	0	0.37705	-1.4062	0
4.985	0.37705	-1.6	0	0.37705	-1.4062	0
4.99	0.37705	-1.6	0	0.37705	-1.4062	0
4.995	0.37705	-1.6	0	0.37705	-1.4062	0
