0.005	-0.44552	0.47428	-0.19324	1	0	0	0	1	0	0	0	1
0.01	-0.44548	0.47427	-0.19322	1	0	0	0	1	0	0	0	1
0.015	-0.44545	0.47425	-0.1932	1	0	0	0	1	0	0	0	1
0.02	-0.4454	0.47424	-0.19317	1	0	0	0	1	0	0	0	1
0.025	-0.44535	0.47423	-0.19315	1	0	0	0	1	0	0	0	1
0.03	-0.44531	0.47422	-0.19313	1	0	0	0	1	0	0	0	1
0.035	-0.44529	0.47421	-0.1931	1	0	0	0	1	0	0	0	1
0.04	-0.44525	0.47421	-0.19308	1	0	0	0	1	0	0	0	1
0.045	-0.44519	0.4742	-0.19307	1	0	0	0	1	0	0	0	1
0.05	-0.44516	0.47421	-0.19304	1	0	0	0	1	0	0	0	1
0.055	-0.44514	0.4742	-0.19302	1	0	0	0	1	0	0	0	1
0.06	-0.4451	0.4742	-0.19301	1	0	0	0	1	0	0	0	1
0.065	-0.44507	0.4742	-0.19299	1	0	0	0	1	0	0	0	1
0.07	-0.44503	0.4742	-0.19298	1	0	0	0	1	0	0	0	1
0.075	-0.44501	0.47418	-0.19297	1	0	0	0	1	0	0	0	1
0.08	-0.44497	0.47417	-0.19296	1	0	0	0	1	0	0	0	1
0.085	-0.44494	0.47417	-0.19295	1	0	0	0	1	0	0	0	1
0.09	-0.44494	0.47416	-0.19294	1	0	0	0	1	0	0	0	1
0.095	-0.44495	0.47415	-0.19292	1	0	0	0	1	0	0	0	1
0.1	-0.44493	0.47416	-0.19291	1	0	0	0	1	0	0	0	1
0.105	-0.44491	0.47416	-0.19291	1	0	0	0	1	0	0	0	1
0.11	-0.4449	0.47415	-0.19289	1	0	0	0	1	0	0	0	1
0.115	-0.44487	0.47416	-0.1929	1	0	0	0	1	0	0	0	1
0.12	-0.44487	0.47415	-0.19288	1	0	0	0	1	0	0	0	1
0.125	-0.44486	0.47414	-0.19287	1	0	0	0	1	0	0	0	1
0.13	-0.44485	0.47414	-0.19285	1	0	0	0	1	0	0	0	1
0.135	-0.44483	0.47414	-0.19285	1	0	0	0	1	0	0	0	1
0.14	-0.44484	0.47416	-0.19284	1	0	0	0	1	0	0	0	1
0.145	-0.44484	0.47417	-0.19284	1	0	0	0	1	0	0	0	1
0.15	-0.44484	0.47418	-0.19283	1	0	0	0	1	0	0	0	1
0.155	-0.44488	0.47419	-0.19281	1	0	0	0	1	0	0	0	1
0.16	-0.4449	0.47419	-0.19281	1	0	0	0	1	0	0	0	1
0.165	-0.44491	0.4742	-0.19282	1	0	0	0	1	0	0	0	1
0.17	-0.44497	0.47423	-0.19281	1	0	0	0	1	0	0	0	1
0.175	-0.44503	0.47424	-0.1928	1	0	0	0	1	0	0	0	1
0.18	-0.44508	0.47425	-0.1928	1	0	0	0	1	0	0	0	1
0.185	-0.44512	0.47427	-0.19281	1	0	0	0	1	0	0	0	1
0.19	-0.44517	0.47429	-0.19281	1	0	0	0	1	0	0	0	1
0.195	-0.44521	0.47429	-0.19281	1	0	0	0	1	0	0	0	1
0.2	-0.44525	0.4743	-0.19282	1	0	0	0	1	0	0	0	1
0.205	-0.44531	0.47432	-0.19281	1	0	0	0	1	0	0	0	1
0.21	-0.44535	0.47433	-0.19281	1	0	0	0	1	0	0	0	1
0.215	-0.44541	0.47433	-0.19281	1	0	0	0	1	0	0	0	1
0.22	-0.44544	0.47434	-0.19282	1	0	0	0	1	0	0	0	1
0.225	-0.44546	0.47434	-0.19282	1	0	0	0	1	0	0	0	1
0.23	-0.44549	0.47434	-0.19282	1	0	0	0	1	0	0	0	1
0.235	-0.4455	0.47434	-0.19284	1	0	0	0	1	0	0	0	1
0.24	-0.44553	0.47434	-0.19283	1	0	0	0	1	0	0	0	1
0.245	-0.4455	0.47434	-0.19285	1	0	0	0	1	0	0	0	1
0.25	-0.44547	0.47434	-0.19287	1	0	0	0	1	0	0	0	1
0.255	-0.44546	0.47433	-0.19288	1	0	0	0	1	0	0	0	1
0.26	-0.44544	0.47432	-0.19289	1	0	0	0	1	0	0	0	1
0.265	-0.44543	0.4743	-0.19289	1	0	0	0	1	0	0	0	1
0.27	-0.4454	0.47429	-0.1929	1	0	0	0	1	0	0	0	1
0.275	-0.44535	0.47428	-0.19292	1	0	0	0	1	0	0	0	1
0.28	-0.44532	0.47427	-0.19292	1	0	0	0	1	0	0	0	1
0.285	-0.4453	0.47424	-0.19292	1	0	0	0	1	0	0	0	1
0.29	-0.44524	0.47422	-0.19294	1	0	0	0	1	0	0	0	1
0.295	-0.44519	0.47419	-0.19295	1	0	0	0	1	0	0	0	1
0.3	-0.44517	0.47416	-0.19295	1	0	0	0	1	0	0	0	1
0.305	-0.44512	0.47413	-0.19296	1	0	0	0	1	0	0	0	1
0.31	-0.44509	0.4741	-0.19296	1	0	0	0	1	0	0	0	1
0.315	-0.44502	0.47408	-0.19298	1	0	0	0	1	0	0	0	1
0.32	-0.44493	0.47404	-0.19299	1	0	0	0	1	0	0	0	1
0.325	-0.44488	0.47401	-0.19299	1	0	0	0	1	0	0	0	1
0.33	-0.44481	0.47398	-0.19301	1	0	0	0	1	0	0	0	1
0.335	-0.44474	0.47393	-0.19301	1	0	0	0	1	0	0	0	1
0.34	-0.44466	0.47389	-0.19302	1	0	0	0	1	0	0	0	1
0.345	-0.44459	0.47386	-0.19303	1	0	0	0	1	0	0	0	1
0.35	-0.4445	0.47382	-0.19305	1	0	0	0	1	0	0	0	1
0.355	-0.4444	0.47377	-0.19306	1	0	0	0	1	0	0	0	1
0.36	-0.44429	0.47374	-0.19309	1	0	0	0	1	0	0	0	1
0.365	-0.44418	0.47373	-0.19311	1	0	0	0	1	0	0	0	1
0.37	-0.44408	0.4737	-0.19314	1	0	0	0	1	0	0	0	1
0.375	-0.44402	0.47369	-0.19314	1	0	0	0	1	0	0	0	1
0.38	-0.44394	0.47366	-0.19315	1	0	0	0	1	0	0	0	1
0.385	-0.44381	0.47364	-0.19319	1	0	0	0	1	0	0	0	1
0.39	-0.4437	0.47361	-0.19321	1	0	0	0	1	0	0	0	1
0.395	-0.44362	0.47359	-0.19323	1	0	0	0	1	0	0	0	1
0.4	-0.44353	0.47358	-0.19324	1	0	0	0	1	0	0	0	1
0.405	-0.44349	0.47356	-0.19324	1	0	0	0	1	0	0	0	1
0.41	-0.44342	0.47354	-0.19326	1	0	0	0	1	0	0	0	1
0.415	-0.44333	0.47352	-0.19329	1	0	0	0	1	0	0	0	1
0.42	-0.44326	0.4735	-0.1933	1	0	0	0	1	0	0	0	1
0.425	-0.44321	0.4735	-0.19332	1	0	0	0	1	0	0	0	1
0.43	-0.44315	0.47348	-0.19333	1	0	0	0	1	0	0	0	1
0.435	-0.44309	0.47345	-0.19333	1	0	0	0	1	0	0	0	1
0.44	-0.44306	0.47344	-0.19334	1	0	0	0	1	0	0	0	1
0.445	-0.44301	0.47343	-0.19336	1	0	0	0	1	0	0	0	1
0.45	-0.44295	0.47341	-0.19338	1	0	0	0	1	0	0	0	1
0.455	-0.44292	0.47341	-0.19339	1	0	0	0	1	0	0	0	1
0.46	-0.44287	0.47341	-0.1934	1	0	0	0	1	0	0	0	1
0.465	-0.44284	0.4734	-0.19342	1	0	0	0	1	0	0	0	1
0.47	-0.44281	0.4734	-0.19344	1	0	0	0	1	0	0	0	1
0.475	-0.44278	0.47339	-0.19346	1	0	0	0	1	0	0	0	1
0.48	-0.44279	0.47338	-0.19346	1	0	0	0	1	0	0	0	1
0.485	-0.44276	0.47338	-0.19348	1	0	0	0	1	0	0	0	1
0.49	-0.44274	0.47338	-0.19351	1	0	0	0	1	0	0	0	1
0.495	-0.44275	0.47337	-0.19352	1	0	0	0	1	0	0	0	1
0.5	-0.44274	0.47337	-0.19354	1	0	0	0	1	0	0	0	1
0.505	-0.44276	0.47337	-0.19356	1	0	0	0	1	0	0	0	1
0.51	-0.44279	0.47336	-0.19357	1	0	0	0	1	0	0	0	1
0.515	-0.44278	0.47336	-0.1936	1	0	0	0	1	0	0	0	1
0.52	-0.4428	0.47337	-0.19361	1	0	0	0	1	0	0	0	1
0.525	-0.44283	0.47338	-0.19362	1	0	0	0	1	0	0	0	1
0.53	-0.44284	0.47338	-0.19365	1	0	0	0	1	0	0	0	1
0.535	-0.44287	0.47338	-0.19366	1	0	0	0	1	0	0	0	1
0.54	-0.44288	0.47338	-0.19368	1	0	0	0	1	0	0	0	1
0.545	-0.44288	0.47339	-0.19371	1	0	0	0	1	0	0	0	1
0.55	-0.44291	0.47339	-0.19373	1	0	0	0	1	0	0	0	1
0.555	-0.44295	0.47339	-0.19374	1	0	0	0	1	0	0	0	1
0.56	-0.44296	0.47341	-0.19377	1	0	0	0	1	0	0	0	1
0.565	-0.44299	0.47342	-0.19379	1	0	0	0	1	0	0	0	1
0.57	-0.44302	0.47342	-0.19381	1	0	0	0	1	0	0	0	1
0.575	-0.44308	0.47343	-0.19381	1	0	0	0	1	0	0	0	1
0.58	-0.44312	0.47344	-0.19383	1	0	0	0	1	0	0	0	1
0.585	-0.44319	0.47344	-0.19382	1	0	0	0	1	0	0	0	1
0.59	-0.44324	0.47343	-0.19384	1	0	0	0	1	0	0	0	1
0.595	-0.44324	0.47344	-0.19387	1	0	0	0	1	0	0	0	1
0.6	-0.44325	0.47345	-0.19389	1	0	0	0	1	0	0	0	1
0.605	-0.44327	0.47346	-0.19389	1	0	0	0	1	0	0	0	1
0.61	-0.44329	0.47348	-0.19391	1	0	0	0	1	0	0	0	1
0.615	-0.44329	0.47349	-0.19393	1	0	0	0	1	0	0	0	1
0.62	-0.44331	0.47349	-0.19395	1	0	0	0	1	0	0	0	1
0.625	-0.44334	0.47349	-0.19395	1	0	0	0	1	0	0	0	1
0.63	-0.44337	0.47349	-0.19396	1	0	0	0	1	0	0	0	1
0.635	-0.44341	0.47349	-0.19396	1	0	0	0	1	0	0	0	1
0.64	-0.4434	0.4735	-0.19398	1	0	0	0	1	0	0	0	1
0.645	-0.44339	0.4735	-0.19398	1	0	0	0	1	0	0	0	1
0.65	-0.44341	0.4735	-0.19398	1	0	0	0	1	0	0	0	1
0.655	-0.44344	0.4735	-0.19398	1	0	0	0	1	0	0	0	1
0.66	-0.44344	0.47352	-0.19398	1	0	0	0	1	0	0	0	1
0.665	-0.44343	0.47352	-0.19401	1	0	0	0	1	0	0	0	1
0.67	-0.44341	0.47351	-0.19403	1	0	0	0	1	0	0	0	1
0.675	-0.44344	0.47351	-0.19404	1	0	0	0	1	0	0	0	1
0.68	-0.44347	0.4735	-0.19404	1	0	0	0	1	0	0	0	1
0.685	-0.44345	0.47349	-0.19407	1	0	0	0	1	0	0	0	1
0.69	-0.44349	0.47349	-0.19408	1	0	0	0	1	0	0	0	1
0.695	-0.44343	0.47351	-0.19413	1	0	0	0	1	0	0	0	1
0.7	-0.44345	0.47351	-0.19414	1	0	0	0	1	0	0	0	1
0.705	-0.44346	0.47349	-0.19416	1	0	0	0	1	0	0	0	1
0.71	-0.44341	0.47349	-0.1942	1	0	0	0	1	0	0	0	1
0.715	-0.4434	0.47349	-0.19423	1	0	0	0	1	0	0	0	1
0.72	-0.44341	0.47348	-0.19424	1	0	0	0	1	0	0	0	1
0.725	-0.44338	0.47347	-0.19427	1	0	0	0	1	0	0	0	1
0.73	-0.44339	0.47345	-0.19427	1	0	0	0	1	0	0	0	1
0.735	-0.44335	0.47345	-0.19429	1	0	0	0	1	0	0	0	1
0.74	-0.44327	0.47344	-0.19433	1	0	0	0	1	0	0	0	1
0.745	-0.44326	0.47342	-0.19434	1	0	0	0	1	0	0	0	1
0.75	-0.44322	0.47342	-0.19437	1	0	0	0	1	0	0	0	1
0.755	-0.44318	0.47341	-0.1944	1	0	0	0	1	0	0	0	1
0.76	-0.44316	0.4734	-0.19443	1	0	0	0	1	0	0	0	1
0.765	-0.44313	0.47338	-0.19446	1	0	0	0	1	0	0	0	1
0.77	-0.44309	0.47336	-0.1945	1	0	0	0	1	0	0	0	1
0.775	-0.44304	0.47335	-0.19454	1	0	0	0	1	0	0	0	1
0.78	-0.443	0.47333	-0.19458	1	0	0	0	1	0	0	0	1
0.785	-0.44295	0.4733	-0.19461	1	0	0	0	1	0	0	0	1
0.79	-0.44284	0.47328	-0.19467	1	0	0	0	1	0	0	0	1
0.795	-0.44272	0.47327	-0.19473	1	0	0	0	1	0	0	0	1
0.8	-0.44266	0.47322	-0.19476	1	0	0	0	1	0	0	0	1
0.805	-0.44253	0.47318	-0.1948	1	0	0	0	1	0	0	0	1
0.81	-0.4424	0.47311	-0.19484	1	0	0	0	1	0	0	0	1
0.815	-0.4422	0.47307	-0.19491	1	0	0	0	1	0	0	0	1
0.82	-0.44202	0.47302	-0.19495	1	0	0	0	1	0	0	0	1
0.825	-0.44185	0.47296	-0.195	1	0	0	0	1	0	0	0	1
0.83	-0.44166	0.47289	-0.19504	1	0	0	0	1	0	0	0	1
0.835	-0.44145	0.47283	-0.19509	1	0	0	0	1	0	0	0	1
0.84	-0.44119	0.4728	-0.19515	1	0	0	0	1	0	0	0	1
0.845	-0.44099	0.47276	-0.19519	1	0	0	0	1	0	0	0	1
0.85	-0.44075	0.47273	-0.19524	1	0	0	0	1	0	0	0	1
0.855	-0.4405	0.47271	-0.1953	1	0	0	0	1	0	0	0	1
0.86	-0.44032	0.47265	-0.19531	1	0	0	0	1	0	0	0	1
0.865	-0.4401	0.47259	-0.19535	1	0	0	0	1	0	0	0	1
0.87	-0.43987	0.4725	-0.1954	1	0	0	0	1	0	0	0	1
0.875	-0.43961	0.47241	-0.19546	1	0	0	0	1	0	0	0	1
0.88	-0.43935	0.4723	-0.19551	1	0	0	0	1	0	0	0	1
0.885	-0.4391	0.47218	-0.19555	1	0	0	0	1	0	0	0	1
0.89	-0.43884	0.47208	-0.1956	1	0	0	0	1	0	0	0	1
0.895	-0.43856	0.47199	-0.19564	1	0	0	0	1	0	0	0	1
0.9	-0.43823	0.47192	-0.19569	1	0	0	0	1	0	0	0	1
0.905	-0.43787	0.47186	-0.19576	1	0	0	0	1	0	0	0	1
0.91	-0.43751	0.47179	-0.19581	1	0	0	0	1	0	0	0	1
0.915	-0.43721	0.47169	-0.19582	1	0	0	0	1	0	0	0	1
0.92	-0.43682	0.47158	-0.19588	1	0	0	0	1	0	0	0	1
0.925	-0.43642	0.47144	-0.19594	1	0	0	0	1	0	0	0	1
0.93	-0.43607	0.47129	-0.19596	1	0	0	0	1	0	0	0	1
0.935	-0.43563	0.47116	-0.19602	1	0	0	0	1	0	0	0	1
0.94	-0.43522	0.47104	-0.19606	1	0	0	0	1	0	0	0	1
0.945	-0.43485	0.47095	-0.19608	1	0	0	0	1	0	0	0	1
0.95	-0.43439	0.47086	-0.19615	1	0	0	0	1	0	0	0	1
0.955	-0.43397	0.47071	-0.19619	1	0	0	0	1	0	0	0	1
0.96	-0.43359	0.47051	-0.19621	1	0	0	0	1	0	0	0	1
0.965	-0.43313	0.47033	-0.19624	1	0	0	0	1	0	0	0	1
0.97	-0.43264	0.47018	-0.19627	1	0	0	0	1	0	0	0	1
0.975	-0.4321	0.47005	-0.19632	1	0	0	0	1	0	0	0	1
0.98	-0.43153	0.46992	-0.19638	1	0	0	0	1	0	0	0	1
0.985	-0.43092	0.46975	-0.19644	1	0	0	0	1	0	0	0	1
0.99	-0.43034	0.46954	-0.19648	1	0	0	0	1	0	0	0	1
0.995	-0.42978	0.46934	-0.1965	1	0	0	0	1	0	0	0	1
1	-0.42917	0.46918	-0.19654	1	0	0	0	1	0	0	0	1
1.005	-0.42856	0.46902	-0.19656	1	0	0	0	1	0	0	0	1
1.01	-0.42793	0.46882	-0.19656	1	0	0	0	1	0	0	0	1
1.015	-0.42735	0.4686	-0.19652	1	0	0	0	1	0	0	0	1
1.02	-0.42675	0.4684	-0.19652	1	0	0	0	1	0	0	0	1
1.025	-0.4261	0.46819	-0.19653	1	0	0	0	1	0	0	0	1
1.03	-0.42542	0.46795	-0.1965	1	0	0	0	1	0	0	0	1
1.035	-0.42466	0.46774	-0.19651	1	0	0	0	1	0	0	0	1
1.04	-0.42392	0.46753	-0.19651	1	0	0	0	1	0	0	0	1
1.045	-0.42319	0.4673	-0.1965	1	0	0	0	1	0	0	0	1
1.05	-0.42248	0.46706	-0.19648	1	0	0	0	1	0	0	0	1
1.055	-0.42177	0.46684	-0.19645	1	0	0	0	1	0	0	0	1
1.06	-0.42105	0.46663	-0.19642	1	0	0	0	1	0	0	0	1
1.065	-0.42034	0.46636	-0.19641	1	0	0	0	1	0	0	0	1
1.07	-0.41964	0.46607	-0.19638	1	0	0	0	1	0	0	0	1
1.075	-0.41887	0.46581	-0.19636	1	0	0	0	1	0	0	0	1
1.08	-0.41811	0.46552	-0.19633	1	0	0	0	1	0	0	0	1
1.085	-0.41732	0.46521	-0.19631	1	0	0	0	1	0	0	0	1
1.09	-0.41655	0.46497	-0.1963	1	0	0	0	1	0	0	0	1
1.095	-0.41586	0.46477	-0.19625	1	0	0	0	1	0	0	0	1
1.1	-0.41509	0.46448	-0.19624	1	0	0	0	1	0	0	0	1
1.105	-0.41433	0.46419	-0.19623	1	0	0	0	1	0	0	0	1
1.11	-0.41363	0.46395	-0.19624	1	0	0	0	1	0	0	0	1
1.115	-0.41289	0.46367	-0.19627	1	0	0	0	1	0	0	0	1
1.12	-0.41211	0.46334	-0.19632	1	0	0	0	1	0	0	0	1
1.125	-0.41135	0.46308	-0.19637	1	0	0	0	1	0	0	0	1
1.13	-0.4106	0.46285	-0.19643	1	0	0	0	1	0	0	0	1
1.135	-0.40987	0.46254	-0.19651	1	0	0	0	1	0	0	0	1
1.14	-0.40922	0.46226	-0.19657	1	0	0	0	1	0	0	0	1
1.145	-0.40855	0.46184	-0.19668	1	0	0	0	1	0	0	0	1
1.15	-0.40789	0.46179	-0.19678	1	0	0	0	1	0	0	0	1
1.155	-0.40717	0.46148	-0.19691	1	0	0	0	1	0	0	0	1
1.16	-0.40656	0.46097	-0.19703	1	0	0	0	1	0	0	0	1
1.165	-0.40578	0.46078	-0.19722	1	0	0	0	1	0	0	0	1
1.17	-0.40499	0.46071	-0.19739	1	0	0	0	1	0	0	0	1
1.175	-0.40425	0.4604	-0.19755	1	0	0	0	1	0	0	0	1
1.18	-0.40351	0.46015	-0.1977	1	0	0	0	1	0	0	0	1
1.185	-0.40277	0.45987	-0.19785	1	0	0	0	1	0	0	0	1
1.19	-0.40203	0.45954	-0.19802	1	0	0	0	1	0	0	0	1
1.195	-0.40129	0.45927	-0.19818	1	0	0	0	1	0	0	0	1
1.2	-0.40052	0.459	-0.19834	1	0	0	0	1	0	0	0	1
1.205	-0.39981	0.45863	-0.19846	1	0	0	0	1	0	0	0	1
1.21	-0.39912	0.45832	-0.19861	1	0	0	0	1	0	0	0	1
1.215	-0.39836	0.45803	-0.19878	1	0	0	0	1	0	0	0	1
1.22	-0.39758	0.45769	-0.19894	1	0	0	0	1	0	0	0	1
1.225	-0.39684	0.4574	-0.19909	1	0	0	0	1	0	0	0	1
1.23	-0.39619	0.45712	-0.19921	1	0	0	0	1	0	0	0	1
1.235	-0.39555	0.45678	-0.1993	1	0	0	0	1	0	0	0	1
1.24	-0.39487	0.45646	-0.19939	1	0	0	0	1	0	0	0	1
1.245	-0.39419	0.45619	-0.19947	1	0	0	0	1	0	0	0	1
1.25	-0.39343	0.45588	-0.19958	1	0	0	0	1	0	0	0	1
1.255	-0.3927	0.45552	-0.19966	1	0	0	0	1	0	0	0	1
1.26	-0.39198	0.45522	-0.19971	1	0	0	0	1	0	0	0	1
1.265	-0.39119	0.45489	-0.1998	1	0	0	0	1	0	0	0	1
1.27	-0.39043	0.45454	-0.19987	1	0	0	0	1	0	0	0	1
1.275	-0.38963	0.45424	-0.19992	1	0	0	0	1	0	0	0	1
1.28	-0.38883	0.45392	-0.19996	1	0	0	0	1	0	0	0	1
1.285	-0.38811	0.45356	-0.19998	1	0	0	0	1	0	0	0	1
1.29	-0.38734	0.45321	-0.20002	1	0	0	0	1	0	0	0	1
1.295	-0.38649	0.4528	-0.20008	1	0	0	0	1	0	0	0	1
1.3	-0.38559	0.45237	-0.20016	1	0	0	0	1	0	0	0	1
1.305	-0.38465	0.45193	-0.2002	1	0	0	0	1	0	0	0	1
1.31	-0.38372	0.4515	-0.20027	1	0	0	0	1	0	0	0	1
1.315	-0.38282	0.45111	-0.20031	1	0	0	0	1	0	0	0	1
1.32	-0.3819	0.4507	-0.20034	1	0	0	0	1	0	0	0	1
1.325	-0.38102	0.45029	-0.20036	1	0	0	0	1	0	0	0	1
1.33	-0.38012	0.44984	-0.20037	1	0	0	0	1	0	0	0	1
1.335	-0.37917	0.44936	-0.20042	1	0	0	0	1	0	0	0	1
1.34	-0.37818	0.44888	-0.20044	1	0	0	0	1	0	0	0	1
1.345	-0.37713	0.44844	-0.2005	1	0	0	0	1	0	0	0	1
1.35	-0.37613	0.44799	-0.20054	1	0	0	0	1	0	0	0	1
1.355	-0.37512	0.44755	-0.20056	1	0	0	0	1	0	0	0	1
1.36	-0.37412	0.44708	-0.20054	1	0	0	0	1	0	0	0	1
1.365	-0.37318	0.4466	-0.2005	1	0	0	0	1	0	0	0	1
1.37	-0.37228	0.44612	-0.20046	1	0	0	0	1	0	0	0	1
1.375	-0.37132	0.44565	-0.20043	1	0	0	0	1	0	0	0	1
1.38	-0.37037	0.44519	-0.20039	1	0	0	0	1	0	0	0	1
1.385	-0.36945	0.44452	-0.20034	1	0	0	0	1	0	0	0	1
1.39	-0.36851	0.44422	-0.20025	1	0	0	0	1	0	0	0	1
1.395	-0.36761	0.44374	-0.20018	1	0	0	0	1	0	0	0	1
1.4	-0.36673	0.44331	-0.20012	1	0	0	0	1	0	0	0	1
1.405	-0.36582	0.44284	-0.20007	1	0	0	0	1	0	0	0	1
1.41	-0.36487	0.4422	-0.20005	1	0	0	0	1	0	0	0	1
1.415	-0.36382	0.44178	-0.20008	1	0	0	0	1	0	0	0	1
1.42	-0.36303	0.44131	-0.20002	1	0	0	0	1	0	0	0	1
1.425	-0.36218	0.44086	-0.19998	1	0	0	0	1	0	0	0	1
1.43	-0.36109	0.44049	-0.20003	1	0	0	0	1	0	0	0	1
1.435	-0.36024	0.44004	-0.20002	1	0	0	0	1	0	0	0	1
1.44	-0.35925	0.43972	-0.20002	1	0	0	0	1	0	0	0	1
1.445	-0.35834	0.43925	-0.20002	1	0	0	0	1	0	0	0	1
1.45	-0.35754	0.43857	-0.20004	1	0	0	0	1	0	0	0	1
1.455	-0.35669	0.43815	-0.20005	1	0	0	0	1	0	0	0	1
1.46	-0.35561	0.43786	-0.20011	1	0	0	0	1	0	0	0	1
1.465	-0.35465	0.43737	-0.20015	1	0	0	0	1	0	0	0	1
1.47	-0.35381	0.43665	-0.20016	1	0	0	0	1	0	0	0	1
1.475	-0.35281	0.43617	-0.20023	1	0	0	0	1	0	0	0	1
1.48	-0.35183	0.4359	-0.20022	1	0	0	0	1	0	0	0	1
1.485	-0.35091	0.43542	-0.20024	1	0	0	0	1	0	0	0	1
1.49	-0.35	0.43492	-0.20026	1	0	0	0	1	0	0	0	1
1.495	-0.3491	0.43443	-0.20028	1	0	0	0	1	0	0	0	1
1.5	-0.34825	0.43393	-0.2003	1	0	0	0	1	0	0	0	1
1.505	-0.34742	0.43343	-0.20033	1	0	0	0	1	0	0	0	1
1.51	-0.34659	0.43295	-0.20038	1	0	0	0	1	0	0	0	1
1.515	-0.34574	0.4325	-0.20044	1	0	0	0	1	0	0	0	1
1.52	-0.34491	0.43209	-0.2005	1	0	0	0	1	0	0	0	1
1.525	-0.34413	0.43162	-0.20056	1	0	0	0	1	0	0	0	1
1.53	-0.34338	0.4312	-0.2006	1	0	0	0	1	0	0	0	1
1.535	-0.34262	0.43074	-0.20064	1	0	0	0	1	0	0	0	1
1.54	-0.34189	0.43032	-0.20068	1	0	0	0	1	0	0	0	1
1.545	-0.34122	0.42972	-0.20071	1	0	0	0	1	0	0	0	1
1.55	-0.34034	0.42949	-0.2008	1	0	0	0	1	0	0	0	1
1.555	-0.33965	0.42911	-0.20085	1	0	0	0	1	0	0	0	1
1.56	-0.33895	0.42868	-0.20091	1	0	0	0	1	0	0	0	1
1.565	-0.33824	0.42831	-0.20095	1	0	0	0	1	0	0	0	1
1.57	-0.33755	0.42793	-0.20097	1	0	0	0	1	0	0	0	1
1.575	-0.337	0.42727	-0.20097	1	0	0	0	1	0	0	0	1
1.58	-0.33613	0.42721	-0.20103	1	0	0	0	1	0	0	0	1
1.585	-0.33551	0.42684	-0.20103	1	0	0	0	1	0	0	0	1
1.59	-0.33489	0.42622	-0.20104	1	0	0	0	1	0	0	0	1
1.595	-0.33422	0.42618	-0.20102	1	0	0	0	1	0	0	0	1
1.6	-0.3336	0.42579	-0.20098	1	0	0	0	1	0	0	0	1
1.605	-0.33301	0.42539	-0.20096	1	0	0	0	1	0	0	0	1
1.61	-0.33231	0.42487	-0.20098	1	0	0	0	1	0	0	0	1
1.615	-0.33181	0.42449	-0.20088	1	0	0	0	1	0	0	0	1
1.62	-0.33121	0.4243	-0.20081	1	0	0	0	1	0	0	0	1
1.625	-0.33061	0.42402	-0.20076	1	0	0	0	1	0	0	0	1
1.63	-0.33006	0.42368	-0.2007	1	0	0	0	1	0	0	0	1
1.635	-0.32952	0.42333	-0.20062	1	0	0	0	1	0	0	0	1
1.64	-0.32899	0.42304	-0.20054	1	0	0	0	1	0	0	0	1
1.645	-0.32837	0.42247	-0.20048	1	0	0	0	1	0	0	0	1
1.65	-0.3278	0.42234	-0.20039	1	0	0	0	1	0	0	0	1
1.655	-0.32721	0.42204	-0.20032	1	0	0	0	1	0	0	0	1
1.66	-0.32658	0.4215	-0.20025	1	0	0	0	1	0	0	0	1
1.665	-0.32579	0.42118	-0.2002	1	0	0	0	1	0	0	0	1
1.67	-0.32511	0.42091	-0.20012	1	0	0	0	1	0	0	0	1
1.675	-0.3246	0.42068	-0.19996	1	0	0	0	1	0	0	0	1
1.68	-0.32393	0.42027	-0.19983	1	0	0	0	1	0	0	0	1
1.685	-0.3233	0.41973	-0.1997	1	0	0	0	1	0	0	0	1
1.69	-0.32247	0.41932	-0.19964	1	0	0	0	1	0	0	0	1
1.695	-0.32168	0.4189	-0.19955	1	0	0	0	1	0	0	0	1
1.7	-0.3211	0.41874	-0.19938	1	0	0	0	1	0	0	0	1
1.705	-0.32032	0.41828	-0.19931	1	0	0	0	1	0	0	0	1
1.71	-0.3195	0.41785	-0.19923	1	0	0	0	1	0	0	0	1
1.715	-0.31863	0.41737	-0.19917	1	0	0	0	1	0	0	0	1
1.72	-0.3178	0.4169	-0.19913	1	0	0	0	1	0	0	0	1
1.725	-0.31694	0.41642	-0.19907	1	0	0	0	1	0	0	0	1
1.73	-0.31606	0.41589	-0.19899	1	0	0	0	1	0	0	0	1
1.735	-0.31519	0.41538	-0.19889	1	0	0	0	1	0	0	0	1
1.74	-0.31425	0.41468	-0.19883	1	0	0	0	1	0	0	0	1
1.745	-0.31327	0.41435	-0.19874	1	0	0	0	1	0	0	0	1
1.75	-0.31227	0.41374	-0.19864	1	0	0	0	1	0	0	0	1
1.755	-0.31116	0.41313	-0.19856	1	0	0	0	1	0	0	0	1
1.76	-0.31001	0.41246	-0.19849	1	0	0	0	1	0	0	0	1
1.765	-0.30869	0.41175	-0.19843	1	0	0	0	1	0	0	0	1
1.77	-0.30728	0.4111	-0.19837	1	0	0	0	1	0	0	0	1
1.775	-0.30586	0.4104	-0.19832	1	0	0	0	1	0	0	0	1
1.78	-0.30434	0.4096	-0.19825	1	0	0	0	1	0	0	0	1
1.785	-0.30271	0.40875	-0.19821	1	0	0	0	1	0	0	0	1
1.79	-0.30093	0.40788	-0.19818	1	0	0	0	1	0	0	0	1
1.795	-0.29914	0.40699	-0.19813	1	0	0	0	1	0	0	0	1
1.8	-0.29737	0.40603	-0.19805	1	0	0	0	1	0	0	0	1
1.805	-0.29556	0.40508	-0.19796	1	0	0	0	1	0	0	0	1
1.81	-0.29367	0.40416	-0.19785	1	0	0	0	1	0	0	0	1
1.815	-0.29166	0.40321	-0.19774	1	0	0	0	1	0	0	0	1
1.82	-0.28951	0.40226	-0.19765	1	0	0	0	1	0	0	0	1
1.825	-0.28732	0.40133	-0.19751	1	0	0	0	1	0	0	0	1
1.83	-0.28506	0.40042	-0.19732	1	0	0	0	1	0	0	0	1
1.835	-0.28267	0.39951	-0.19711	1	0	0	0	1	0	0	0	1
1.84	-0.28011	0.39863	-0.1969	1	0	0	0	1	0	0	0	1
1.845	-0.27741	0.39771	-0.19667	1	0	0	0	1	0	0	0	1
1.85	-0.27468	0.39679	-0.19636	1	0	0	0	1	0	0	0	1
1.855	-0.27182	0.3959	-0.19599	1	0	0	0	1	0	0	0	1
1.86	-0.26883	0.39502	-0.19561	1	0	0	0	1	0	0	0	1
1.865	-0.26582	0.39408	-0.19521	1	0	0	0	1	0	0	0	1
1.87	-0.26271	0.39308	-0.19479	1	0	0	0	1	0	0	0	1
1.875	-0.25953	0.39201	-0.19432	1	0	0	0	1	0	0	0	1
1.88	-0.25636	0.39098	-0.19377	1	0	0	0	1	0	0	0	1
1.885	-0.25336	0.38969	-0.19316	1	0	0	0	1	0	0	0	1
1.89	-0.25015	0.38858	-0.19254	1	0	0	0	1	0	0	0	1
1.895	-0.24684	0.38749	-0.19196	1	0	0	0	1	0	0	0	1
1.9	-0.24375	0.38638	-0.19129	1	0	0	0	1	0	0	0	1
1.905	-0.24079	0.3852	-0.1906	1	0	0	0	1	0	0	0	1
1.91	-0.23765	0.38415	-0.18997	1	0	0	0	1	0	0	0	1
1.915	-0.23474	0.38301	-0.1893	1	0	0	0	1	0	0	0	1
1.92	-0.23208	0.38183	-0.1886	1	0	0	0	1	0	0	0	1
1.925	-0.22948	0.38064	-0.1879	1	0	0	0	1	0	0	0	1
1.93	-0.22733	0.3794	-0.18716	1	0	0	0	1	0	0	0	1
1.935	-0.22531	0.37815	-0.18645	1	0	0	0	1	0	0	0	1
1.94	-0.22351	0.37685	-0.18577	1	0	0	0	1	0	0	0	1
1.945	-0.22209	0.37561	-0.18507	1	0	0	0	1	0	0	0	1
1.95	-0.22105	0.37433	-0.18437	1	0	0	0	1	0	0	0	1
1.955	-0.22024	0.37303	-0.18368	1	0	0	0	1	0	0	0	1
1.96	-0.21956	0.37194	-0.18302	1	0	0	0	1	0	0	0	1
1.965	-0.21897	0.37106	-0.1824	1	0	0	0	1	0	0	0	1
1.97	-0.21866	0.37032	-0.18173	1	0	0	0	1	0	0	0	1
1.975	-0.21836	0.36977	-0.18109	1	0	0	0	1	0	0	0	1
1.98	-0.21795	0.36947	-0.1805	1	0	0	0	1	0	0	0	1
1.985	-0.21779	0.36934	-0.17983	1	0	0	0	1	0	0	0	1
1.99	-0.21756	0.36944	-0.17916	1	0	0	0	1	0	0	0	1
1.995	-0.21737	0.36978	-0.17852	1	0	0	0	1	0	0	0	1
2	-0.2173	0.37039	-0.17794	1	0	0	0	1	0	0	0	1
2.005	-0.21715	0.3713	-0.17753	1	0	0	0	1	0	0	0	1
2.01	-0.21723	0.37243	-0.17725	1	0	0	0	1	0	0	0	1
2.015	-0.21765	0.37372	-0.17703	1	0	0	0	1	0	0	0	1
2.02	-0.2182	0.37535	-0.17697	1	0	0	0	1	0	0	0	1
2.025	-0.2189	0.37735	-0.17708	1	0	0	0	1	0	0	0	1
2.03	-0.21994	0.3796	-0.17733	1	0	0	0	1	0	0	0	1
2.035	-0.2213	0.3823	-0.17775	1	0	0	0	1	0	0	0	1
2.04	-0.22286	0.38547	-0.17836	1	0	0	0	1	0	0	0	1
2.045	-0.22457	0.38902	-0.17911	1	0	0	0	1	0	0	0	1
2.05	-0.22638	0.39307	-0.18001	1	0	0	0	1	0	0	0	1
2.055	-0.22811	0.39776	-0.18106	1	0	0	0	1	0	0	0	1
2.06	-0.22978	0.40284	-0.18222	1	0	0	0	1	0	0	0	1
2.065	-0.23137	0.40839	-0.18344	1	0	0	0	1	0	0	0	1
2.07	-0.23266	0.41454	-0.18476	1	0	0	0	1	0	0	0	1
2.075	-0.23353	0.42116	-0.1862	1	0	0	0	1	0	0	0	1
2.08	-0.23403	0.4282	-0.18767	1	0	0	0	1	0	0	0	1
2.085	-0.23421	0.43569	-0.18913	1	0	0	0	1	0	0	0	1
2.09	-0.23372	0.44391	-0.19066	1	0	0	0	1	0	0	0	1
2.095	-0.23297	0.45211	-0.19212	1	0	0	0	1	0	0	0	1
2.1	-0.23167	0.46066	-0.19356	1	0	0	0	1	0	0	0	1
2.105	-0.22964	0.46947	-0.19494	1	0	0	0	1	0	0	0	1
2.11	-0.22702	0.47842	-0.19616	1	0	0	0	1	0	0	0	1
2.115	-0.22389	0.48741	-0.19715	1	0	0	0	1	0	0	0	1
2.12	-0.22023	0.49634	-0.19797	1	0	0	0	1	0	0	0	1
2.125	-0.21608	0.50519	-0.19861	1	0	0	0	1	0	0	0	1
2.13	-0.21154	0.51385	-0.19904	1	0	0	0	1	0	0	0	1
2.135	-0.20665	0.52231	-0.19931	1	0	0	0	1	0	0	0	1
2.14	-0.20118	0.53047	-0.19948	1	0	0	0	1	0	0	0	1
2.145	-0.19499	0.53825	-0.19958	1	0	0	0	1	0	0	0	1
2.15	-0.18791	0.5456	-0.19968	1	0	0	0	1	0	0	0	1
2.155	-0.18032	0.55248	-0.19962	1	0	0	0	1	0	0	0	1
2.16	-0.17233	0.55894	-0.19941	1	0	0	0	1	0	0	0	1
2.165	-0.16376	0.56509	-0.19924	1	0	0	0	1	0	0	0	1
2.17	-0.15483	0.57093	-0.199	1	0	0	0	1	0	0	0	1
2.175	-0.14561	0.57647	-0.19871	1	0	0	0	1	0	0	0	1
2.18	-0.13609	0.58186	-0.19846	1	0	0	0	1	0	0	0	1
2.185	-0.12657	0.58704	-0.19812	1	0	0	0	1	0	0	0	1
2.19	-0.11709	0.59204	-0.19769	1	0	0	0	1	0	0	0	1
2.195	-0.10777	0.5969	-0.19712	1	0	0	0	1	0	0	0	1
2.2	-0.098413	0.60165	-0.19661	1	0	0	0	1	0	0	0	1
2.205	-0.089006	0.60632	-0.1962	1	0	0	0	1	0	0	0	1
2.21	-0.079962	0.6108	-0.19571	1	0	0	0	1	0	0	0	1
2.215	-0.071224	0.61518	-0.19525	1	0	0	0	1	0	0	0	1
2.22	-0.062729	0.61962	-0.19488	1	0	0	0	1	0	0	0	1
2.225	-0.054636	0.62398	-0.19447	1	0	0	0	1	0	0	0	1
2.23	-0.046917	0.62813	-0.19404	1	0	0	0	1	0	0	0	1
2.235	-0.039253	0.63207	-0.1937	1	0	0	0	1	0	0	0	1
2.24	-0.031783	0.63579	-0.19339	1	0	0	0	1	0	0	0	1
2.245	-0.024604	0.63926	-0.19302	1	0	0	0	1	0	0	0	1
2.25	-0.017416	0.64245	-0.19277	1	0	0	0	1	0	0	0	1
2.255	-0.01047	0.64535	-0.19246	1	0	0	0	1	0	0	0	1
2.26	-0.0036293	0.64794	-0.19218	1	0	0	0	1	0	0	0	1
2.265	0.0032602	0.65023	-0.19195	1	0	0	0	1	0	0	0	1
2.27	0.0099973	0.65226	-0.19171	1	0	0	0	1	0	0	0	1
2.275	0.016735	0.65397	-0.19149	1	0	0	0	1	0	0	0	1
2.28	0.023452	0.6554	-0.19131	1	0	0	0	1	0	0	0	1
2.285	0.030072	0.65654	-0.19111	1	0	0	0	1	0	0	0	1
2.29	0.036658	0.65738	-0.19089	1	0	0	0	1	0	0	0	1
2.295	0.043285	0.65793	-0.19073	1	0	0	0	1	0	0	0	1
2.3	0.049869	0.65825	-0.19052	1	0	0	0	1	0	0	0	1
2.305	0.05657	0.65835	-0.19029	1	0	0	0	1	0	0	0	1
2.31	0.063274	0.65827	-0.19009	1	0	0	0	1	0	0	0	1
2.315	0.069872	0.658	-0.18985	1	0	0	0	1	0	0	0	1
2.32	0.076504	0.65754	-0.18966	1	0	0	0	1	0	0	0	1
2.325	0.083071	0.65686	-0.18946	1	0	0	0	1	0	0	0	1
2.33	0.08953	0.65598	-0.18923	1	0	0	0	1	0	0	0	1
2.335	0.095928	0.65488	-0.18899	1	0	0	0	1	0	0	0	1
2.34	0.10219	0.6535	-0.18869	1	0	0	0	1	0	0	0	1
2.345	0.10848	0.65186	-0.18847	1	0	0	0	1	0	0	0	1
2.35	0.11473	0.64996	-0.18825	1	0	0	0	1	0	0	0	1
2.355	0.1209	0.64783	-0.18804	1	0	0	0	1	0	0	0	1
2.36	0.12701	0.64542	-0.18782	1	0	0	0	1	0	0	0	1
2.365	0.13303	0.64272	-0.18758	1	0	0	0	1	0	0	0	1
2.37	0.13917	0.63974	-0.18739	1	0	0	0	1	0	0	0	1
2.375	0.14529	0.63648	-0.18718	1	0	0	0	1	0	0	0	1
2.38	0.15151	0.63304	-0.18699	1	0	0	0	1	0	0	0	1
2.385	0.1578	0.62934	-0.18678	1	0	0	0	1	0	0	0	1
2.39	0.16429	0.62538	-0.18659	1	0	0	0	1	0	0	0	1
2.395	0.17102	0.62123	-0.18644	1	0	0	0	1	0	0	0	1
2.4	0.17791	0.6169	-0.18627	1	0	0	0	1	0	0	0	1
2.405	0.18513	0.61238	-0.18617	1	0	0	0	1	0	0	0	1
2.41	0.19268	0.6077	-0.1861	1	0	0	0	1	0	0	0	1
2.415	0.20057	0.60288	-0.1861	1	0	0	0	1	0	0	0	1
2.42	0.20864	0.59787	-0.18606	1	0	0	0	1	0	0	0	1
2.425	0.21699	0.59269	-0.18604	1	0	0	0	1	0	0	0	1
2.43	0.22566	0.58731	-0.18608	1	0	0	0	1	0	0	0	1
2.435	0.23449	0.58177	-0.18609	1	0	0	0	1	0	0	0	1
2.44	0.24356	0.57605	-0.18614	1	0	0	0	1	0	0	0	1
2.445	0.25287	0.57019	-0.18622	1	0	0	0	1	0	0	0	1
2.45	0.26242	0.56415	-0.18629	1	0	0	0	1	0	0	0	1
2.455	0.27219	0.55793	-0.18641	1	0	0	0	1	0	0	0	1
2.46	0.28211	0.55158	-0.1865	1	0	0	0	1	0	0	0	1
2.465	0.29222	0.54503	-0.18662	1	0	0	0	1	0	0	0	1
2.47	0.30239	0.53826	-0.1868	1	0	0	0	1	0	0	0	1
2.475	0.31256	0.53123	-0.18706	1	0	0	0	1	0	0	0	1
2.48	0.32291	0.52406	-0.18732	1	0	0	0	1	0	0	0	1
2.485	0.33368	0.51703	-0.1875	1	0	0	0	1	0	0	0	1
2.49	0.34485	0.51017	-0.18761	1	0	0	0	1	0	0	0	1
2.495	0.35611	0.50337	-0.18752	1	0	0	0	1	0	0	0	1
2.5	0.36715	0.49681	-0.18732	1	0	0	0	1	0	0	0	1
2.505	0.37755	0.49079	-0.18706	1	0	0	0	1	0	0	0	1
2.51	0.38707	0.4852	-0.18683	1	0	0	0	1	0	0	0	1
2.515	0.39566	0.47972	-0.18666	1	0	0	0	1	0	0	0	1
2.52	0.4035	0.47431	-0.18642	1	0	0	0	1	0	0	0	1
2.525	0.41098	0.46938	-0.18578	1	0	0	0	1	0	0	0	1
2.53	0.41898	0.46567	-0.18476	1	0	0	0	1	0	0	0	1
2.535	0.42852	0.46358	-0.18368	1	0	0	0	1	0	0	0	1
2.54	0.43944	0.46283	-0.18287	1	0	0	0	1	0	0	0	1
2.545	0.45049	0.46253	-0.18239	1	0	0	0	1	0	0	0	1
2.55	0.46133	0.46175	-0.18192	1	0	0	0	1	0	0	0	1
2.555	0.47152	0.46046	-0.18123	1	0	0	0	1	0	0	0	1
2.56	0.48052	0.45873	-0.1804	1	0	0	0	1	0	0	0	1
2.565	0.48798	0.45681	-0.17961	1	0	0	0	1	0	0	0	1
2.57	0.49386	0.45464	-0.17901	1	0	0	0	1	0	0	0	1
2.575	0.49837	0.4521	-0.17857	1	0	0	0	1	0	0	0	1
2.58	0.50177	0.44946	-0.1782	1	0	0	0	1	0	0	0	1
2.585	0.50435	0.44674	-0.17791	1	0	0	0	1	0	0	0	1
2.59	0.50634	0.44423	-0.17768	1	0	0	0	1	0	0	0	1
2.595	0.508	0.44188	-0.17749	1	0	0	0	1	0	0	0	1
2.6	0.50963	0.43961	-0.17728	1	0	0	0	1	0	0	0	1
2.605	0.51153	0.43746	-0.17705	1	0	0	0	1	0	0	0	1
2.61	0.51378	0.43573	-0.17686	1	0	0	0	1	0	0	0	1
2.615	0.51615	0.43452	-0.17662	1	0	0	0	1	0	0	0	1
2.62	0.51845	0.43374	-0.17626	1	0	0	0	1	0	0	0	1
2.625	0.52063	0.43323	-0.17589	1	0	0	0	1	0	0	0	1
2.63	0.52261	0.43277	-0.17554	1	0	0	0	1	0	0	0	1
2.635	0.52443	0.43228	-0.17521	1	0	0	0	1	0	0	0	1
2.64	0.52614	0.43175	-0.17491	1	0	0	0	1	0	0	0	1
2.645	0.5276	0.43122	-0.17457	1	0	0	0	1	0	0	0	1
2.65	0.52881	0.43065	-0.17426	1	0	0	0	1	0	0	0	1
2.655	0.5298	0.43003	-0.17398	1	0	0	0	1	0	0	0	1
2.66	0.53051	0.42945	-0.17368	1	0	0	0	1	0	0	0	1
2.665	0.53101	0.42897	-0.17341	1	0	0	0	1	0	0	0	1
2.67	0.53136	0.42862	-0.1732	1	0	0	0	1	0	0	0	1
2.675	0.5315	0.42841	-0.173	1	0	0	0	1	0	0	0	1
2.68	0.53146	0.42834	-0.17279	1	0	0	0	1	0	0	0	1
2.685	0.5313	0.42841	-0.1726	1	0	0	0	1	0	0	0	1
2.69	0.53105	0.4286	-0.17244	1	0	0	0	1	0	0	0	1
2.695	0.53075	0.42888	-0.17234	1	0	0	0	1	0	0	0	1
2.7	0.53038	0.42923	-0.17229	1	0	0	0	1	0	0	0	1
2.705	0.52994	0.42963	-0.17229	1	0	0	0	1	0	0	0	1
2.71	0.52942	0.43007	-0.17234	1	0	0	0	1	0	0	0	1
2.715	0.52879	0.43057	-0.17244	1	0	0	0	1	0	0	0	1
2.72	0.52803	0.43111	-0.17256	1	0	0	0	1	0	0	0	1
2.725	0.52715	0.43167	-0.1727	1	0	0	0	1	0	0	0	1
2.73	0.52612	0.43227	-0.17284	1	0	0	0	1	0	0	0	1
2.735	0.52496	0.43295	-0.17297	1	0	0	0	1	0	0	0	1
2.74	0.52368	0.4337	-0.17312	1	0	0	0	1	0	0	0	1
2.745	0.52226	0.43453	-0.17324	1	0	0	0	1	0	0	0	1
2.75	0.52068	0.43539	-0.17333	1	0	0	0	1	0	0	0	1
2.755	0.51897	0.4363	-0.17336	1	0	0	0	1	0	0	0	1
2.76	0.51716	0.43725	-0.17336	1	0	0	0	1	0	0	0	1
2.765	0.51533	0.43825	-0.17335	1	0	0	0	1	0	0	0	1
2.77	0.51342	0.43927	-0.1733	1	0	0	0	1	0	0	0	1
2.775	0.51142	0.44029	-0.17319	1	0	0	0	1	0	0	0	1
2.78	0.50941	0.44136	-0.17307	1	0	0	0	1	0	0	0	1
2.785	0.50734	0.44245	-0.17289	1	0	0	0	1	0	0	0	1
2.79	0.50523	0.44357	-0.17268	1	0	0	0	1	0	0	0	1
2.795	0.50307	0.44475	-0.17244	1	0	0	0	1	0	0	0	1
2.8	0.50083	0.44593	-0.17216	1	0	0	0	1	0	0	0	1
2.805	0.4986	0.44713	-0.17186	1	0	0	0	1	0	0	0	1
2.81	0.49625	0.44834	-0.1715	1	0	0	0	1	0	0	0	1
2.815	0.49386	0.44953	-0.17114	1	0	0	0	1	0	0	0	1
2.82	0.49139	0.45071	-0.17077	1	0	0	0	1	0	0	0	1
2.825	0.48889	0.45186	-0.17043	1	0	0	0	1	0	0	0	1
2.83	0.48646	0.45302	-0.1701	1	0	0	0	1	0	0	0	1
2.835	0.48395	0.45419	-0.16968	1	0	0	0	1	0	0	0	1
2.84	0.48141	0.45536	-0.16925	1	0	0	0	1	0	0	0	1
2.845	0.47885	0.45651	-0.16885	1	0	0	0	1	0	0	0	1
2.85	0.47622	0.45764	-0.16841	1	0	0	0	1	0	0	0	1
2.855	0.47361	0.45877	-0.16798	1	0	0	0	1	0	0	0	1
2.86	0.47102	0.45987	-0.16755	1	0	0	0	1	0	0	0	1
2.865	0.46837	0.46096	-0.16708	1	0	0	0	1	0	0	0	1
2.87	0.46568	0.46202	-0.16659	1	0	0	0	1	0	0	0	1
2.875	0.46304	0.46305	-0.16612	1	0	0	0	1	0	0	0	1
2.88	0.46046	0.46408	-0.1657	1	0	0	0	1	0	0	0	1
2.885	0.45781	0.46507	-0.1652	1	0	0	0	1	0	0	0	1
2.89	0.45508	0.466	-0.16467	1	0	0	0	1	0	0	0	1
2.895	0.45242	0.46693	-0.1642	1	0	0	0	1	0	0	0	1
2.9	0.44974	0.46786	-0.16374	1	0	0	0	1	0	0	0	1
2.905	0.44698	0.46877	-0.16323	1	0	0	0	1	0	0	0	1
2.91	0.44423	0.46965	-0.16273	1	0	0	0	1	0	0	0	1
2.915	0.44155	0.47054	-0.16229	1	0	0	0	1	0	0	0	1
2.92	0.43886	0.47142	-0.16186	1	0	0	0	1	0	0	0	1
2.925	0.43612	0.47229	-0.16139	1	0	0	0	1	0	0	0	1
2.93	0.43341	0.47313	-0.16093	1	0	0	0	1	0	0	0	1
2.935	0.43079	0.47395	-0.16052	1	0	0	0	1	0	0	0	1
2.94	0.42816	0.47479	-0.16012	1	0	0	0	1	0	0	0	1
2.945	0.42552	0.4756	-0.15969	1	0	0	0	1	0	0	0	1
2.95	0.42296	0.47638	-0.15928	1	0	0	0	1	0	0	0	1
2.955	0.42042	0.47714	-0.15887	1	0	0	0	1	0	0	0	1
2.96	0.41793	0.47786	-0.15847	1	0	0	0	1	0	0	0	1
2.965	0.41556	0.47857	-0.15812	1	0	0	0	1	0	0	0	1
2.97	0.41319	0.47921	-0.15775	1	0	0	0	1	0	0	0	1
2.975	0.41091	0.47969	-0.15739	1	0	0	0	1	0	0	0	1
2.98	0.4087	0.48025	-0.15703	1	0	0	0	1	0	0	0	1
2.985	0.40646	0.48079	-0.15664	1	0	0	0	1	0	0	0	1
2.99	0.40445	0.48131	-0.15633	1	0	0	0	1	0	0	0	1
2.995	0.40236	0.48178	-0.15597	1	0	0	0	1	0	0	0	1
3	0.40038	0.48216	-0.15563	1	0	0	0	1	0	0	0	1
3.005	0.39863	0.48253	-0.15533	1	0	0	0	1	0	0	0	1
3.01	0.39692	0.48292	-0.15504	1	0	0	0	1	0	0	0	1
3.015	0.39518	0.48322	-0.15472	1	0	0	0	1	0	0	0	1
3.02	0.39348	0.48351	-0.15441	1	0	0	0	1	0	0	0	1
3.025	0.39194	0.48383	-0.15414	1	0	0	0	1	0	0	0	1
3.03	0.39048	0.4841	-0.1539	1	0	0	0	1	0	0	0	1
3.035	0.38906	0.48437	-0.15367	1	0	0	0	1	0	0	0	1
3.04	0.38773	0.48462	-0.15345	1	0	0	0	1	0	0	0	1
3.045	0.3864	0.48488	-0.15321	1	0	0	0	1	0	0	0	1
3.05	0.3851	0.48509	-0.15297	1	0	0	0	1	0	0	0	1
3.055	0.38395	0.48529	-0.15279	1	0	0	0	1	0	0	0	1
3.06	0.38292	0.48546	-0.15264	1	0	0	0	1	0	0	0	1
3.065	0.38181	0.48563	-0.15244	1	0	0	0	1	0	0	0	1
3.07	0.38084	0.4858	-0.15227	1	0	0	0	1	0	0	0	1
3.075	0.38002	0.48593	-0.15214	1	0	0	0	1	0	0	0	1
3.08	0.37915	0.48606	-0.15196	1	0	0	0	1	0	0	0	1
3.085	0.37839	0.4862	-0.1518	1	0	0	0	1	0	0	0	1
3.09	0.37768	0.48632	-0.15166	1	0	0	0	1	0	0	0	1
3.095	0.37704	0.48642	-0.15153	1	0	0	0	1	0	0	0	1
3.1	0.37642	0.48652	-0.15141	1	0	0	0	1	0	0	0	1
3.105	0.37588	0.48665	-0.15132	1	0	0	0	1	0	0	0	1
3.11	0.37527	0.48677	-0.1512	1	0	0	0	1	0	0	0	1
3.115	0.37474	0.48687	-0.15112	1	0	0	0	1	0	0	0	1
3.12	0.37422	0.48696	-0.15107	1	0	0	0	1	0	0	0	1
3.125	0.37364	0.48705	-0.151	1	0	0	0	1	0	0	0	1
3.13	0.37312	0.48716	-0.15099	1	0	0	0	1	0	0	0	1
3.135	0.37264	0.48727	-0.15101	1	0	0	0	1	0	0	0	1
3.14	0.37207	0.48737	-0.151	1	0	0	0	1	0	0	0	1
3.145	0.37149	0.48743	-0.15098	1	0	0	0	1	0	0	0	1
3.15	0.37094	0.4875	-0.151	1	0	0	0	1	0	0	0	1
3.155	0.37037	0.48757	-0.15099	1	0	0	0	1	0	0	0	1
3.16	0.36974	0.48765	-0.15095	1	0	0	0	1	0	0	0	1
3.165	0.36917	0.48773	-0.15093	1	0	0	0	1	0	0	0	1
3.17	0.36864	0.48781	-0.15092	1	0	0	0	1	0	0	0	1
3.175	0.36804	0.48787	-0.15085	1	0	0	0	1	0	0	0	1
3.18	0.36753	0.48795	-0.15081	1	0	0	0	1	0	0	0	1
3.185	0.36711	0.48804	-0.15077	1	0	0	0	1	0	0	0	1
3.19	0.36667	0.48814	-0.15071	1	0	0	0	1	0	0	0	1
3.195	0.36624	0.48822	-0.15062	1	0	0	0	1	0	0	0	1
3.2	0.36589	0.48829	-0.15054	1	0	0	0	1	0	0	0	1
3.205	0.36558	0.48835	-0.15046	1	0	0	0	1	0	0	0	1
3.21	0.36523	0.4884	-0.15033	1	0	0	0	1	0	0	0	1
3.215	0.36489	0.48845	-0.1502	1	0	0	0	1	0	0	0	1
3.22	0.36461	0.4885	-0.15008	1	0	0	0	1	0	0	0	1
3.225	0.36435	0.48856	-0.14999	1	0	0	0	1	0	0	0	1
3.23	0.36401	0.48861	-0.14987	1	0	0	0	1	0	0	0	1
3.235	0.36365	0.48864	-0.14976	1	0	0	0	1	0	0	0	1
3.24	0.36329	0.48868	-0.14966	1	0	0	0	1	0	0	0	1
3.245	0.36292	0.48871	-0.14957	1	0	0	0	1	0	0	0	1
3.25	0.36253	0.48874	-0.14946	1	0	0	0	1	0	0	0	1
3.255	0.36216	0.48877	-0.14936	1	0	0	0	1	0	0	0	1
3.26	0.36182	0.4888	-0.14928	1	0	0	0	1	0	0	0	1
3.265	0.36148	0.48882	-0.14922	1	0	0	0	1	0	0	0	1
3.27	0.36114	0.48885	-0.14916	1	0	0	0	1	0	0	0	1
3.275	0.3608	0.48889	-0.14911	1	0	0	0	1	0	0	0	1
3.28	0.36048	0.48892	-0.14906	1	0	0	0	1	0	0	0	1
3.285	0.36021	0.48897	-0.14901	1	0	0	0	1	0	0	0	1
3.29	0.35997	0.48903	-0.14897	1	0	0	0	1	0	0	0	1
3.295	0.35977	0.48909	-0.14892	1	0	0	0	1	0	0	0	1
3.3	0.35963	0.48916	-0.14886	1	0	0	0	1	0	0	0	1
3.305	0.35955	0.48922	-0.14878	1	0	0	0	1	0	0	0	1
3.31	0.35954	0.48929	-0.14868	1	0	0	0	1	0	0	0	1
3.315	0.35957	0.48934	-0.14856	1	0	0	0	1	0	0	0	1
3.32	0.35965	0.48938	-0.14845	1	0	0	0	1	0	0	0	1
3.325	0.35977	0.48942	-0.14833	1	0	0	0	1	0	0	0	1
3.33	0.3599	0.48943	-0.14822	1	0	0	0	1	0	0	0	1
3.335	0.36005	0.48944	-0.1481	1	0	0	0	1	0	0	0	1
3.34	0.36021	0.48943	-0.148	1	0	0	0	1	0	0	0	1
3.345	0.36036	0.48941	-0.1479	1	0	0	0	1	0	0	0	1
3.35	0.36051	0.48939	-0.14782	1	0	0	0	1	0	0	0	1
3.355	0.36068	0.48937	-0.14774	1	0	0	0	1	0	0	0	1
3.36	0.36085	0.48935	-0.14766	1	0	0	0	1	0	0	0	1
3.365	0.36104	0.48933	-0.14758	1	0	0	0	1	0	0	0	1
3.37	0.36124	0.48932	-0.1475	1	0	0	0	1	0	0	0	1
3.375	0.36146	0.48931	-0.14743	1	0	0	0	1	0	0	0	1
3.38	0.36168	0.4893	-0.14736	1	0	0	0	1	0	0	0	1
3.385	0.36192	0.48929	-0.1473	1	0	0	0	1	0	0	0	1
3.39	0.36217	0.48928	-0.14723	1	0	0	0	1	0	0	0	1
3.395	0.36242	0.48926	-0.14717	1	0	0	0	1	0	0	0	1
3.4	0.36267	0.48924	-0.14711	1	0	0	0	1	0	0	0	1
3.405	0.36292	0.48921	-0.14706	1	0	0	0	1	0	0	0	1
3.41	0.36317	0.48917	-0.14701	1	0	0	0	1	0	0	0	1
3.415	0.36341	0.48913	-0.14698	1	0	0	0	1	0	0	0	1
3.42	0.36365	0.48909	-0.14697	1	0	0	0	1	0	0	0	1
3.425	0.36388	0.48905	-0.14695	1	0	0	0	1	0	0	0	1
3.43	0.3641	0.48901	-0.14695	1	0	0	0	1	0	0	0	1
3.435	0.36432	0.48898	-0.14694	1	0	0	0	1	0	0	0	1
3.44	0.36454	0.48895	-0.14693	1	0	0	0	1	0	0	0	1
3.445	0.36476	0.48892	-0.14692	1	0	0	0	1	0	0	0	1
3.45	0.36498	0.4889	-0.1469	1	0	0	0	1	0	0	0	1
3.455	0.36521	0.48888	-0.14689	1	0	0	0	1	0	0	0	1
3.46	0.36542	0.48885	-0.14687	1	0	0	0	1	0	0	0	1
3.465	0.36562	0.48882	-0.14685	1	0	0	0	1	0	0	0	1
3.47	0.36583	0.48877	-0.14685	1	0	0	0	1	0	0	0	1
3.475	0.36603	0.48871	-0.14686	1	0	0	0	1	0	0	0	1
3.48	0.36623	0.48864	-0.14688	1	0	0	0	1	0	0	0	1
3.485	0.36643	0.48857	-0.14691	1	0	0	0	1	0	0	0	1
3.49	0.36665	0.4885	-0.14693	1	0	0	0	1	0	0	0	1
3.495	0.36686	0.48844	-0.14695	1	0	0	0	1	0	0	0	1
3.5	0.36707	0.48839	-0.14696	1	0	0	0	1	0	0	0	1
3.505	0.36728	0.48836	-0.14696	1	0	0	0	1	0	0	0	1
3.51	0.36747	0.48833	-0.14694	1	0	0	0	1	0	0	0	1
3.515	0.36765	0.4883	-0.14692	1	0	0	0	1	0	0	0	1
3.52	0.3678	0.48828	-0.1469	1	0	0	0	1	0	0	0	1
3.525	0.36793	0.48826	-0.14687	1	0	0	0	1	0	0	0	1
3.53	0.36804	0.48825	-0.14685	1	0	0	0	1	0	0	0	1
3.535	0.36813	0.48824	-0.14683	1	0	0	0	1	0	0	0	1
3.54	0.36819	0.48823	-0.14682	1	0	0	0	1	0	0	0	1
3.545	0.36825	0.48822	-0.14681	1	0	0	0	1	0	0	0	1
3.55	0.36829	0.4882	-0.14681	1	0	0	0	1	0	0	0	1
3.555	0.36834	0.48819	-0.14683	1	0	0	0	1	0	0	0	1
3.56	0.36839	0.48818	-0.14686	1	0	0	0	1	0	0	0	1
3.565	0.36845	0.48817	-0.1469	1	0	0	0	1	0	0	0	1
3.57	0.36852	0.48815	-0.14694	1	0	0	0	1	0	0	0	1
3.575	0.3686	0.48814	-0.14699	1	0	0	0	1	0	0	0	1
3.58	0.36869	0.48813	-0.14705	1	0	0	0	1	0	0	0	1
3.585	0.36879	0.48813	-0.14711	1	0	0	0	1	0	0	0	1
3.59	0.3689	0.48812	-0.14716	1	0	0	0	1	0	0	0	1
3.595	0.36904	0.48812	-0.1472	1	0	0	0	1	0	0	0	1
3.6	0.36917	0.48811	-0.14724	1	0	0	0	1	0	0	0	1
3.605	0.36933	0.48811	-0.14726	1	0	0	0	1	0	0	0	1
3.61	0.36949	0.4881	-0.14728	1	0	0	0	1	0	0	0	1
3.615	0.36966	0.48809	-0.14729	1	0	0	0	1	0	0	0	1
3.62	0.36983	0.48808	-0.1473	1	0	0	0	1	0	0	0	1
3.625	0.36999	0.48808	-0.14729	1	0	0	0	1	0	0	0	1
3.63	0.37012	0.48808	-0.14728	1	0	0	0	1	0	0	0	1
3.635	0.37024	0.48807	-0.14727	1	0	0	0	1	0	0	0	1
3.64	0.37034	0.48805	-0.14726	1	0	0	0	1	0	0	0	1
3.645	0.3704	0.48805	-0.14725	1	0	0	0	1	0	0	0	1
3.65	0.37044	0.48804	-0.14725	1	0	0	0	1	0	0	0	1
3.655	0.37045	0.48804	-0.14724	1	0	0	0	1	0	0	0	1
3.66	0.37044	0.48804	-0.14724	1	0	0	0	1	0	0	0	1
3.665	0.37042	0.48803	-0.14724	1	0	0	0	1	0	0	0	1
3.67	0.37038	0.48802	-0.14726	1	0	0	0	1	0	0	0	1
3.675	0.37035	0.48802	-0.14726	1	0	0	0	1	0	0	0	1
3.68	0.37033	0.48802	-0.14728	1	0	0	0	1	0	0	0	1
3.685	0.37031	0.48802	-0.14729	1	0	0	0	1	0	0	0	1
3.69	0.37032	0.48802	-0.1473	1	0	0	0	1	0	0	0	1
3.695	0.37034	0.48802	-0.1473	1	0	0	0	1	0	0	0	1
3.7	0.37039	0.48802	-0.1473	1	0	0	0	1	0	0	0	1
3.705	0.37045	0.48802	-0.1473	1	0	0	0	1	0	0	0	1
3.71	0.37052	0.48803	-0.1473	1	0	0	0	1	0	0	0	1
3.715	0.3706	0.48803	-0.14731	1	0	0	0	1	0	0	0	1
3.72	0.37068	0.48803	-0.14732	1	0	0	0	1	0	0	0	1
3.725	0.37075	0.48804	-0.14733	1	0	0	0	1	0	0	0	1
3.73	0.37081	0.48804	-0.14734	1	0	0	0	1	0	0	0	1
3.735	0.37086	0.48804	-0.14735	1	0	0	0	1	0	0	0	1
3.74	0.37089	0.48804	-0.14736	1	0	0	0	1	0	0	0	1
3.745	0.37092	0.48804	-0.14737	1	0	0	0	1	0	0	0	1
3.75	0.37095	0.48804	-0.14737	1	0	0	0	1	0	0	0	1
3.755	0.37097	0.48803	-0.14737	1	0	0	0	1	0	0	0	1
3.76	0.37099	0.48803	-0.14736	1	0	0	0	1	0	0	0	1
3.765	0.37102	0.48803	-0.14735	1	0	0	0	1	0	0	0	1
3.77	0.37106	0.48803	-0.14732	1	0	0	0	1	0	0	0	1
3.775	0.37109	0.48804	-0.14728	1	0	0	0	1	0	0	0	1
3.78	0.37112	0.48803	-0.14724	1	0	0	0	1	0	0	0	1
3.785	0.37114	0.48803	-0.1472	1	0	0	0	1	0	0	0	1
3.79	0.37116	0.48803	-0.14715	1	0	0	0	1	0	0	0	1
3.795	0.37118	0.48803	-0.1471	1	0	0	0	1	0	0	0	1
3.8	0.37118	0.48803	-0.14706	1	0	0	0	1	0	0	0	1
3.805	0.37119	0.48802	-0.14702	1	0	0	0	1	0	0	0	1
3.81	0.37119	0.48802	-0.14699	1	0	0	0	1	0	0	0	1
3.815	0.37119	0.48803	-0.14697	1	0	0	0	1	0	0	0	1
3.82	0.37119	0.48804	-0.14696	1	0	0	0	1	0	0	0	1
3.825	0.37119	0.48805	-0.14697	1	0	0	0	1	0	0	0	1
3.83	0.37119	0.48806	-0.14698	1	0	0	0	1	0	0	0	1
3.835	0.3712	0.48807	-0.14699	1	0	0	0	1	0	0	0	1
3.84	0.37122	0.48808	-0.14702	1	0	0	0	1	0	0	0	1
3.845	0.37124	0.48808	-0.14704	1	0	0	0	1	0	0	0	1
3.85	0.37126	0.48808	-0.14706	1	0	0	0	1	0	0	0	1
3.855	0.37129	0.48807	-0.14709	1	0	0	0	1	0	0	0	1
3.86	0.37132	0.48806	-0.14711	1	0	0	0	1	0	0	0	1
3.865	0.37134	0.48804	-0.14712	1	0	0	0	1	0	0	0	1
3.87	0.37135	0.48804	-0.14714	1	0	0	0	1	0	0	0	1
3.875	0.37135	0.48803	-0.14716	1	0	0	0	1	0	0	0	1
3.88	0.37132	0.48803	-0.14718	1	0	0	0	1	0	0	0	1
3.885	0.37127	0.48803	-0.1472	1	0	0	0	1	0	0	0	1
3.89	0.3712	0.48804	-0.14723	1	0	0	0	1	0	0	0	1
3.895	0.37112	0.48805	-0.14727	1	0	0	0	1	0	0	0	1
3.9	0.37101	0.48805	-0.14732	1	0	0	0	1	0	0	0	1
3.905	0.37089	0.48806	-0.14737	1	0	0	0	1	0	0	0	1
3.91	0.37077	0.48808	-0.14742	1	0	0	0	1	0	0	0	1
3.915	0.37064	0.48809	-0.14747	1	0	0	0	1	0	0	0	1
3.92	0.37053	0.4881	-0.14753	1	0	0	0	1	0	0	0	1
3.925	0.37043	0.48811	-0.14758	1	0	0	0	1	0	0	0	1
3.93	0.37035	0.48812	-0.14763	1	0	0	0	1	0	0	0	1
3.935	0.37028	0.48813	-0.14768	1	0	0	0	1	0	0	0	1
3.94	0.37023	0.48814	-0.14772	1	0	0	0	1	0	0	0	1
3.945	0.3702	0.48814	-0.14777	1	0	0	0	1	0	0	0	1
3.95	0.37019	0.48815	-0.14782	1	0	0	0	1	0	0	0	1
3.955	0.37018	0.48816	-0.14787	1	0	0	0	1	0	0	0	1
3.96	0.37017	0.48816	-0.14792	1	0	0	0	1	0	0	0	1
3.965	0.37016	0.48816	-0.14798	1	0	0	0	1	0	0	0	1
3.97	0.37014	0.48817	-0.14806	1	0	0	0	1	0	0	0	1
3.975	0.37013	0.48818	-0.14815	1	0	0	0	1	0	0	0	1
3.98	0.3701	0.4882	-0.14824	1	0	0	0	1	0	0	0	1
3.985	0.37007	0.4882	-0.14833	1	0	0	0	1	0	0	0	1
3.99	0.37003	0.48821	-0.14843	1	0	0	0	1	0	0	0	1
3.995	0.36998	0.48821	-0.14852	1	0	0	0	1	0	0	0	1
4	0.36992	0.48821	-0.1486	1	0	0	0	1	0	0	0	1
4.005	0.36986	0.48822	-0.14867	1	0	0	0	1	0	0	0	1
4.01	0.36981	0.48822	-0.14873	1	0	0	0	1	0	0	0	1
4.015	0.36976	0.48822	-0.14878	1	0	0	0	1	0	0	0	1
4.02	0.36972	0.48823	-0.14882	1	0	0	0	1	0	0	0	1
4.025	0.3697	0.48824	-0.14885	1	0	0	0	1	0	0	0	1
4.03	0.3697	0.48824	-0.14888	1	0	0	0	1	0	0	0	1
4.035	0.36971	0.48824	-0.14891	1	0	0	0	1	0	0	0	1
4.04	0.36975	0.48824	-0.14893	1	0	0	0	1	0	0	0	1
4.045	0.36979	0.48824	-0.14896	1	0	0	0	1	0	0	0	1
4.05	0.36984	0.48824	-0.14899	1	0	0	0	1	0	0	0	1
4.055	0.3699	0.48825	-0.14902	1	0	0	0	1	0	0	0	1
4.06	0.36994	0.48825	-0.14906	1	0	0	0	1	0	0	0	1
4.065	0.36997	0.48824	-0.1491	1	0	0	0	1	0	0	0	1
4.07	0.36998	0.48824	-0.14916	1	0	0	0	1	0	0	0	1
4.075	0.36999	0.48824	-0.14922	1	0	0	0	1	0	0	0	1
4.08	0.36999	0.48824	-0.1493	1	0	0	0	1	0	0	0	1
4.085	0.37001	0.48825	-0.14939	1	0	0	0	1	0	0	0	1
4.09	0.37003	0.48826	-0.14951	1	0	0	0	1	0	0	0	1
4.095	0.37006	0.48827	-0.14963	1	0	0	0	1	0	0	0	1
4.1	0.37007	0.48828	-0.14975	1	0	0	0	1	0	0	0	1
4.105	0.37008	0.48829	-0.14988	1	0	0	0	1	0	0	0	1
4.11	0.37009	0.4883	-0.15	1	0	0	0	1	0	0	0	1
4.115	0.37009	0.48831	-0.15011	1	0	0	0	1	0	0	0	1
4.12	0.37008	0.48832	-0.1502	1	0	0	0	1	0	0	0	1
4.125	0.37006	0.48832	-0.15029	1	0	0	0	1	0	0	0	1
4.13	0.37004	0.48832	-0.15036	1	0	0	0	1	0	0	0	1
4.135	0.37001	0.48832	-0.15043	1	0	0	0	1	0	0	0	1
4.14	0.36999	0.48833	-0.1505	1	0	0	0	1	0	0	0	1
4.145	0.36998	0.48833	-0.15057	1	0	0	0	1	0	0	0	1
4.15	0.36998	0.48833	-0.15063	1	0	0	0	1	0	0	0	1
4.155	0.36999	0.48833	-0.15069	1	0	0	0	1	0	0	0	1
4.16	0.37003	0.48833	-0.15075	1	0	0	0	1	0	0	0	1
4.165	0.37009	0.48834	-0.1508	1	0	0	0	1	0	0	0	1
4.17	0.37017	0.48834	-0.15084	1	0	0	0	1	0	0	0	1
4.175	0.37027	0.48834	-0.15088	1	0	0	0	1	0	0	0	1
4.18	0.3704	0.48835	-0.15092	1	0	0	0	1	0	0	0	1
4.185	0.37054	0.48835	-0.15095	1	0	0	0	1	0	0	0	1
4.19	0.37069	0.48835	-0.15099	1	0	0	0	1	0	0	0	1
4.195	0.37084	0.48834	-0.15101	1	0	0	0	1	0	0	0	1
4.2	0.37097	0.48834	-0.15103	1	0	0	0	1	0	0	0	1
4.205	0.37111	0.48833	-0.15105	1	0	0	0	1	0	0	0	1
4.21	0.37128	0.48832	-0.15108	1	0	0	0	1	0	0	0	1
4.215	0.37146	0.48832	-0.15112	1	0	0	0	1	0	0	0	1
4.22	0.37167	0.48832	-0.15116	1	0	0	0	1	0	0	0	1
4.225	0.37187	0.48832	-0.1512	1	0	0	0	1	0	0	0	1
4.23	0.37207	0.48831	-0.15124	1	0	0	0	1	0	0	0	1
4.235	0.37225	0.48829	-0.15128	1	0	0	0	1	0	0	0	1
4.24	0.37242	0.48828	-0.15131	1	0	0	0	1	0	0	0	1
4.245	0.37257	0.48826	-0.15133	1	0	0	0	1	0	0	0	1
4.25	0.37273	0.48823	-0.15135	1	0	0	0	1	0	0	0	1
4.255	0.37292	0.48822	-0.15139	1	0	0	0	1	0	0	0	1
4.26	0.37312	0.4882	-0.15142	1	0	0	0	1	0	0	0	1
4.265	0.37332	0.48818	-0.15146	1	0	0	0	1	0	0	0	1
4.27	0.37351	0.48817	-0.15149	1	0	0	0	1	0	0	0	1
4.275	0.37368	0.48815	-0.15151	1	0	0	0	1	0	0	0	1
4.28	0.37382	0.48813	-0.15153	1	0	0	0	1	0	0	0	1
4.285	0.37395	0.48811	-0.15154	1	0	0	0	1	0	0	0	1
4.29	0.37405	0.48809	-0.15156	1	0	0	0	1	0	0	0	1
4.295	0.37414	0.48807	-0.15157	1	0	0	0	1	0	0	0	1
4.3	0.37423	0.48806	-0.15158	1	0	0	0	1	0	0	0	1
4.305	0.37431	0.48805	-0.15159	1	0	0	0	1	0	0	0	1
4.31	0.37439	0.48804	-0.15162	1	0	0	0	1	0	0	0	1
4.315	0.37448	0.48803	-0.15165	1	0	0	0	1	0	0	0	1
4.32	0.37455	0.48802	-0.15168	1	0	0	0	1	0	0	0	1
4.325	0.37462	0.48801	-0.15172	1	0	0	0	1	0	0	0	1
4.33	0.37467	0.488	-0.15176	1	0	0	0	1	0	0	0	1
4.335	0.37471	0.48799	-0.15181	1	0	0	0	1	0	0	0	1
4.34	0.37473	0.48798	-0.15186	1	0	0	0	1	0	0	0	1
4.345	0.37474	0.48797	-0.15191	1	0	0	0	1	0	0	0	1
4.35	0.37475	0.48797	-0.15196	1	0	0	0	1	0	0	0	1
4.355	0.37473	0.48796	-0.15201	1	0	0	0	1	0	0	0	1
4.36	0.37471	0.48795	-0.15207	1	0	0	0	1	0	0	0	1
4.365	0.37467	0.48793	-0.15213	1	0	0	0	1	0	0	0	1
4.37	0.37463	0.48792	-0.1522	1	0	0	0	1	0	0	0	1
4.375	0.37458	0.48791	-0.15227	1	0	0	0	1	0	0	0	1
4.38	0.37454	0.4879	-0.15235	1	0	0	0	1	0	0	0	1
4.385	0.37448	0.48788	-0.15243	1	0	0	0	1	0	0	0	1
4.39	0.37443	0.48787	-0.15251	1	0	0	0	1	0	0	0	1
4.395	0.37439	0.48785	-0.15259	1	0	0	0	1	0	0	0	1
4.4	0.37435	0.48783	-0.15267	1	0	0	0	1	0	0	0	1
4.405	0.37433	0.4878	-0.15275	1	0	0	0	1	0	0	0	1
4.41	0.37434	0.48777	-0.15284	1	0	0	0	1	0	0	0	1
4.415	0.37437	0.48774	-0.15293	1	0	0	0	1	0	0	0	1
4.42	0.37444	0.48771	-0.15302	1	0	0	0	1	0	0	0	1
4.425	0.37453	0.48769	-0.15312	1	0	0	0	1	0	0	0	1
4.43	0.37464	0.48766	-0.15322	1	0	0	0	1	0	0	0	1
4.435	0.37475	0.48763	-0.15334	1	0	0	0	1	0	0	0	1
4.44	0.37484	0.48759	-0.15345	1	0	0	0	1	0	0	0	1
4.445	0.37491	0.48755	-0.15357	1	0	0	0	1	0	0	0	1
4.45	0.37502	0.48751	-0.15371	1	0	0	0	1	0	0	0	1
4.455	0.37519	0.48748	-0.1539	1	0	0	0	1	0	0	0	1
4.46	0.37538	0.48745	-0.1541	1	0	0	0	1	0	0	0	1
4.465	0.37551	0.48741	-0.15427	1	0	0	0	1	0	0	0	1
4.47	0.37556	0.48735	-0.15441	1	0	0	0	1	0	0	0	1
4.475	0.37568	0.48729	-0.15458	1	0	0	0	1	0	0	0	1
4.48	0.37593	0.48726	-0.15481	1	0	0	0	1	0	0	0	1
4.485	0.37614	0.48721	-0.15505	1	0	0	0	1	0	0	0	1
4.49	0.37625	0.48715	-0.15523	1	0	0	0	1	0	0	0	1
4.495	0.37644	0.48708	-0.15544	1	0	0	0	1	0	0	0	1
4.5	0.37674	0.48704	-0.15568	1	0	0	0	1	0	0	0	1
4.505	0.37694	0.48699	-0.15589	1	0	0	0	1	0	0	0	1
4.51	0.37714	0.48695	-0.15614	1	0	0	0	1	0	0	0	1
4.515	0.37746	0.48692	-0.15642	1	0	0	0	1	0	0	0	1
4.52	0.37767	0.48687	-0.15666	1	0	0	0	1	0	0	0	1
4.525	0.37786	0.48682	-0.15689	1	0	0	0	1	0	0	0	1
4.53	0.37822	0.48677	-0.15717	1	0	0	0	1	0	0	0	1
4.535	0.37849	0.4867	-0.1574	1	0	0	0	1	0	0	0	1
4.54	0.37873	0.48664	-0.15763	1	0	0	0	1	0	0	0	1
4.545	0.37911	0.4866	-0.15791	1	0	0	0	1	0	0	0	1
4.55	0.37938	0.48653	-0.15815	1	0	0	0	1	0	0	0	1
4.555	0.37965	0.48647	-0.15838	1	0	0	0	1	0	0	0	1
4.56	0.38001	0.48642	-0.15865	1	0	0	0	1	0	0	0	1
4.565	0.38022	0.48636	-0.15888	1	0	0	0	1	0	0	0	1
4.57	0.38054	0.48633	-0.15918	1	0	0	0	1	0	0	0	1
4.575	0.38089	0.4863	-0.15948	1	0	0	0	1	0	0	0	1
4.58	0.38105	0.48632	-0.15967	1	0	0	0	1	0	0	0	1
4.585	0.38132	0.48626	-0.1599	1	0	0	0	1	0	0	0	1
4.59	0.38168	0.48622	-0.16017	1	0	0	0	1	0	0	0	1
4.595	0.38207	0.48619	-0.16046	1	0	0	0	1	0	0	0	1
4.6	0.38241	0.48615	-0.16069	1	0	0	0	1	0	0	0	1
4.605	0.38274	0.4861	-0.16091	1	0	0	0	1	0	0	0	1
4.61	0.3831	0.48605	-0.16112	1	0	0	0	1	0	0	0	1
4.615	0.38349	0.486	-0.16135	1	0	0	0	1	0	0	0	1
4.62	0.38387	0.48595	-0.16157	1	0	0	0	1	0	0	0	1
4.625	0.38423	0.48589	-0.16178	1	0	0	0	1	0	0	0	1
4.63	0.38462	0.48584	-0.16199	1	0	0	0	1	0	0	0	1
4.635	0.385	0.48566	-0.16222	1	0	0	0	1	0	0	0	1
4.64	0.38541	0.48576	-0.16241	1	0	0	0	1	0	0	0	1
4.645	0.38576	0.48572	-0.16258	1	0	0	0	1	0	0	0	1
4.65	0.38611	0.48567	-0.16274	1	0	0	0	1	0	0	0	1
4.655	0.38649	0.48562	-0.16291	1	0	0	0	1	0	0	0	1
4.66	0.38692	0.48558	-0.16312	1	0	0	0	1	0	0	0	1
4.665	0.38735	0.48554	-0.16332	1	0	0	0	1	0	0	0	1
4.67	0.38772	0.48549	-0.16348	1	0	0	0	1	0	0	0	1
4.675	0.3881	0.48529	-0.16365	1	0	0	0	1	0	0	0	1
4.68	0.3884	0.48525	-0.16377	1	0	0	0	1	0	0	0	1
4.685	0.38885	0.48522	-0.16396	1	0	0	0	1	0	0	0	1
4.69	0.3892	0.48518	-0.16411	1	0	0	0	1	0	0	0	1
4.695	0.38947	0.48513	-0.16422	1	0	0	0	1	0	0	0	1
4.7	0.38988	0.48508	-0.16438	1	0	0	0	1	0	0	0	1
4.705	0.39028	0.48502	-0.16453	1	0	0	0	1	0	0	0	1
4.71	0.39055	0.48494	-0.16461	1	0	0	0	1	0	0	0	1
4.715	0.39092	0.48488	-0.16473	1	0	0	0	1	0	0	0	1
4.72	0.3914	0.48483	-0.16488	1	0	0	0	1	0	0	0	1
4.725	0.39177	0.48477	-0.16497	1	0	0	0	1	0	0	0	1
4.73	0.39207	0.48474	-0.16503	1	0	0	0	1	0	0	0	1
4.735	0.39247	0.48471	-0.16512	1	0	0	0	1	0	0	0	1
4.74	0.39291	0.4847	-0.16523	1	0	0	0	1	0	0	0	1
4.745	0.39324	0.48467	-0.16528	1	0	0	0	1	0	0	0	1
4.75	0.39353	0.48462	-0.16532	1	0	0	0	1	0	0	0	1
4.755	0.39391	0.48459	-0.16541	1	0	0	0	1	0	0	0	1
4.76	0.39431	0.48458	-0.16551	1	0	0	0	1	0	0	0	1
4.765	0.3946	0.48455	-0.16557	1	0	0	0	1	0	0	0	1
4.77	0.39482	0.48452	-0.16561	1	0	0	0	1	0	0	0	1
4.775	0.39507	0.4845	-0.16566	1	0	0	0	1	0	0	0	1
4.78	0.39541	0.48449	-0.16574	1	0	0	0	1	0	0	0	1
4.785	0.39575	0.48448	-0.16582	1	0	0	0	1	0	0	0	1
4.79	0.39603	0.48447	-0.16587	1	0	0	0	1	0	0	0	1
4.795	0.39625	0.48445	-0.16588	1	0	0	0	1	0	0	0	1
4.8	0.39649	0.48443	-0.16589	1	0	0	0	1	0	0	0	1
4.805	0.39682	0.48441	-0.16593	1	0	0	0	1	0	0	0	1
4.81	0.39718	0.48439	-0.166	1	0	0	0	1	0	0	0	1
4.815	0.39751	0.48436	-0.16604	1	0	0	0	1	0	0	0	1
4.82	0.39777	0.48431	-0.16606	1	0	0	0	1	0	0	0	1
4.825	0.398	0.48425	-0.16606	1	0	0	0	1	0	0	0	1
4.83	0.39828	0.4842	-0.16608	1	0	0	0	1	0	0	0	1
4.835	0.39861	0.48417	-0.16611	1	0	0	0	1	0	0	0	1
4.84	0.39895	0.48413	-0.16615	1	0	0	0	1	0	0	0	1
4.845	0.39927	0.48409	-0.16617	1	0	0	0	1	0	0	0	1
4.85	0.39953	0.48405	-0.16615	1	0	0	0	1	0	0	0	1
4.855	0.39975	0.48401	-0.1661	1	0	0	0	1	0	0	0	1
4.86	0.39996	0.48396	-0.16605	1	0	0	0	1	0	0	0	1
4.865	0.40018	0.4839	-0.166	1	0	0	0	1	0	0	0	1
4.87	0.40042	0.48385	-0.16594	1	0	0	0	1	0	0	0	1
4.875	0.40068	0.4838	-0.16588	1	0	0	0	1	0	0	0	1
4.88	0.40092	0.48374	-0.16582	1	0	0	0	1	0	0	0	1
4.885	0.40115	0.48368	-0.16574	1	0	0	0	1	0	0	0	1
4.89	0.40136	0.48363	-0.16566	1	0	0	0	1	0	0	0	1
4.895	0.40156	0.48359	-0.16556	1	0	0	0	1	0	0	0	1
4.9	0.40176	0.48357	-0.16546	1	0	0	0	1	0	0	0	1
4.905	0.40195	0.48354	-0.16535	1	0	0	0	1	0	0	0	1
4.91	0.40213	0.48353	-0.16524	1	0	0	0	1	0	0	0	1
4.915	0.4023	0.48351	-0.16513	1	0	0	0	1	0	0	0	1
4.92	0.40247	0.4835	-0.16502	1	0	0	0	1	0	0	0	1
4.925	0.40265	0.48349	-0.16491	1	0	0	0	1	0	0	0	1
4.93	0.40282	0.48347	-0.16481	1	0	0	0	1	0	0	0	1
4.935	0.40297	0.48346	-0.16469	1	0	0	0	1	0	0	0	1
4.94	0.4031	0.48344	-0.16457	1	0	0	0	1	0	0	0	1
4.945	0.4032	0.48342	-0.16446	1	0	0	0	1	0	0	0	1
4.95	0.40329	0.48341	-0.16434	1	0	0	0	1	0	0	0	1
4.955	0.40336	0.4834	-0.16423	1	0	0	0	1	0	0	0	1
4.96	0.40342	0.48338	-0.16412	1	0	0	0	1	0	0	0	1
4.965	0.40347	0.48336	-0.16401	1	0	0	0	1	0	0	0	1
4.97	0.40353	0.48334	-0.1639	1	0	0	0	1	0	0	0	1
4.975	0.4036	0.48331	-0.16379	1	0	0	0	1	0	0	0	1
4.98	0.40369	0.48329	-0.1637	1	0	0	0	1	0	0	0	1
4.985	0.40379	0.48327	-0.1636	1	0	0	0	1	0	0	0	1
4.99	0.40392	0.48326	-0.1635	1	0	0	0	1	0	0	0	1
4.995	0.40407	0.48326	-0.1634	1	0	0	0	1	0	0	0	1
