0.005	-0.48073	0.96471	-0.20007	1	0	0	0	1	0	0	0	1
0.01	-0.48066	0.9647	-0.20004	1	0	0	0	1	0	0	0	1
0.015	-0.48056	0.96469	-0.20003	1	0	0	0	1	0	0	0	1
0.02	-0.48048	0.96469	-0.20001	1	0	0	0	1	0	0	0	1
0.025	-0.4804	0.96468	-0.19998	1	0	0	0	1	0	0	0	1
0.03	-0.48034	0.96467	-0.19996	1	0	0	0	1	0	0	0	1
0.035	-0.48025	0.96467	-0.19995	1	0	0	0	1	0	0	0	1
0.04	-0.48017	0.96467	-0.19994	1	0	0	0	1	0	0	0	1
0.045	-0.48011	0.96468	-0.19992	1	0	0	0	1	0	0	0	1
0.05	-0.48004	0.96466	-0.19991	1	0	0	0	1	0	0	0	1
0.055	-0.47998	0.96468	-0.1999	1	0	0	0	1	0	0	0	1
0.06	-0.47993	0.96467	-0.19989	1	0	0	0	1	0	0	0	1
0.065	-0.47986	0.96467	-0.19987	1	0	0	0	1	0	0	0	1
0.07	-0.4798	0.96468	-0.19986	1	0	0	0	1	0	0	0	1
0.075	-0.47975	0.96468	-0.19985	1	0	0	0	1	0	0	0	1
0.08	-0.4797	0.96467	-0.19984	1	0	0	0	1	0	0	0	1
0.085	-0.47965	0.96467	-0.19983	1	0	0	0	1	0	0	0	1
0.09	-0.47959	0.96467	-0.19982	1	0	0	0	1	0	0	0	1
0.095	-0.47954	0.96468	-0.19981	1	0	0	0	1	0	0	0	1
0.1	-0.4795	0.96468	-0.19978	1	0	0	0	1	0	0	0	1
0.105	-0.47947	0.96469	-0.19976	1	0	0	0	1	0	0	0	1
0.11	-0.47943	0.96469	-0.19975	1	0	0	0	1	0	0	0	1
0.115	-0.47938	0.96469	-0.19974	1	0	0	0	1	0	0	0	1
0.12	-0.47933	0.9647	-0.19974	1	0	0	0	1	0	0	0	1
0.125	-0.47931	0.9647	-0.19972	1	0	0	0	1	0	0	0	1
0.13	-0.47929	0.9647	-0.19971	1	0	0	0	1	0	0	0	1
0.135	-0.47925	0.96469	-0.1997	1	0	0	0	1	0	0	0	1
0.14	-0.47924	0.96469	-0.19969	1	0	0	0	1	0	0	0	1
0.145	-0.47923	0.9647	-0.19969	1	0	0	0	1	0	0	0	1
0.15	-0.47921	0.96471	-0.19969	1	0	0	0	1	0	0	0	1
0.155	-0.47922	0.96473	-0.19967	1	0	0	0	1	0	0	0	1
0.16	-0.47922	0.96474	-0.19967	1	0	0	0	1	0	0	0	1
0.165	-0.4792	0.96476	-0.19969	1	0	0	0	1	0	0	0	1
0.17	-0.47923	0.96477	-0.19968	1	0	0	0	1	0	0	0	1
0.175	-0.47923	0.96479	-0.19968	1	0	0	0	1	0	0	0	1
0.18	-0.47921	0.96481	-0.1997	1	0	0	0	1	0	0	0	1
0.185	-0.47923	0.96482	-0.1997	1	0	0	0	1	0	0	0	1
0.19	-0.47927	0.96483	-0.19969	1	0	0	0	1	0	0	0	1
0.195	-0.47926	0.96487	-0.19971	1	0	0	0	1	0	0	0	1
0.2	-0.47926	0.96489	-0.19972	1	0	0	0	1	0	0	0	1
0.205	-0.47929	0.9649	-0.19972	1	0	0	0	1	0	0	0	1
0.21	-0.47931	0.96491	-0.19973	1	0	0	0	1	0	0	0	1
0.215	-0.47932	0.96492	-0.19974	1	0	0	0	1	0	0	0	1
0.22	-0.47931	0.96493	-0.19975	1	0	0	0	1	0	0	0	1
0.225	-0.47933	0.96495	-0.19976	1	0	0	0	1	0	0	0	1
0.23	-0.47936	0.96494	-0.19976	1	0	0	0	1	0	0	0	1
0.235	-0.47935	0.96494	-0.19977	1	0	0	0	1	0	0	0	1
0.24	-0.47937	0.96496	-0.19977	1	0	0	0	1	0	0	0	1
0.245	-0.47939	0.96495	-0.19978	1	0	0	0	1	0	0	0	1
0.25	-0.47944	0.96495	-0.19976	1	0	0	0	1	0	0	0	1
0.255	-0.47945	0.96494	-0.19977	1	0	0	0	1	0	0	0	1
0.26	-0.47944	0.96493	-0.1998	1	0	0	0	1	0	0	0	1
0.265	-0.47945	0.96493	-0.1998	1	0	0	0	1	0	0	0	1
0.27	-0.47948	0.96491	-0.1998	1	0	0	0	1	0	0	0	1
0.275	-0.4795	0.96489	-0.19981	1	0	0	0	1	0	0	0	1
0.28	-0.47952	0.96488	-0.19983	1	0	0	0	1	0	0	0	1
0.285	-0.47954	0.96486	-0.19983	1	0	0	0	1	0	0	0	1
0.29	-0.47955	0.96483	-0.19986	1	0	0	0	1	0	0	0	1
0.295	-0.47956	0.96481	-0.19988	1	0	0	0	1	0	0	0	1
0.3	-0.47959	0.96478	-0.1999	1	0	0	0	1	0	0	0	1
0.305	-0.47961	0.96475	-0.19991	1	0	0	0	1	0	0	0	1
0.31	-0.47963	0.96472	-0.19992	1	0	0	0	1	0	0	0	1
0.315	-0.47963	0.96468	-0.19995	1	0	0	0	1	0	0	0	1
0.32	-0.47965	0.96466	-0.19996	1	0	0	0	1	0	0	0	1
0.325	-0.47965	0.96462	-0.19998	1	0	0	0	1	0	0	0	1
0.33	-0.47964	0.96458	-0.20001	1	0	0	0	1	0	0	0	1
0.335	-0.47966	0.96455	-0.20001	1	0	0	0	1	0	0	0	1
0.34	-0.47964	0.9645	-0.20004	1	0	0	0	1	0	0	0	1
0.345	-0.47963	0.96447	-0.20004	1	0	0	0	1	0	0	0	1
0.35	-0.47962	0.96443	-0.20006	1	0	0	0	1	0	0	0	1
0.355	-0.47961	0.96437	-0.20007	1	0	0	0	1	0	0	0	1
0.36	-0.47959	0.96433	-0.20011	1	0	0	0	1	0	0	0	1
0.365	-0.47957	0.9643	-0.20012	1	0	0	0	1	0	0	0	1
0.37	-0.47956	0.96426	-0.20013	1	0	0	0	1	0	0	0	1
0.375	-0.47949	0.96421	-0.20017	1	0	0	0	1	0	0	0	1
0.38	-0.47948	0.96418	-0.20019	1	0	0	0	1	0	0	0	1
0.385	-0.47942	0.96413	-0.20023	1	0	0	0	1	0	0	0	1
0.39	-0.47939	0.96409	-0.20025	1	0	0	0	1	0	0	0	1
0.395	-0.47935	0.96406	-0.20028	1	0	0	0	1	0	0	0	1
0.4	-0.47926	0.96402	-0.20033	1	0	0	0	1	0	0	0	1
0.405	-0.47924	0.964	-0.20034	1	0	0	0	1	0	0	0	1
0.41	-0.47916	0.96398	-0.2004	1	0	0	0	1	0	0	0	1
0.415	-0.47909	0.96395	-0.20044	1	0	0	0	1	0	0	0	1
0.42	-0.47901	0.96393	-0.20047	1	0	0	0	1	0	0	0	1
0.425	-0.47893	0.96393	-0.20053	1	0	0	0	1	0	0	0	1
0.43	-0.47885	0.96391	-0.20056	1	0	0	0	1	0	0	0	1
0.435	-0.47881	0.9639	-0.20059	1	0	0	0	1	0	0	0	1
0.44	-0.47873	0.96391	-0.20063	1	0	0	0	1	0	0	0	1
0.445	-0.47863	0.96389	-0.20068	1	0	0	0	1	0	0	0	1
0.45	-0.47857	0.96389	-0.2007	1	0	0	0	1	0	0	0	1
0.455	-0.4785	0.96391	-0.20074	1	0	0	0	1	0	0	0	1
0.46	-0.47841	0.9639	-0.20078	1	0	0	0	1	0	0	0	1
0.465	-0.47837	0.96391	-0.2008	1	0	0	0	1	0	0	0	1
0.47	-0.47829	0.96392	-0.20084	1	0	0	0	1	0	0	0	1
0.475	-0.47821	0.96393	-0.20087	1	0	0	0	1	0	0	0	1
0.48	-0.47815	0.96395	-0.20091	1	0	0	0	1	0	0	0	1
0.485	-0.47808	0.96395	-0.20094	1	0	0	0	1	0	0	0	1
0.49	-0.47803	0.96396	-0.20097	1	0	0	0	1	0	0	0	1
0.495	-0.47798	0.96397	-0.201	1	0	0	0	1	0	0	0	1
0.5	-0.47792	0.96399	-0.20102	1	0	0	0	1	0	0	0	1
0.505	-0.47783	0.964	-0.20107	1	0	0	0	1	0	0	0	1
0.51	-0.47779	0.96401	-0.20109	1	0	0	0	1	0	0	0	1
0.515	-0.47775	0.96403	-0.20112	1	0	0	0	1	0	0	0	1
0.52	-0.4777	0.96406	-0.20116	1	0	0	0	1	0	0	0	1
0.525	-0.47766	0.96408	-0.20118	1	0	0	0	1	0	0	0	1
0.53	-0.47765	0.96409	-0.2012	1	0	0	0	1	0	0	0	1
0.535	-0.47762	0.9641	-0.20123	1	0	0	0	1	0	0	0	1
0.54	-0.47758	0.96411	-0.20126	1	0	0	0	1	0	0	0	1
0.545	-0.47758	0.96411	-0.20128	1	0	0	0	1	0	0	0	1
0.55	-0.47757	0.96411	-0.2013	1	0	0	0	1	0	0	0	1
0.555	-0.47756	0.96414	-0.20133	1	0	0	0	1	0	0	0	1
0.56	-0.47755	0.96416	-0.20136	1	0	0	0	1	0	0	0	1
0.565	-0.47756	0.96416	-0.20139	1	0	0	0	1	0	0	0	1
0.57	-0.47758	0.96418	-0.20141	1	0	0	0	1	0	0	0	1
0.575	-0.47761	0.9642	-0.20142	1	0	0	0	1	0	0	0	1
0.58	-0.4776	0.96421	-0.20146	1	0	0	0	1	0	0	0	1
0.585	-0.47762	0.96422	-0.20148	1	0	0	0	1	0	0	0	1
0.59	-0.47764	0.96422	-0.2015	1	0	0	0	1	0	0	0	1
0.595	-0.47766	0.96422	-0.20153	1	0	0	0	1	0	0	0	1
0.6	-0.47771	0.96423	-0.20155	1	0	0	0	1	0	0	0	1
0.605	-0.47773	0.96424	-0.20157	1	0	0	0	1	0	0	0	1
0.61	-0.47775	0.96425	-0.20159	1	0	0	0	1	0	0	0	1
0.615	-0.47779	0.96426	-0.20161	1	0	0	0	1	0	0	0	1
0.62	-0.47785	0.96425	-0.20162	1	0	0	0	1	0	0	0	1
0.625	-0.47787	0.96424	-0.20165	1	0	0	0	1	0	0	0	1
0.63	-0.47792	0.96423	-0.20167	1	0	0	0	1	0	0	0	1
0.635	-0.47799	0.96422	-0.20168	1	0	0	0	1	0	0	0	1
0.64	-0.47801	0.9642	-0.20171	1	0	0	0	1	0	0	0	1
0.645	-0.47806	0.96419	-0.20171	1	0	0	0	1	0	0	0	1
0.65	-0.47812	0.96418	-0.20173	1	0	0	0	1	0	0	0	1
0.655	-0.47817	0.96417	-0.20175	1	0	0	0	1	0	0	0	1
0.66	-0.47825	0.96415	-0.20175	1	0	0	0	1	0	0	0	1
0.665	-0.47829	0.96412	-0.20176	1	0	0	0	1	0	0	0	1
0.67	-0.47835	0.9641	-0.20178	1	0	0	0	1	0	0	0	1
0.675	-0.47841	0.96408	-0.20179	1	0	0	0	1	0	0	0	1
0.68	-0.47845	0.96406	-0.2018	1	0	0	0	1	0	0	0	1
0.685	-0.47851	0.96404	-0.20181	1	0	0	0	1	0	0	0	1
0.69	-0.47857	0.96403	-0.20181	1	0	0	0	1	0	0	0	1
0.695	-0.47865	0.96401	-0.20182	1	0	0	0	1	0	0	0	1
0.7	-0.47871	0.96398	-0.20182	1	0	0	0	1	0	0	0	1
0.705	-0.47872	0.96395	-0.20186	1	0	0	0	1	0	0	0	1
0.71	-0.47878	0.96393	-0.20187	1	0	0	0	1	0	0	0	1
0.715	-0.47883	0.9639	-0.20188	1	0	0	0	1	0	0	0	1
0.72	-0.47887	0.96388	-0.20191	1	0	0	0	1	0	0	0	1
0.725	-0.47893	0.96385	-0.20191	1	0	0	0	1	0	0	0	1
0.73	-0.479	0.96382	-0.20192	1	0	0	0	1	0	0	0	1
0.735	-0.47905	0.9638	-0.20195	1	0	0	0	1	0	0	0	1
0.74	-0.47908	0.96377	-0.20198	1	0	0	0	1	0	0	0	1
0.745	-0.47912	0.96375	-0.20202	1	0	0	0	1	0	0	0	1
0.75	-0.4792	0.96373	-0.20203	1	0	0	0	1	0	0	0	1
0.755	-0.47925	0.96371	-0.20206	1	0	0	0	1	0	0	0	1
0.76	-0.47927	0.96369	-0.20211	1	0	0	0	1	0	0	0	1
0.765	-0.47933	0.96367	-0.20213	1	0	0	0	1	0	0	0	1
0.77	-0.47937	0.96365	-0.20218	1	0	0	0	1	0	0	0	1
0.775	-0.47944	0.96363	-0.2022	1	0	0	0	1	0	0	0	1
0.78	-0.47946	0.96359	-0.20227	1	0	0	0	1	0	0	0	1
0.785	-0.47951	0.96356	-0.20232	1	0	0	0	1	0	0	0	1
0.79	-0.47961	0.96353	-0.20234	1	0	0	0	1	0	0	0	1
0.795	-0.47969	0.96349	-0.20237	1	0	0	0	1	0	0	0	1
0.8	-0.47978	0.96345	-0.2024	1	0	0	0	1	0	0	0	1
0.805	-0.47985	0.96339	-0.20246	1	0	0	0	1	0	0	0	1
0.81	-0.47994	0.96333	-0.2025	1	0	0	0	1	0	0	0	1
0.815	-0.48002	0.96326	-0.20254	1	0	0	0	1	0	0	0	1
0.82	-0.48012	0.96317	-0.20257	1	0	0	0	1	0	0	0	1
0.825	-0.48021	0.96309	-0.20261	1	0	0	0	1	0	0	0	1
0.83	-0.48031	0.96298	-0.20264	1	0	0	0	1	0	0	0	1
0.835	-0.48039	0.96288	-0.20268	1	0	0	0	1	0	0	0	1
0.84	-0.48053	0.96277	-0.20269	1	0	0	0	1	0	0	0	1
0.845	-0.48056	0.96267	-0.20275	1	0	0	0	1	0	0	0	1
0.85	-0.48063	0.96255	-0.20279	1	0	0	0	1	0	0	0	1
0.855	-0.4807	0.96244	-0.20283	1	0	0	0	1	0	0	0	1
0.86	-0.48079	0.96233	-0.20286	1	0	0	0	1	0	0	0	1
0.865	-0.48087	0.96221	-0.2029	1	0	0	0	1	0	0	0	1
0.87	-0.48093	0.9621	-0.20293	1	0	0	0	1	0	0	0	1
0.875	-0.48099	0.96199	-0.20298	1	0	0	0	1	0	0	0	1
0.88	-0.48108	0.96188	-0.203	1	0	0	0	1	0	0	0	1
0.885	-0.48115	0.96177	-0.20303	1	0	0	0	1	0	0	0	1
0.89	-0.48123	0.96166	-0.20305	1	0	0	0	1	0	0	0	1
0.895	-0.48125	0.96154	-0.2031	1	0	0	0	1	0	0	0	1
0.9	-0.48127	0.9614	-0.20314	1	0	0	0	1	0	0	0	1
0.905	-0.48128	0.96128	-0.20318	1	0	0	0	1	0	0	0	1
0.91	-0.48128	0.96113	-0.20322	1	0	0	0	1	0	0	0	1
0.915	-0.48125	0.96098	-0.20326	1	0	0	0	1	0	0	0	1
0.92	-0.48121	0.96081	-0.2033	1	0	0	0	1	0	0	0	1
0.925	-0.48116	0.96065	-0.20334	1	0	0	0	1	0	0	0	1
0.93	-0.4811	0.96051	-0.2034	1	0	0	0	1	0	0	0	1
0.935	-0.48104	0.96036	-0.20344	1	0	0	0	1	0	0	0	1
0.94	-0.48098	0.96019	-0.20347	1	0	0	0	1	0	0	0	1
0.945	-0.48089	0.96003	-0.20351	1	0	0	0	1	0	0	0	1
0.95	-0.4808	0.95983	-0.20355	1	0	0	0	1	0	0	0	1
0.955	-0.48068	0.95962	-0.20359	1	0	0	0	1	0	0	0	1
0.96	-0.48058	0.95938	-0.20362	1	0	0	0	1	0	0	0	1
0.965	-0.48048	0.95919	-0.20366	1	0	0	0	1	0	0	0	1
0.97	-0.48037	0.95903	-0.2037	1	0	0	0	1	0	0	0	1
0.975	-0.48027	0.95887	-0.20373	1	0	0	0	1	0	0	0	1
0.98	-0.48016	0.95868	-0.20376	1	0	0	0	1	0	0	0	1
0.985	-0.48003	0.95844	-0.2038	1	0	0	0	1	0	0	0	1
0.99	-0.47991	0.95816	-0.20382	1	0	0	0	1	0	0	0	1
0.995	-0.47978	0.9579	-0.20385	1	0	0	0	1	0	0	0	1
1	-0.47966	0.95767	-0.20388	1	0	0	0	1	0	0	0	1
1.005	-0.47954	0.95748	-0.20392	1	0	0	0	1	0	0	0	1
1.01	-0.47942	0.95722	-0.20395	1	0	0	0	1	0	0	0	1
1.015	-0.47927	0.9569	-0.20399	1	0	0	0	1	0	0	0	1
1.02	-0.47915	0.95658	-0.20402	1	0	0	0	1	0	0	0	1
1.025	-0.47905	0.95632	-0.20404	1	0	0	0	1	0	0	0	1
1.03	-0.47894	0.95611	-0.20408	1	0	0	0	1	0	0	0	1
1.035	-0.47886	0.95582	-0.2041	1	0	0	0	1	0	0	0	1
1.04	-0.47876	0.95547	-0.20411	1	0	0	0	1	0	0	0	1
1.045	-0.47867	0.95515	-0.20414	1	0	0	0	1	0	0	0	1
1.05	-0.47862	0.9549	-0.20416	1	0	0	0	1	0	0	0	1
1.055	-0.47859	0.95462	-0.20416	1	0	0	0	1	0	0	0	1
1.06	-0.47866	0.95411	-0.20417	1	0	0	0	1	0	0	0	1
1.065	-0.4785	0.95387	-0.2042	1	0	0	0	1	0	0	0	1
1.07	-0.47848	0.95355	-0.20421	1	0	0	0	1	0	0	0	1
1.075	-0.47847	0.95323	-0.20424	1	0	0	0	1	0	0	0	1
1.08	-0.47851	0.95285	-0.20423	1	0	0	0	1	0	0	0	1
1.085	-0.47848	0.95243	-0.20426	1	0	0	0	1	0	0	0	1
1.09	-0.47851	0.95206	-0.20427	1	0	0	0	1	0	0	0	1
1.095	-0.47858	0.95169	-0.20427	1	0	0	0	1	0	0	0	1
1.1	-0.47861	0.95126	-0.20428	1	0	0	0	1	0	0	0	1
1.105	-0.47864	0.95081	-0.20428	1	0	0	0	1	0	0	0	1
1.11	-0.4787	0.9504	-0.20429	1	0	0	0	1	0	0	0	1
1.115	-0.4788	0.95	-0.20428	1	0	0	0	1	0	0	0	1
1.12	-0.47885	0.94952	-0.2043	1	0	0	0	1	0	0	0	1
1.125	-0.47898	0.94905	-0.2043	1	0	0	0	1	0	0	0	1
1.13	-0.47913	0.94866	-0.20429	1	0	0	0	1	0	0	0	1
1.135	-0.47927	0.94817	-0.2043	1	0	0	0	1	0	0	0	1
1.14	-0.47944	0.94766	-0.20431	1	0	0	0	1	0	0	0	1
1.145	-0.47964	0.94727	-0.20431	1	0	0	0	1	0	0	0	1
1.15	-0.47984	0.94677	-0.2043	1	0	0	0	1	0	0	0	1
1.155	-0.48002	0.94622	-0.20432	1	0	0	0	1	0	0	0	1
1.16	-0.48026	0.94573	-0.2043	1	0	0	0	1	0	0	0	1
1.165	-0.48049	0.94522	-0.20431	1	0	0	0	1	0	0	0	1
1.17	-0.4807	0.94468	-0.20433	1	0	0	0	1	0	0	0	1
1.175	-0.48101	0.94416	-0.20432	1	0	0	0	1	0	0	0	1
1.18	-0.48133	0.94359	-0.20432	1	0	0	0	1	0	0	0	1
1.185	-0.48168	0.94293	-0.2043	1	0	0	0	1	0	0	0	1
1.19	-0.48204	0.94235	-0.20429	1	0	0	0	1	0	0	0	1
1.195	-0.48245	0.94151	-0.20429	1	0	0	0	1	0	0	0	1
1.2	-0.48293	0.94095	-0.20425	1	0	0	0	1	0	0	0	1
1.205	-0.48335	0.94028	-0.20424	1	0	0	0	1	0	0	0	1
1.21	-0.48373	0.93964	-0.20424	1	0	0	0	1	0	0	0	1
1.215	-0.48402	0.939	-0.20428	1	0	0	0	1	0	0	0	1
1.22	-0.48429	0.9384	-0.20433	1	0	0	0	1	0	0	0	1
1.225	-0.48474	0.9377	-0.20434	1	0	0	0	1	0	0	0	1
1.23	-0.48534	0.9371	-0.20431	1	0	0	0	1	0	0	0	1
1.235	-0.4859	0.93641	-0.20428	1	0	0	0	1	0	0	0	1
1.24	-0.48637	0.93579	-0.2043	1	0	0	0	1	0	0	0	1
1.245	-0.48674	0.93509	-0.20433	1	0	0	0	1	0	0	0	1
1.25	-0.48709	0.93438	-0.20439	1	0	0	0	1	0	0	0	1
1.255	-0.48746	0.93369	-0.2044	1	0	0	0	1	0	0	0	1
1.26	-0.488	0.93297	-0.2044	1	0	0	0	1	0	0	0	1
1.265	-0.4886	0.93226	-0.20436	1	0	0	0	1	0	0	0	1
1.27	-0.48908	0.93152	-0.20437	1	0	0	0	1	0	0	0	1
1.275	-0.48952	0.93077	-0.20441	1	0	0	0	1	0	0	0	1
1.28	-0.48986	0.93001	-0.20446	1	0	0	0	1	0	0	0	1
1.285	-0.49038	0.92922	-0.20449	1	0	0	0	1	0	0	0	1
1.29	-0.49085	0.92837	-0.20449	1	0	0	0	1	0	0	0	1
1.295	-0.49138	0.92763	-0.20445	1	0	0	0	1	0	0	0	1
1.3	-0.49184	0.92674	-0.20443	1	0	0	0	1	0	0	0	1
1.305	-0.49221	0.92591	-0.20444	1	0	0	0	1	0	0	0	1
1.31	-0.49247	0.9251	-0.20447	1	0	0	0	1	0	0	0	1
1.315	-0.49283	0.92416	-0.20447	1	0	0	0	1	0	0	0	1
1.32	-0.49327	0.92321	-0.20444	1	0	0	0	1	0	0	0	1
1.325	-0.49373	0.9224	-0.20438	1	0	0	0	1	0	0	0	1
1.33	-0.49419	0.92147	-0.20434	1	0	0	0	1	0	0	0	1
1.335	-0.49456	0.92048	-0.20434	1	0	0	0	1	0	0	0	1
1.34	-0.4949	0.91951	-0.20436	1	0	0	0	1	0	0	0	1
1.345	-0.49514	0.91856	-0.20438	1	0	0	0	1	0	0	0	1
1.35	-0.49545	0.91759	-0.20438	1	0	0	0	1	0	0	0	1
1.355	-0.49588	0.91655	-0.20434	1	0	0	0	1	0	0	0	1
1.36	-0.49633	0.91549	-0.2043	1	0	0	0	1	0	0	0	1
1.365	-0.49669	0.91454	-0.20429	1	0	0	0	1	0	0	0	1
1.37	-0.49697	0.91357	-0.20429	1	0	0	0	1	0	0	0	1
1.375	-0.49715	0.91252	-0.20432	1	0	0	0	1	0	0	0	1
1.38	-0.49739	0.91151	-0.20435	1	0	0	0	1	0	0	0	1
1.385	-0.49764	0.91055	-0.20436	1	0	0	0	1	0	0	0	1
1.39	-0.49783	0.90958	-0.20437	1	0	0	0	1	0	0	0	1
1.395	-0.49804	0.9086	-0.20438	1	0	0	0	1	0	0	0	1
1.4	-0.49829	0.90758	-0.20438	1	0	0	0	1	0	0	0	1
1.405	-0.49849	0.90667	-0.20439	1	0	0	0	1	0	0	0	1
1.41	-0.49866	0.90576	-0.2044	1	0	0	0	1	0	0	0	1
1.415	-0.49876	0.90478	-0.20441	1	0	0	0	1	0	0	0	1
1.42	-0.49892	0.9039	-0.20442	1	0	0	0	1	0	0	0	1
1.425	-0.49899	0.90304	-0.20445	1	0	0	0	1	0	0	0	1
1.43	-0.49898	0.90212	-0.20449	1	0	0	0	1	0	0	0	1
1.435	-0.49902	0.9012	-0.20451	1	0	0	0	1	0	0	0	1
1.44	-0.49906	0.90029	-0.20453	1	0	0	0	1	0	0	0	1
1.445	-0.49901	0.89946	-0.20456	1	0	0	0	1	0	0	0	1
1.45	-0.49894	0.89851	-0.20461	1	0	0	0	1	0	0	0	1
1.455	-0.49884	0.89757	-0.20468	1	0	0	0	1	0	0	0	1
1.46	-0.49876	0.89671	-0.20471	1	0	0	0	1	0	0	0	1
1.465	-0.49863	0.8958	-0.20474	1	0	0	0	1	0	0	0	1
1.47	-0.4985	0.89487	-0.20479	1	0	0	0	1	0	0	0	1
1.475	-0.49834	0.89401	-0.20483	1	0	0	0	1	0	0	0	1
1.48	-0.49816	0.89313	-0.20486	1	0	0	0	1	0	0	0	1
1.485	-0.49798	0.8922	-0.20488	1	0	0	0	1	0	0	0	1
1.49	-0.49778	0.89136	-0.2049	1	0	0	0	1	0	0	0	1
1.495	-0.49759	0.8906	-0.20491	1	0	0	0	1	0	0	0	1
1.5	-0.49754	0.88989	-0.20486	1	0	0	0	1	0	0	0	1
1.505	-0.49727	0.889	-0.20488	1	0	0	0	1	0	0	0	1
1.51	-0.49698	0.88812	-0.20491	1	0	0	0	1	0	0	0	1
1.515	-0.49676	0.88727	-0.20489	1	0	0	0	1	0	0	0	1
1.52	-0.49646	0.88655	-0.2049	1	0	0	0	1	0	0	0	1
1.525	-0.49612	0.88574	-0.20493	1	0	0	0	1	0	0	0	1
1.53	-0.49571	0.88502	-0.20496	1	0	0	0	1	0	0	0	1
1.535	-0.4953	0.88434	-0.205	1	0	0	0	1	0	0	0	1
1.54	-0.49493	0.8836	-0.20499	1	0	0	0	1	0	0	0	1
1.545	-0.49465	0.88293	-0.20496	1	0	0	0	1	0	0	0	1
1.55	-0.49431	0.88225	-0.20494	1	0	0	0	1	0	0	0	1
1.555	-0.49401	0.88164	-0.20489	1	0	0	0	1	0	0	0	1
1.56	-0.49366	0.88101	-0.20484	1	0	0	0	1	0	0	0	1
1.565	-0.49333	0.8803	-0.20481	1	0	0	0	1	0	0	0	1
1.57	-0.49289	0.87969	-0.2048	1	0	0	0	1	0	0	0	1
1.575	-0.49234	0.87905	-0.20483	1	0	0	0	1	0	0	0	1
1.58	-0.49184	0.87858	-0.20485	1	0	0	0	1	0	0	0	1
1.585	-0.4914	0.87796	-0.20486	1	0	0	0	1	0	0	0	1
1.59	-0.49106	0.87744	-0.20484	1	0	0	0	1	0	0	0	1
1.595	-0.49071	0.87685	-0.20481	1	0	0	0	1	0	0	0	1
1.6	-0.4904	0.87625	-0.2048	1	0	0	0	1	0	0	0	1
1.605	-0.48995	0.87575	-0.20483	1	0	0	0	1	0	0	0	1
1.61	-0.48949	0.8752	-0.20488	1	0	0	0	1	0	0	0	1
1.615	-0.48906	0.87473	-0.20494	1	0	0	0	1	0	0	0	1
1.62	-0.4886	0.87421	-0.205	1	0	0	0	1	0	0	0	1
1.625	-0.48832	0.87371	-0.20502	1	0	0	0	1	0	0	0	1
1.63	-0.48799	0.87326	-0.20502	1	0	0	0	1	0	0	0	1
1.635	-0.48759	0.8728	-0.20505	1	0	0	0	1	0	0	0	1
1.64	-0.48711	0.87235	-0.20514	1	0	0	0	1	0	0	0	1
1.645	-0.48653	0.87189	-0.20522	1	0	0	0	1	0	0	0	1
1.65	-0.48605	0.87149	-0.20528	1	0	0	0	1	0	0	0	1
1.655	-0.4857	0.87101	-0.2053	1	0	0	0	1	0	0	0	1
1.66	-0.48523	0.87052	-0.20534	1	0	0	0	1	0	0	0	1
1.665	-0.48459	0.87011	-0.20542	1	0	0	0	1	0	0	0	1
1.67	-0.48396	0.86964	-0.20552	1	0	0	0	1	0	0	0	1
1.675	-0.48348	0.86916	-0.20555	1	0	0	0	1	0	0	0	1
1.68	-0.48301	0.86871	-0.20554	1	0	0	0	1	0	0	0	1
1.685	-0.48241	0.86817	-0.20559	1	0	0	0	1	0	0	0	1
1.69	-0.48159	0.86769	-0.20567	1	0	0	0	1	0	0	0	1
1.695	-0.48089	0.86719	-0.20572	1	0	0	0	1	0	0	0	1
1.7	-0.48037	0.8666	-0.2057	1	0	0	0	1	0	0	0	1
1.705	-0.47956	0.86605	-0.20576	1	0	0	0	1	0	0	0	1
1.71	-0.47865	0.86551	-0.20586	1	0	0	0	1	0	0	0	1
1.715	-0.47791	0.8649	-0.2059	1	0	0	0	1	0	0	0	1
1.72	-0.47697	0.86434	-0.20598	1	0	0	0	1	0	0	0	1
1.725	-0.47596	0.86365	-0.20609	1	0	0	0	1	0	0	0	1
1.73	-0.47518	0.86306	-0.20611	1	0	0	0	1	0	0	0	1
1.735	-0.47414	0.86237	-0.2062	1	0	0	0	1	0	0	0	1
1.74	-0.47305	0.86171	-0.20628	1	0	0	0	1	0	0	0	1
1.745	-0.47199	0.86102	-0.20635	1	0	0	0	1	0	0	0	1
1.75	-0.47075	0.86022	-0.20648	1	0	0	0	1	0	0	0	1
1.755	-0.46972	0.85951	-0.20653	1	0	0	0	1	0	0	0	1
1.76	-0.46837	0.8587	-0.20666	1	0	0	0	1	0	0	0	1
1.765	-0.46722	0.85778	-0.20669	1	0	0	0	1	0	0	0	1
1.77	-0.46582	0.85693	-0.20679	1	0	0	0	1	0	0	0	1
1.775	-0.46462	0.85599	-0.20681	1	0	0	0	1	0	0	0	1
1.78	-0.46302	0.85506	-0.20692	1	0	0	0	1	0	0	0	1
1.785	-0.46164	0.85401	-0.20696	1	0	0	0	1	0	0	0	1
1.79	-0.45997	0.85288	-0.20709	1	0	0	0	1	0	0	0	1
1.795	-0.45841	0.85176	-0.20715	1	0	0	0	1	0	0	0	1
1.8	-0.45686	0.85066	-0.20719	1	0	0	0	1	0	0	0	1
1.805	-0.45511	0.84949	-0.20729	1	0	0	0	1	0	0	0	1
1.81	-0.45351	0.84825	-0.20735	1	0	0	0	1	0	0	0	1
1.815	-0.45173	0.84694	-0.20747	1	0	0	0	1	0	0	0	1
1.82	-0.44985	0.84564	-0.20757	1	0	0	0	1	0	0	0	1
1.825	-0.44803	0.84435	-0.20762	1	0	0	0	1	0	0	0	1
1.83	-0.44614	0.84308	-0.20773	1	0	0	0	1	0	0	0	1
1.835	-0.44403	0.84185	-0.20787	1	0	0	0	1	0	0	0	1
1.84	-0.44198	0.84056	-0.20798	1	0	0	0	1	0	0	0	1
1.845	-0.43987	0.83922	-0.20807	1	0	0	0	1	0	0	0	1
1.85	-0.43771	0.83785	-0.20819	1	0	0	0	1	0	0	0	1
1.855	-0.43546	0.83653	-0.20831	1	0	0	0	1	0	0	0	1
1.86	-0.43315	0.83521	-0.20845	1	0	0	0	1	0	0	0	1
1.865	-0.43064	0.83393	-0.20863	1	0	0	0	1	0	0	0	1
1.87	-0.42809	0.83264	-0.20876	1	0	0	0	1	0	0	0	1
1.875	-0.4254	0.83147	-0.20892	1	0	0	0	1	0	0	0	1
1.88	-0.4225	0.83033	-0.2091	1	0	0	0	1	0	0	0	1
1.885	-0.41963	0.82917	-0.20923	1	0	0	0	1	0	0	0	1
1.89	-0.41661	0.82808	-0.20939	1	0	0	0	1	0	0	0	1
1.895	-0.41353	0.8271	-0.20952	1	0	0	0	1	0	0	0	1
1.9	-0.41059	0.82606	-0.20962	1	0	0	0	1	0	0	0	1
1.905	-0.40737	0.82509	-0.20978	1	0	0	0	1	0	0	0	1
1.91	-0.40389	0.82417	-0.21002	1	0	0	0	1	0	0	0	1
1.915	-0.40064	0.82324	-0.21018	1	0	0	0	1	0	0	0	1
1.92	-0.3972	0.82238	-0.21036	1	0	0	0	1	0	0	0	1
1.925	-0.3935	0.82157	-0.21061	1	0	0	0	1	0	0	0	1
1.93	-0.38989	0.82091	-0.21076	1	0	0	0	1	0	0	0	1
1.935	-0.38593	0.82046	-0.21096	1	0	0	0	1	0	0	0	1
1.94	-0.38199	0.82009	-0.21105	1	0	0	0	1	0	0	0	1
1.945	-0.37771	0.8199	-0.2112	1	0	0	0	1	0	0	0	1
1.95	-0.37356	0.81998	-0.21126	1	0	0	0	1	0	0	0	1
1.955	-0.36908	0.82033	-0.21134	1	0	0	0	1	0	0	0	1
1.96	-0.36448	0.82074	-0.21143	1	0	0	0	1	0	0	0	1
1.965	-0.35985	0.82136	-0.21148	1	0	0	0	1	0	0	0	1
1.97	-0.35521	0.82217	-0.21148	1	0	0	0	1	0	0	0	1
1.975	-0.35047	0.82317	-0.21154	1	0	0	0	1	0	0	0	1
1.98	-0.34558	0.82435	-0.21159	1	0	0	0	1	0	0	0	1
1.985	-0.34049	0.82585	-0.21165	1	0	0	0	1	0	0	0	1
1.99	-0.3355	0.82758	-0.2117	1	0	0	0	1	0	0	0	1
1.995	-0.3303	0.82965	-0.21175	1	0	0	0	1	0	0	0	1
2	-0.32509	0.83212	-0.21179	1	0	0	0	1	0	0	0	1
2.005	-0.31975	0.83496	-0.21181	1	0	0	0	1	0	0	0	1
2.01	-0.31415	0.83813	-0.21188	1	0	0	0	1	0	0	0	1
2.015	-0.30833	0.84172	-0.21197	1	0	0	0	1	0	0	0	1
2.02	-0.30248	0.84555	-0.21201	1	0	0	0	1	0	0	0	1
2.025	-0.29654	0.84982	-0.212	1	0	0	0	1	0	0	0	1
2.03	-0.29022	0.8544	-0.21203	1	0	0	0	1	0	0	0	1
2.035	-0.28379	0.85921	-0.21199	1	0	0	0	1	0	0	0	1
2.04	-0.27696	0.86442	-0.21203	1	0	0	0	1	0	0	0	1
2.045	-0.27026	0.86981	-0.21199	1	0	0	0	1	0	0	0	1
2.05	-0.26325	0.87552	-0.21195	1	0	0	0	1	0	0	0	1
2.055	-0.25601	0.88145	-0.21188	1	0	0	0	1	0	0	0	1
2.06	-0.2486	0.88761	-0.21182	1	0	0	0	1	0	0	0	1
2.065	-0.24098	0.89406	-0.21175	1	0	0	0	1	0	0	0	1
2.07	-0.23337	0.90075	-0.21167	1	0	0	0	1	0	0	0	1
2.075	-0.22569	0.90774	-0.21151	1	0	0	0	1	0	0	0	1
2.08	-0.21792	0.91502	-0.21132	1	0	0	0	1	0	0	0	1
2.085	-0.21013	0.92254	-0.21118	1	0	0	0	1	0	0	0	1
2.09	-0.20218	0.93032	-0.21103	1	0	0	0	1	0	0	0	1
2.095	-0.19433	0.93837	-0.21089	1	0	0	0	1	0	0	0	1
2.1	-0.18659	0.94664	-0.21075	1	0	0	0	1	0	0	0	1
2.105	-0.17907	0.95514	-0.21051	1	0	0	0	1	0	0	0	1
2.11	-0.1718	0.96368	-0.2102	1	0	0	0	1	0	0	0	1
2.115	-0.16477	0.97244	-0.20984	1	0	0	0	1	0	0	0	1
2.12	-0.15788	0.98129	-0.20949	1	0	0	0	1	0	0	0	1
2.125	-0.15108	0.9902	-0.20916	1	0	0	0	1	0	0	0	1
2.13	-0.14475	0.99904	-0.20865	1	0	0	0	1	0	0	0	1
2.135	-0.1384	1.0078	-0.20824	1	0	0	0	1	0	0	0	1
2.14	-0.13254	1.0165	-0.20767	1	0	0	0	1	0	0	0	1
2.145	-0.12692	1.0249	-0.20712	1	0	0	0	1	0	0	0	1
2.15	-0.12149	1.0333	-0.20659	1	0	0	0	1	0	0	0	1
2.155	-0.11625	1.0413	-0.20608	1	0	0	0	1	0	0	0	1
2.16	-0.11127	1.0491	-0.20548	1	0	0	0	1	0	0	0	1
2.165	-0.10672	1.0566	-0.20486	1	0	0	0	1	0	0	0	1
2.17	-0.10205	1.0638	-0.20436	1	0	0	0	1	0	0	0	1
2.175	-0.097638	1.0706	-0.20381	1	0	0	0	1	0	0	0	1
2.18	-0.093512	1.077	-0.20326	1	0	0	0	1	0	0	0	1
2.185	-0.089394	1.0829	-0.20278	1	0	0	0	1	0	0	0	1
2.19	-0.085495	1.0885	-0.20234	1	0	0	0	1	0	0	0	1
2.195	-0.08159	1.0936	-0.2019	1	0	0	0	1	0	0	0	1
2.2	-0.077607	1.0984	-0.20154	1	0	0	0	1	0	0	0	1
2.205	-0.073932	1.1027	-0.20107	1	0	0	0	1	0	0	0	1
2.21	-0.070016	1.1067	-0.20075	1	0	0	0	1	0	0	0	1
2.215	-0.066257	1.1104	-0.20042	1	0	0	0	1	0	0	0	1
2.22	-0.062369	1.1139	-0.20012	1	0	0	0	1	0	0	0	1
2.225	-0.05854	1.1171	-0.19981	1	0	0	0	1	0	0	0	1
2.23	-0.05473	1.1202	-0.19952	1	0	0	0	1	0	0	0	1
2.235	-0.050764	1.123	-0.19925	1	0	0	0	1	0	0	0	1
2.24	-0.046865	1.1257	-0.19896	1	0	0	0	1	0	0	0	1
2.245	-0.043055	1.1282	-0.19862	1	0	0	0	1	0	0	0	1
2.25	-0.039306	1.1306	-0.19822	1	0	0	0	1	0	0	0	1
2.255	-0.035307	1.1328	-0.19798	1	0	0	0	1	0	0	0	1
2.26	-0.031692	1.1348	-0.19754	1	0	0	0	1	0	0	0	1
2.265	-0.027857	1.1367	-0.19721	1	0	0	0	1	0	0	0	1
2.27	-0.024086	1.1384	-0.19682	1	0	0	0	1	0	0	0	1
2.275	-0.020585	1.1398	-0.19633	1	0	0	0	1	0	0	0	1
2.28	-0.016905	1.1412	-0.19594	1	0	0	0	1	0	0	0	1
2.285	-0.013145	1.1424	-0.19557	1	0	0	0	1	0	0	0	1
2.29	-0.0096688	1.1434	-0.19514	1	0	0	0	1	0	0	0	1
2.295	-0.0063285	1.1442	-0.19463	1	0	0	0	1	0	0	0	1
2.3	-0.0029142	1.1448	-0.19417	1	0	0	0	1	0	0	0	1
2.305	0.00062906	1.1451	-0.19371	1	0	0	0	1	0	0	0	1
2.31	0.0041791	1.1452	-0.19331	1	0	0	0	1	0	0	0	1
2.315	0.0076561	1.145	-0.19287	1	0	0	0	1	0	0	0	1
2.32	0.011014	1.1446	-0.1924	1	0	0	0	1	0	0	0	1
2.325	0.014372	1.1439	-0.19192	1	0	0	0	1	0	0	0	1
2.33	0.017767	1.143	-0.19143	1	0	0	0	1	0	0	0	1
2.335	0.021286	1.1418	-0.191	1	0	0	0	1	0	0	0	1
2.34	0.025052	1.1403	-0.19059	1	0	0	0	1	0	0	0	1
2.345	0.028771	1.1385	-0.19019	1	0	0	0	1	0	0	0	1
2.35	0.032409	1.1365	-0.18968	1	0	0	0	1	0	0	0	1
2.355	0.036235	1.1342	-0.18926	1	0	0	0	1	0	0	0	1
2.36	0.040353	1.1316	-0.18887	1	0	0	0	1	0	0	0	1
2.365	0.044314	1.1287	-0.18844	1	0	0	0	1	0	0	0	1
2.37	0.04851	1.1256	-0.18802	1	0	0	0	1	0	0	0	1
2.375	0.052704	1.1221	-0.18761	1	0	0	0	1	0	0	0	1
2.38	0.057036	1.1184	-0.18726	1	0	0	0	1	0	0	0	1
2.385	0.061474	1.1143	-0.18692	1	0	0	0	1	0	0	0	1
2.39	0.066163	1.1099	-0.18664	1	0	0	0	1	0	0	0	1
2.395	0.070714	1.1053	-0.18632	1	0	0	0	1	0	0	0	1
2.4	0.075242	1.1003	-0.18599	1	0	0	0	1	0	0	0	1
2.405	0.080017	1.095	-0.18571	1	0	0	0	1	0	0	0	1
2.41	0.084854	1.0894	-0.18551	1	0	0	0	1	0	0	0	1
2.415	0.089765	1.0836	-0.18532	1	0	0	0	1	0	0	0	1
2.42	0.094695	1.0776	-0.18517	1	0	0	0	1	0	0	0	1
2.425	0.099502	1.0712	-0.18503	1	0	0	0	1	0	0	0	1
2.43	0.1044	1.0646	-0.1849	1	0	0	0	1	0	0	0	1
2.435	0.10917	1.0578	-0.18477	1	0	0	0	1	0	0	0	1
2.44	0.11384	1.0508	-0.18464	1	0	0	0	1	0	0	0	1
2.445	0.11867	1.0435	-0.1846	1	0	0	0	1	0	0	0	1
2.45	0.12341	1.0359	-0.18449	1	0	0	0	1	0	0	0	1
2.455	0.12822	1.0281	-0.18445	1	0	0	0	1	0	0	0	1
2.46	0.13306	1.0199	-0.18441	1	0	0	0	1	0	0	0	1
2.465	0.13803	1.0115	-0.18443	1	0	0	0	1	0	0	0	1
2.47	0.14293	1.0029	-0.18434	1	0	0	0	1	0	0	0	1
2.475	0.14808	0.99396	-0.18434	1	0	0	0	1	0	0	0	1
2.48	0.15326	0.98471	-0.18435	1	0	0	0	1	0	0	0	1
2.485	0.15857	0.97517	-0.18442	1	0	0	0	1	0	0	0	1
2.49	0.16378	0.96544	-0.18428	1	0	0	0	1	0	0	0	1
2.495	0.16914	0.95563	-0.18414	1	0	0	0	1	0	0	0	1
2.5	0.17459	0.94563	-0.18412	1	0	0	0	1	0	0	0	1
2.505	0.18018	0.93554	-0.18421	1	0	0	0	1	0	0	0	1
2.51	0.18565	0.92547	-0.18421	1	0	0	0	1	0	0	0	1
2.515	0.19105	0.91553	-0.18425	1	0	0	0	1	0	0	0	1
2.52	0.19642	0.90579	-0.18441	1	0	0	0	1	0	0	0	1
2.525	0.20146	0.89659	-0.18457	1	0	0	0	1	0	0	0	1
2.53	0.20605	0.88849	-0.18469	1	0	0	0	1	0	0	0	1
2.535	0.20997	0.88183	-0.18462	1	0	0	0	1	0	0	0	1
2.54	0.21344	0.87622	-0.18419	1	0	0	0	1	0	0	0	1
2.545	0.21663	0.87094	-0.18367	1	0	0	0	1	0	0	0	1
2.55	0.21954	0.86569	-0.18318	1	0	0	0	1	0	0	0	1
2.555	0.22239	0.86049	-0.18278	1	0	0	0	1	0	0	0	1
2.56	0.22527	0.85554	-0.18237	1	0	0	0	1	0	0	0	1
2.565	0.22831	0.85088	-0.18209	1	0	0	0	1	0	0	0	1
2.57	0.23139	0.84633	-0.18182	1	0	0	0	1	0	0	0	1
2.575	0.23436	0.84187	-0.18167	1	0	0	0	1	0	0	0	1
2.58	0.23711	0.83755	-0.1816	1	0	0	0	1	0	0	0	1
2.585	0.23961	0.83355	-0.18156	1	0	0	0	1	0	0	0	1
2.59	0.2419	0.8299	-0.18148	1	0	0	0	1	0	0	0	1
2.595	0.24397	0.82662	-0.18133	1	0	0	0	1	0	0	0	1
2.6	0.2459	0.82367	-0.18115	1	0	0	0	1	0	0	0	1
2.605	0.24771	0.821	-0.18098	1	0	0	0	1	0	0	0	1
2.61	0.24938	0.81862	-0.18076	1	0	0	0	1	0	0	0	1
2.615	0.25099	0.81639	-0.1805	1	0	0	0	1	0	0	0	1
2.62	0.25251	0.81438	-0.18027	1	0	0	0	1	0	0	0	1
2.625	0.25398	0.81262	-0.18005	1	0	0	0	1	0	0	0	1
2.63	0.25531	0.81108	-0.17979	1	0	0	0	1	0	0	0	1
2.635	0.25651	0.80977	-0.17954	1	0	0	0	1	0	0	0	1
2.64	0.25766	0.80877	-0.17934	1	0	0	0	1	0	0	0	1
2.645	0.25881	0.80804	-0.17917	1	0	0	0	1	0	0	0	1
2.65	0.25988	0.80755	-0.17899	1	0	0	0	1	0	0	0	1
2.655	0.2609	0.80739	-0.17875	1	0	0	0	1	0	0	0	1
2.66	0.26197	0.80748	-0.17852	1	0	0	0	1	0	0	0	1
2.665	0.26304	0.80781	-0.1783	1	0	0	0	1	0	0	0	1
2.67	0.26414	0.80837	-0.17807	1	0	0	0	1	0	0	0	1
2.675	0.26518	0.80913	-0.17775	1	0	0	0	1	0	0	0	1
2.68	0.26624	0.8101	-0.17739	1	0	0	0	1	0	0	0	1
2.685	0.26737	0.81125	-0.17704	1	0	0	0	1	0	0	0	1
2.69	0.2685	0.81254	-0.17668	1	0	0	0	1	0	0	0	1
2.695	0.26964	0.81401	-0.1763	1	0	0	0	1	0	0	0	1
2.7	0.27066	0.81552	-0.1759	1	0	0	0	1	0	0	0	1
2.705	0.27188	0.81738	-0.17556	1	0	0	0	1	0	0	0	1
2.71	0.27297	0.81931	-0.17518	1	0	0	0	1	0	0	0	1
2.715	0.27384	0.82135	-0.17476	1	0	0	0	1	0	0	0	1
2.72	0.27472	0.82354	-0.17433	1	0	0	0	1	0	0	0	1
2.725	0.27571	0.82587	-0.17396	1	0	0	0	1	0	0	0	1
2.73	0.27679	0.8283	-0.17366	1	0	0	0	1	0	0	0	1
2.735	0.27774	0.83082	-0.1733	1	0	0	0	1	0	0	0	1
2.74	0.27851	0.8334	-0.17289	1	0	0	0	1	0	0	0	1
2.745	0.27934	0.83609	-0.17251	1	0	0	0	1	0	0	0	1
2.75	0.28028	0.83888	-0.17216	1	0	0	0	1	0	0	0	1
2.755	0.2813	0.84175	-0.17185	1	0	0	0	1	0	0	0	1
2.76	0.28217	0.84471	-0.17151	1	0	0	0	1	0	0	0	1
2.765	0.28298	0.84771	-0.17114	1	0	0	0	1	0	0	0	1
2.77	0.28386	0.85078	-0.17082	1	0	0	0	1	0	0	0	1
2.775	0.28485	0.85393	-0.17055	1	0	0	0	1	0	0	0	1
2.78	0.28575	0.85712	-0.17026	1	0	0	0	1	0	0	0	1
2.785	0.28648	0.86032	-0.16988	1	0	0	0	1	0	0	0	1
2.79	0.28717	0.86353	-0.16953	1	0	0	0	1	0	0	0	1
2.795	0.28795	0.8668	-0.16925	1	0	0	0	1	0	0	0	1
2.8	0.28878	0.87007	-0.16899	1	0	0	0	1	0	0	0	1
2.805	0.28951	0.87332	-0.1687	1	0	0	0	1	0	0	0	1
2.81	0.29013	0.87657	-0.16839	1	0	0	0	1	0	0	0	1
2.815	0.29073	0.8798	-0.16811	1	0	0	0	1	0	0	0	1
2.82	0.29132	0.88302	-0.16781	1	0	0	0	1	0	0	0	1
2.825	0.29199	0.88622	-0.16753	1	0	0	0	1	0	0	0	1
2.83	0.29271	0.88943	-0.16727	1	0	0	0	1	0	0	0	1
2.835	0.29343	0.89262	-0.16701	1	0	0	0	1	0	0	0	1
2.84	0.29406	0.89575	-0.1667	1	0	0	0	1	0	0	0	1
2.845	0.29467	0.89885	-0.16634	1	0	0	0	1	0	0	0	1
2.85	0.29527	0.90194	-0.16599	1	0	0	0	1	0	0	0	1
2.855	0.29594	0.90504	-0.16566	1	0	0	0	1	0	0	0	1
2.86	0.29675	0.90804	-0.16533	1	0	0	0	1	0	0	0	1
2.865	0.29769	0.91096	-0.16505	1	0	0	0	1	0	0	0	1
2.87	0.29856	0.91385	-0.16474	1	0	0	0	1	0	0	0	1
2.875	0.29934	0.9167	-0.16434	1	0	0	0	1	0	0	0	1
2.88	0.30019	0.9195	-0.16393	1	0	0	0	1	0	0	0	1
2.885	0.30118	0.92223	-0.16361	1	0	0	0	1	0	0	0	1
2.89	0.30229	0.92489	-0.1633	1	0	0	0	1	0	0	0	1
2.895	0.30324	0.9275	-0.1629	1	0	0	0	1	0	0	0	1
2.9	0.30425	0.93007	-0.16255	1	0	0	0	1	0	0	0	1
2.905	0.30548	0.93259	-0.16226	1	0	0	0	1	0	0	0	1
2.91	0.3066	0.93505	-0.16189	1	0	0	0	1	0	0	0	1
2.915	0.30762	0.93744	-0.16151	1	0	0	0	1	0	0	0	1
2.92	0.30882	0.9398	-0.16121	1	0	0	0	1	0	0	0	1
2.925	0.30993	0.94212	-0.16086	1	0	0	0	1	0	0	0	1
2.93	0.31093	0.94437	-0.16049	1	0	0	0	1	0	0	0	1
2.935	0.31212	0.94658	-0.16021	1	0	0	0	1	0	0	0	1
2.94	0.31326	0.94879	-0.15989	1	0	0	0	1	0	0	0	1
2.945	0.31427	0.95086	-0.15956	1	0	0	0	1	0	0	0	1
2.95	0.31546	0.95288	-0.15935	1	0	0	0	1	0	0	0	1
2.955	0.31649	0.9548	-0.15905	1	0	0	0	1	0	0	0	1
2.96	0.31748	0.95664	-0.15874	1	0	0	0	1	0	0	0	1
2.965	0.31868	0.9584	-0.15856	1	0	0	0	1	0	0	0	1
2.97	0.31966	0.96007	-0.15829	1	0	0	0	1	0	0	0	1
2.975	0.3206	0.96162	-0.15801	1	0	0	0	1	0	0	0	1
2.98	0.32175	0.96307	-0.15782	1	0	0	0	1	0	0	0	1
2.985	0.32266	0.96442	-0.15756	1	0	0	0	1	0	0	0	1
2.99	0.32355	0.96565	-0.15731	1	0	0	0	1	0	0	0	1
2.995	0.32462	0.96679	-0.15712	1	0	0	0	1	0	0	0	1
3	0.32549	0.96783	-0.15688	1	0	0	0	1	0	0	0	1
3.005	0.3263	0.96877	-0.15662	1	0	0	0	1	0	0	0	1
3.01	0.32726	0.96961	-0.15645	1	0	0	0	1	0	0	0	1
3.015	0.32818	0.97039	-0.15628	1	0	0	0	1	0	0	0	1
3.02	0.32887	0.97107	-0.15602	1	0	0	0	1	0	0	0	1
3.025	0.3296	0.97169	-0.15581	1	0	0	0	1	0	0	0	1
3.03	0.33055	0.97227	-0.1557	1	0	0	0	1	0	0	0	1
3.035	0.33132	0.97274	-0.15556	1	0	0	0	1	0	0	0	1
3.04	0.33194	0.9732	-0.15535	1	0	0	0	1	0	0	0	1
3.045	0.33269	0.9736	-0.1552	1	0	0	0	1	0	0	0	1
3.05	0.33356	0.97395	-0.15511	1	0	0	0	1	0	0	0	1
3.055	0.33422	0.97425	-0.15496	1	0	0	0	1	0	0	0	1
3.06	0.33476	0.97456	-0.15478	1	0	0	0	1	0	0	0	1
3.065	0.33535	0.97481	-0.15465	1	0	0	0	1	0	0	0	1
3.07	0.33609	0.97506	-0.1546	1	0	0	0	1	0	0	0	1
3.075	0.33676	0.9753	-0.15452	1	0	0	0	1	0	0	0	1
3.08	0.33725	0.97553	-0.15436	1	0	0	0	1	0	0	0	1
3.085	0.33771	0.97573	-0.15419	1	0	0	0	1	0	0	0	1
3.09	0.33823	0.97593	-0.15407	1	0	0	0	1	0	0	0	1
3.095	0.33887	0.97616	-0.15399	1	0	0	0	1	0	0	0	1
3.1	0.33945	0.97637	-0.1539	1	0	0	0	1	0	0	0	1
3.105	0.33988	0.97657	-0.15379	1	0	0	0	1	0	0	0	1
3.11	0.34028	0.97679	-0.15365	1	0	0	0	1	0	0	0	1
3.115	0.34065	0.977	-0.15351	1	0	0	0	1	0	0	0	1
3.12	0.34103	0.97719	-0.15338	1	0	0	0	1	0	0	0	1
3.125	0.34144	0.97733	-0.15327	1	0	0	0	1	0	0	0	1
3.13	0.34195	0.97749	-0.15319	1	0	0	0	1	0	0	0	1
3.135	0.3425	0.97764	-0.15312	1	0	0	0	1	0	0	0	1
3.14	0.34297	0.97778	-0.15303	1	0	0	0	1	0	0	0	1
3.145	0.34335	0.9779	-0.15291	1	0	0	0	1	0	0	0	1
3.15	0.3437	0.978	-0.15279	1	0	0	0	1	0	0	0	1
3.155	0.34404	0.97813	-0.15267	1	0	0	0	1	0	0	0	1
3.16	0.34438	0.97825	-0.15258	1	0	0	0	1	0	0	0	1
3.165	0.34478	0.97842	-0.1525	1	0	0	0	1	0	0	0	1
3.17	0.34523	0.97856	-0.15247	1	0	0	0	1	0	0	0	1
3.175	0.34566	0.9787	-0.15245	1	0	0	0	1	0	0	0	1
3.18	0.34599	0.97884	-0.15242	1	0	0	0	1	0	0	0	1
3.185	0.3462	0.97895	-0.1524	1	0	0	0	1	0	0	0	1
3.19	0.34637	0.97905	-0.15239	1	0	0	0	1	0	0	0	1
3.195	0.34655	0.97914	-0.15241	1	0	0	0	1	0	0	0	1
3.2	0.34679	0.97925	-0.15249	1	0	0	0	1	0	0	0	1
3.205	0.3471	0.97936	-0.15262	1	0	0	0	1	0	0	0	1
3.21	0.34732	0.97945	-0.15271	1	0	0	0	1	0	0	0	1
3.215	0.34743	0.97953	-0.15276	1	0	0	0	1	0	0	0	1
3.22	0.34752	0.97961	-0.15281	1	0	0	0	1	0	0	0	1
3.225	0.34759	0.97969	-0.15287	1	0	0	0	1	0	0	0	1
3.23	0.34768	0.97974	-0.15295	1	0	0	0	1	0	0	0	1
3.235	0.34786	0.9798	-0.15307	1	0	0	0	1	0	0	0	1
3.24	0.34809	0.97985	-0.15321	1	0	0	0	1	0	0	0	1
3.245	0.34824	0.97988	-0.15331	1	0	0	0	1	0	0	0	1
3.25	0.34832	0.97992	-0.15337	1	0	0	0	1	0	0	0	1
3.255	0.34837	0.97994	-0.15341	1	0	0	0	1	0	0	0	1
3.26	0.34839	0.97994	-0.15344	1	0	0	0	1	0	0	0	1
3.265	0.3484	0.97994	-0.15347	1	0	0	0	1	0	0	0	1
3.27	0.34842	0.97995	-0.15352	1	0	0	0	1	0	0	0	1
3.275	0.34843	0.97999	-0.15358	1	0	0	0	1	0	0	0	1
3.28	0.34844	0.98004	-0.15364	1	0	0	0	1	0	0	0	1
3.285	0.34845	0.98008	-0.15372	1	0	0	0	1	0	0	0	1
3.29	0.34847	0.98016	-0.15382	1	0	0	0	1	0	0	0	1
3.295	0.34846	0.98025	-0.15391	1	0	0	0	1	0	0	0	1
3.3	0.34841	0.98036	-0.15397	1	0	0	0	1	0	0	0	1
3.305	0.34833	0.98046	-0.15403	1	0	0	0	1	0	0	0	1
3.31	0.34822	0.98057	-0.15406	1	0	0	0	1	0	0	0	1
3.315	0.34809	0.98066	-0.15408	1	0	0	0	1	0	0	0	1
3.32	0.34796	0.98074	-0.15411	1	0	0	0	1	0	0	0	1
3.325	0.34784	0.98079	-0.15413	1	0	0	0	1	0	0	0	1
3.33	0.34772	0.98083	-0.15415	1	0	0	0	1	0	0	0	1
3.335	0.34761	0.98086	-0.15417	1	0	0	0	1	0	0	0	1
3.34	0.34752	0.98086	-0.15419	1	0	0	0	1	0	0	0	1
3.345	0.34744	0.98085	-0.15421	1	0	0	0	1	0	0	0	1
3.35	0.34739	0.98083	-0.15423	1	0	0	0	1	0	0	0	1
3.355	0.34734	0.98081	-0.15424	1	0	0	0	1	0	0	0	1
3.36	0.3473	0.98078	-0.15425	1	0	0	0	1	0	0	0	1
3.365	0.3473	0.98076	-0.15425	1	0	0	0	1	0	0	0	1
3.37	0.34729	0.9807	-0.15425	1	0	0	0	1	0	0	0	1
3.375	0.34729	0.98064	-0.15424	1	0	0	0	1	0	0	0	1
3.38	0.34731	0.9806	-0.15422	1	0	0	0	1	0	0	0	1
3.385	0.34733	0.98054	-0.1542	1	0	0	0	1	0	0	0	1
3.39	0.34736	0.98049	-0.15418	1	0	0	0	1	0	0	0	1
3.395	0.34739	0.98043	-0.15416	1	0	0	0	1	0	0	0	1
3.4	0.34742	0.98037	-0.15414	1	0	0	0	1	0	0	0	1
3.405	0.34747	0.98032	-0.15413	1	0	0	0	1	0	0	0	1
3.41	0.34751	0.98027	-0.15412	1	0	0	0	1	0	0	0	1
3.415	0.34757	0.98022	-0.15411	1	0	0	0	1	0	0	0	1
3.42	0.34764	0.98018	-0.1541	1	0	0	0	1	0	0	0	1
3.425	0.34774	0.98013	-0.15409	1	0	0	0	1	0	0	0	1
3.43	0.34787	0.98007	-0.15409	1	0	0	0	1	0	0	0	1
3.435	0.34805	0.98002	-0.15409	1	0	0	0	1	0	0	0	1
3.44	0.34829	0.97997	-0.1541	1	0	0	0	1	0	0	0	1
3.445	0.34851	0.9799	-0.1541	1	0	0	0	1	0	0	0	1
3.45	0.34876	0.97985	-0.15409	1	0	0	0	1	0	0	0	1
3.455	0.34902	0.97981	-0.15407	1	0	0	0	1	0	0	0	1
3.46	0.34922	0.97976	-0.15401	1	0	0	0	1	0	0	0	1
3.465	0.34942	0.97971	-0.15393	1	0	0	0	1	0	0	0	1
3.47	0.34963	0.97965	-0.15384	1	0	0	0	1	0	0	0	1
3.475	0.34988	0.97959	-0.15374	1	0	0	0	1	0	0	0	1
3.48	0.35011	0.97952	-0.15362	1	0	0	0	1	0	0	0	1
3.485	0.35035	0.97944	-0.1535	1	0	0	0	1	0	0	0	1
3.49	0.35061	0.97934	-0.15339	1	0	0	0	1	0	0	0	1
3.495	0.3509	0.97926	-0.15328	1	0	0	0	1	0	0	0	1
3.5	0.35123	0.97918	-0.15319	1	0	0	0	1	0	0	0	1
3.505	0.3516	0.9791	-0.15312	1	0	0	0	1	0	0	0	1
3.51	0.35203	0.97904	-0.15307	1	0	0	0	1	0	0	0	1
3.515	0.35245	0.97898	-0.15302	1	0	0	0	1	0	0	0	1
3.52	0.35281	0.97891	-0.15295	1	0	0	0	1	0	0	0	1
3.525	0.35314	0.97885	-0.15284	1	0	0	0	1	0	0	0	1
3.53	0.35346	0.97882	-0.15273	1	0	0	0	1	0	0	0	1
3.535	0.35375	0.97879	-0.15261	1	0	0	0	1	0	0	0	1
3.54	0.35403	0.97877	-0.15249	1	0	0	0	1	0	0	0	1
3.545	0.35436	0.97875	-0.15237	1	0	0	0	1	0	0	0	1
3.55	0.35472	0.97874	-0.15227	1	0	0	0	1	0	0	0	1
3.555	0.35512	0.97872	-0.1522	1	0	0	0	1	0	0	0	1
3.56	0.35556	0.97871	-0.15216	1	0	0	0	1	0	0	0	1
3.565	0.35599	0.97872	-0.1521	1	0	0	0	1	0	0	0	1
3.57	0.35636	0.97871	-0.15202	1	0	0	0	1	0	0	0	1
3.575	0.35666	0.9787	-0.15192	1	0	0	0	1	0	0	0	1
3.58	0.35693	0.97869	-0.15182	1	0	0	0	1	0	0	0	1
3.585	0.35716	0.97867	-0.15173	1	0	0	0	1	0	0	0	1
3.59	0.3574	0.97868	-0.15164	1	0	0	0	1	0	0	0	1
3.595	0.35764	0.97867	-0.15156	1	0	0	0	1	0	0	0	1
3.6	0.35788	0.97867	-0.15149	1	0	0	0	1	0	0	0	1
3.605	0.35817	0.97867	-0.15145	1	0	0	0	1	0	0	0	1
3.61	0.35852	0.97867	-0.15144	1	0	0	0	1	0	0	0	1
3.615	0.35885	0.97867	-0.15144	1	0	0	0	1	0	0	0	1
3.62	0.35915	0.97867	-0.15143	1	0	0	0	1	0	0	0	1
3.625	0.35941	0.97868	-0.15139	1	0	0	0	1	0	0	0	1
3.63	0.35964	0.97866	-0.15134	1	0	0	0	1	0	0	0	1
3.635	0.35984	0.97864	-0.15128	1	0	0	0	1	0	0	0	1
3.64	0.36003	0.97862	-0.15122	1	0	0	0	1	0	0	0	1
3.645	0.36024	0.9786	-0.15117	1	0	0	0	1	0	0	0	1
3.65	0.36044	0.97857	-0.15111	1	0	0	0	1	0	0	0	1
3.655	0.36068	0.97856	-0.15106	1	0	0	0	1	0	0	0	1
3.66	0.36101	0.97853	-0.15104	1	0	0	0	1	0	0	0	1
3.665	0.36138	0.97851	-0.15105	1	0	0	0	1	0	0	0	1
3.67	0.36173	0.9785	-0.15104	1	0	0	0	1	0	0	0	1
3.675	0.36201	0.97847	-0.15101	1	0	0	0	1	0	0	0	1
3.68	0.36223	0.97845	-0.15095	1	0	0	0	1	0	0	0	1
3.685	0.36242	0.97844	-0.15088	1	0	0	0	1	0	0	0	1
3.69	0.36259	0.97843	-0.15082	1	0	0	0	1	0	0	0	1
3.695	0.36276	0.97841	-0.15075	1	0	0	0	1	0	0	0	1
3.7	0.36292	0.97841	-0.15069	1	0	0	0	1	0	0	0	1
3.705	0.36307	0.9784	-0.15062	1	0	0	0	1	0	0	0	1
3.71	0.36322	0.97841	-0.15056	1	0	0	0	1	0	0	0	1
3.715	0.36335	0.9784	-0.1505	1	0	0	0	1	0	0	0	1
3.72	0.36346	0.97838	-0.15044	1	0	0	0	1	0	0	0	1
3.725	0.36357	0.97837	-0.15039	1	0	0	0	1	0	0	0	1
3.73	0.36367	0.97838	-0.15034	1	0	0	0	1	0	0	0	1
3.735	0.36378	0.97837	-0.15029	1	0	0	0	1	0	0	0	1
3.74	0.36388	0.97836	-0.15025	1	0	0	0	1	0	0	0	1
3.745	0.364	0.97834	-0.15021	1	0	0	0	1	0	0	0	1
3.75	0.3641	0.97835	-0.15016	1	0	0	0	1	0	0	0	1
3.755	0.36419	0.97831	-0.15012	1	0	0	0	1	0	0	0	1
3.76	0.3643	0.97829	-0.15008	1	0	0	0	1	0	0	0	1
3.765	0.36444	0.97829	-0.15007	1	0	0	0	1	0	0	0	1
3.77	0.36454	0.97826	-0.15004	1	0	0	0	1	0	0	0	1
3.775	0.36467	0.97825	-0.15002	1	0	0	0	1	0	0	0	1
3.78	0.36479	0.97822	-0.15001	1	0	0	0	1	0	0	0	1
3.785	0.36491	0.97821	-0.14999	1	0	0	0	1	0	0	0	1
3.79	0.36503	0.97819	-0.14998	1	0	0	0	1	0	0	0	1
3.795	0.36513	0.97817	-0.14996	1	0	0	0	1	0	0	0	1
3.8	0.36521	0.97814	-0.14994	1	0	0	0	1	0	0	0	1
3.805	0.36527	0.97812	-0.14992	1	0	0	0	1	0	0	0	1
3.81	0.36534	0.9781	-0.14989	1	0	0	0	1	0	0	0	1
3.815	0.3654	0.97809	-0.14987	1	0	0	0	1	0	0	0	1
3.82	0.36545	0.97808	-0.14984	1	0	0	0	1	0	0	0	1
3.825	0.36546	0.97806	-0.14981	1	0	0	0	1	0	0	0	1
3.83	0.36551	0.97805	-0.14979	1	0	0	0	1	0	0	0	1
3.835	0.36553	0.97805	-0.14976	1	0	0	0	1	0	0	0	1
3.84	0.36552	0.97804	-0.14973	1	0	0	0	1	0	0	0	1
3.845	0.36553	0.97805	-0.1497	1	0	0	0	1	0	0	0	1
3.85	0.36556	0.97805	-0.14969	1	0	0	0	1	0	0	0	1
3.855	0.36554	0.97805	-0.14965	1	0	0	0	1	0	0	0	1
3.86	0.36553	0.97804	-0.14962	1	0	0	0	1	0	0	0	1
3.865	0.36553	0.97804	-0.14959	1	0	0	0	1	0	0	0	1
3.87	0.36557	0.97803	-0.14957	1	0	0	0	1	0	0	0	1
3.875	0.3656	0.97802	-0.14955	1	0	0	0	1	0	0	0	1
3.88	0.36564	0.978	-0.14953	1	0	0	0	1	0	0	0	1
3.885	0.3657	0.97801	-0.14952	1	0	0	0	1	0	0	0	1
3.89	0.36573	0.97798	-0.14949	1	0	0	0	1	0	0	0	1
3.895	0.36581	0.97796	-0.14948	1	0	0	0	1	0	0	0	1
3.9	0.36589	0.97794	-0.14948	1	0	0	0	1	0	0	0	1
3.905	0.36597	0.97794	-0.14947	1	0	0	0	1	0	0	0	1
3.91	0.36604	0.97793	-0.14947	1	0	0	0	1	0	0	0	1
3.915	0.36613	0.97792	-0.14948	1	0	0	0	1	0	0	0	1
3.92	0.3662	0.97793	-0.14949	1	0	0	0	1	0	0	0	1
3.925	0.36625	0.97791	-0.14951	1	0	0	0	1	0	0	0	1
3.93	0.36629	0.97791	-0.14952	1	0	0	0	1	0	0	0	1
3.935	0.36632	0.9779	-0.14953	1	0	0	0	1	0	0	0	1
3.94	0.36635	0.97792	-0.14954	1	0	0	0	1	0	0	0	1
3.945	0.36637	0.9779	-0.14956	1	0	0	0	1	0	0	0	1
3.95	0.36639	0.97792	-0.14957	1	0	0	0	1	0	0	0	1
3.955	0.3664	0.97793	-0.14959	1	0	0	0	1	0	0	0	1
3.96	0.36642	0.97792	-0.14961	1	0	0	0	1	0	0	0	1
3.965	0.36643	0.97791	-0.14964	1	0	0	0	1	0	0	0	1
3.97	0.36647	0.97794	-0.14967	1	0	0	0	1	0	0	0	1
3.975	0.36648	0.97793	-0.1497	1	0	0	0	1	0	0	0	1
3.98	0.36652	0.97793	-0.14973	1	0	0	0	1	0	0	0	1
3.985	0.36657	0.97793	-0.14978	1	0	0	0	1	0	0	0	1
3.99	0.36667	0.97793	-0.14984	1	0	0	0	1	0	0	0	1
3.995	0.36681	0.9779	-0.14993	1	0	0	0	1	0	0	0	1
4	0.36699	0.97792	-0.15003	1	0	0	0	1	0	0	0	1
4.005	0.36717	0.97793	-0.15013	1	0	0	0	1	0	0	0	1
4.01	0.36727	0.97793	-0.15019	1	0	0	0	1	0	0	0	1
4.015	0.36733	0.97793	-0.15023	1	0	0	0	1	0	0	0	1
4.02	0.36736	0.97792	-0.15027	1	0	0	0	1	0	0	0	1
4.025	0.36739	0.97794	-0.15029	1	0	0	0	1	0	0	0	1
4.03	0.36742	0.97793	-0.15033	1	0	0	0	1	0	0	0	1
4.035	0.36748	0.97794	-0.15038	1	0	0	0	1	0	0	0	1
4.04	0.36764	0.97795	-0.15048	1	0	0	0	1	0	0	0	1
4.045	0.36784	0.97795	-0.1506	1	0	0	0	1	0	0	0	1
4.05	0.368	0.97795	-0.15071	1	0	0	0	1	0	0	0	1
4.055	0.36811	0.97795	-0.15081	1	0	0	0	1	0	0	0	1
4.06	0.36813	0.97794	-0.15088	1	0	0	0	1	0	0	0	1
4.065	0.36813	0.97793	-0.15095	1	0	0	0	1	0	0	0	1
4.07	0.36815	0.97792	-0.15103	1	0	0	0	1	0	0	0	1
4.075	0.36816	0.97793	-0.1511	1	0	0	0	1	0	0	0	1
4.08	0.36818	0.97792	-0.15118	1	0	0	0	1	0	0	0	1
4.085	0.36828	0.97793	-0.15129	1	0	0	0	1	0	0	0	1
4.09	0.36848	0.97794	-0.15143	1	0	0	0	1	0	0	0	1
4.095	0.36863	0.97795	-0.15156	1	0	0	0	1	0	0	0	1
4.1	0.36873	0.97796	-0.15165	1	0	0	0	1	0	0	0	1
4.105	0.36877	0.97798	-0.15172	1	0	0	0	1	0	0	0	1
4.11	0.36881	0.97799	-0.15178	1	0	0	0	1	0	0	0	1
4.115	0.36887	0.97802	-0.15185	1	0	0	0	1	0	0	0	1
4.12	0.36897	0.97805	-0.15192	1	0	0	0	1	0	0	0	1
4.125	0.36915	0.97808	-0.15203	1	0	0	0	1	0	0	0	1
4.13	0.36939	0.97808	-0.15218	1	0	0	0	1	0	0	0	1
4.135	0.36959	0.97811	-0.15229	1	0	0	0	1	0	0	0	1
4.14	0.36966	0.97811	-0.15237	1	0	0	0	1	0	0	0	1
4.145	0.3697	0.97812	-0.15242	1	0	0	0	1	0	0	0	1
4.15	0.36974	0.97814	-0.15248	1	0	0	0	1	0	0	0	1
4.155	0.36982	0.97816	-0.15256	1	0	0	0	1	0	0	0	1
4.16	0.36999	0.97817	-0.15268	1	0	0	0	1	0	0	0	1
4.165	0.37025	0.97818	-0.15283	1	0	0	0	1	0	0	0	1
4.17	0.3705	0.97822	-0.15297	1	0	0	0	1	0	0	0	1
4.175	0.37061	0.97821	-0.15305	1	0	0	0	1	0	0	0	1
4.18	0.37067	0.9782	-0.15309	1	0	0	0	1	0	0	0	1
4.185	0.37076	0.97822	-0.15312	1	0	0	0	1	0	0	0	1
4.19	0.37087	0.97822	-0.15316	1	0	0	0	1	0	0	0	1
4.195	0.37106	0.97824	-0.15323	1	0	0	0	1	0	0	0	1
4.2	0.37135	0.97823	-0.15332	1	0	0	0	1	0	0	0	1
4.205	0.3716	0.97822	-0.1534	1	0	0	0	1	0	0	0	1
4.21	0.37177	0.97822	-0.15344	1	0	0	0	1	0	0	0	1
4.215	0.37189	0.97822	-0.15345	1	0	0	0	1	0	0	0	1
4.22	0.372	0.9782	-0.15347	1	0	0	0	1	0	0	0	1
4.225	0.37215	0.97819	-0.15349	1	0	0	0	1	0	0	0	1
4.23	0.37239	0.97818	-0.15355	1	0	0	0	1	0	0	0	1
4.235	0.37278	0.97819	-0.15367	1	0	0	0	1	0	0	0	1
4.24	0.37307	0.97817	-0.15374	1	0	0	0	1	0	0	0	1
4.245	0.37326	0.97816	-0.15378	1	0	0	0	1	0	0	0	1
4.25	0.37341	0.97817	-0.15378	1	0	0	0	1	0	0	0	1
4.255	0.37355	0.97816	-0.15378	1	0	0	0	1	0	0	0	1
4.26	0.37372	0.97814	-0.15379	1	0	0	0	1	0	0	0	1
4.265	0.37394	0.97814	-0.15383	1	0	0	0	1	0	0	0	1
4.27	0.37428	0.97816	-0.1539	1	0	0	0	1	0	0	0	1
4.275	0.37459	0.97816	-0.15398	1	0	0	0	1	0	0	0	1
4.28	0.37478	0.97815	-0.154	1	0	0	0	1	0	0	0	1
4.285	0.37491	0.97814	-0.15399	1	0	0	0	1	0	0	0	1
4.29	0.37504	0.97814	-0.15399	1	0	0	0	1	0	0	0	1
4.295	0.37514	0.97812	-0.15399	1	0	0	0	1	0	0	0	1
4.3	0.37527	0.97811	-0.154	1	0	0	0	1	0	0	0	1
4.305	0.37544	0.97812	-0.15403	1	0	0	0	1	0	0	0	1
4.31	0.37567	0.97811	-0.15409	1	0	0	0	1	0	0	0	1
4.315	0.3759	0.97813	-0.15414	1	0	0	0	1	0	0	0	1
4.32	0.37608	0.97813	-0.15419	1	0	0	0	1	0	0	0	1
4.325	0.37623	0.97812	-0.15422	1	0	0	0	1	0	0	0	1
4.33	0.37633	0.97812	-0.15424	1	0	0	0	1	0	0	0	1
4.335	0.37641	0.97812	-0.15424	1	0	0	0	1	0	0	0	1
4.34	0.37648	0.97813	-0.15426	1	0	0	0	1	0	0	0	1
4.345	0.37655	0.97814	-0.15427	1	0	0	0	1	0	0	0	1
4.35	0.3766	0.97813	-0.15429	1	0	0	0	1	0	0	0	1
4.355	0.37665	0.97813	-0.15431	1	0	0	0	1	0	0	0	1
4.36	0.37673	0.97813	-0.15435	1	0	0	0	1	0	0	0	1
4.365	0.3768	0.97814	-0.1544	1	0	0	0	1	0	0	0	1
4.37	0.37691	0.97813	-0.15448	1	0	0	0	1	0	0	0	1
4.375	0.37706	0.97815	-0.15459	1	0	0	0	1	0	0	0	1
4.38	0.37717	0.97815	-0.15469	1	0	0	0	1	0	0	0	1
4.385	0.37725	0.97815	-0.15478	1	0	0	0	1	0	0	0	1
4.39	0.37725	0.97815	-0.15486	1	0	0	0	1	0	0	0	1
4.395	0.37719	0.97814	-0.15493	1	0	0	0	1	0	0	0	1
4.4	0.37713	0.97814	-0.15501	1	0	0	0	1	0	0	0	1
4.405	0.37705	0.97813	-0.15511	1	0	0	0	1	0	0	0	1
4.41	0.37698	0.97813	-0.15524	1	0	0	0	1	0	0	0	1
4.415	0.37691	0.97811	-0.15538	1	0	0	0	1	0	0	0	1
4.42	0.37686	0.97808	-0.15556	1	0	0	0	1	0	0	0	1
4.425	0.37685	0.97804	-0.15576	1	0	0	0	1	0	0	0	1
4.43	0.37689	0.97801	-0.15597	1	0	0	0	1	0	0	0	1
4.435	0.37691	0.97799	-0.15616	1	0	0	0	1	0	0	0	1
4.44	0.37682	0.97795	-0.15634	1	0	0	0	1	0	0	0	1
4.445	0.37671	0.97792	-0.15653	1	0	0	0	1	0	0	0	1
4.45	0.3766	0.97789	-0.15674	1	0	0	0	1	0	0	0	1
4.455	0.37653	0.97788	-0.15695	1	0	0	0	1	0	0	0	1
4.46	0.37657	0.97787	-0.1572	1	0	0	0	1	0	0	0	1
4.465	0.37669	0.97785	-0.15747	1	0	0	0	1	0	0	0	1
4.47	0.37667	0.97783	-0.15772	1	0	0	0	1	0	0	0	1
4.475	0.37659	0.97781	-0.15796	1	0	0	0	1	0	0	0	1
4.48	0.37661	0.9778	-0.15824	1	0	0	0	1	0	0	0	1
4.485	0.37678	0.97777	-0.15856	1	0	0	0	1	0	0	0	1
4.49	0.37684	0.97776	-0.15885	1	0	0	0	1	0	0	0	1
4.495	0.37685	0.97777	-0.15916	1	0	0	0	1	0	0	0	1
4.5	0.37705	0.97774	-0.15955	1	0	0	0	1	0	0	0	1
4.505	0.3772	0.97776	-0.15987	1	0	0	0	1	0	0	0	1
4.51	0.37727	0.97776	-0.16019	1	0	0	0	1	0	0	0	1
4.515	0.37761	0.97779	-0.16064	1	0	0	0	1	0	0	0	1
4.52	0.37771	0.9778	-0.16094	1	0	0	0	1	0	0	0	1
4.525	0.37795	0.97783	-0.1613	1	0	0	0	1	0	0	0	1
4.53	0.37827	0.97785	-0.16172	1	0	0	0	1	0	0	0	1
4.535	0.37847	0.97789	-0.16205	1	0	0	0	1	0	0	0	1
4.54	0.3789	0.97792	-0.16245	1	0	0	0	1	0	0	0	1
4.545	0.37915	0.97794	-0.16282	1	0	0	0	1	0	0	0	1
4.55	0.37958	0.97796	-0.16323	1	0	0	0	1	0	0	0	1
4.555	0.37983	0.97799	-0.16356	1	0	0	0	1	0	0	0	1
4.56	0.38034	0.97802	-0.16401	1	0	0	0	1	0	0	0	1
4.565	0.38061	0.97803	-0.16436	1	0	0	0	1	0	0	0	1
4.57	0.38118	0.97805	-0.16481	1	0	0	0	1	0	0	0	1
4.575	0.38158	0.9781	-0.16515	1	0	0	0	1	0	0	0	1
4.58	0.38212	0.97812	-0.16556	1	0	0	0	1	0	0	0	1
4.585	0.38266	0.97814	-0.16595	1	0	0	0	1	0	0	0	1
4.59	0.38314	0.97818	-0.16626	1	0	0	0	1	0	0	0	1
4.595	0.38381	0.97822	-0.16669	1	0	0	0	1	0	0	0	1
4.6	0.38425	0.97825	-0.16699	1	0	0	0	1	0	0	0	1
4.605	0.38496	0.97827	-0.16737	1	0	0	0	1	0	0	0	1
4.61	0.38557	0.97831	-0.1677	1	0	0	0	1	0	0	0	1
4.615	0.38616	0.97834	-0.16803	1	0	0	0	1	0	0	0	1
4.62	0.38686	0.97837	-0.16839	1	0	0	0	1	0	0	0	1
4.625	0.3874	0.97839	-0.16868	1	0	0	0	1	0	0	0	1
4.63	0.38812	0.97842	-0.16901	1	0	0	0	1	0	0	0	1
4.635	0.38872	0.97845	-0.16931	1	0	0	0	1	0	0	0	1
4.64	0.3894	0.97847	-0.16965	1	0	0	0	1	0	0	0	1
4.645	0.39012	0.9785	-0.16996	1	0	0	0	1	0	0	0	1
4.65	0.39063	0.97852	-0.17017	1	0	0	0	1	0	0	0	1
4.655	0.3914	0.97856	-0.1705	1	0	0	0	1	0	0	0	1
4.66	0.39198	0.97858	-0.17073	1	0	0	0	1	0	0	0	1
4.665	0.3927	0.97861	-0.17102	1	0	0	0	1	0	0	0	1
4.67	0.39339	0.97864	-0.1713	1	0	0	0	1	0	0	0	1
4.675	0.39401	0.97866	-0.17153	1	0	0	0	1	0	0	0	1
4.68	0.39472	0.97868	-0.17178	1	0	0	0	1	0	0	0	1
4.685	0.39529	0.9787	-0.172	1	0	0	0	1	0	0	0	1
4.69	0.39605	0.97872	-0.17229	1	0	0	0	1	0	0	0	1
4.695	0.39656	0.97873	-0.17246	1	0	0	0	1	0	0	0	1
4.7	0.39732	0.97875	-0.17272	1	0	0	0	1	0	0	0	1
4.705	0.39791	0.97876	-0.17289	1	0	0	0	1	0	0	0	1
4.71	0.39869	0.97878	-0.17312	1	0	0	0	1	0	0	0	1
4.715	0.39926	0.97878	-0.17326	1	0	0	0	1	0	0	0	1
4.72	0.40001	0.97879	-0.17347	1	0	0	0	1	0	0	0	1
4.725	0.40063	0.9788	-0.17362	1	0	0	0	1	0	0	0	1
4.73	0.4014	0.97881	-0.17383	1	0	0	0	1	0	0	0	1
4.735	0.40199	0.97882	-0.17393	1	0	0	0	1	0	0	0	1
4.74	0.40275	0.97883	-0.17409	1	0	0	0	1	0	0	0	1
4.745	0.40335	0.97884	-0.17418	1	0	0	0	1	0	0	0	1
4.75	0.40415	0.97886	-0.17434	1	0	0	0	1	0	0	0	1
4.755	0.40477	0.97889	-0.17441	1	0	0	0	1	0	0	0	1
4.76	0.40552	0.97892	-0.17452	1	0	0	0	1	0	0	0	1
4.765	0.40619	0.97896	-0.17456	1	0	0	0	1	0	0	0	1
4.77	0.40692	0.97899	-0.17463	1	0	0	0	1	0	0	0	1
4.775	0.40766	0.97904	-0.17469	1	0	0	0	1	0	0	0	1
4.78	0.40833	0.97908	-0.17471	1	0	0	0	1	0	0	0	1
4.785	0.40915	0.97912	-0.17477	1	0	0	0	1	0	0	0	1
4.79	0.40983	0.97915	-0.17476	1	0	0	0	1	0	0	0	1
4.795	0.4106	0.97918	-0.17477	1	0	0	0	1	0	0	0	1
4.8	0.41136	0.9792	-0.17474	1	0	0	0	1	0	0	0	1
4.805	0.41204	0.97921	-0.17468	1	0	0	0	1	0	0	0	1
4.81	0.41285	0.97922	-0.17466	1	0	0	0	1	0	0	0	1
4.815	0.41357	0.97922	-0.17458	1	0	0	0	1	0	0	0	1
4.82	0.41429	0.97923	-0.17449	1	0	0	0	1	0	0	0	1
4.825	0.41511	0.97924	-0.17444	1	0	0	0	1	0	0	0	1
4.83	0.41583	0.97924	-0.17432	1	0	0	0	1	0	0	0	1
4.835	0.41654	0.97924	-0.17419	1	0	0	0	1	0	0	0	1
4.84	0.41734	0.97924	-0.1741	1	0	0	0	1	0	0	0	1
4.845	0.41809	0.97924	-0.17397	1	0	0	0	1	0	0	0	1
4.85	0.41879	0.97922	-0.17382	1	0	0	0	1	0	0	0	1
4.855	0.41955	0.9792	-0.17366	1	0	0	0	1	0	0	0	1
4.86	0.42031	0.97918	-0.17351	1	0	0	0	1	0	0	0	1
4.865	0.42102	0.97916	-0.17333	1	0	0	0	1	0	0	0	1
4.87	0.4217	0.97912	-0.17314	1	0	0	0	1	0	0	0	1
4.875	0.42242	0.97909	-0.17297	1	0	0	0	1	0	0	0	1
4.88	0.42315	0.97905	-0.1728	1	0	0	0	1	0	0	0	1
4.885	0.42385	0.97902	-0.17259	1	0	0	0	1	0	0	0	1
4.89	0.4245	0.97898	-0.17236	1	0	0	0	1	0	0	0	1
4.895	0.42515	0.97895	-0.17212	1	0	0	0	1	0	0	0	1
4.9	0.42579	0.97891	-0.17189	1	0	0	0	1	0	0	0	1
4.905	0.42646	0.97889	-0.17163	1	0	0	0	1	0	0	0	1
4.91	0.42712	0.97887	-0.17137	1	0	0	0	1	0	0	0	1
4.915	0.42776	0.97886	-0.17108	1	0	0	0	1	0	0	0	1
4.92	0.42839	0.97885	-0.1708	1	0	0	0	1	0	0	0	1
4.925	0.42902	0.97884	-0.17049	1	0	0	0	1	0	0	0	1
4.93	0.42964	0.97883	-0.17017	1	0	0	0	1	0	0	0	1
4.935	0.43024	0.97883	-0.16984	1	0	0	0	1	0	0	0	1
4.94	0.43083	0.97884	-0.16949	1	0	0	0	1	0	0	0	1
4.945	0.43144	0.97885	-0.16913	1	0	0	0	1	0	0	0	1
4.95	0.43205	0.97887	-0.16879	1	0	0	0	1	0	0	0	1
4.955	0.43265	0.97889	-0.16844	1	0	0	0	1	0	0	0	1
4.96	0.43324	0.9789	-0.16806	1	0	0	0	1	0	0	0	1
4.965	0.43381	0.97891	-0.16769	1	0	0	0	1	0	0	0	1
4.97	0.43436	0.97891	-0.16731	1	0	0	0	1	0	0	0	1
4.975	0.43495	0.9789	-0.16693	1	0	0	0	1	0	0	0	1
4.98	0.43551	0.97888	-0.16654	1	0	0	0	1	0	0	0	1
4.985	0.43605	0.97886	-0.16614	1	0	0	0	1	0	0	0	1
4.99	0.43659	0.97882	-0.16574	1	0	0	0	1	0	0	0	1
4.995	0.43714	0.97879	-0.16536	1	0	0	0	1	0	0	0	1
