0.005	-0.45429	1.4634	-0.18372	1	0	0	0	1	0	0	0	1
0.01	-0.4543	1.4634	-0.18367	1	0	0	0	1	0	0	0	1
0.015	-0.4543	1.4634	-0.18362	1	0	0	0	1	0	0	0	1
0.02	-0.4543	1.4634	-0.18358	1	0	0	0	1	0	0	0	1
0.025	-0.45432	1.4634	-0.18353	1	0	0	0	1	0	0	0	1
0.03	-0.45432	1.4634	-0.18349	1	0	0	0	1	0	0	0	1
0.035	-0.45436	1.4634	-0.18344	1	0	0	0	1	0	0	0	1
0.04	-0.4544	1.4634	-0.18339	1	0	0	0	1	0	0	0	1
0.045	-0.45441	1.4634	-0.18335	1	0	0	0	1	0	0	0	1
0.05	-0.45443	1.4634	-0.18331	1	0	0	0	1	0	0	0	1
0.055	-0.45447	1.4634	-0.18328	1	0	0	0	1	0	0	0	1
0.06	-0.45452	1.4634	-0.18324	1	0	0	0	1	0	0	0	1
0.065	-0.45457	1.4634	-0.1832	1	0	0	0	1	0	0	0	1
0.07	-0.45462	1.4634	-0.18316	1	0	0	0	1	0	0	0	1
0.075	-0.45466	1.4634	-0.18313	1	0	0	0	1	0	0	0	1
0.08	-0.45471	1.4634	-0.18311	1	0	0	0	1	0	0	0	1
0.085	-0.45475	1.4634	-0.18308	1	0	0	0	1	0	0	0	1
0.09	-0.45479	1.4634	-0.18306	1	0	0	0	1	0	0	0	1
0.095	-0.45483	1.4634	-0.18303	1	0	0	0	1	0	0	0	1
0.1	-0.45487	1.4634	-0.18301	1	0	0	0	1	0	0	0	1
0.105	-0.45488	1.4634	-0.18299	1	0	0	0	1	0	0	0	1
0.11	-0.45492	1.4634	-0.18298	1	0	0	0	1	0	0	0	1
0.115	-0.45496	1.4634	-0.18295	1	0	0	0	1	0	0	0	1
0.12	-0.45497	1.4634	-0.18293	1	0	0	0	1	0	0	0	1
0.125	-0.45498	1.4634	-0.18292	1	0	0	0	1	0	0	0	1
0.13	-0.455	1.4634	-0.18289	1	0	0	0	1	0	0	0	1
0.135	-0.45501	1.4634	-0.18288	1	0	0	0	1	0	0	0	1
0.14	-0.45502	1.4634	-0.18286	1	0	0	0	1	0	0	0	1
0.145	-0.45503	1.4634	-0.18284	1	0	0	0	1	0	0	0	1
0.15	-0.45505	1.4634	-0.18282	1	0	0	0	1	0	0	0	1
0.155	-0.45506	1.4634	-0.1828	1	0	0	0	1	0	0	0	1
0.16	-0.45506	1.4634	-0.18279	1	0	0	0	1	0	0	0	1
0.165	-0.45506	1.4634	-0.18278	1	0	0	0	1	0	0	0	1
0.17	-0.45505	1.4634	-0.18277	1	0	0	0	1	0	0	0	1
0.175	-0.45506	1.4634	-0.18274	1	0	0	0	1	0	0	0	1
0.18	-0.45507	1.4634	-0.18273	1	0	0	0	1	0	0	0	1
0.185	-0.45508	1.4634	-0.18271	1	0	0	0	1	0	0	0	1
0.19	-0.45508	1.4634	-0.1827	1	0	0	0	1	0	0	0	1
0.195	-0.45508	1.4635	-0.18267	1	0	0	0	1	0	0	0	1
0.2	-0.4551	1.4635	-0.18265	1	0	0	0	1	0	0	0	1
0.205	-0.45511	1.4635	-0.18263	1	0	0	0	1	0	0	0	1
0.21	-0.45511	1.4635	-0.18262	1	0	0	0	1	0	0	0	1
0.215	-0.45511	1.4635	-0.18261	1	0	0	0	1	0	0	0	1
0.22	-0.45513	1.4635	-0.18259	1	0	0	0	1	0	0	0	1
0.225	-0.45514	1.4635	-0.18258	1	0	0	0	1	0	0	0	1
0.23	-0.45515	1.4636	-0.18257	1	0	0	0	1	0	0	0	1
0.235	-0.45514	1.4636	-0.18256	1	0	0	0	1	0	0	0	1
0.24	-0.45515	1.4636	-0.18255	1	0	0	0	1	0	0	0	1
0.245	-0.45516	1.4636	-0.18253	1	0	0	0	1	0	0	0	1
0.25	-0.45517	1.4636	-0.18252	1	0	0	0	1	0	0	0	1
0.255	-0.45517	1.4636	-0.1825	1	0	0	0	1	0	0	0	1
0.26	-0.45519	1.4636	-0.18248	1	0	0	0	1	0	0	0	1
0.265	-0.45521	1.4636	-0.18246	1	0	0	0	1	0	0	0	1
0.27	-0.45523	1.4636	-0.18244	1	0	0	0	1	0	0	0	1
0.275	-0.45524	1.4636	-0.18242	1	0	0	0	1	0	0	0	1
0.28	-0.45525	1.4636	-0.18241	1	0	0	0	1	0	0	0	1
0.285	-0.45525	1.4636	-0.1824	1	0	0	0	1	0	0	0	1
0.29	-0.45527	1.4636	-0.18238	1	0	0	0	1	0	0	0	1
0.295	-0.45528	1.4636	-0.18237	1	0	0	0	1	0	0	0	1
0.3	-0.45529	1.4635	-0.18236	1	0	0	0	1	0	0	0	1
0.305	-0.45532	1.4635	-0.18233	1	0	0	0	1	0	0	0	1
0.31	-0.45535	1.4635	-0.18231	1	0	0	0	1	0	0	0	1
0.315	-0.45539	1.4635	-0.18229	1	0	0	0	1	0	0	0	1
0.32	-0.45541	1.4635	-0.18228	1	0	0	0	1	0	0	0	1
0.325	-0.45544	1.4635	-0.18227	1	0	0	0	1	0	0	0	1
0.33	-0.45547	1.4634	-0.18225	1	0	0	0	1	0	0	0	1
0.335	-0.4555	1.4634	-0.18224	1	0	0	0	1	0	0	0	1
0.34	-0.45553	1.4634	-0.18222	1	0	0	0	1	0	0	0	1
0.345	-0.45557	1.4634	-0.18221	1	0	0	0	1	0	0	0	1
0.35	-0.45559	1.4634	-0.1822	1	0	0	0	1	0	0	0	1
0.355	-0.45562	1.4633	-0.1822	1	0	0	0	1	0	0	0	1
0.36	-0.45567	1.4633	-0.18218	1	0	0	0	1	0	0	0	1
0.365	-0.45573	1.4633	-0.18216	1	0	0	0	1	0	0	0	1
0.37	-0.45575	1.4633	-0.18214	1	0	0	0	1	0	0	0	1
0.375	-0.4558	1.4633	-0.18213	1	0	0	0	1	0	0	0	1
0.38	-0.45585	1.4633	-0.18212	1	0	0	0	1	0	0	0	1
0.385	-0.4559	1.4633	-0.1821	1	0	0	0	1	0	0	0	1
0.39	-0.45594	1.4632	-0.18209	1	0	0	0	1	0	0	0	1
0.395	-0.45597	1.4632	-0.18209	1	0	0	0	1	0	0	0	1
0.4	-0.45602	1.4632	-0.18207	1	0	0	0	1	0	0	0	1
0.405	-0.45608	1.4632	-0.18205	1	0	0	0	1	0	0	0	1
0.41	-0.45613	1.4632	-0.18204	1	0	0	0	1	0	0	0	1
0.415	-0.45619	1.4632	-0.18202	1	0	0	0	1	0	0	0	1
0.42	-0.45623	1.4632	-0.18201	1	0	0	0	1	0	0	0	1
0.425	-0.45628	1.4632	-0.18198	1	0	0	0	1	0	0	0	1
0.43	-0.45634	1.4632	-0.18197	1	0	0	0	1	0	0	0	1
0.435	-0.45639	1.4632	-0.18196	1	0	0	0	1	0	0	0	1
0.44	-0.45644	1.4632	-0.18194	1	0	0	0	1	0	0	0	1
0.445	-0.45649	1.4632	-0.18193	1	0	0	0	1	0	0	0	1
0.45	-0.45653	1.4633	-0.18192	1	0	0	0	1	0	0	0	1
0.455	-0.45656	1.4633	-0.18192	1	0	0	0	1	0	0	0	1
0.46	-0.45663	1.4633	-0.1819	1	0	0	0	1	0	0	0	1
0.465	-0.45666	1.4633	-0.18189	1	0	0	0	1	0	0	0	1
0.47	-0.45669	1.4634	-0.18188	1	0	0	0	1	0	0	0	1
0.475	-0.45672	1.4634	-0.18187	1	0	0	0	1	0	0	0	1
0.48	-0.45676	1.4634	-0.18186	1	0	0	0	1	0	0	0	1
0.485	-0.45678	1.4635	-0.18186	1	0	0	0	1	0	0	0	1
0.49	-0.4568	1.4635	-0.18184	1	0	0	0	1	0	0	0	1
0.495	-0.45682	1.4636	-0.18183	1	0	0	0	1	0	0	0	1
0.5	-0.45684	1.4636	-0.18181	1	0	0	0	1	0	0	0	1
0.505	-0.45684	1.4637	-0.18181	1	0	0	0	1	0	0	0	1
0.51	-0.45685	1.4637	-0.18181	1	0	0	0	1	0	0	0	1
0.515	-0.45686	1.4638	-0.18179	1	0	0	0	1	0	0	0	1
0.52	-0.45684	1.4639	-0.18178	1	0	0	0	1	0	0	0	1
0.525	-0.45684	1.4639	-0.18177	1	0	0	0	1	0	0	0	1
0.53	-0.45682	1.464	-0.18177	1	0	0	0	1	0	0	0	1
0.535	-0.4568	1.4641	-0.18176	1	0	0	0	1	0	0	0	1
0.54	-0.45676	1.4641	-0.18174	1	0	0	0	1	0	0	0	1
0.545	-0.45672	1.4642	-0.18174	1	0	0	0	1	0	0	0	1
0.55	-0.45668	1.4643	-0.18173	1	0	0	0	1	0	0	0	1
0.555	-0.45665	1.4643	-0.18171	1	0	0	0	1	0	0	0	1
0.56	-0.4566	1.4644	-0.18169	1	0	0	0	1	0	0	0	1
0.565	-0.45654	1.4644	-0.18166	1	0	0	0	1	0	0	0	1
0.57	-0.45645	1.4645	-0.18166	1	0	0	0	1	0	0	0	1
0.575	-0.45638	1.4646	-0.18164	1	0	0	0	1	0	0	0	1
0.58	-0.45631	1.4646	-0.18161	1	0	0	0	1	0	0	0	1
0.585	-0.45621	1.4647	-0.1816	1	0	0	0	1	0	0	0	1
0.59	-0.45611	1.4647	-0.18158	1	0	0	0	1	0	0	0	1
0.595	-0.45602	1.4648	-0.18156	1	0	0	0	1	0	0	0	1
0.6	-0.45592	1.4648	-0.18154	1	0	0	0	1	0	0	0	1
0.605	-0.45582	1.4649	-0.18151	1	0	0	0	1	0	0	0	1
0.61	-0.45571	1.4649	-0.18149	1	0	0	0	1	0	0	0	1
0.615	-0.45559	1.4649	-0.18147	1	0	0	0	1	0	0	0	1
0.62	-0.45545	1.465	-0.18145	1	0	0	0	1	0	0	0	1
0.625	-0.45529	1.465	-0.18143	1	0	0	0	1	0	0	0	1
0.63	-0.45511	1.465	-0.18141	1	0	0	0	1	0	0	0	1
0.635	-0.45492	1.4651	-0.18139	1	0	0	0	1	0	0	0	1
0.64	-0.45472	1.4651	-0.18137	1	0	0	0	1	0	0	0	1
0.645	-0.45452	1.4651	-0.18135	1	0	0	0	1	0	0	0	1
0.65	-0.45433	1.4651	-0.18132	1	0	0	0	1	0	0	0	1
0.655	-0.45414	1.4651	-0.1813	1	0	0	0	1	0	0	0	1
0.66	-0.45393	1.4651	-0.18128	1	0	0	0	1	0	0	0	1
0.665	-0.45372	1.4651	-0.18126	1	0	0	0	1	0	0	0	1
0.67	-0.45348	1.4651	-0.18124	1	0	0	0	1	0	0	0	1
0.675	-0.45322	1.4651	-0.18122	1	0	0	0	1	0	0	0	1
0.68	-0.45296	1.4651	-0.18121	1	0	0	0	1	0	0	0	1
0.685	-0.45271	1.4651	-0.18119	1	0	0	0	1	0	0	0	1
0.69	-0.45246	1.4651	-0.18117	1	0	0	0	1	0	0	0	1
0.695	-0.45223	1.465	-0.18115	1	0	0	0	1	0	0	0	1
0.7	-0.45199	1.465	-0.18113	1	0	0	0	1	0	0	0	1
0.705	-0.45173	1.4649	-0.18112	1	0	0	0	1	0	0	0	1
0.71	-0.45144	1.4649	-0.18111	1	0	0	0	1	0	0	0	1
0.715	-0.45113	1.4648	-0.1811	1	0	0	0	1	0	0	0	1
0.72	-0.45081	1.4648	-0.18109	1	0	0	0	1	0	0	0	1
0.725	-0.45052	1.4647	-0.18108	1	0	0	0	1	0	0	0	1
0.73	-0.45023	1.4646	-0.18107	1	0	0	0	1	0	0	0	1
0.735	-0.44995	1.4645	-0.18106	1	0	0	0	1	0	0	0	1
0.74	-0.44967	1.4644	-0.18106	1	0	0	0	1	0	0	0	1
0.745	-0.44937	1.4643	-0.18106	1	0	0	0	1	0	0	0	1
0.75	-0.44907	1.4642	-0.18106	1	0	0	0	1	0	0	0	1
0.755	-0.44876	1.4641	-0.18106	1	0	0	0	1	0	0	0	1
0.76	-0.44844	1.464	-0.18106	1	0	0	0	1	0	0	0	1
0.765	-0.44814	1.4639	-0.18106	1	0	0	0	1	0	0	0	1
0.77	-0.44783	1.4638	-0.18107	1	0	0	0	1	0	0	0	1
0.775	-0.44757	1.4636	-0.18106	1	0	0	0	1	0	0	0	1
0.78	-0.4473	1.4635	-0.18106	1	0	0	0	1	0	0	0	1
0.785	-0.44701	1.4634	-0.18106	1	0	0	0	1	0	0	0	1
0.79	-0.4467	1.4632	-0.18107	1	0	0	0	1	0	0	0	1
0.795	-0.44638	1.4631	-0.18108	1	0	0	0	1	0	0	0	1
0.8	-0.44605	1.463	-0.18109	1	0	0	0	1	0	0	0	1
0.805	-0.44574	1.4628	-0.1811	1	0	0	0	1	0	0	0	1
0.81	-0.44546	1.4627	-0.18111	1	0	0	0	1	0	0	0	1
0.815	-0.44517	1.4626	-0.18113	1	0	0	0	1	0	0	0	1
0.82	-0.44486	1.4624	-0.18115	1	0	0	0	1	0	0	0	1
0.825	-0.44456	1.4623	-0.18116	1	0	0	0	1	0	0	0	1
0.83	-0.44424	1.4621	-0.18116	1	0	0	0	1	0	0	0	1
0.835	-0.44392	1.462	-0.18117	1	0	0	0	1	0	0	0	1
0.84	-0.44361	1.4618	-0.18118	1	0	0	0	1	0	0	0	1
0.845	-0.44332	1.4617	-0.18119	1	0	0	0	1	0	0	0	1
0.85	-0.44305	1.4615	-0.1812	1	0	0	0	1	0	0	0	1
0.855	-0.44279	1.4614	-0.18121	1	0	0	0	1	0	0	0	1
0.86	-0.44253	1.4612	-0.18124	1	0	0	0	1	0	0	0	1
0.865	-0.44229	1.4611	-0.18126	1	0	0	0	1	0	0	0	1
0.87	-0.44204	1.461	-0.18128	1	0	0	0	1	0	0	0	1
0.875	-0.44179	1.4608	-0.18131	1	0	0	0	1	0	0	0	1
0.88	-0.44152	1.4607	-0.18134	1	0	0	0	1	0	0	0	1
0.885	-0.44127	1.4605	-0.18136	1	0	0	0	1	0	0	0	1
0.89	-0.44101	1.4603	-0.18139	1	0	0	0	1	0	0	0	1
0.895	-0.44076	1.4601	-0.18142	1	0	0	0	1	0	0	0	1
0.9	-0.44052	1.46	-0.18144	1	0	0	0	1	0	0	0	1
0.905	-0.4403	1.4598	-0.18147	1	0	0	0	1	0	0	0	1
0.91	-0.44008	1.4596	-0.1815	1	0	0	0	1	0	0	0	1
0.915	-0.43986	1.4594	-0.18152	1	0	0	0	1	0	0	0	1
0.92	-0.43965	1.4593	-0.18155	1	0	0	0	1	0	0	0	1
0.925	-0.43943	1.4591	-0.18158	1	0	0	0	1	0	0	0	1
0.93	-0.4392	1.4588	-0.1816	1	0	0	0	1	0	0	0	1
0.935	-0.43897	1.4586	-0.18161	1	0	0	0	1	0	0	0	1
0.94	-0.43873	1.4584	-0.18164	1	0	0	0	1	0	0	0	1
0.945	-0.4385	1.4582	-0.18166	1	0	0	0	1	0	0	0	1
0.95	-0.43824	1.458	-0.18169	1	0	0	0	1	0	0	0	1
0.955	-0.438	1.4578	-0.18172	1	0	0	0	1	0	0	0	1
0.96	-0.43775	1.4575	-0.18175	1	0	0	0	1	0	0	0	1
0.965	-0.43752	1.4573	-0.18178	1	0	0	0	1	0	0	0	1
0.97	-0.4373	1.4571	-0.1818	1	0	0	0	1	0	0	0	1
0.975	-0.43708	1.4568	-0.18183	1	0	0	0	1	0	0	0	1
0.98	-0.43683	1.4566	-0.18186	1	0	0	0	1	0	0	0	1
0.985	-0.43659	1.4563	-0.18189	1	0	0	0	1	0	0	0	1
0.99	-0.43632	1.4561	-0.18191	1	0	0	0	1	0	0	0	1
0.995	-0.43605	1.4558	-0.18193	1	0	0	0	1	0	0	0	1
1	-0.43575	1.4555	-0.18194	1	0	0	0	1	0	0	0	1
1.005	-0.43544	1.4552	-0.18196	1	0	0	0	1	0	0	0	1
1.01	-0.43513	1.4549	-0.18197	1	0	0	0	1	0	0	0	1
1.015	-0.4348	1.4546	-0.18198	1	0	0	0	1	0	0	0	1
1.02	-0.43449	1.4542	-0.18198	1	0	0	0	1	0	0	0	1
1.025	-0.43418	1.4539	-0.18198	1	0	0	0	1	0	0	0	1
1.03	-0.43382	1.4535	-0.18198	1	0	0	0	1	0	0	0	1
1.035	-0.43344	1.4532	-0.18198	1	0	0	0	1	0	0	0	1
1.04	-0.43301	1.4528	-0.18198	1	0	0	0	1	0	0	0	1
1.045	-0.4326	1.4525	-0.18197	1	0	0	0	1	0	0	0	1
1.05	-0.43219	1.4521	-0.18196	1	0	0	0	1	0	0	0	1
1.055	-0.43175	1.4517	-0.18194	1	0	0	0	1	0	0	0	1
1.06	-0.43125	1.4513	-0.18191	1	0	0	0	1	0	0	0	1
1.065	-0.43069	1.4508	-0.18188	1	0	0	0	1	0	0	0	1
1.07	-0.43016	1.4503	-0.18185	1	0	0	0	1	0	0	0	1
1.075	-0.42965	1.4499	-0.18182	1	0	0	0	1	0	0	0	1
1.08	-0.42905	1.4494	-0.18179	1	0	0	0	1	0	0	0	1
1.085	-0.42841	1.4488	-0.18174	1	0	0	0	1	0	0	0	1
1.09	-0.42778	1.4483	-0.1817	1	0	0	0	1	0	0	0	1
1.095	-0.4271	1.4477	-0.18167	1	0	0	0	1	0	0	0	1
1.1	-0.42637	1.4472	-0.18163	1	0	0	0	1	0	0	0	1
1.105	-0.42567	1.4466	-0.18159	1	0	0	0	1	0	0	0	1
1.11	-0.42495	1.446	-0.18155	1	0	0	0	1	0	0	0	1
1.115	-0.42418	1.4454	-0.1815	1	0	0	0	1	0	0	0	1
1.12	-0.42344	1.4448	-0.18145	1	0	0	0	1	0	0	0	1
1.125	-0.42263	1.4441	-0.18141	1	0	0	0	1	0	0	0	1
1.13	-0.42173	1.4435	-0.18136	1	0	0	0	1	0	0	0	1
1.135	-0.42088	1.4428	-0.18132	1	0	0	0	1	0	0	0	1
1.14	-0.41996	1.4422	-0.1813	1	0	0	0	1	0	0	0	1
1.145	-0.41902	1.4415	-0.18125	1	0	0	0	1	0	0	0	1
1.15	-0.41803	1.4407	-0.1812	1	0	0	0	1	0	0	0	1
1.155	-0.41701	1.44	-0.18115	1	0	0	0	1	0	0	0	1
1.16	-0.41599	1.4392	-0.1811	1	0	0	0	1	0	0	0	1
1.165	-0.41489	1.4385	-0.18103	1	0	0	0	1	0	0	0	1
1.17	-0.41381	1.4377	-0.18096	1	0	0	0	1	0	0	0	1
1.175	-0.41263	1.4369	-0.18088	1	0	0	0	1	0	0	0	1
1.18	-0.41149	1.436	-0.18079	1	0	0	0	1	0	0	0	1
1.185	-0.41032	1.4352	-0.18071	1	0	0	0	1	0	0	0	1
1.19	-0.40914	1.4343	-0.18063	1	0	0	0	1	0	0	0	1
1.195	-0.40793	1.4334	-0.18054	1	0	0	0	1	0	0	0	1
1.2	-0.40661	1.4325	-0.18046	1	0	0	0	1	0	0	0	1
1.205	-0.40529	1.4316	-0.18038	1	0	0	0	1	0	0	0	1
1.21	-0.40384	1.4306	-0.18032	1	0	0	0	1	0	0	0	1
1.215	-0.40241	1.4296	-0.18025	1	0	0	0	1	0	0	0	1
1.22	-0.40105	1.4286	-0.18017	1	0	0	0	1	0	0	0	1
1.225	-0.39962	1.4275	-0.18008	1	0	0	0	1	0	0	0	1
1.23	-0.39813	1.4264	-0.18	1	0	0	0	1	0	0	0	1
1.235	-0.39668	1.4252	-0.1799	1	0	0	0	1	0	0	0	1
1.24	-0.39516	1.424	-0.17981	1	0	0	0	1	0	0	0	1
1.245	-0.39359	1.4228	-0.1797	1	0	0	0	1	0	0	0	1
1.25	-0.39208	1.4216	-0.1796	1	0	0	0	1	0	0	0	1
1.255	-0.39049	1.4203	-0.17951	1	0	0	0	1	0	0	0	1
1.26	-0.38887	1.4189	-0.17942	1	0	0	0	1	0	0	0	1
1.265	-0.38724	1.4176	-0.17931	1	0	0	0	1	0	0	0	1
1.27	-0.38563	1.4162	-0.17918	1	0	0	0	1	0	0	0	1
1.275	-0.38401	1.4147	-0.17905	1	0	0	0	1	0	0	0	1
1.28	-0.38238	1.4133	-0.17892	1	0	0	0	1	0	0	0	1
1.285	-0.38066	1.4118	-0.17879	1	0	0	0	1	0	0	0	1
1.29	-0.37887	1.4102	-0.17868	1	0	0	0	1	0	0	0	1
1.295	-0.37716	1.4086	-0.17858	1	0	0	0	1	0	0	0	1
1.3	-0.37551	1.4071	-0.17846	1	0	0	0	1	0	0	0	1
1.305	-0.37387	1.4055	-0.17832	1	0	0	0	1	0	0	0	1
1.31	-0.37215	1.4038	-0.17819	1	0	0	0	1	0	0	0	1
1.315	-0.37041	1.4021	-0.17805	1	0	0	0	1	0	0	0	1
1.32	-0.36874	1.4004	-0.17794	1	0	0	0	1	0	0	0	1
1.325	-0.36709	1.3987	-0.17784	1	0	0	0	1	0	0	0	1
1.33	-0.36543	1.397	-0.17776	1	0	0	0	1	0	0	0	1
1.335	-0.36376	1.3952	-0.17766	1	0	0	0	1	0	0	0	1
1.34	-0.36209	1.3935	-0.17756	1	0	0	0	1	0	0	0	1
1.345	-0.3604	1.3917	-0.17747	1	0	0	0	1	0	0	0	1
1.35	-0.35873	1.39	-0.17739	1	0	0	0	1	0	0	0	1
1.355	-0.35714	1.3882	-0.17732	1	0	0	0	1	0	0	0	1
1.36	-0.35552	1.3865	-0.17725	1	0	0	0	1	0	0	0	1
1.365	-0.35386	1.3847	-0.17719	1	0	0	0	1	0	0	0	1
1.37	-0.35223	1.383	-0.17715	1	0	0	0	1	0	0	0	1
1.375	-0.35061	1.3813	-0.17711	1	0	0	0	1	0	0	0	1
1.38	-0.34902	1.3795	-0.17708	1	0	0	0	1	0	0	0	1
1.385	-0.34744	1.3778	-0.17704	1	0	0	0	1	0	0	0	1
1.39	-0.34593	1.376	-0.17702	1	0	0	0	1	0	0	0	1
1.395	-0.34437	1.3743	-0.177	1	0	0	0	1	0	0	0	1
1.4	-0.34276	1.3726	-0.17701	1	0	0	0	1	0	0	0	1
1.405	-0.34123	1.3709	-0.177	1	0	0	0	1	0	0	0	1
1.41	-0.33973	1.3692	-0.177	1	0	0	0	1	0	0	0	1
1.415	-0.33818	1.3675	-0.17702	1	0	0	0	1	0	0	0	1
1.42	-0.33673	1.3658	-0.17703	1	0	0	0	1	0	0	0	1
1.425	-0.33526	1.3642	-0.17705	1	0	0	0	1	0	0	0	1
1.43	-0.3337	1.3626	-0.17708	1	0	0	0	1	0	0	0	1
1.435	-0.33223	1.3609	-0.17712	1	0	0	0	1	0	0	0	1
1.44	-0.33072	1.3593	-0.17716	1	0	0	0	1	0	0	0	1
1.445	-0.32922	1.3577	-0.1772	1	0	0	0	1	0	0	0	1
1.45	-0.3278	1.3561	-0.17724	1	0	0	0	1	0	0	0	1
1.455	-0.32636	1.3545	-0.17729	1	0	0	0	1	0	0	0	1
1.46	-0.32493	1.353	-0.17734	1	0	0	0	1	0	0	0	1
1.465	-0.32347	1.3514	-0.17741	1	0	0	0	1	0	0	0	1
1.47	-0.32196	1.3499	-0.17748	1	0	0	0	1	0	0	0	1
1.475	-0.3205	1.3484	-0.17754	1	0	0	0	1	0	0	0	1
1.48	-0.31899	1.347	-0.17761	1	0	0	0	1	0	0	0	1
1.485	-0.31753	1.3455	-0.17769	1	0	0	0	1	0	0	0	1
1.49	-0.31626	1.3438	-0.17771	1	0	0	0	1	0	0	0	1
1.495	-0.31472	1.3423	-0.1778	1	0	0	0	1	0	0	0	1
1.5	-0.31318	1.3409	-0.17791	1	0	0	0	1	0	0	0	1
1.505	-0.31164	1.3395	-0.17802	1	0	0	0	1	0	0	0	1
1.51	-0.31009	1.3381	-0.17814	1	0	0	0	1	0	0	0	1
1.515	-0.30851	1.3367	-0.17828	1	0	0	0	1	0	0	0	1
1.52	-0.30692	1.3353	-0.17841	1	0	0	0	1	0	0	0	1
1.525	-0.30532	1.3339	-0.17854	1	0	0	0	1	0	0	0	1
1.53	-0.30368	1.3325	-0.17869	1	0	0	0	1	0	0	0	1
1.535	-0.30199	1.3311	-0.17884	1	0	0	0	1	0	0	0	1
1.54	-0.30032	1.3297	-0.17898	1	0	0	0	1	0	0	0	1
1.545	-0.29862	1.3284	-0.17913	1	0	0	0	1	0	0	0	1
1.55	-0.29683	1.327	-0.17928	1	0	0	0	1	0	0	0	1
1.555	-0.29508	1.3256	-0.17943	1	0	0	0	1	0	0	0	1
1.56	-0.29335	1.3242	-0.17958	1	0	0	0	1	0	0	0	1
1.565	-0.29151	1.3228	-0.17972	1	0	0	0	1	0	0	0	1
1.57	-0.28962	1.3214	-0.17986	1	0	0	0	1	0	0	0	1
1.575	-0.28775	1.32	-0.18	1	0	0	0	1	0	0	0	1
1.58	-0.28591	1.3186	-0.18015	1	0	0	0	1	0	0	0	1
1.585	-0.28398	1.3172	-0.18029	1	0	0	0	1	0	0	0	1
1.59	-0.28199	1.3158	-0.18046	1	0	0	0	1	0	0	0	1
1.595	-0.27998	1.3144	-0.18061	1	0	0	0	1	0	0	0	1
1.6	-0.278	1.313	-0.18075	1	0	0	0	1	0	0	0	1
1.605	-0.27598	1.3116	-0.18089	1	0	0	0	1	0	0	0	1
1.61	-0.27392	1.3102	-0.18106	1	0	0	0	1	0	0	0	1
1.615	-0.27183	1.3088	-0.1812	1	0	0	0	1	0	0	0	1
1.62	-0.26969	1.3074	-0.18136	1	0	0	0	1	0	0	0	1
1.625	-0.26752	1.306	-0.18152	1	0	0	0	1	0	0	0	1
1.63	-0.26534	1.3045	-0.18169	1	0	0	0	1	0	0	0	1
1.635	-0.26312	1.3031	-0.18184	1	0	0	0	1	0	0	0	1
1.64	-0.26084	1.3017	-0.18201	1	0	0	0	1	0	0	0	1
1.645	-0.25858	1.3002	-0.18215	1	0	0	0	1	0	0	0	1
1.65	-0.25636	1.2988	-0.18228	1	0	0	0	1	0	0	0	1
1.655	-0.25409	1.2973	-0.18242	1	0	0	0	1	0	0	0	1
1.66	-0.25179	1.2959	-0.18255	1	0	0	0	1	0	0	0	1
1.665	-0.2495	1.2944	-0.18266	1	0	0	0	1	0	0	0	1
1.67	-0.24718	1.2929	-0.18277	1	0	0	0	1	0	0	0	1
1.675	-0.24486	1.2915	-0.18286	1	0	0	0	1	0	0	0	1
1.68	-0.24256	1.29	-0.18295	1	0	0	0	1	0	0	0	1
1.685	-0.24025	1.2885	-0.18304	1	0	0	0	1	0	0	0	1
1.69	-0.23793	1.2871	-0.18312	1	0	0	0	1	0	0	0	1
1.695	-0.23559	1.2856	-0.18321	1	0	0	0	1	0	0	0	1
1.7	-0.23322	1.2841	-0.1833	1	0	0	0	1	0	0	0	1
1.705	-0.23088	1.2826	-0.18338	1	0	0	0	1	0	0	0	1
1.71	-0.22858	1.2811	-0.18345	1	0	0	0	1	0	0	0	1
1.715	-0.22625	1.2796	-0.18352	1	0	0	0	1	0	0	0	1
1.72	-0.22388	1.2781	-0.18359	1	0	0	0	1	0	0	0	1
1.725	-0.22155	1.2765	-0.18365	1	0	0	0	1	0	0	0	1
1.73	-0.21928	1.275	-0.18369	1	0	0	0	1	0	0	0	1
1.735	-0.21698	1.2735	-0.18373	1	0	0	0	1	0	0	0	1
1.74	-0.21466	1.272	-0.18376	1	0	0	0	1	0	0	0	1
1.745	-0.21237	1.2705	-0.18378	1	0	0	0	1	0	0	0	1
1.75	-0.21011	1.269	-0.1838	1	0	0	0	1	0	0	0	1
1.755	-0.20784	1.2675	-0.18381	1	0	0	0	1	0	0	0	1
1.76	-0.20558	1.266	-0.18385	1	0	0	0	1	0	0	0	1
1.765	-0.20335	1.2645	-0.18386	1	0	0	0	1	0	0	0	1
1.77	-0.20116	1.263	-0.18386	1	0	0	0	1	0	0	0	1
1.775	-0.19901	1.2616	-0.18386	1	0	0	0	1	0	0	0	1
1.78	-0.19687	1.2601	-0.18386	1	0	0	0	1	0	0	0	1
1.785	-0.19479	1.2586	-0.18387	1	0	0	0	1	0	0	0	1
1.79	-0.19268	1.2572	-0.18389	1	0	0	0	1	0	0	0	1
1.795	-0.19062	1.2558	-0.18393	1	0	0	0	1	0	0	0	1
1.8	-0.1886	1.2544	-0.18396	1	0	0	0	1	0	0	0	1
1.805	-0.18665	1.253	-0.184	1	0	0	0	1	0	0	0	1
1.81	-0.18479	1.2517	-0.18405	1	0	0	0	1	0	0	0	1
1.815	-0.18294	1.2503	-0.18411	1	0	0	0	1	0	0	0	1
1.82	-0.18113	1.2491	-0.18416	1	0	0	0	1	0	0	0	1
1.825	-0.17938	1.2478	-0.1842	1	0	0	0	1	0	0	0	1
1.83	-0.17769	1.2467	-0.18425	1	0	0	0	1	0	0	0	1
1.835	-0.17611	1.2455	-0.18429	1	0	0	0	1	0	0	0	1
1.84	-0.17462	1.2444	-0.18435	1	0	0	0	1	0	0	0	1
1.845	-0.17315	1.2434	-0.18441	1	0	0	0	1	0	0	0	1
1.85	-0.17183	1.2424	-0.18449	1	0	0	0	1	0	0	0	1
1.855	-0.17057	1.2414	-0.18459	1	0	0	0	1	0	0	0	1
1.86	-0.16932	1.2406	-0.18469	1	0	0	0	1	0	0	0	1
1.865	-0.16822	1.2398	-0.18481	1	0	0	0	1	0	0	0	1
1.87	-0.16715	1.239	-0.18494	1	0	0	0	1	0	0	0	1
1.875	-0.16621	1.2383	-0.18509	1	0	0	0	1	0	0	0	1
1.88	-0.1653	1.2378	-0.18528	1	0	0	0	1	0	0	0	1
1.885	-0.16448	1.2373	-0.18546	1	0	0	0	1	0	0	0	1
1.89	-0.16375	1.2369	-0.18565	1	0	0	0	1	0	0	0	1
1.895	-0.16311	1.2367	-0.18584	1	0	0	0	1	0	0	0	1
1.9	-0.16248	1.2366	-0.18603	1	0	0	0	1	0	0	0	1
1.905	-0.16185	1.2366	-0.1862	1	0	0	0	1	0	0	0	1
1.91	-0.16128	1.2369	-0.18636	1	0	0	0	1	0	0	0	1
1.915	-0.1607	1.2374	-0.18652	1	0	0	0	1	0	0	0	1
1.92	-0.16013	1.2381	-0.18667	1	0	0	0	1	0	0	0	1
1.925	-0.15953	1.2392	-0.18681	1	0	0	0	1	0	0	0	1
1.93	-0.1588	1.2405	-0.18695	1	0	0	0	1	0	0	0	1
1.935	-0.15806	1.2421	-0.18708	1	0	0	0	1	0	0	0	1
1.94	-0.15724	1.2442	-0.1872	1	0	0	0	1	0	0	0	1
1.945	-0.1563	1.2467	-0.18732	1	0	0	0	1	0	0	0	1
1.95	-0.15525	1.2495	-0.18743	1	0	0	0	1	0	0	0	1
1.955	-0.15406	1.2529	-0.18753	1	0	0	0	1	0	0	0	1
1.96	-0.15283	1.2567	-0.18762	1	0	0	0	1	0	0	0	1
1.965	-0.15152	1.261	-0.18765	1	0	0	0	1	0	0	0	1
1.97	-0.15013	1.2658	-0.18766	1	0	0	0	1	0	0	0	1
1.975	-0.14869	1.271	-0.1876	1	0	0	0	1	0	0	0	1
1.98	-0.1472	1.2765	-0.18743	1	0	0	0	1	0	0	0	1
1.985	-0.14563	1.2824	-0.18716	1	0	0	0	1	0	0	0	1
1.99	-0.14404	1.2886	-0.1868	1	0	0	0	1	0	0	0	1
1.995	-0.14241	1.2952	-0.18639	1	0	0	0	1	0	0	0	1
2	-0.14075	1.3022	-0.18589	1	0	0	0	1	0	0	0	1
2.005	-0.13911	1.3095	-0.18536	1	0	0	0	1	0	0	0	1
2.01	-0.13755	1.3172	-0.18479	1	0	0	0	1	0	0	0	1
2.015	-0.13593	1.3253	-0.18423	1	0	0	0	1	0	0	0	1
2.02	-0.13438	1.3338	-0.18365	1	0	0	0	1	0	0	0	1
2.025	-0.13253	1.3429	-0.18318	1	0	0	0	1	0	0	0	1
2.03	-0.13096	1.352	-0.1826	1	0	0	0	1	0	0	0	1
2.035	-0.12953	1.3615	-0.182	1	0	0	0	1	0	0	0	1
2.04	-0.12808	1.3712	-0.1814	1	0	0	0	1	0	0	0	1
2.045	-0.12664	1.3813	-0.18077	1	0	0	0	1	0	0	0	1
2.05	-0.12521	1.3915	-0.18008	1	0	0	0	1	0	0	0	1
2.055	-0.12373	1.4019	-0.17934	1	0	0	0	1	0	0	0	1
2.06	-0.12233	1.4124	-0.17853	1	0	0	0	1	0	0	0	1
2.065	-0.12068	1.423	-0.1777	1	0	0	0	1	0	0	0	1
2.07	-0.11907	1.4338	-0.17678	1	0	0	0	1	0	0	0	1
2.075	-0.11754	1.4446	-0.17579	1	0	0	0	1	0	0	0	1
2.08	-0.1159	1.4553	-0.17476	1	0	0	0	1	0	0	0	1
2.085	-0.11397	1.4659	-0.17374	1	0	0	0	1	0	0	0	1
2.09	-0.11185	1.4765	-0.1727	1	0	0	0	1	0	0	0	1
2.095	-0.10961	1.4869	-0.17168	1	0	0	0	1	0	0	0	1
2.1	-0.10694	1.497	-0.17071	1	0	0	0	1	0	0	0	1
2.105	-0.1043	1.5069	-0.16976	1	0	0	0	1	0	0	0	1
2.11	-0.10133	1.5165	-0.16884	1	0	0	0	1	0	0	0	1
2.115	-0.098207	1.5258	-0.168	1	0	0	0	1	0	0	0	1
2.12	-0.095048	1.5348	-0.16726	1	0	0	0	1	0	0	0	1
2.125	-0.09285	1.5433	-0.16664	1	0	0	0	1	0	0	0	1
2.13	-0.088838	1.5517	-0.16597	1	0	0	0	1	0	0	0	1
2.135	-0.085171	1.5599	-0.16545	1	0	0	0	1	0	0	0	1
2.14	-0.081201	1.5678	-0.16497	1	0	0	0	1	0	0	0	1
2.145	-0.077003	1.5754	-0.1645	1	0	0	0	1	0	0	0	1
2.15	-0.072998	1.5828	-0.16412	1	0	0	0	1	0	0	0	1
2.155	-0.068333	1.5898	-0.16376	1	0	0	0	1	0	0	0	1
2.16	-0.064049	1.5966	-0.16352	1	0	0	0	1	0	0	0	1
2.165	-0.059315	1.603	-0.16321	1	0	0	0	1	0	0	0	1
2.17	-0.05445	1.6092	-0.16295	1	0	0	0	1	0	0	0	1
2.175	-0.049528	1.6151	-0.16268	1	0	0	0	1	0	0	0	1
2.18	-0.044146	1.6206	-0.16245	1	0	0	0	1	0	0	0	1
2.185	-0.03945	1.6259	-0.16235	1	0	0	0	1	0	0	0	1
2.19	-0.033867	1.631	-0.16224	1	0	0	0	1	0	0	0	1
2.195	-0.028688	1.6357	-0.16218	1	0	0	0	1	0	0	0	1
2.2	-0.022466	1.6403	-0.1622	1	0	0	0	1	0	0	0	1
2.205	-0.016985	1.6445	-0.16232	1	0	0	0	1	0	0	0	1
2.21	-0.011558	1.6484	-0.16249	1	0	0	0	1	0	0	0	1
2.215	-0.0061799	1.6521	-0.16266	1	0	0	0	1	0	0	0	1
2.22	-0.00077677	1.6555	-0.16282	1	0	0	0	1	0	0	0	1
2.225	0.004712	1.6587	-0.163	1	0	0	0	1	0	0	0	1
2.23	0.010081	1.6616	-0.16321	1	0	0	0	1	0	0	0	1
2.235	0.015417	1.6643	-0.16346	1	0	0	0	1	0	0	0	1
2.24	0.021058	1.6667	-0.16368	1	0	0	0	1	0	0	0	1
2.245	0.026636	1.6688	-0.1639	1	0	0	0	1	0	0	0	1
2.25	0.03201	1.6708	-0.16412	1	0	0	0	1	0	0	0	1
2.255	0.037535	1.6724	-0.16433	1	0	0	0	1	0	0	0	1
2.26	0.04313	1.6738	-0.16453	1	0	0	0	1	0	0	0	1
2.265	0.048772	1.675	-0.16471	1	0	0	0	1	0	0	0	1
2.27	0.054382	1.6759	-0.16486	1	0	0	0	1	0	0	0	1
2.275	0.059936	1.6766	-0.16499	1	0	0	0	1	0	0	0	1
2.28	0.065533	1.677	-0.16512	1	0	0	0	1	0	0	0	1
2.285	0.071157	1.6771	-0.16525	1	0	0	0	1	0	0	0	1
2.29	0.076831	1.677	-0.16536	1	0	0	0	1	0	0	0	1
2.295	0.082483	1.6766	-0.16543	1	0	0	0	1	0	0	0	1
2.3	0.088229	1.676	-0.16545	1	0	0	0	1	0	0	0	1
2.305	0.093989	1.6751	-0.16547	1	0	0	0	1	0	0	0	1
2.31	0.099712	1.6739	-0.16551	1	0	0	0	1	0	0	0	1
2.315	0.10542	1.6725	-0.16553	1	0	0	0	1	0	0	0	1
2.32	0.11108	1.6708	-0.16555	1	0	0	0	1	0	0	0	1
2.325	0.11662	1.6689	-0.16555	1	0	0	0	1	0	0	0	1
2.33	0.12223	1.6667	-0.16553	1	0	0	0	1	0	0	0	1
2.335	0.12791	1.6643	-0.16551	1	0	0	0	1	0	0	0	1
2.34	0.1335	1.6616	-0.16549	1	0	0	0	1	0	0	0	1
2.345	0.13897	1.6587	-0.1654	1	0	0	0	1	0	0	0	1
2.35	0.14445	1.6555	-0.16532	1	0	0	0	1	0	0	0	1
2.355	0.14986	1.6521	-0.16524	1	0	0	0	1	0	0	0	1
2.36	0.15516	1.6485	-0.16512	1	0	0	0	1	0	0	0	1
2.365	0.16043	1.6447	-0.16498	1	0	0	0	1	0	0	0	1
2.37	0.16563	1.6405	-0.16484	1	0	0	0	1	0	0	0	1
2.375	0.17073	1.6362	-0.16468	1	0	0	0	1	0	0	0	1
2.38	0.17572	1.6317	-0.1645	1	0	0	0	1	0	0	0	1
2.385	0.18071	1.6269	-0.16432	1	0	0	0	1	0	0	0	1
2.39	0.18559	1.6218	-0.16414	1	0	0	0	1	0	0	0	1
2.395	0.19042	1.6166	-0.16394	1	0	0	0	1	0	0	0	1
2.4	0.19535	1.6111	-0.16378	1	0	0	0	1	0	0	0	1
2.405	0.20019	1.6053	-0.16358	1	0	0	0	1	0	0	0	1
2.41	0.20477	1.5994	-0.16338	1	0	0	0	1	0	0	0	1
2.415	0.20938	1.5932	-0.16319	1	0	0	0	1	0	0	0	1
2.42	0.21407	1.5867	-0.16297	1	0	0	0	1	0	0	0	1
2.425	0.21859	1.58	-0.16273	1	0	0	0	1	0	0	0	1
2.43	0.22302	1.5731	-0.16251	1	0	0	0	1	0	0	0	1
2.435	0.22756	1.5659	-0.16226	1	0	0	0	1	0	0	0	1
2.44	0.23188	1.5585	-0.162	1	0	0	0	1	0	0	0	1
2.445	0.23615	1.5509	-0.16174	1	0	0	0	1	0	0	0	1
2.45	0.24044	1.543	-0.16146	1	0	0	0	1	0	0	0	1
2.455	0.24456	1.5349	-0.1612	1	0	0	0	1	0	0	0	1
2.46	0.24876	1.5265	-0.16091	1	0	0	0	1	0	0	0	1
2.465	0.25269	1.5179	-0.1606	1	0	0	0	1	0	0	0	1
2.47	0.25667	1.5091	-0.16028	1	0	0	0	1	0	0	0	1
2.475	0.26053	1.5	-0.15994	1	0	0	0	1	0	0	0	1
2.48	0.26421	1.4907	-0.15959	1	0	0	0	1	0	0	0	1
2.485	0.2679	1.4813	-0.15922	1	0	0	0	1	0	0	0	1
2.49	0.27159	1.4716	-0.15884	1	0	0	0	1	0	0	0	1
2.495	0.27509	1.4618	-0.15849	1	0	0	0	1	0	0	0	1
2.5	0.27847	1.452	-0.15817	1	0	0	0	1	0	0	0	1
2.505	0.28178	1.442	-0.15792	1	0	0	0	1	0	0	0	1
2.51	0.28507	1.4321	-0.15765	1	0	0	0	1	0	0	0	1
2.515	0.28822	1.4222	-0.1574	1	0	0	0	1	0	0	0	1
2.52	0.29116	1.4123	-0.15713	1	0	0	0	1	0	0	0	1
2.525	0.29399	1.4026	-0.15683	1	0	0	0	1	0	0	0	1
2.53	0.29681	1.3932	-0.15656	1	0	0	0	1	0	0	0	1
2.535	0.29948	1.3842	-0.15634	1	0	0	0	1	0	0	0	1
2.54	0.30196	1.3756	-0.15619	1	0	0	0	1	0	0	0	1
2.545	0.30459	1.3673	-0.15613	1	0	0	0	1	0	0	0	1
2.55	0.3071	1.3593	-0.15611	1	0	0	0	1	0	0	0	1
2.555	0.30986	1.3516	-0.15606	1	0	0	0	1	0	0	0	1
2.56	0.31256	1.3443	-0.15594	1	0	0	0	1	0	0	0	1
2.565	0.31542	1.3373	-0.15575	1	0	0	0	1	0	0	0	1
2.57	0.31793	1.3305	-0.15539	1	0	0	0	1	0	0	0	1
2.575	0.32085	1.3246	-0.15519	1	0	0	0	1	0	0	0	1
2.58	0.32384	1.3191	-0.15499	1	0	0	0	1	0	0	0	1
2.585	0.32685	1.3141	-0.15474	1	0	0	0	1	0	0	0	1
2.59	0.32987	1.3096	-0.15443	1	0	0	0	1	0	0	0	1
2.595	0.33291	1.3056	-0.15404	1	0	0	0	1	0	0	0	1
2.6	0.33592	1.302	-0.15358	1	0	0	0	1	0	0	0	1
2.605	0.33887	1.2988	-0.15307	1	0	0	0	1	0	0	0	1
2.61	0.34175	1.296	-0.15252	1	0	0	0	1	0	0	0	1
2.615	0.34464	1.2936	-0.15193	1	0	0	0	1	0	0	0	1
2.62	0.34747	1.2915	-0.15135	1	0	0	0	1	0	0	0	1
2.625	0.35021	1.2897	-0.15079	1	0	0	0	1	0	0	0	1
2.63	0.35294	1.2882	-0.15024	1	0	0	0	1	0	0	0	1
2.635	0.3556	1.2869	-0.14971	1	0	0	0	1	0	0	0	1
2.64	0.3582	1.2859	-0.1492	1	0	0	0	1	0	0	0	1
2.645	0.36078	1.285	-0.1487	1	0	0	0	1	0	0	0	1
2.65	0.36323	1.2845	-0.14823	1	0	0	0	1	0	0	0	1
2.655	0.36565	1.2841	-0.14777	1	0	0	0	1	0	0	0	1
2.66	0.36799	1.2839	-0.14735	1	0	0	0	1	0	0	0	1
2.665	0.37032	1.284	-0.14695	1	0	0	0	1	0	0	0	1
2.67	0.37259	1.2842	-0.14658	1	0	0	0	1	0	0	0	1
2.675	0.37475	1.2847	-0.14625	1	0	0	0	1	0	0	0	1
2.68	0.37686	1.2854	-0.14594	1	0	0	0	1	0	0	0	1
2.685	0.37889	1.2863	-0.14565	1	0	0	0	1	0	0	0	1
2.69	0.38085	1.2873	-0.14537	1	0	0	0	1	0	0	0	1
2.695	0.38276	1.2886	-0.14508	1	0	0	0	1	0	0	0	1
2.7	0.38458	1.29	-0.14481	1	0	0	0	1	0	0	0	1
2.705	0.38637	1.2916	-0.14452	1	0	0	0	1	0	0	0	1
2.71	0.38809	1.2934	-0.14422	1	0	0	0	1	0	0	0	1
2.715	0.38975	1.2953	-0.14392	1	0	0	0	1	0	0	0	1
2.72	0.3914	1.2974	-0.1436	1	0	0	0	1	0	0	0	1
2.725	0.39297	1.2996	-0.14327	1	0	0	0	1	0	0	0	1
2.73	0.39449	1.302	-0.14294	1	0	0	0	1	0	0	0	1
2.735	0.39598	1.3046	-0.1426	1	0	0	0	1	0	0	0	1
2.74	0.39745	1.3072	-0.14225	1	0	0	0	1	0	0	0	1
2.745	0.39887	1.31	-0.1419	1	0	0	0	1	0	0	0	1
2.75	0.40027	1.3129	-0.14156	1	0	0	0	1	0	0	0	1
2.755	0.4016	1.3158	-0.14122	1	0	0	0	1	0	0	0	1
2.76	0.40294	1.3189	-0.14087	1	0	0	0	1	0	0	0	1
2.765	0.40425	1.322	-0.14051	1	0	0	0	1	0	0	0	1
2.77	0.40552	1.3253	-0.14016	1	0	0	0	1	0	0	0	1
2.775	0.40674	1.3285	-0.13981	1	0	0	0	1	0	0	0	1
2.78	0.40794	1.3319	-0.13948	1	0	0	0	1	0	0	0	1
2.785	0.40946	1.3356	-0.13926	1	0	0	0	1	0	0	0	1
2.79	0.41057	1.3391	-0.13892	1	0	0	0	1	0	0	0	1
2.795	0.41165	1.3427	-0.13858	1	0	0	0	1	0	0	0	1
2.8	0.4127	1.3463	-0.13824	1	0	0	0	1	0	0	0	1
2.805	0.41375	1.35	-0.13789	1	0	0	0	1	0	0	0	1
2.81	0.41475	1.3537	-0.13753	1	0	0	0	1	0	0	0	1
2.815	0.41573	1.3574	-0.13718	1	0	0	0	1	0	0	0	1
2.82	0.41667	1.3611	-0.1368	1	0	0	0	1	0	0	0	1
2.825	0.4176	1.3648	-0.13643	1	0	0	0	1	0	0	0	1
2.83	0.4185	1.3686	-0.13606	1	0	0	0	1	0	0	0	1
2.835	0.41935	1.3723	-0.13567	1	0	0	0	1	0	0	0	1
2.84	0.42015	1.376	-0.13529	1	0	0	0	1	0	0	0	1
2.845	0.42096	1.3797	-0.13491	1	0	0	0	1	0	0	0	1
2.85	0.42179	1.3834	-0.13453	1	0	0	0	1	0	0	0	1
2.855	0.42257	1.387	-0.13415	1	0	0	0	1	0	0	0	1
2.86	0.4233	1.3906	-0.13375	1	0	0	0	1	0	0	0	1
2.865	0.42401	1.3941	-0.13337	1	0	0	0	1	0	0	0	1
2.87	0.42464	1.3976	-0.13299	1	0	0	0	1	0	0	0	1
2.875	0.4253	1.401	-0.13261	1	0	0	0	1	0	0	0	1
2.88	0.42597	1.4044	-0.13225	1	0	0	0	1	0	0	0	1
2.885	0.42652	1.4077	-0.13188	1	0	0	0	1	0	0	0	1
2.89	0.42699	1.4109	-0.13151	1	0	0	0	1	0	0	0	1
2.895	0.42752	1.4141	-0.13115	1	0	0	0	1	0	0	0	1
2.9	0.42798	1.4172	-0.13079	1	0	0	0	1	0	0	0	1
2.905	0.42839	1.4203	-0.13045	1	0	0	0	1	0	0	0	1
2.91	0.4288	1.4233	-0.13012	1	0	0	0	1	0	0	0	1
2.915	0.42912	1.4262	-0.12977	1	0	0	0	1	0	0	0	1
2.92	0.42942	1.429	-0.12943	1	0	0	0	1	0	0	0	1
2.925	0.42965	1.4318	-0.12909	1	0	0	0	1	0	0	0	1
2.93	0.42991	1.4345	-0.12875	1	0	0	0	1	0	0	0	1
2.935	0.43008	1.4372	-0.12841	1	0	0	0	1	0	0	0	1
2.94	0.43025	1.4397	-0.12807	1	0	0	0	1	0	0	0	1
2.945	0.43035	1.4422	-0.12771	1	0	0	0	1	0	0	0	1
2.95	0.43038	1.4446	-0.12734	1	0	0	0	1	0	0	0	1
2.955	0.43046	1.4469	-0.12699	1	0	0	0	1	0	0	0	1
2.96	0.43047	1.4492	-0.12662	1	0	0	0	1	0	0	0	1
2.965	0.4304	1.4513	-0.12624	1	0	0	0	1	0	0	0	1
2.97	0.43038	1.4534	-0.12586	1	0	0	0	1	0	0	0	1
2.975	0.43035	1.4554	-0.12549	1	0	0	0	1	0	0	0	1
2.98	0.43024	1.4573	-0.12508	1	0	0	0	1	0	0	0	1
2.985	0.43012	1.4591	-0.12469	1	0	0	0	1	0	0	0	1
2.99	0.43004	1.4608	-0.12429	1	0	0	0	1	0	0	0	1
2.995	0.42991	1.4625	-0.12388	1	0	0	0	1	0	0	0	1
3	0.42973	1.464	-0.12347	1	0	0	0	1	0	0	0	1
3.005	0.42955	1.4655	-0.1231	1	0	0	0	1	0	0	0	1
3.01	0.42937	1.4669	-0.12271	1	0	0	0	1	0	0	0	1
3.015	0.42923	1.4681	-0.12233	1	0	0	0	1	0	0	0	1
3.02	0.42908	1.4693	-0.12197	1	0	0	0	1	0	0	0	1
3.025	0.42888	1.4704	-0.12161	1	0	0	0	1	0	0	0	1
3.03	0.42866	1.4715	-0.12124	1	0	0	0	1	0	0	0	1
3.035	0.42846	1.4724	-0.12089	1	0	0	0	1	0	0	0	1
3.04	0.42829	1.4732	-0.12054	1	0	0	0	1	0	0	0	1
3.045	0.4281	1.474	-0.12016	1	0	0	0	1	0	0	0	1
3.05	0.42793	1.4747	-0.11981	1	0	0	0	1	0	0	0	1
3.055	0.42775	1.4753	-0.11947	1	0	0	0	1	0	0	0	1
3.06	0.42754	1.4759	-0.1191	1	0	0	0	1	0	0	0	1
3.065	0.42733	1.4764	-0.11875	1	0	0	0	1	0	0	0	1
3.07	0.42713	1.4768	-0.11841	1	0	0	0	1	0	0	0	1
3.075	0.42692	1.4773	-0.11807	1	0	0	0	1	0	0	0	1
3.08	0.42674	1.4776	-0.11772	1	0	0	0	1	0	0	0	1
3.085	0.4266	1.478	-0.1174	1	0	0	0	1	0	0	0	1
3.09	0.42646	1.4783	-0.11707	1	0	0	0	1	0	0	0	1
3.095	0.4263	1.4785	-0.11675	1	0	0	0	1	0	0	0	1
3.1	0.42614	1.4788	-0.11644	1	0	0	0	1	0	0	0	1
3.105	0.42596	1.479	-0.11615	1	0	0	0	1	0	0	0	1
3.11	0.42581	1.4793	-0.11586	1	0	0	0	1	0	0	0	1
3.115	0.42569	1.4795	-0.11557	1	0	0	0	1	0	0	0	1
3.12	0.42558	1.4797	-0.1153	1	0	0	0	1	0	0	0	1
3.125	0.4255	1.4799	-0.11504	1	0	0	0	1	0	0	0	1
3.13	0.42539	1.4801	-0.11479	1	0	0	0	1	0	0	0	1
3.135	0.42528	1.4803	-0.11455	1	0	0	0	1	0	0	0	1
3.14	0.42516	1.4805	-0.11431	1	0	0	0	1	0	0	0	1
3.145	0.42507	1.4807	-0.1141	1	0	0	0	1	0	0	0	1
3.15	0.42495	1.4809	-0.11388	1	0	0	0	1	0	0	0	1
3.155	0.42483	1.4812	-0.11367	1	0	0	0	1	0	0	0	1
3.16	0.42471	1.4814	-0.11347	1	0	0	0	1	0	0	0	1
3.165	0.42462	1.4816	-0.11327	1	0	0	0	1	0	0	0	1
3.17	0.42456	1.4818	-0.11309	1	0	0	0	1	0	0	0	1
3.175	0.42453	1.4821	-0.11291	1	0	0	0	1	0	0	0	1
3.18	0.42452	1.4823	-0.11273	1	0	0	0	1	0	0	0	1
3.185	0.42452	1.4825	-0.11256	1	0	0	0	1	0	0	0	1
3.19	0.42452	1.4827	-0.1124	1	0	0	0	1	0	0	0	1
3.195	0.42451	1.483	-0.11223	1	0	0	0	1	0	0	0	1
3.2	0.4245	1.4832	-0.11207	1	0	0	0	1	0	0	0	1
3.205	0.42449	1.4834	-0.11191	1	0	0	0	1	0	0	0	1
3.21	0.42452	1.4836	-0.11175	1	0	0	0	1	0	0	0	1
3.215	0.4246	1.4838	-0.11161	1	0	0	0	1	0	0	0	1
3.22	0.4247	1.484	-0.11146	1	0	0	0	1	0	0	0	1
3.225	0.4248	1.4842	-0.11132	1	0	0	0	1	0	0	0	1
3.23	0.42488	1.4844	-0.11119	1	0	0	0	1	0	0	0	1
3.235	0.42494	1.4845	-0.11106	1	0	0	0	1	0	0	0	1
3.24	0.42501	1.4847	-0.11094	1	0	0	0	1	0	0	0	1
3.245	0.42512	1.4848	-0.11081	1	0	0	0	1	0	0	0	1
3.25	0.42527	1.485	-0.11068	1	0	0	0	1	0	0	0	1
3.255	0.42541	1.4851	-0.11056	1	0	0	0	1	0	0	0	1
3.26	0.42554	1.4852	-0.11045	1	0	0	0	1	0	0	0	1
3.265	0.42564	1.4853	-0.11033	1	0	0	0	1	0	0	0	1
3.27	0.42573	1.4854	-0.11022	1	0	0	0	1	0	0	0	1
3.275	0.42584	1.4855	-0.11011	1	0	0	0	1	0	0	0	1
3.28	0.42599	1.4855	-0.11	1	0	0	0	1	0	0	0	1
3.285	0.42613	1.4856	-0.10988	1	0	0	0	1	0	0	0	1
3.29	0.42626	1.4857	-0.10977	1	0	0	0	1	0	0	0	1
3.295	0.42636	1.4857	-0.10966	1	0	0	0	1	0	0	0	1
3.3	0.42645	1.4857	-0.10957	1	0	0	0	1	0	0	0	1
3.305	0.42656	1.4858	-0.10949	1	0	0	0	1	0	0	0	1
3.31	0.42669	1.4858	-0.10942	1	0	0	0	1	0	0	0	1
3.315	0.42685	1.4858	-0.10937	1	0	0	0	1	0	0	0	1
3.32	0.427	1.4857	-0.10932	1	0	0	0	1	0	0	0	1
3.325	0.42714	1.4857	-0.10928	1	0	0	0	1	0	0	0	1
3.33	0.42727	1.4856	-0.10925	1	0	0	0	1	0	0	0	1
3.335	0.42739	1.4856	-0.10921	1	0	0	0	1	0	0	0	1
3.34	0.42749	1.4855	-0.10919	1	0	0	0	1	0	0	0	1
3.345	0.4276	1.4854	-0.10917	1	0	0	0	1	0	0	0	1
3.35	0.42771	1.4853	-0.10916	1	0	0	0	1	0	0	0	1
3.355	0.42783	1.4853	-0.10916	1	0	0	0	1	0	0	0	1
3.36	0.42796	1.4852	-0.10916	1	0	0	0	1	0	0	0	1
3.365	0.42809	1.4851	-0.10918	1	0	0	0	1	0	0	0	1
3.37	0.42824	1.4849	-0.10921	1	0	0	0	1	0	0	0	1
3.375	0.42839	1.4848	-0.10925	1	0	0	0	1	0	0	0	1
3.38	0.42853	1.4847	-0.1093	1	0	0	0	1	0	0	0	1
3.385	0.42868	1.4846	-0.10935	1	0	0	0	1	0	0	0	1
3.39	0.42882	1.4845	-0.10941	1	0	0	0	1	0	0	0	1
3.395	0.42897	1.4844	-0.10947	1	0	0	0	1	0	0	0	1
3.4	0.42913	1.4843	-0.10954	1	0	0	0	1	0	0	0	1
3.405	0.42927	1.4842	-0.1096	1	0	0	0	1	0	0	0	1
3.41	0.42941	1.4841	-0.10966	1	0	0	0	1	0	0	0	1
3.415	0.42954	1.4839	-0.10973	1	0	0	0	1	0	0	0	1
3.42	0.42967	1.4838	-0.10979	1	0	0	0	1	0	0	0	1
3.425	0.4298	1.4837	-0.10986	1	0	0	0	1	0	0	0	1
3.43	0.42993	1.4836	-0.10994	1	0	0	0	1	0	0	0	1
3.435	0.43007	1.4835	-0.11003	1	0	0	0	1	0	0	0	1
3.44	0.43021	1.4834	-0.11012	1	0	0	0	1	0	0	0	1
3.445	0.43036	1.4834	-0.11022	1	0	0	0	1	0	0	0	1
3.45	0.43051	1.4833	-0.11032	1	0	0	0	1	0	0	0	1
3.455	0.43066	1.4833	-0.11042	1	0	0	0	1	0	0	0	1
3.46	0.43081	1.4832	-0.11052	1	0	0	0	1	0	0	0	1
3.465	0.43095	1.4832	-0.11062	1	0	0	0	1	0	0	0	1
3.47	0.43109	1.4832	-0.11073	1	0	0	0	1	0	0	0	1
3.475	0.43123	1.4832	-0.11083	1	0	0	0	1	0	0	0	1
3.48	0.43138	1.4832	-0.11095	1	0	0	0	1	0	0	0	1
3.485	0.43154	1.4832	-0.11107	1	0	0	0	1	0	0	0	1
3.49	0.43171	1.4831	-0.1112	1	0	0	0	1	0	0	0	1
3.495	0.43187	1.4831	-0.11134	1	0	0	0	1	0	0	0	1
3.5	0.43205	1.4831	-0.11148	1	0	0	0	1	0	0	0	1
3.505	0.43222	1.4831	-0.11163	1	0	0	0	1	0	0	0	1
3.51	0.43238	1.4831	-0.11178	1	0	0	0	1	0	0	0	1
3.515	0.43254	1.483	-0.11192	1	0	0	0	1	0	0	0	1
3.52	0.4327	1.483	-0.11207	1	0	0	0	1	0	0	0	1
3.525	0.43289	1.4829	-0.11223	1	0	0	0	1	0	0	0	1
3.53	0.43309	1.4829	-0.11239	1	0	0	0	1	0	0	0	1
3.535	0.43329	1.4828	-0.11256	1	0	0	0	1	0	0	0	1
3.54	0.43347	1.4828	-0.11271	1	0	0	0	1	0	0	0	1
3.545	0.43366	1.4827	-0.11286	1	0	0	0	1	0	0	0	1
3.55	0.43385	1.4826	-0.113	1	0	0	0	1	0	0	0	1
3.555	0.43405	1.4826	-0.11314	1	0	0	0	1	0	0	0	1
3.56	0.43425	1.4825	-0.11328	1	0	0	0	1	0	0	0	1
3.565	0.43446	1.4824	-0.11342	1	0	0	0	1	0	0	0	1
3.57	0.43466	1.4823	-0.11356	1	0	0	0	1	0	0	0	1
3.575	0.43486	1.4823	-0.1137	1	0	0	0	1	0	0	0	1
3.58	0.43505	1.4822	-0.11384	1	0	0	0	1	0	0	0	1
3.585	0.43525	1.4821	-0.11399	1	0	0	0	1	0	0	0	1
3.59	0.43546	1.482	-0.11415	1	0	0	0	1	0	0	0	1
3.595	0.43567	1.482	-0.1143	1	0	0	0	1	0	0	0	1
3.6	0.43587	1.4819	-0.11444	1	0	0	0	1	0	0	0	1
3.605	0.43607	1.4819	-0.11459	1	0	0	0	1	0	0	0	1
3.61	0.43626	1.4818	-0.11473	1	0	0	0	1	0	0	0	1
3.615	0.43647	1.4818	-0.11487	1	0	0	0	1	0	0	0	1
3.62	0.43668	1.4817	-0.11502	1	0	0	0	1	0	0	0	1
3.625	0.43691	1.4817	-0.11517	1	0	0	0	1	0	0	0	1
3.63	0.43714	1.4816	-0.11532	1	0	0	0	1	0	0	0	1
3.635	0.43738	1.4816	-0.11547	1	0	0	0	1	0	0	0	1
3.64	0.43761	1.4815	-0.11561	1	0	0	0	1	0	0	0	1
3.645	0.43783	1.4815	-0.11574	1	0	0	0	1	0	0	0	1
3.65	0.43807	1.4814	-0.11587	1	0	0	0	1	0	0	0	1
3.655	0.43834	1.4814	-0.116	1	0	0	0	1	0	0	0	1
3.66	0.43863	1.4813	-0.11613	1	0	0	0	1	0	0	0	1
3.665	0.43894	1.4812	-0.11626	1	0	0	0	1	0	0	0	1
3.67	0.43926	1.4812	-0.11639	1	0	0	0	1	0	0	0	1
3.675	0.43957	1.4811	-0.11651	1	0	0	0	1	0	0	0	1
3.68	0.43987	1.4811	-0.11662	1	0	0	0	1	0	0	0	1
3.685	0.44017	1.481	-0.11673	1	0	0	0	1	0	0	0	1
3.69	0.44049	1.4809	-0.11684	1	0	0	0	1	0	0	0	1
3.695	0.44084	1.4808	-0.11695	1	0	0	0	1	0	0	0	1
3.7	0.44123	1.4807	-0.11706	1	0	0	0	1	0	0	0	1
3.705	0.44163	1.4806	-0.11716	1	0	0	0	1	0	0	0	1
3.71	0.44203	1.4805	-0.11726	1	0	0	0	1	0	0	0	1
3.715	0.44241	1.4803	-0.11736	1	0	0	0	1	0	0	0	1
3.72	0.44277	1.4802	-0.11746	1	0	0	0	1	0	0	0	1
3.725	0.44317	1.4801	-0.11756	1	0	0	0	1	0	0	0	1
3.73	0.44361	1.48	-0.11766	1	0	0	0	1	0	0	0	1
3.735	0.44404	1.4799	-0.11776	1	0	0	0	1	0	0	0	1
3.74	0.44444	1.4797	-0.11786	1	0	0	0	1	0	0	0	1
3.745	0.44483	1.4796	-0.11794	1	0	0	0	1	0	0	0	1
3.75	0.44522	1.4795	-0.11803	1	0	0	0	1	0	0	0	1
3.755	0.44564	1.4793	-0.11811	1	0	0	0	1	0	0	0	1
3.76	0.44606	1.4792	-0.1182	1	0	0	0	1	0	0	0	1
3.765	0.44645	1.4791	-0.11829	1	0	0	0	1	0	0	0	1
3.77	0.44682	1.4789	-0.11839	1	0	0	0	1	0	0	0	1
3.775	0.44719	1.4788	-0.1185	1	0	0	0	1	0	0	0	1
3.78	0.4476	1.4786	-0.11861	1	0	0	0	1	0	0	0	1
3.785	0.44799	1.4784	-0.11872	1	0	0	0	1	0	0	0	1
3.79	0.44836	1.4783	-0.11884	1	0	0	0	1	0	0	0	1
3.795	0.4487	1.4781	-0.11895	1	0	0	0	1	0	0	0	1
3.8	0.44903	1.478	-0.11908	1	0	0	0	1	0	0	0	1
3.805	0.44937	1.4778	-0.11923	1	0	0	0	1	0	0	0	1
3.81	0.44972	1.4777	-0.11938	1	0	0	0	1	0	0	0	1
3.815	0.45009	1.4775	-0.11954	1	0	0	0	1	0	0	0	1
3.82	0.45046	1.4773	-0.1197	1	0	0	0	1	0	0	0	1
3.825	0.45083	1.4772	-0.11988	1	0	0	0	1	0	0	0	1
3.83	0.4512	1.477	-0.12006	1	0	0	0	1	0	0	0	1
3.835	0.45155	1.4768	-0.12024	1	0	0	0	1	0	0	0	1
3.84	0.4519	1.4767	-0.12042	1	0	0	0	1	0	0	0	1
3.845	0.45224	1.4765	-0.1206	1	0	0	0	1	0	0	0	1
3.85	0.45258	1.4764	-0.12079	1	0	0	0	1	0	0	0	1
3.855	0.45295	1.4762	-0.12099	1	0	0	0	1	0	0	0	1
3.86	0.45335	1.476	-0.12119	1	0	0	0	1	0	0	0	1
3.865	0.45375	1.4758	-0.12139	1	0	0	0	1	0	0	0	1
3.87	0.45415	1.4756	-0.12157	1	0	0	0	1	0	0	0	1
3.875	0.45454	1.4754	-0.12176	1	0	0	0	1	0	0	0	1
3.88	0.45494	1.4753	-0.12195	1	0	0	0	1	0	0	0	1
3.885	0.45533	1.4751	-0.12215	1	0	0	0	1	0	0	0	1
3.89	0.45572	1.4748	-0.12234	1	0	0	0	1	0	0	0	1
3.895	0.45612	1.4747	-0.12253	1	0	0	0	1	0	0	0	1
3.9	0.45655	1.4745	-0.12272	1	0	0	0	1	0	0	0	1
3.905	0.457	1.4743	-0.12291	1	0	0	0	1	0	0	0	1
3.91	0.45744	1.4741	-0.12308	1	0	0	0	1	0	0	0	1
3.915	0.45786	1.4739	-0.12325	1	0	0	0	1	0	0	0	1
3.92	0.45826	1.4737	-0.12341	1	0	0	0	1	0	0	0	1
3.925	0.45866	1.4735	-0.12358	1	0	0	0	1	0	0	0	1
3.93	0.4591	1.4733	-0.12374	1	0	0	0	1	0	0	0	1
3.935	0.45955	1.4732	-0.1239	1	0	0	0	1	0	0	0	1
3.94	0.46	1.473	-0.12405	1	0	0	0	1	0	0	0	1
3.945	0.46042	1.4729	-0.12418	1	0	0	0	1	0	0	0	1
3.95	0.46082	1.4727	-0.12431	1	0	0	0	1	0	0	0	1
3.955	0.46124	1.4726	-0.12444	1	0	0	0	1	0	0	0	1
3.96	0.46169	1.4725	-0.12457	1	0	0	0	1	0	0	0	1
3.965	0.46216	1.4724	-0.12469	1	0	0	0	1	0	0	0	1
3.97	0.46258	1.4723	-0.1248	1	0	0	0	1	0	0	0	1
3.975	0.46297	1.4722	-0.1249	1	0	0	0	1	0	0	0	1
3.98	0.46335	1.4721	-0.12499	1	0	0	0	1	0	0	0	1
3.985	0.46379	1.472	-0.12508	1	0	0	0	1	0	0	0	1
3.99	0.46423	1.472	-0.12517	1	0	0	0	1	0	0	0	1
3.995	0.46464	1.4719	-0.12525	1	0	0	0	1	0	0	0	1
4	0.46502	1.4719	-0.12533	1	0	0	0	1	0	0	0	1
4.005	0.46541	1.4718	-0.12541	1	0	0	0	1	0	0	0	1
4.01	0.46583	1.4718	-0.12548	1	0	0	0	1	0	0	0	1
4.015	0.46623	1.4717	-0.12554	1	0	0	0	1	0	0	0	1
4.02	0.46658	1.4717	-0.1256	1	0	0	0	1	0	0	0	1
4.025	0.46692	1.4717	-0.12566	1	0	0	0	1	0	0	0	1
4.03	0.46729	1.4717	-0.12573	1	0	0	0	1	0	0	0	1
4.035	0.46769	1.4716	-0.12579	1	0	0	0	1	0	0	0	1
4.04	0.46809	1.4716	-0.12586	1	0	0	0	1	0	0	0	1
4.045	0.46844	1.4716	-0.12591	1	0	0	0	1	0	0	0	1
4.05	0.46877	1.4716	-0.12597	1	0	0	0	1	0	0	0	1
4.055	0.46911	1.4715	-0.12603	1	0	0	0	1	0	0	0	1
4.06	0.4695	1.4715	-0.12609	1	0	0	0	1	0	0	0	1
4.065	0.46988	1.4714	-0.12614	1	0	0	0	1	0	0	0	1
4.07	0.47024	1.4714	-0.12619	1	0	0	0	1	0	0	0	1
4.075	0.47059	1.4713	-0.12623	1	0	0	0	1	0	0	0	1
4.08	0.47098	1.4713	-0.12628	1	0	0	0	1	0	0	0	1
4.085	0.47142	1.4712	-0.12633	1	0	0	0	1	0	0	0	1
4.09	0.47184	1.4711	-0.12638	1	0	0	0	1	0	0	0	1
4.095	0.47223	1.471	-0.12642	1	0	0	0	1	0	0	0	1
4.1	0.47263	1.4709	-0.12646	1	0	0	0	1	0	0	0	1
4.105	0.4731	1.4707	-0.1265	1	0	0	0	1	0	0	0	1
4.11	0.47356	1.4706	-0.12654	1	0	0	0	1	0	0	0	1
4.115	0.47398	1.4705	-0.12657	1	0	0	0	1	0	0	0	1
4.12	0.47442	1.4703	-0.12659	1	0	0	0	1	0	0	0	1
4.125	0.47489	1.4702	-0.12661	1	0	0	0	1	0	0	0	1
4.13	0.47533	1.47	-0.12663	1	0	0	0	1	0	0	0	1
4.135	0.47575	1.4699	-0.12665	1	0	0	0	1	0	0	0	1
4.14	0.47622	1.4697	-0.12666	1	0	0	0	1	0	0	0	1
4.145	0.47669	1.4696	-0.12668	1	0	0	0	1	0	0	0	1
4.15	0.47711	1.4695	-0.12669	1	0	0	0	1	0	0	0	1
4.155	0.47753	1.4693	-0.1267	1	0	0	0	1	0	0	0	1
4.16	0.478	1.4692	-0.1267	1	0	0	0	1	0	0	0	1
4.165	0.47843	1.4692	-0.1267	1	0	0	0	1	0	0	0	1
4.17	0.47883	1.4691	-0.12669	1	0	0	0	1	0	0	0	1
4.175	0.47927	1.469	-0.12668	1	0	0	0	1	0	0	0	1
4.18	0.47969	1.469	-0.12667	1	0	0	0	1	0	0	0	1
4.185	0.48006	1.4689	-0.12666	1	0	0	0	1	0	0	0	1
4.19	0.48043	1.4689	-0.12664	1	0	0	0	1	0	0	0	1
4.195	0.48084	1.4688	-0.12662	1	0	0	0	1	0	0	0	1
4.2	0.48122	1.4688	-0.1266	1	0	0	0	1	0	0	0	1
4.205	0.48155	1.4688	-0.12658	1	0	0	0	1	0	0	0	1
4.21	0.48189	1.4687	-0.12655	1	0	0	0	1	0	0	0	1
4.215	0.48229	1.4687	-0.12652	1	0	0	0	1	0	0	0	1
4.22	0.48266	1.4687	-0.12648	1	0	0	0	1	0	0	0	1
4.225	0.48299	1.4687	-0.12644	1	0	0	0	1	0	0	0	1
4.23	0.48334	1.4686	-0.1264	1	0	0	0	1	0	0	0	1
4.235	0.48371	1.4686	-0.12635	1	0	0	0	1	0	0	0	1
4.24	0.48404	1.4686	-0.1263	1	0	0	0	1	0	0	0	1
4.245	0.48434	1.4685	-0.12624	1	0	0	0	1	0	0	0	1
4.25	0.48467	1.4685	-0.12617	1	0	0	0	1	0	0	0	1
4.255	0.48501	1.4685	-0.12609	1	0	0	0	1	0	0	0	1
4.26	0.48531	1.4685	-0.12601	1	0	0	0	1	0	0	0	1
4.265	0.48562	1.4684	-0.12592	1	0	0	0	1	0	0	0	1
4.27	0.48597	1.4684	-0.12582	1	0	0	0	1	0	0	0	1
4.275	0.48629	1.4683	-0.12571	1	0	0	0	1	0	0	0	1
4.28	0.48654	1.4683	-0.1256	1	0	0	0	1	0	0	0	1
4.285	0.48682	1.4683	-0.12549	1	0	0	0	1	0	0	0	1
4.29	0.48714	1.4682	-0.12537	1	0	0	0	1	0	0	0	1
4.295	0.48741	1.4682	-0.12525	1	0	0	0	1	0	0	0	1
4.3	0.48766	1.4682	-0.12514	1	0	0	0	1	0	0	0	1
4.305	0.48794	1.4682	-0.12502	1	0	0	0	1	0	0	0	1
4.31	0.48824	1.4681	-0.12489	1	0	0	0	1	0	0	0	1
4.315	0.48848	1.4681	-0.12475	1	0	0	0	1	0	0	0	1
4.32	0.4887	1.4681	-0.12461	1	0	0	0	1	0	0	0	1
4.325	0.48897	1.4681	-0.12449	1	0	0	0	1	0	0	0	1
4.33	0.48924	1.4681	-0.12435	1	0	0	0	1	0	0	0	1
4.335	0.48946	1.4681	-0.12421	1	0	0	0	1	0	0	0	1
4.34	0.48967	1.4681	-0.12407	1	0	0	0	1	0	0	0	1
4.345	0.4899	1.4681	-0.12392	1	0	0	0	1	0	0	0	1
4.35	0.49011	1.4681	-0.12376	1	0	0	0	1	0	0	0	1
4.355	0.49028	1.4682	-0.12358	1	0	0	0	1	0	0	0	1
4.36	0.49044	1.4682	-0.1234	1	0	0	0	1	0	0	0	1
4.365	0.49063	1.4682	-0.12323	1	0	0	0	1	0	0	0	1
4.37	0.49082	1.4683	-0.12305	1	0	0	0	1	0	0	0	1
4.375	0.49098	1.4684	-0.12287	1	0	0	0	1	0	0	0	1
4.38	0.49113	1.4685	-0.12268	1	0	0	0	1	0	0	0	1
4.385	0.49131	1.4686	-0.12247	1	0	0	0	1	0	0	0	1
4.39	0.49147	1.4687	-0.12225	1	0	0	0	1	0	0	0	1
4.395	0.49159	1.4688	-0.12202	1	0	0	0	1	0	0	0	1
4.4	0.4917	1.4689	-0.12178	1	0	0	0	1	0	0	0	1
4.405	0.49185	1.469	-0.12153	1	0	0	0	1	0	0	0	1
4.41	0.49198	1.4692	-0.12126	1	0	0	0	1	0	0	0	1
4.415	0.49205	1.4694	-0.12096	1	0	0	0	1	0	0	0	1
4.42	0.49214	1.4696	-0.12064	1	0	0	0	1	0	0	0	1
4.425	0.49226	1.4698	-0.12031	1	0	0	0	1	0	0	0	1
4.43	0.49235	1.47	-0.11996	1	0	0	0	1	0	0	0	1
4.435	0.49242	1.4703	-0.11958	1	0	0	0	1	0	0	0	1
4.44	0.49252	1.4706	-0.11917	1	0	0	0	1	0	0	0	1
4.445	0.49258	1.4709	-0.11873	1	0	0	0	1	0	0	0	1
4.45	0.4926	1.4712	-0.11827	1	0	0	0	1	0	0	0	1
4.455	0.49267	1.4715	-0.11778	1	0	0	0	1	0	0	0	1
4.46	0.4927	1.4719	-0.11728	1	0	0	0	1	0	0	0	1
4.465	0.49274	1.4722	-0.11675	1	0	0	0	1	0	0	0	1
4.47	0.49278	1.4726	-0.1162	1	0	0	0	1	0	0	0	1
4.475	0.49273	1.473	-0.11561	1	0	0	0	1	0	0	0	1
4.48	0.49276	1.4734	-0.115	1	0	0	0	1	0	0	0	1
4.485	0.49273	1.4738	-0.11437	1	0	0	0	1	0	0	0	1
4.49	0.49275	1.4742	-0.11369	1	0	0	0	1	0	0	0	1
4.495	0.49271	1.4746	-0.113	1	0	0	0	1	0	0	0	1
4.5	0.49272	1.475	-0.1123	1	0	0	0	1	0	0	0	1
4.505	0.49266	1.4755	-0.11155	1	0	0	0	1	0	0	0	1
4.51	0.49263	1.4759	-0.11079	1	0	0	0	1	0	0	0	1
4.515	0.49258	1.4764	-0.10999	1	0	0	0	1	0	0	0	1
4.52	0.49252	1.4769	-0.10916	1	0	0	0	1	0	0	0	1
4.525	0.49241	1.4773	-0.10832	1	0	0	0	1	0	0	0	1
4.53	0.49233	1.4778	-0.10744	1	0	0	0	1	0	0	0	1
4.535	0.49219	1.4783	-0.10653	1	0	0	0	1	0	0	0	1
4.54	0.49213	1.4789	-0.10561	1	0	0	0	1	0	0	0	1
4.545	0.49206	1.4794	-0.10469	1	0	0	0	1	0	0	0	1
4.55	0.49197	1.48	-0.10374	1	0	0	0	1	0	0	0	1
4.555	0.49188	1.4805	-0.10276	1	0	0	0	1	0	0	0	1
4.56	0.49176	1.4811	-0.10175	1	0	0	0	1	0	0	0	1
4.565	0.49167	1.4818	-0.10072	1	0	0	0	1	0	0	0	1
4.57	0.49158	1.4824	-0.099679	1	0	0	0	1	0	0	0	1
4.575	0.49148	1.483	-0.098616	1	0	0	0	1	0	0	0	1
4.58	0.49145	1.4837	-0.097544	1	0	0	0	1	0	0	0	1
4.585	0.49145	1.4843	-0.096467	1	0	0	0	1	0	0	0	1
4.59	0.49138	1.4849	-0.095367	1	0	0	0	1	0	0	0	1
4.595	0.49131	1.4855	-0.094243	1	0	0	0	1	0	0	0	1
4.6	0.4913	1.4862	-0.093104	1	0	0	0	1	0	0	0	1
4.605	0.49138	1.4868	-0.091961	1	0	0	0	1	0	0	0	1
4.61	0.49147	1.4874	-0.090805	1	0	0	0	1	0	0	0	1
4.615	0.49151	1.488	-0.089632	1	0	0	0	1	0	0	0	1
4.62	0.49153	1.4886	-0.08843	1	0	0	0	1	0	0	0	1
4.625	0.49157	1.4892	-0.087217	1	0	0	0	1	0	0	0	1
4.63	0.49168	1.4897	-0.086002	1	0	0	0	1	0	0	0	1
4.635	0.49182	1.4903	-0.084773	1	0	0	0	1	0	0	0	1
4.64	0.49194	1.4908	-0.083534	1	0	0	0	1	0	0	0	1
4.645	0.49208	1.4913	-0.08227	1	0	0	0	1	0	0	0	1
4.65	0.49227	1.4918	-0.081	1	0	0	0	1	0	0	0	1
4.655	0.49247	1.4922	-0.079733	1	0	0	0	1	0	0	0	1
4.66	0.49268	1.4927	-0.078441	1	0	0	0	1	0	0	0	1
4.665	0.49292	1.4931	-0.07713	1	0	0	0	1	0	0	0	1
4.67	0.4932	1.4935	-0.07581	1	0	0	0	1	0	0	0	1
4.675	0.49346	1.4939	-0.074485	1	0	0	0	1	0	0	0	1
4.68	0.49374	1.4943	-0.073153	1	0	0	0	1	0	0	0	1
4.685	0.49401	1.4946	-0.071794	1	0	0	0	1	0	0	0	1
4.69	0.49427	1.495	-0.070415	1	0	0	0	1	0	0	0	1
4.695	0.49449	1.4953	-0.069036	1	0	0	0	1	0	0	0	1
4.7	0.49473	1.4956	-0.067633	1	0	0	0	1	0	0	0	1
4.705	0.49502	1.496	-0.066215	1	0	0	0	1	0	0	0	1
4.71	0.49541	1.4963	-0.064811	1	0	0	0	1	0	0	0	1
4.715	0.49577	1.4966	-0.063396	1	0	0	0	1	0	0	0	1
4.72	0.49601	1.4968	-0.061963	1	0	0	0	1	0	0	0	1
4.725	0.49619	1.4971	-0.06052	1	0	0	0	1	0	0	0	1
4.73	0.49649	1.4974	-0.059067	1	0	0	0	1	0	0	0	1
4.735	0.49694	1.4977	-0.057621	1	0	0	0	1	0	0	0	1
4.74	0.4973	1.4979	-0.056181	1	0	0	0	1	0	0	0	1
4.745	0.49752	1.4982	-0.054726	1	0	0	0	1	0	0	0	1
4.75	0.49769	1.4984	-0.053268	1	0	0	0	1	0	0	0	1
4.755	0.49797	1.4986	-0.051788	1	0	0	0	1	0	0	0	1
4.76	0.49843	1.4988	-0.05032	1	0	0	0	1	0	0	0	1
4.765	0.49875	1.499	-0.048876	1	0	0	0	1	0	0	0	1
4.77	0.49893	1.4992	-0.047419	1	0	0	0	1	0	0	0	1
4.775	0.49905	1.4995	-0.045932	1	0	0	0	1	0	0	0	1
4.78	0.49922	1.4997	-0.044462	1	0	0	0	1	0	0	0	1
4.785	0.49956	1.4998	-0.043012	1	0	0	0	1	0	0	0	1
4.79	0.49996	1.5	-0.041557	1	0	0	0	1	0	0	0	1
4.795	0.50019	1.5002	-0.04009	1	0	0	0	1	0	0	0	1
4.8	0.50031	1.5003	-0.038633	1	0	0	0	1	0	0	0	1
4.805	0.50042	1.5005	-0.037182	1	0	0	0	1	0	0	0	1
4.81	0.5005	1.5007	-0.035719	1	0	0	0	1	0	0	0	1
4.815	0.5006	1.5008	-0.034274	1	0	0	0	1	0	0	0	1
4.82	0.50073	1.501	-0.032815	1	0	0	0	1	0	0	0	1
4.825	0.49963	1.501	-0.031419	1	0	0	0	1	0	0	0	1
4.83	0.49991	1.5012	-0.029959	1	0	0	0	1	0	0	0	1
4.835	0.50001	1.5013	-0.028517	1	0	0	0	1	0	0	0	1
4.84	0.49996	1.5014	-0.027101	1	0	0	0	1	0	0	0	1
4.845	0.5001	1.5016	-0.025651	1	0	0	0	1	0	0	0	1
4.85	0.50037	1.5017	-0.024223	1	0	0	0	1	0	0	0	1
4.855	0.50048	1.5019	-0.022823	1	0	0	0	1	0	0	0	1
4.86	0.50037	1.502	-0.021416	1	0	0	0	1	0	0	0	1
4.865	0.50027	1.5021	-0.020017	1	0	0	0	1	0	0	0	1
4.87	0.5004	1.5022	-0.018628	1	0	0	0	1	0	0	0	1
4.875	0.5006	1.5023	-0.017219	1	0	0	0	1	0	0	0	1
4.88	0.50063	1.5025	-0.015829	1	0	0	0	1	0	0	0	1
4.885	0.50063	1.5026	-0.014476	1	0	0	0	1	0	0	0	1
4.89	0.50051	1.5027	-0.013111	1	0	0	0	1	0	0	0	1
4.895	0.50027	1.5027	-0.011742	1	0	0	0	1	0	0	0	1
4.9	0.50047	1.5029	-0.010373	1	0	0	0	1	0	0	0	1
4.905	0.50064	1.503	-0.00902	1	0	0	0	1	0	0	0	1
4.91	0.50061	1.5031	-0.0077017	1	0	0	0	1	0	0	0	1
4.915	0.50049	1.5032	-0.0063772	1	0	0	0	1	0	0	0	1
4.92	0.50022	1.5033	-0.0050571	1	0	0	0	1	0	0	0	1
4.925	0.49989	1.5034	-0.0037686	1	0	0	0	1	0	0	0	1
4.93	0.49972	1.5035	-0.0025016	1	0	0	0	1	0	0	0	1
4.935	0.49968	1.5036	-0.0012108	1	0	0	0	1	0	0	0	1
4.94	0.49964	1.5037	7.4321e-005	1	0	0	0	1	0	0	0	1
4.945	0.49963	1.5038	0.001338	1	0	0	0	1	0	0	0	1
4.95	0.4996	1.5039	0.0025854	1	0	0	0	1	0	0	0	1
4.955	0.49949	1.504	0.0038403	1	0	0	0	1	0	0	0	1
4.96	0.49919	1.5041	0.0050718	1	0	0	0	1	0	0	0	1
4.965	0.499	1.5043	0.006286	1	0	0	0	1	0	0	0	1
4.97	0.49865	1.5044	0.0074807	1	0	0	0	1	0	0	0	1
4.975	0.49828	1.5045	0.0086757	1	0	0	0	1	0	0	0	1
4.98	0.49807	1.5046	0.0098475	1	0	0	0	1	0	0	0	1
4.985	0.49779	1.5047	0.010991	1	0	0	0	1	0	0	0	1
4.99	0.49733	1.5049	0.012115	1	0	0	0	1	0	0	0	1
4.995	0.49679	1.505	0.013238	1	0	0	0	1	0	0	0	1
