0.005	-0.56789	0.028255	0.11474	1	0	0	0	1	0	0	0	1
0.01	-0.56783	0.028254	0.11474	1	0	0	0	1	0	0	0	1
0.015	-0.56785	0.028239	0.11474	1	0	0	0	1	0	0	0	1
0.02	-0.56788	0.028227	0.11468	1	0	0	0	1	0	0	0	1
0.025	-0.56785	0.028226	0.11471	1	0	0	0	1	0	0	0	1
0.03	-0.56791	0.028208	0.11467	1	0	0	0	1	0	0	0	1
0.035	-0.56784	0.028222	0.11471	1	0	0	0	1	0	0	0	1
0.04	-0.56791	0.028205	0.11467	1	0	0	0	1	0	0	0	1
0.045	-0.56797	0.028199	0.1147	1	0	0	0	1	0	0	0	1
0.05	-0.56784	0.028212	0.11472	1	0	0	0	1	0	0	0	1
0.055	-0.568	0.028175	0.11469	1	0	0	0	1	0	0	0	1
0.06	-0.56787	0.028193	0.11475	1	0	0	0	1	0	0	0	1
0.065	-0.56793	0.028193	0.11474	1	0	0	0	1	0	0	0	1
0.07	-0.56793	0.028175	0.11471	1	0	0	0	1	0	0	0	1
0.075	-0.56783	0.028191	0.11474	1	0	0	0	1	0	0	0	1
0.08	-0.56793	0.028158	0.11475	1	0	0	0	1	0	0	0	1
0.085	-0.56792	0.028148	0.11478	1	0	0	0	1	0	0	0	1
0.09	-0.56788	0.028146	0.11478	1	0	0	0	1	0	0	0	1
0.095	-0.5679	0.028139	0.11479	1	0	0	0	1	0	0	0	1
0.1	-0.56796	0.028132	0.11482	1	0	0	0	1	0	0	0	1
0.105	-0.56786	0.028138	0.11478	1	0	0	0	1	0	0	0	1
0.11	-0.5679	0.028133	0.11482	1	0	0	0	1	0	0	0	1
0.115	-0.56799	0.028091	0.11481	1	0	0	0	1	0	0	0	1
0.12	-0.56793	0.028102	0.11479	1	0	0	0	1	0	0	0	1
0.125	-0.56792	0.028092	0.11484	1	0	0	0	1	0	0	0	1
0.13	-0.56792	0.028087	0.11487	1	0	0	0	1	0	0	0	1
0.135	-0.56787	0.028101	0.11493	1	0	0	0	1	0	0	0	1
0.14	-0.56786	0.028089	0.11492	1	0	0	0	1	0	0	0	1
0.145	-0.56794	0.028071	0.11501	1	0	0	0	1	0	0	0	1
0.15	-0.56784	0.028065	0.11493	1	0	0	0	1	0	0	0	1
0.155	-0.56793	0.028034	0.11495	1	0	0	0	1	0	0	0	1
0.16	-0.56796	0.028019	0.11497	1	0	0	0	1	0	0	0	1
0.165	-0.56801	0.028004	0.11499	1	0	0	0	1	0	0	0	1
0.17	-0.56805	0.027982	0.11491	1	0	0	0	1	0	0	0	1
0.175	-0.5681	0.02798	0.11498	1	0	0	0	1	0	0	0	1
0.18	-0.56811	0.027955	0.11494	1	0	0	0	1	0	0	0	1
0.185	-0.56808	0.027952	0.115	1	0	0	0	1	0	0	0	1
0.19	-0.56808	0.027939	0.115	1	0	0	0	1	0	0	0	1
0.195	-0.56808	0.02793	0.11499	1	0	0	0	1	0	0	0	1
0.2	-0.5682	0.027894	0.11498	1	0	0	0	1	0	0	0	1
0.205	-0.56819	0.027878	0.11497	1	0	0	0	1	0	0	0	1
0.21	-0.56818	0.027895	0.11498	1	0	0	0	1	0	0	0	1
0.215	-0.56813	0.027891	0.11498	1	0	0	0	1	0	0	0	1
0.22	-0.56809	0.027897	0.11503	1	0	0	0	1	0	0	0	1
0.225	-0.5682	0.027874	0.11505	1	0	0	0	1	0	0	0	1
0.23	-0.56812	0.02788	0.11498	1	0	0	0	1	0	0	0	1
0.235	-0.56812	0.027886	0.11504	1	0	0	0	1	0	0	0	1
0.24	-0.56798	0.027921	0.11509	1	0	0	0	1	0	0	0	1
0.245	-0.56803	0.027915	0.1151	1	0	0	0	1	0	0	0	1
0.25	-0.5681	0.027884	0.11508	1	0	0	0	1	0	0	0	1
0.255	-0.56814	0.027868	0.1151	1	0	0	0	1	0	0	0	1
0.26	-0.5681	0.027868	0.11509	1	0	0	0	1	0	0	0	1
0.265	-0.56817	0.027856	0.11512	1	0	0	0	1	0	0	0	1
0.27	-0.56816	0.027852	0.11514	1	0	0	0	1	0	0	0	1
0.275	-0.56811	0.027846	0.11511	1	0	0	0	1	0	0	0	1
0.28	-0.56815	0.027847	0.1151	1	0	0	0	1	0	0	0	1
0.285	-0.56822	0.027822	0.1151	1	0	0	0	1	0	0	0	1
0.29	-0.5682	0.027835	0.11514	1	0	0	0	1	0	0	0	1
0.295	-0.5682	0.027825	0.11511	1	0	0	0	1	0	0	0	1
0.3	-0.56813	0.027842	0.11511	1	0	0	0	1	0	0	0	1
0.305	-0.56815	0.027819	0.11506	1	0	0	0	1	0	0	0	1
0.31	-0.56828	0.027791	0.11505	1	0	0	0	1	0	0	0	1
0.315	-0.56822	0.027794	0.11507	1	0	0	0	1	0	0	0	1
0.32	-0.56817	0.0278	0.11504	1	0	0	0	1	0	0	0	1
0.325	-0.56824	0.027773	0.11502	1	0	0	0	1	0	0	0	1
0.33	-0.56828	0.02776	0.11499	1	0	0	0	1	0	0	0	1
0.335	-0.56823	0.027758	0.11503	1	0	0	0	1	0	0	0	1
0.34	-0.56821	0.027768	0.11503	1	0	0	0	1	0	0	0	1
0.345	-0.56824	0.027766	0.11504	1	0	0	0	1	0	0	0	1
0.35	-0.5681	0.027787	0.11505	1	0	0	0	1	0	0	0	1
0.355	-0.56811	0.027782	0.115	1	0	0	0	1	0	0	0	1
0.36	-0.56812	0.02778	0.115	1	0	0	0	1	0	0	0	1
0.365	-0.56814	0.027783	0.11497	1	0	0	0	1	0	0	0	1
0.37	-0.56808	0.02779	0.11494	1	0	0	0	1	0	0	0	1
0.375	-0.56811	0.027797	0.11494	1	0	0	0	1	0	0	0	1
0.38	-0.56813	0.027795	0.11489	1	0	0	0	1	0	0	0	1
0.385	-0.56806	0.027807	0.11484	1	0	0	0	1	0	0	0	1
0.39	-0.56803	0.027836	0.11491	1	0	0	0	1	0	0	0	1
0.395	-0.56801	0.027835	0.11483	1	0	0	0	1	0	0	0	1
0.4	-0.56796	0.027861	0.11485	1	0	0	0	1	0	0	0	1
0.405	-0.56793	0.027857	0.11476	1	0	0	0	1	0	0	0	1
0.41	-0.56785	0.027878	0.11479	1	0	0	0	1	0	0	0	1
0.415	-0.56795	0.027862	0.11474	1	0	0	0	1	0	0	0	1
0.42	-0.56793	0.027873	0.11466	1	0	0	0	1	0	0	0	1
0.425	-0.56792	0.027879	0.11469	1	0	0	0	1	0	0	0	1
0.43	-0.56792	0.027878	0.11465	1	0	0	0	1	0	0	0	1
0.435	-0.56788	0.027904	0.11467	1	0	0	0	1	0	0	0	1
0.44	-0.56793	0.027902	0.11464	1	0	0	0	1	0	0	0	1
0.445	-0.5679	0.027915	0.11461	1	0	0	0	1	0	0	0	1
0.45	-0.5679	0.02793	0.11467	1	0	0	0	1	0	0	0	1
0.455	-0.56789	0.027938	0.11463	1	0	0	0	1	0	0	0	1
0.46	-0.56785	0.027936	0.11461	1	0	0	0	1	0	0	0	1
0.465	-0.56789	0.027942	0.11462	1	0	0	0	1	0	0	0	1
0.47	-0.56792	0.02795	0.11456	1	0	0	0	1	0	0	0	1
0.475	-0.56782	0.02797	0.11461	1	0	0	0	1	0	0	0	1
0.48	-0.56788	0.027965	0.11462	1	0	0	0	1	0	0	0	1
0.485	-0.56782	0.027983	0.1146	1	0	0	0	1	0	0	0	1
0.49	-0.56783	0.027985	0.11461	1	0	0	0	1	0	0	0	1
0.495	-0.56792	0.027977	0.11455	1	0	0	0	1	0	0	0	1
0.5	-0.56792	0.027978	0.11458	1	0	0	0	1	0	0	0	1
0.505	-0.56797	0.027971	0.11453	1	0	0	0	1	0	0	0	1
0.51	-0.56784	0.028003	0.11458	1	0	0	0	1	0	0	0	1
0.515	-0.56787	0.028	0.11458	1	0	0	0	1	0	0	0	1
0.52	-0.56784	0.027998	0.11458	1	0	0	0	1	0	0	0	1
0.525	-0.56782	0.028011	0.11461	1	0	0	0	1	0	0	0	1
0.53	-0.56782	0.028011	0.11464	1	0	0	0	1	0	0	0	1
0.535	-0.56783	0.027999	0.11456	1	0	0	0	1	0	0	0	1
0.54	-0.56771	0.02802	0.11457	1	0	0	0	1	0	0	0	1
0.545	-0.5678	0.027999	0.11461	1	0	0	0	1	0	0	0	1
0.55	-0.56785	0.027988	0.1146	1	0	0	0	1	0	0	0	1
0.555	-0.56781	0.027996	0.11465	1	0	0	0	1	0	0	0	1
0.56	-0.56783	0.028007	0.11466	1	0	0	0	1	0	0	0	1
0.565	-0.56788	0.027997	0.1147	1	0	0	0	1	0	0	0	1
0.57	-0.56787	0.027977	0.11462	1	0	0	0	1	0	0	0	1
0.575	-0.56776	0.027999	0.11467	1	0	0	0	1	0	0	0	1
0.58	-0.56778	0.028	0.11471	1	0	0	0	1	0	0	0	1
0.585	-0.56783	0.027995	0.11468	1	0	0	0	1	0	0	0	1
0.59	-0.5678	0.027994	0.11469	1	0	0	0	1	0	0	0	1
0.595	-0.56786	0.027985	0.11473	1	0	0	0	1	0	0	0	1
0.6	-0.56786	0.02797	0.1147	1	0	0	0	1	0	0	0	1
0.605	-0.56782	0.027975	0.11473	1	0	0	0	1	0	0	0	1
0.61	-0.5678	0.027985	0.11473	1	0	0	0	1	0	0	0	1
0.615	-0.5679	0.027957	0.11473	1	0	0	0	1	0	0	0	1
0.62	-0.56788	0.027952	0.11478	1	0	0	0	1	0	0	0	1
0.625	-0.56792	0.027948	0.1148	1	0	0	0	1	0	0	0	1
0.63	-0.56789	0.027942	0.11482	1	0	0	0	1	0	0	0	1
0.635	-0.56787	0.027943	0.11484	1	0	0	0	1	0	0	0	1
0.64	-0.56783	0.027951	0.11485	1	0	0	0	1	0	0	0	1
0.645	-0.56791	0.027934	0.1148	1	0	0	0	1	0	0	0	1
0.65	-0.56789	0.02794	0.11481	1	0	0	0	1	0	0	0	1
0.655	-0.56793	0.027947	0.1149	1	0	0	0	1	0	0	0	1
0.66	-0.56794	0.027933	0.11482	1	0	0	0	1	0	0	0	1
0.665	-0.56784	0.02795	0.11482	1	0	0	0	1	0	0	0	1
0.67	-0.56791	0.027932	0.11485	1	0	0	0	1	0	0	0	1
0.675	-0.56791	0.02794	0.11484	1	0	0	0	1	0	0	0	1
0.68	-0.56795	0.027925	0.11482	1	0	0	0	1	0	0	0	1
0.685	-0.56797	0.027914	0.11478	1	0	0	0	1	0	0	0	1
0.69	-0.56795	0.027914	0.11479	1	0	0	0	1	0	0	0	1
0.695	-0.56804	0.027889	0.11477	1	0	0	0	1	0	0	0	1
0.7	-0.56796	0.027907	0.11484	1	0	0	0	1	0	0	0	1
0.705	-0.56794	0.027901	0.11478	1	0	0	0	1	0	0	0	1
0.71	-0.56788	0.027914	0.11483	1	0	0	0	1	0	0	0	1
0.715	-0.56789	0.027898	0.11478	1	0	0	0	1	0	0	0	1
0.72	-0.56786	0.027911	0.11477	1	0	0	0	1	0	0	0	1
0.725	-0.56796	0.027897	0.11477	1	0	0	0	1	0	0	0	1
0.73	-0.56799	0.027894	0.11475	1	0	0	0	1	0	0	0	1
0.735	-0.56802	0.02788	0.11475	1	0	0	0	1	0	0	0	1
0.74	-0.56793	0.027894	0.11472	1	0	0	0	1	0	0	0	1
0.745	-0.56794	0.027893	0.11473	1	0	0	0	1	0	0	0	1
0.75	-0.56802	0.027874	0.11476	1	0	0	0	1	0	0	0	1
0.755	-0.56805	0.027864	0.11469	1	0	0	0	1	0	0	0	1
0.76	-0.56806	0.027859	0.11469	1	0	0	0	1	0	0	0	1
0.765	-0.56811	0.027845	0.1147	1	0	0	0	1	0	0	0	1
0.77	-0.56804	0.027862	0.11465	1	0	0	0	1	0	0	0	1
0.775	-0.56808	0.027842	0.11468	1	0	0	0	1	0	0	0	1
0.78	-0.5681	0.027846	0.11463	1	0	0	0	1	0	0	0	1
0.785	-0.56803	0.027859	0.11466	1	0	0	0	1	0	0	0	1
0.79	-0.568	0.027876	0.11462	1	0	0	0	1	0	0	0	1
0.795	-0.56804	0.027879	0.11467	1	0	0	0	1	0	0	0	1
0.8	-0.56791	0.027902	0.11468	1	0	0	0	1	0	0	0	1
0.805	-0.56792	0.02791	0.11466	1	0	0	0	1	0	0	0	1
0.81	-0.56802	0.027892	0.11463	1	0	0	0	1	0	0	0	1
0.815	-0.56801	0.027898	0.11459	1	0	0	0	1	0	0	0	1
0.82	-0.56796	0.027905	0.11459	1	0	0	0	1	0	0	0	1
0.825	-0.568	0.027905	0.11459	1	0	0	0	1	0	0	0	1
0.83	-0.56809	0.027898	0.1146	1	0	0	0	1	0	0	0	1
0.835	-0.56804	0.027903	0.11457	1	0	0	0	1	0	0	0	1
0.84	-0.56799	0.027921	0.11452	1	0	0	0	1	0	0	0	1
0.845	-0.56804	0.027914	0.1145	1	0	0	0	1	0	0	0	1
0.85	-0.56804	0.027926	0.11452	1	0	0	0	1	0	0	0	1
0.855	-0.56808	0.027922	0.11449	1	0	0	0	1	0	0	0	1
0.86	-0.56805	0.027934	0.11446	1	0	0	0	1	0	0	0	1
0.865	-0.56806	0.027936	0.11442	1	0	0	0	1	0	0	0	1
0.87	-0.56807	0.027935	0.11443	1	0	0	0	1	0	0	0	1
0.875	-0.56801	0.027955	0.11449	1	0	0	0	1	0	0	0	1
0.88	-0.56801	0.027971	0.11447	1	0	0	0	1	0	0	0	1
0.885	-0.56806	0.027955	0.11438	1	0	0	0	1	0	0	0	1
0.89	-0.56802	0.027969	0.1144	1	0	0	0	1	0	0	0	1
0.895	-0.56812	0.027954	0.11439	1	0	0	0	1	0	0	0	1
0.9	-0.56808	0.027954	0.11437	1	0	0	0	1	0	0	0	1
0.905	-0.56808	0.027953	0.11438	1	0	0	0	1	0	0	0	1
0.91	-0.56799	0.027977	0.11444	1	0	0	0	1	0	0	0	1
0.915	-0.56801	0.027987	0.11444	1	0	0	0	1	0	0	0	1
0.92	-0.56796	0.028007	0.11445	1	0	0	0	1	0	0	0	1
0.925	-0.56794	0.028022	0.11447	1	0	0	0	1	0	0	0	1
0.93	-0.568	0.028004	0.11445	1	0	0	0	1	0	0	0	1
0.935	-0.56803	0.02799	0.11446	1	0	0	0	1	0	0	0	1
0.94	-0.56817	0.027977	0.11447	1	0	0	0	1	0	0	0	1
0.945	-0.56817	0.027983	0.11448	1	0	0	0	1	0	0	0	1
0.95	-0.56823	0.027982	0.11448	1	0	0	0	1	0	0	0	1
0.955	-0.56818	0.02802	0.11454	1	0	0	0	1	0	0	0	1
0.96	-0.56818	0.028014	0.11456	1	0	0	0	1	0	0	0	1
0.965	-0.56819	0.028011	0.11462	1	0	0	0	1	0	0	0	1
0.97	-0.56815	0.028039	0.11463	1	0	0	0	1	0	0	0	1
0.975	-0.56817	0.028035	0.11465	1	0	0	0	1	0	0	0	1
0.98	-0.56821	0.028031	0.11466	1	0	0	0	1	0	0	0	1
0.985	-0.56826	0.028028	0.11469	1	0	0	0	1	0	0	0	1
0.99	-0.56829	0.028026	0.11471	1	0	0	0	1	0	0	0	1
0.995	-0.56823	0.028045	0.11475	1	0	0	0	1	0	0	0	1
1	-0.56824	0.02805	0.11478	1	0	0	0	1	0	0	0	1
1.005	-0.56828	0.028042	0.11481	1	0	0	0	1	0	0	0	1
1.01	-0.56824	0.028049	0.11486	1	0	0	0	1	0	0	0	1
1.015	-0.56821	0.02805	0.11489	1	0	0	0	1	0	0	0	1
1.02	-0.56824	0.028038	0.1149	1	0	0	0	1	0	0	0	1
1.025	-0.56835	0.028	0.11489	1	0	0	0	1	0	0	0	1
1.03	-0.56835	0.027985	0.11493	1	0	0	0	1	0	0	0	1
1.035	-0.56835	0.027964	0.11499	1	0	0	0	1	0	0	0	1
1.04	-0.56834	0.027954	0.11504	1	0	0	0	1	0	0	0	1
1.045	-0.56821	0.027985	0.11515	1	0	0	0	1	0	0	0	1
1.05	-0.56825	0.027967	0.11517	1	0	0	0	1	0	0	0	1
1.055	-0.56822	0.02797	0.11521	1	0	0	0	1	0	0	0	1
1.06	-0.5681	0.02799	0.1153	1	0	0	0	1	0	0	0	1
1.065	-0.56824	0.027953	0.11528	1	0	0	0	1	0	0	0	1
1.07	-0.56813	0.027965	0.11535	1	0	0	0	1	0	0	0	1
1.075	-0.56813	0.027966	0.11537	1	0	0	0	1	0	0	0	1
1.08	-0.56823	0.02794	0.11536	1	0	0	0	1	0	0	0	1
1.085	-0.56822	0.027934	0.11537	1	0	0	0	1	0	0	0	1
1.09	-0.56822	0.027933	0.11538	1	0	0	0	1	0	0	0	1
1.095	-0.56822	0.02794	0.11539	1	0	0	0	1	0	0	0	1
1.1	-0.56818	0.027955	0.11541	1	0	0	0	1	0	0	0	1
1.105	-0.5682	0.027951	0.11539	1	0	0	0	1	0	0	0	1
1.11	-0.56828	0.027939	0.11534	1	0	0	0	1	0	0	0	1
1.115	-0.56823	0.027961	0.11536	1	0	0	0	1	0	0	0	1
1.12	-0.56831	0.027958	0.11532	1	0	0	0	1	0	0	0	1
1.125	-0.56826	0.027972	0.11531	1	0	0	0	1	0	0	0	1
1.13	-0.56826	0.027984	0.11531	1	0	0	0	1	0	0	0	1
1.135	-0.5683	0.027984	0.11527	1	0	0	0	1	0	0	0	1
1.14	-0.56831	0.027992	0.11525	1	0	0	0	1	0	0	0	1
1.145	-0.56832	0.028008	0.11525	1	0	0	0	1	0	0	0	1
1.15	-0.56835	0.028023	0.11522	1	0	0	0	1	0	0	0	1
1.155	-0.56833	0.028052	0.11522	1	0	0	0	1	0	0	0	1
1.16	-0.56822	0.028112	0.11524	1	0	0	0	1	0	0	0	1
1.165	-0.56822	0.028117	0.11523	1	0	0	0	1	0	0	0	1
1.17	-0.5682	0.028144	0.11522	1	0	0	0	1	0	0	0	1
1.175	-0.56816	0.028177	0.11523	1	0	0	0	1	0	0	0	1
1.18	-0.56818	0.02819	0.11519	1	0	0	0	1	0	0	0	1
1.185	-0.56816	0.028214	0.11519	1	0	0	0	1	0	0	0	1
1.19	-0.56819	0.028223	0.11515	1	0	0	0	1	0	0	0	1
1.195	-0.56823	0.028229	0.11513	1	0	0	0	1	0	0	0	1
1.2	-0.56828	0.028226	0.1151	1	0	0	0	1	0	0	0	1
1.205	-0.56837	0.028234	0.11506	1	0	0	0	1	0	0	0	1
1.21	-0.56844	0.028229	0.11503	1	0	0	0	1	0	0	0	1
1.215	-0.56837	0.028267	0.11504	1	0	0	0	1	0	0	0	1
1.22	-0.56848	0.028258	0.11499	1	0	0	0	1	0	0	0	1
1.225	-0.56847	0.02828	0.11497	1	0	0	0	1	0	0	0	1
1.23	-0.56846	0.028294	0.11496	1	0	0	0	1	0	0	0	1
1.235	-0.56849	0.028303	0.11493	1	0	0	0	1	0	0	0	1
1.24	-0.56849	0.028326	0.11491	1	0	0	0	1	0	0	0	1
1.245	-0.56861	0.028319	0.11484	1	0	0	0	1	0	0	0	1
1.25	-0.56859	0.028345	0.11483	1	0	0	0	1	0	0	0	1
1.255	-0.56852	0.028377	0.11483	1	0	0	0	1	0	0	0	1
1.26	-0.5686	0.02838	0.11478	1	0	0	0	1	0	0	0	1
1.265	-0.56868	0.02839	0.11474	1	0	0	0	1	0	0	0	1
1.27	-0.56879	0.028383	0.11468	1	0	0	0	1	0	0	0	1
1.275	-0.56873	0.028425	0.11469	1	0	0	0	1	0	0	0	1
1.28	-0.56873	0.028442	0.11468	1	0	0	0	1	0	0	0	1
1.285	-0.56886	0.02843	0.11463	1	0	0	0	1	0	0	0	1
1.29	-0.56877	0.028467	0.11467	1	0	0	0	1	0	0	0	1
1.295	-0.56878	0.028485	0.11467	1	0	0	0	1	0	0	0	1
1.3	-0.56881	0.028492	0.11467	1	0	0	0	1	0	0	0	1
1.305	-0.56879	0.028515	0.11468	1	0	0	0	1	0	0	0	1
1.31	-0.5687	0.028571	0.11472	1	0	0	0	1	0	0	0	1
1.315	-0.56867	0.028602	0.11473	1	0	0	0	1	0	0	0	1
1.32	-0.5685	0.02868	0.11478	1	0	0	0	1	0	0	0	1
1.325	-0.56837	0.02876	0.11481	1	0	0	0	1	0	0	0	1
1.33	-0.56822	0.028839	0.11485	1	0	0	0	1	0	0	0	1
1.335	-0.56814	0.028897	0.11484	1	0	0	0	1	0	0	0	1
1.34	-0.56805	0.028975	0.11483	1	0	0	0	1	0	0	0	1
1.345	-0.56794	0.029065	0.11485	1	0	0	0	1	0	0	0	1
1.35	-0.56788	0.029132	0.11481	1	0	0	0	1	0	0	0	1
1.355	-0.56791	0.02919	0.11474	1	0	0	0	1	0	0	0	1
1.36	-0.56789	0.02925	0.11468	1	0	0	0	1	0	0	0	1
1.365	-0.56793	0.029302	0.1146	1	0	0	0	1	0	0	0	1
1.37	-0.5679	0.029361	0.11454	1	0	0	0	1	0	0	0	1
1.375	-0.56794	0.029413	0.11445	1	0	0	0	1	0	0	0	1
1.38	-0.56801	0.029442	0.11435	1	0	0	0	1	0	0	0	1
1.385	-0.56813	0.02946	0.11425	1	0	0	0	1	0	0	0	1
1.39	-0.56814	0.029496	0.11418	1	0	0	0	1	0	0	0	1
1.395	-0.56818	0.029516	0.11413	1	0	0	0	1	0	0	0	1
1.4	-0.56824	0.029528	0.11408	1	0	0	0	1	0	0	0	1
1.405	-0.5683	0.029539	0.11403	1	0	0	0	1	0	0	0	1
1.41	-0.56834	0.02956	0.11399	1	0	0	0	1	0	0	0	1
1.415	-0.5684	0.02956	0.11394	1	0	0	0	1	0	0	0	1
1.42	-0.56839	0.029599	0.11392	1	0	0	0	1	0	0	0	1
1.425	-0.5685	0.029599	0.11385	1	0	0	0	1	0	0	0	1
1.43	-0.5686	0.029603	0.11379	1	0	0	0	1	0	0	0	1
1.435	-0.56862	0.029642	0.11376	1	0	0	0	1	0	0	0	1
1.44	-0.56864	0.029662	0.11373	1	0	0	0	1	0	0	0	1
1.445	-0.56864	0.029714	0.1137	1	0	0	0	1	0	0	0	1
1.45	-0.56853	0.029783	0.11372	1	0	0	0	1	0	0	0	1
1.455	-0.56833	0.029871	0.11375	1	0	0	0	1	0	0	0	1
1.46	-0.5682	0.029961	0.11376	1	0	0	0	1	0	0	0	1
1.465	-0.56799	0.030073	0.11379	1	0	0	0	1	0	0	0	1
1.47	-0.56777	0.030187	0.11383	1	0	0	0	1	0	0	0	1
1.475	-0.56764	0.030297	0.11382	1	0	0	0	1	0	0	0	1
1.48	-0.56765	0.030361	0.11377	1	0	0	0	1	0	0	0	1
1.485	-0.56766	0.030433	0.11372	1	0	0	0	1	0	0	0	1
1.49	-0.56753	0.030543	0.11372	1	0	0	0	1	0	0	0	1
1.495	-0.56756	0.030615	0.11366	1	0	0	0	1	0	0	0	1
1.5	-0.56758	0.030696	0.11362	1	0	0	0	1	0	0	0	1
1.505	-0.56758	0.030786	0.11357	1	0	0	0	1	0	0	0	1
1.51	-0.56777	0.03083	0.11347	1	0	0	0	1	0	0	0	1
1.515	-0.56787	0.030882	0.11339	1	0	0	0	1	0	0	0	1
1.52	-0.56801	0.030925	0.11331	1	0	0	0	1	0	0	0	1
1.525	-0.56813	0.030955	0.11321	1	0	0	0	1	0	0	0	1
1.53	-0.56822	0.030976	0.11313	1	0	0	0	1	0	0	0	1
1.535	-0.5683	0.030995	0.11305	1	0	0	0	1	0	0	0	1
1.54	-0.56833	0.031019	0.113	1	0	0	0	1	0	0	0	1
1.545	-0.5683	0.03105	0.11297	1	0	0	0	1	0	0	0	1
1.55	-0.56835	0.031063	0.11292	1	0	0	0	1	0	0	0	1
1.555	-0.56822	0.031123	0.11295	1	0	0	0	1	0	0	0	1
1.56	-0.56817	0.031168	0.11296	1	0	0	0	1	0	0	0	1
1.565	-0.5681	0.031218	0.11299	1	0	0	0	1	0	0	0	1
1.57	-0.56822	0.03123	0.11295	1	0	0	0	1	0	0	0	1
1.575	-0.56825	0.031272	0.11294	1	0	0	0	1	0	0	0	1
1.58	-0.56831	0.031334	0.11293	1	0	0	0	1	0	0	0	1
1.585	-0.56825	0.031465	0.11295	1	0	0	0	1	0	0	0	1
1.59	-0.5683	0.031592	0.11292	1	0	0	0	1	0	0	0	1
1.595	-0.56867	0.031636	0.11276	1	0	0	0	1	0	0	0	1
1.6	-0.56907	0.031668	0.11256	1	0	0	0	1	0	0	0	1
1.605	-0.56916	0.031811	0.11247	1	0	0	0	1	0	0	0	1
1.61	-0.56913	0.031982	0.11242	1	0	0	0	1	0	0	0	1
1.615	-0.5689	0.032203	0.11243	1	0	0	0	1	0	0	0	1
1.62	-0.5685	0.032462	0.11248	1	0	0	0	1	0	0	0	1
1.625	-0.56799	0.032752	0.11258	1	0	0	0	1	0	0	0	1
1.63	-0.56739	0.03306	0.1127	1	0	0	0	1	0	0	0	1
1.635	-0.56676	0.033377	0.11284	1	0	0	0	1	0	0	0	1
1.64	-0.56613	0.033694	0.11299	1	0	0	0	1	0	0	0	1
1.645	-0.56554	0.034	0.11315	1	0	0	0	1	0	0	0	1
1.65	-0.56503	0.034284	0.11329	1	0	0	0	1	0	0	0	1
1.655	-0.56465	0.034538	0.11341	1	0	0	0	1	0	0	0	1
1.66	-0.56443	0.03475	0.11351	1	0	0	0	1	0	0	0	1
1.665	-0.56441	0.034911	0.11356	1	0	0	0	1	0	0	0	1
1.67	-0.56465	0.035011	0.11357	1	0	0	0	1	0	0	0	1
1.675	-0.56502	0.035077	0.11355	1	0	0	0	1	0	0	0	1
1.68	-0.56583	0.035066	0.11336	1	0	0	0	1	0	0	0	1
1.685	-0.56675	0.035055	0.11316	1	0	0	0	1	0	0	0	1
1.69	-0.56736	0.03516	0.11306	1	0	0	0	1	0	0	0	1
1.695	-0.56707	0.035485	0.11336	1	0	0	0	1	0	0	0	1
1.7	-0.56639	0.035867	0.11381	1	0	0	0	1	0	0	0	1
1.705	-0.56634	0.03615	0.11396	1	0	0	0	1	0	0	0	1
1.71	-0.56704	0.036304	0.11382	1	0	0	0	1	0	0	0	1
1.715	-0.56726	0.036648	0.11387	1	0	0	0	1	0	0	0	1
1.72	-0.56677	0.03708	0.11421	1	0	0	0	1	0	0	0	1
1.725	-0.5666	0.037423	0.11441	1	0	0	0	1	0	0	0	1
1.73	-0.56703	0.037693	0.11436	1	0	0	0	1	0	0	0	1
1.735	-0.56719	0.03807	0.11438	1	0	0	0	1	0	0	0	1
1.74	-0.56678	0.038487	0.11461	1	0	0	0	1	0	0	0	1
1.745	-0.56647	0.038782	0.11479	1	0	0	0	1	0	0	0	1
1.75	-0.56663	0.039047	0.11477	1	0	0	0	1	0	0	0	1
1.755	-0.5667	0.039406	0.11476	1	0	0	0	1	0	0	0	1
1.76	-0.5667	0.039767	0.11478	1	0	0	0	1	0	0	0	1
1.765	-0.56633	0.040085	0.11496	1	0	0	0	1	0	0	0	1
1.77	-0.56601	0.040471	0.11513	1	0	0	0	1	0	0	0	1
1.775	-0.56606	0.040902	0.11517	1	0	0	0	1	0	0	0	1
1.78	-0.56625	0.04128	0.11515	1	0	0	0	1	0	0	0	1
1.785	-0.56582	0.04171	0.11539	1	0	0	0	1	0	0	0	1
1.79	-0.56563	0.042279	0.11554	1	0	0	0	1	0	0	0	1
1.795	-0.56611	0.042696	0.11544	1	0	0	0	1	0	0	0	1
1.8	-0.56502	0.043402	0.11597	1	0	0	0	1	0	0	0	1
1.805	-0.56544	0.04394	0.1159	1	0	0	0	1	0	0	0	1
1.81	-0.56504	0.044617	0.11618	1	0	0	0	1	0	0	0	1
1.815	-0.56512	0.045265	0.11628	1	0	0	0	1	0	0	0	1
1.82	-0.5646	0.046119	0.11665	1	0	0	0	1	0	0	0	1
1.825	-0.56442	0.046859	0.11689	1	0	0	0	1	0	0	0	1
1.83	-0.56377	0.047798	0.11735	1	0	0	0	1	0	0	0	1
1.835	-0.56376	0.048629	0.11754	1	0	0	0	1	0	0	0	1
1.84	-0.56321	0.049522	0.11793	1	0	0	0	1	0	0	0	1
1.845	-0.56325	0.050492	0.11806	1	0	0	0	1	0	0	0	1
1.85	-0.56204	0.05155	0.11868	1	0	0	0	1	0	0	0	1
1.855	-0.56207	0.052446	0.11876	1	0	0	0	1	0	0	0	1
1.86	-0.56182	0.053401	0.11888	1	0	0	0	1	0	0	0	1
1.865	-0.56067	0.054523	0.11932	1	0	0	0	1	0	0	0	1
1.87	-0.5606	0.055553	0.11924	1	0	0	0	1	0	0	0	1
1.875	-0.55988	0.056657	0.11935	1	0	0	0	1	0	0	0	1
1.88	-0.55918	0.057709	0.11939	1	0	0	0	1	0	0	0	1
1.885	-0.55901	0.058733	0.1191	1	0	0	0	1	0	0	0	1
1.89	-0.55873	0.059844	0.11877	1	0	0	0	1	0	0	0	1
1.895	-0.5575	0.061077	0.1188	1	0	0	0	1	0	0	0	1
1.9	-0.55631	0.062305	0.11876	1	0	0	0	1	0	0	0	1
1.905	-0.55635	0.063277	0.11815	1	0	0	0	1	0	0	0	1
1.91	-0.55657	0.064195	0.11752	1	0	0	0	1	0	0	0	1
1.915	-0.55567	0.065209	0.11726	1	0	0	0	1	0	0	0	1
1.92	-0.55478	0.066261	0.11703	1	0	0	0	1	0	0	0	1
1.925	-0.55504	0.067009	0.1163	1	0	0	0	1	0	0	0	1
1.93	-0.55422	0.067767	0.11601	1	0	0	0	1	0	0	0	1
1.935	-0.55485	0.06825	0.11519	1	0	0	0	1	0	0	0	1
1.94	-0.55388	0.068874	0.11498	1	0	0	0	1	0	0	0	1
1.945	-0.55376	0.069186	0.11453	1	0	0	0	1	0	0	0	1
1.95	-0.55414	0.069445	0.11389	1	0	0	0	1	0	0	0	1
1.955	-0.55411	0.069714	0.11345	1	0	0	0	1	0	0	0	1
1.96	-0.55368	0.069977	0.11328	1	0	0	0	1	0	0	0	1
1.965	-0.55331	0.070204	0.1131	1	0	0	0	1	0	0	0	1
1.97	-0.55351	0.070351	0.11269	1	0	0	0	1	0	0	0	1
1.975	-0.55409	0.070497	0.11218	1	0	0	0	1	0	0	0	1
1.98	-0.55417	0.070819	0.11191	1	0	0	0	1	0	0	0	1
1.985	-0.5531	0.071373	0.11212	1	0	0	0	1	0	0	0	1
1.99	-0.55342	0.071793	0.11178	1	0	0	0	1	0	0	0	1
1.995	-0.55301	0.072542	0.11172	1	0	0	0	1	0	0	0	1
2	-0.55286	0.073301	0.11158	1	0	0	0	1	0	0	0	1
2.005	-0.55192	0.074362	0.11178	1	0	0	0	1	0	0	0	1
2.01	-0.55159	0.075573	0.11176	1	0	0	0	1	0	0	0	1
2.015	-0.55088	0.077026	0.11192	1	0	0	0	1	0	0	0	1
2.02	-0.55009	0.078639	0.11215	1	0	0	0	1	0	0	0	1
2.025	-0.54826	0.080677	0.11284	1	0	0	0	1	0	0	0	1
2.03	-0.54684	0.082748	0.11337	1	0	0	0	1	0	0	0	1
2.035	-0.5465	0.084954	0.11349	1	0	0	0	1	0	0	0	1
2.04	-0.54372	0.087668	0.11456	1	0	0	0	1	0	0	0	1
2.045	-0.54214	0.090467	0.11512	1	0	0	0	1	0	0	0	1
2.05	-0.5402	0.093521	0.11591	1	0	0	0	1	0	0	0	1
2.055	-0.53757	0.097007	0.11702	1	0	0	0	1	0	0	0	1
2.06	-0.53425	0.10081	0.1183	1	0	0	0	1	0	0	0	1
2.065	-0.53058	0.10474	0.1196	1	0	0	0	1	0	0	0	1
2.07	-0.52632	0.10898	0.12108	1	0	0	0	1	0	0	0	1
2.075	-0.52333	0.11325	0.1221	1	0	0	0	1	0	0	0	1
2.08	-0.51749	0.11808	0.12419	1	0	0	0	1	0	0	0	1
2.085	-0.51258	0.12276	0.12581	1	0	0	0	1	0	0	0	1
2.09	-0.50678	0.12772	0.12761	1	0	0	0	1	0	0	0	1
2.095	-0.50014	0.13243	0.12936	1	0	0	0	1	0	0	0	1
2.1	-0.49191	0.13752	0.13153	1	0	0	0	1	0	0	0	1
2.105	-0.48471	0.14221	0.13305	1	0	0	0	1	0	0	0	1
2.11	-0.47544	0.14756	0.13536	1	0	0	0	1	0	0	0	1
2.115	-0.46665	0.15298	0.13781	1	0	0	0	1	0	0	0	1
2.12	-0.45804	0.15838	0.14039	1	0	0	0	1	0	0	0	1
2.125	-0.44886	0.1641	0.14309	1	0	0	0	1	0	0	0	1
2.13	-0.43976	0.16998	0.14558	1	0	0	0	1	0	0	0	1
2.135	-0.43079	0.17614	0.14768	1	0	0	0	1	0	0	0	1
2.14	-0.42191	0.1825	0.14941	1	0	0	0	1	0	0	0	1
2.145	-0.41311	0.18899	0.15081	1	0	0	0	1	0	0	0	1
2.15	-0.40434	0.19555	0.15191	1	0	0	0	1	0	0	0	1
2.155	-0.39558	0.2021	0.15274	1	0	0	0	1	0	0	0	1
2.16	-0.38679	0.20856	0.15332	1	0	0	0	1	0	0	0	1
2.165	-0.37795	0.21488	0.1537	1	0	0	0	1	0	0	0	1
2.17	-0.36901	0.22097	0.1539	1	0	0	0	1	0	0	0	1
2.175	-0.35996	0.22677	0.15394	1	0	0	0	1	0	0	0	1
2.18	-0.35076	0.2322	0.15387	1	0	0	0	1	0	0	0	1
2.185	-0.34138	0.23719	0.15371	1	0	0	0	1	0	0	0	1
2.19	-0.33179	0.24167	0.15349	1	0	0	0	1	0	0	0	1
2.195	-0.32196	0.24557	0.15324	1	0	0	0	1	0	0	0	1
2.2	-0.31185	0.24882	0.153	1	0	0	0	1	0	0	0	1
2.205	-0.30143	0.25135	0.15279	1	0	0	0	1	0	0	0	1
2.21	-0.29068	0.25308	0.15265	1	0	0	0	1	0	0	0	1
2.215	-0.27957	0.25395	0.1526	1	0	0	0	1	0	0	0	1
2.22	-0.26826	0.25436	0.15261	1	0	0	0	1	0	0	0	1
2.225	-0.25694	0.25431	0.15251	1	0	0	0	1	0	0	0	1
2.23	-0.24434	0.25381	0.15292	1	0	0	0	1	0	0	0	1
2.235	-0.2314	0.25305	0.15341	1	0	0	0	1	0	0	0	1
2.24	-0.21812	0.25184	0.15397	1	0	0	0	1	0	0	0	1
2.245	-0.20429	0.2505	0.15471	1	0	0	0	1	0	0	0	1
2.25	-0.1913	0.24879	0.15498	1	0	0	0	1	0	0	0	1
2.255	-0.17754	0.24696	0.15548	1	0	0	0	1	0	0	0	1
2.26	-0.16356	0.24497	0.15605	1	0	0	0	1	0	0	0	1
2.265	-0.14921	0.24287	0.15668	1	0	0	0	1	0	0	0	1
2.27	-0.13535	0.24063	0.15707	1	0	0	0	1	0	0	0	1
2.275	-0.12127	0.23835	0.15744	1	0	0	0	1	0	0	0	1
2.28	-0.10693	0.23602	0.15793	1	0	0	0	1	0	0	0	1
2.285	-0.092517	0.23369	0.1584	1	0	0	0	1	0	0	0	1
2.29	-0.078245	0.23128	0.1587	1	0	0	0	1	0	0	0	1
2.295	-0.064133	0.22884	0.15894	1	0	0	0	1	0	0	0	1
2.3	-0.05003	0.22637	0.15913	1	0	0	0	1	0	0	0	1
2.305	-0.035553	0.2239	0.15949	1	0	0	0	1	0	0	0	1
2.31	-0.02135	0.22144	0.1598	1	0	0	0	1	0	0	0	1
2.315	-0.0074201	0.21892	0.16003	1	0	0	0	1	0	0	0	1
2.32	0.0068287	0.2164	0.16052	1	0	0	0	1	0	0	0	1
2.325	0.020717	0.21389	0.16094	1	0	0	0	1	0	0	0	1
2.33	0.034733	0.21136	0.16156	1	0	0	0	1	0	0	0	1
2.335	0.048362	0.2088	0.16212	1	0	0	0	1	0	0	0	1
2.34	0.0622	0.20625	0.16297	1	0	0	0	1	0	0	0	1
2.345	0.07565	0.20365	0.16382	1	0	0	0	1	0	0	0	1
2.35	0.089318	0.20103	0.1649	1	0	0	0	1	0	0	0	1
2.355	0.10261	0.19832	0.16602	1	0	0	0	1	0	0	0	1
2.36	0.11561	0.19551	0.16711	1	0	0	0	1	0	0	0	1
2.365	0.12859	0.19265	0.16835	1	0	0	0	1	0	0	0	1
2.37	0.1413	0.18967	0.16954	1	0	0	0	1	0	0	0	1
2.375	0.15384	0.18652	0.17067	1	0	0	0	1	0	0	0	1
2.38	0.16614	0.18325	0.17173	1	0	0	0	1	0	0	0	1
2.385	0.17807	0.17979	0.17264	1	0	0	0	1	0	0	0	1
2.39	0.1897	0.17615	0.1734	1	0	0	0	1	0	0	0	1
2.395	0.20104	0.17232	0.17402	1	0	0	0	1	0	0	0	1
2.4	0.21199	0.16826	0.17449	1	0	0	0	1	0	0	0	1
2.405	0.22252	0.16398	0.17484	1	0	0	0	1	0	0	0	1
2.41	0.23273	0.1595	0.17515	1	0	0	0	1	0	0	0	1
2.415	0.24241	0.15474	0.17538	1	0	0	0	1	0	0	0	1
2.42	0.25188	0.14976	0.17578	1	0	0	0	1	0	0	0	1
2.425	0.26094	0.14456	0.17627	1	0	0	0	1	0	0	0	1
2.43	0.26962	0.13914	0.1769	1	0	0	0	1	0	0	0	1
2.435	0.27771	0.13349	0.17751	1	0	0	0	1	0	0	0	1
2.44	0.28524	0.12752	0.1781	1	0	0	0	1	0	0	0	1
2.445	0.2923	0.12136	0.17864	1	0	0	0	1	0	0	0	1
2.45	0.29885	0.11491	0.17907	1	0	0	0	1	0	0	0	1
2.455	0.30482	0.10817	0.17936	1	0	0	0	1	0	0	0	1
2.46	0.31012	0.10112	0.17939	1	0	0	0	1	0	0	0	1
2.465	0.31493	0.093869	0.17934	1	0	0	0	1	0	0	0	1
2.47	0.31897	0.086368	0.17906	1	0	0	0	1	0	0	0	1
2.475	0.32255	0.078719	0.17887	1	0	0	0	1	0	0	0	1
2.48	0.32491	0.070832	0.17882	1	0	0	0	1	0	0	0	1
2.485	0.32441	0.062317	0.17843	1	0	0	0	1	0	0	0	1
2.49	0.32294	0.054204	0.17776	1	0	0	0	1	0	0	0	1
2.495	0.31974	0.048055	0.17629	1	0	0	0	1	0	0	0	1
2.5	0.31529	0.043073	0.17544	1	0	0	0	1	0	0	0	1
2.505	0.31309	0.03984	0.17548	1	0	0	0	1	0	0	0	1
2.51	0.31286	0.037089	0.17541	1	0	0	0	1	0	0	0	1
2.515	0.31325	0.033731	0.17519	1	0	0	0	1	0	0	0	1
2.52	0.31328	0.029847	0.1735	1	0	0	0	1	0	0	0	1
2.525	0.31352	0.027275	0.17188	1	0	0	0	1	0	0	0	1
2.53	0.31317	0.02551	0.17014	1	0	0	0	1	0	0	0	1
2.535	0.31385	0.025763	0.16913	1	0	0	0	1	0	0	0	1
2.54	0.3128	0.025925	0.16759	1	0	0	0	1	0	0	0	1
2.545	0.31366	0.026699	0.1669	1	0	0	0	1	0	0	0	1
2.55	0.31411	0.027425	0.16638	1	0	0	0	1	0	0	0	1
2.555	0.31517	0.028545	0.16655	1	0	0	0	1	0	0	0	1
2.56	0.31503	0.028994	0.16625	1	0	0	0	1	0	0	0	1
2.565	0.3149	0.029425	0.16596	1	0	0	0	1	0	0	0	1
2.57	0.31491	0.029747	0.16576	1	0	0	0	1	0	0	0	1
2.575	0.31497	0.029768	0.16561	1	0	0	0	1	0	0	0	1
2.58	0.31504	0.029672	0.16553	1	0	0	0	1	0	0	0	1
2.585	0.31517	0.029682	0.16546	1	0	0	0	1	0	0	0	1
2.59	0.31526	0.029734	0.16532	1	0	0	0	1	0	0	0	1
2.595	0.31525	0.029749	0.16515	1	0	0	0	1	0	0	0	1
2.6	0.31514	0.029705	0.16502	1	0	0	0	1	0	0	0	1
2.605	0.31504	0.029658	0.16495	1	0	0	0	1	0	0	0	1
2.61	0.31495	0.029652	0.16487	1	0	0	0	1	0	0	0	1
2.615	0.31495	0.029713	0.16481	1	0	0	0	1	0	0	0	1
2.62	0.3149	0.029752	0.16472	1	0	0	0	1	0	0	0	1
2.625	0.31489	0.029784	0.16466	1	0	0	0	1	0	0	0	1
2.63	0.31485	0.029789	0.16458	1	0	0	0	1	0	0	0	1
2.635	0.31484	0.029808	0.16451	1	0	0	0	1	0	0	0	1
2.64	0.31485	0.029847	0.16446	1	0	0	0	1	0	0	0	1
2.645	0.31488	0.029894	0.1644	1	0	0	0	1	0	0	0	1
2.65	0.31488	0.029936	0.16432	1	0	0	0	1	0	0	0	1
2.655	0.31488	0.029963	0.16424	1	0	0	0	1	0	0	0	1
2.66	0.31487	0.029978	0.16417	1	0	0	0	1	0	0	0	1
2.665	0.31489	0.02999	0.16415	1	0	0	0	1	0	0	0	1
2.67	0.31487	0.029976	0.16413	1	0	0	0	1	0	0	0	1
2.675	0.31486	0.029955	0.16413	1	0	0	0	1	0	0	0	1
2.68	0.31485	0.029938	0.16414	1	0	0	0	1	0	0	0	1
2.685	0.31484	0.029921	0.16417	1	0	0	0	1	0	0	0	1
2.69	0.31485	0.029917	0.16418	1	0	0	0	1	0	0	0	1
2.695	0.31485	0.029923	0.16419	1	0	0	0	1	0	0	0	1
2.7	0.31488	0.029948	0.16419	1	0	0	0	1	0	0	0	1
2.705	0.31491	0.02998	0.16419	1	0	0	0	1	0	0	0	1
2.71	0.31491	0.030001	0.16417	1	0	0	0	1	0	0	0	1
2.715	0.31491	0.030025	0.16418	1	0	0	0	1	0	0	0	1
2.72	0.31491	0.030047	0.16418	1	0	0	0	1	0	0	0	1
2.725	0.31491	0.03006	0.16421	1	0	0	0	1	0	0	0	1
2.73	0.31492	0.030066	0.16425	1	0	0	0	1	0	0	0	1
2.735	0.31496	0.030064	0.16431	1	0	0	0	1	0	0	0	1
2.74	0.31499	0.030056	0.16438	1	0	0	0	1	0	0	0	1
2.745	0.31501	0.030041	0.16444	1	0	0	0	1	0	0	0	1
2.75	0.31506	0.030032	0.16453	1	0	0	0	1	0	0	0	1
2.755	0.31508	0.030013	0.1646	1	0	0	0	1	0	0	0	1
2.76	0.31508	0.029986	0.16467	1	0	0	0	1	0	0	0	1
2.765	0.31508	0.029954	0.16475	1	0	0	0	1	0	0	0	1
2.77	0.31512	0.029941	0.16487	1	0	0	0	1	0	0	0	1
2.775	0.31519	0.029938	0.16502	1	0	0	0	1	0	0	0	1
2.78	0.31526	0.029929	0.16519	1	0	0	0	1	0	0	0	1
2.785	0.31535	0.029927	0.16538	1	0	0	0	1	0	0	0	1
2.79	0.31544	0.029926	0.16557	1	0	0	0	1	0	0	0	1
2.795	0.3155	0.029912	0.16575	1	0	0	0	1	0	0	0	1
2.8	0.31557	0.029894	0.16596	1	0	0	0	1	0	0	0	1
2.805	0.31568	0.029892	0.16619	1	0	0	0	1	0	0	0	1
2.81	0.31567	0.029841	0.16637	1	0	0	0	1	0	0	0	1
2.815	0.31505	0.029513	0.16625	1	0	0	0	1	0	0	0	1
2.82	0.31364	0.028821	0.16573	1	0	0	0	1	0	0	0	1
2.825	0.31171	0.027895	0.16495	1	0	0	0	1	0	0	0	1
2.83	0.31133	0.027651	0.16497	1	0	0	0	1	0	0	0	1
2.835	0.3116	0.027696	0.16534	1	0	0	0	1	0	0	0	1
2.84	0.31188	0.027749	0.16574	1	0	0	0	1	0	0	0	1
2.845	0.31208	0.027763	0.16609	1	0	0	0	1	0	0	0	1
2.85	0.31222	0.027752	0.16639	1	0	0	0	1	0	0	0	1
2.855	0.31235	0.027729	0.1667	1	0	0	0	1	0	0	0	1
2.86	0.31237	0.027666	0.16697	1	0	0	0	1	0	0	0	1
2.865	0.31227	0.027544	0.16717	1	0	0	0	1	0	0	0	1
2.87	0.31221	0.027449	0.16738	1	0	0	0	1	0	0	0	1
2.875	0.31219	0.027385	0.16759	1	0	0	0	1	0	0	0	1
2.88	0.31217	0.027324	0.1678	1	0	0	0	1	0	0	0	1
2.885	0.3121	0.027249	0.16797	1	0	0	0	1	0	0	0	1
2.89	0.31205	0.027185	0.16813	1	0	0	0	1	0	0	0	1
2.895	0.31199	0.027131	0.16826	1	0	0	0	1	0	0	0	1
2.9	0.31191	0.027082	0.16834	1	0	0	0	1	0	0	0	1
2.905	0.31189	0.027043	0.16842	1	0	0	0	1	0	0	0	1
2.91	0.31196	0.027023	0.16853	1	0	0	0	1	0	0	0	1
2.915	0.31204	0.02701	0.1686	1	0	0	0	1	0	0	0	1
2.92	0.31211	0.027002	0.16863	1	0	0	0	1	0	0	0	1
2.925	0.31214	0.026995	0.16862	1	0	0	0	1	0	0	0	1
2.93	0.31211	0.026982	0.16854	1	0	0	0	1	0	0	0	1
2.935	0.31215	0.026974	0.16841	1	0	0	0	1	0	0	0	1
2.94	0.31231	0.026976	0.1682	1	0	0	0	1	0	0	0	1
2.945	0.31247	0.026984	0.16799	1	0	0	0	1	0	0	0	1
2.95	0.3125	0.02697	0.16789	1	0	0	0	1	0	0	0	1
2.955	0.31242	0.026952	0.16794	1	0	0	0	1	0	0	0	1
2.96	0.3121	0.026911	0.1683	1	0	0	0	1	0	0	0	1
2.965	0.31155	0.02686	0.16901	1	0	0	0	1	0	0	0	1
2.97	0.31151	0.026861	0.16909	1	0	0	0	1	0	0	0	1
2.975	0.31148	0.026845	0.16902	1	0	0	0	1	0	0	0	1
2.98	0.3115	0.026834	0.16897	1	0	0	0	1	0	0	0	1
2.985	0.31147	0.026816	0.16893	1	0	0	0	1	0	0	0	1
2.99	0.31142	0.02679	0.16889	1	0	0	0	1	0	0	0	1
2.995	0.31138	0.026761	0.16884	1	0	0	0	1	0	0	0	1
3	0.31136	0.026742	0.1688	1	0	0	0	1	0	0	0	1
3.005	0.31135	0.026721	0.16874	1	0	0	0	1	0	0	0	1
3.01	0.31134	0.026701	0.16866	1	0	0	0	1	0	0	0	1
3.015	0.31133	0.026678	0.16859	1	0	0	0	1	0	0	0	1
3.02	0.31127	0.02665	0.16852	1	0	0	0	1	0	0	0	1
3.025	0.31117	0.02662	0.16844	1	0	0	0	1	0	0	0	1
3.03	0.31108	0.026582	0.16839	1	0	0	0	1	0	0	0	1
3.035	0.31104	0.026551	0.16837	1	0	0	0	1	0	0	0	1
3.04	0.31097	0.026508	0.16835	1	0	0	0	1	0	0	0	1
3.045	0.31109	0.026491	0.16843	1	0	0	0	1	0	0	0	1
3.05	0.3113	0.02648	0.16857	1	0	0	0	1	0	0	0	1
3.055	0.31131	0.02645	0.1686	1	0	0	0	1	0	0	0	1
3.06	0.31155	0.026444	0.16876	1	0	0	0	1	0	0	0	1
3.065	0.31173	0.026423	0.16889	1	0	0	0	1	0	0	0	1
3.07	0.3119	0.026404	0.16903	1	0	0	0	1	0	0	0	1
3.075	0.31202	0.026375	0.16914	1	0	0	0	1	0	0	0	1
3.08	0.31213	0.026346	0.16927	1	0	0	0	1	0	0	0	1
3.085	0.31206	0.026284	0.1693	1	0	0	0	1	0	0	0	1
3.09	0.31204	0.026232	0.16936	1	0	0	0	1	0	0	0	1
3.095	0.31198	0.026169	0.1694	1	0	0	0	1	0	0	0	1
3.1	0.31196	0.026118	0.16945	1	0	0	0	1	0	0	0	1
3.105	0.31193	0.026066	0.16948	1	0	0	0	1	0	0	0	1
3.11	0.31188	0.026018	0.1695	1	0	0	0	1	0	0	0	1
3.115	0.31178	0.025969	0.16948	1	0	0	0	1	0	0	0	1
3.12	0.3117	0.025928	0.16948	1	0	0	0	1	0	0	0	1
3.125	0.31162	0.025896	0.16947	1	0	0	0	1	0	0	0	1
3.13	0.31158	0.02587	0.16947	1	0	0	0	1	0	0	0	1
3.135	0.31161	0.025857	0.16949	1	0	0	0	1	0	0	0	1
3.14	0.3116	0.025831	0.16949	1	0	0	0	1	0	0	0	1
3.145	0.31157	0.025804	0.16949	1	0	0	0	1	0	0	0	1
3.15	0.3115	0.025761	0.16947	1	0	0	0	1	0	0	0	1
3.155	0.31144	0.025731	0.16947	1	0	0	0	1	0	0	0	1
3.16	0.31135	0.025689	0.16945	1	0	0	0	1	0	0	0	1
3.165	0.3113	0.025656	0.16945	1	0	0	0	1	0	0	0	1
3.17	0.31128	0.025618	0.16948	1	0	0	0	1	0	0	0	1
3.175	0.31126	0.02558	0.16952	1	0	0	0	1	0	0	0	1
3.18	0.31124	0.025536	0.16957	1	0	0	0	1	0	0	0	1
3.185	0.31121	0.025487	0.16963	1	0	0	0	1	0	0	0	1
3.19	0.31117	0.025427	0.1697	1	0	0	0	1	0	0	0	1
3.195	0.31115	0.025371	0.16978	1	0	0	0	1	0	0	0	1
3.2	0.31111	0.025303	0.16986	1	0	0	0	1	0	0	0	1
3.205	0.31107	0.025239	0.16993	1	0	0	0	1	0	0	0	1
3.21	0.31101	0.025175	0.17	1	0	0	0	1	0	0	0	1
3.215	0.31094	0.025105	0.17007	1	0	0	0	1	0	0	0	1
3.22	0.31088	0.025052	0.17015	1	0	0	0	1	0	0	0	1
3.225	0.31081	0.024997	0.17023	1	0	0	0	1	0	0	0	1
3.23	0.31073	0.024944	0.17029	1	0	0	0	1	0	0	0	1
3.235	0.31068	0.024902	0.17036	1	0	0	0	1	0	0	0	1
3.24	0.31057	0.024849	0.1704	1	0	0	0	1	0	0	0	1
3.245	0.31053	0.024816	0.17046	1	0	0	0	1	0	0	0	1
3.25	0.31047	0.024781	0.1705	1	0	0	0	1	0	0	0	1
3.255	0.31041	0.024752	0.17054	1	0	0	0	1	0	0	0	1
3.26	0.31035	0.024726	0.17057	1	0	0	0	1	0	0	0	1
3.265	0.31033	0.024708	0.1706	1	0	0	0	1	0	0	0	1
3.27	0.31027	0.024688	0.17063	1	0	0	0	1	0	0	0	1
3.275	0.31018	0.024652	0.17066	1	0	0	0	1	0	0	0	1
3.28	0.31012	0.024622	0.1707	1	0	0	0	1	0	0	0	1
3.285	0.31006	0.024593	0.17075	1	0	0	0	1	0	0	0	1
3.29	0.30998	0.024559	0.17079	1	0	0	0	1	0	0	0	1
3.295	0.30994	0.024539	0.17083	1	0	0	0	1	0	0	0	1
3.3	0.30987	0.024515	0.17086	1	0	0	0	1	0	0	0	1
3.305	0.30981	0.024498	0.17089	1	0	0	0	1	0	0	0	1
3.31	0.30977	0.024491	0.17092	1	0	0	0	1	0	0	0	1
3.315	0.30971	0.024481	0.17095	1	0	0	0	1	0	0	0	1
3.32	0.30965	0.024468	0.17097	1	0	0	0	1	0	0	0	1
3.325	0.3096	0.024454	0.171	1	0	0	0	1	0	0	0	1
3.33	0.30954	0.024429	0.17101	1	0	0	0	1	0	0	0	1
3.335	0.30951	0.024404	0.17103	1	0	0	0	1	0	0	0	1
3.34	0.30953	0.02439	0.17106	1	0	0	0	1	0	0	0	1
3.345	0.30954	0.024367	0.17107	1	0	0	0	1	0	0	0	1
3.35	0.30957	0.024351	0.17108	1	0	0	0	1	0	0	0	1
3.355	0.30964	0.02434	0.1711	1	0	0	0	1	0	0	0	1
3.36	0.30969	0.024329	0.1711	1	0	0	0	1	0	0	0	1
3.365	0.30972	0.024317	0.1711	1	0	0	0	1	0	0	0	1
3.37	0.30978	0.024316	0.1711	1	0	0	0	1	0	0	0	1
3.375	0.30978	0.0243	0.17108	1	0	0	0	1	0	0	0	1
3.38	0.30981	0.024296	0.17107	1	0	0	0	1	0	0	0	1
3.385	0.30982	0.024294	0.17106	1	0	0	0	1	0	0	0	1
3.39	0.30984	0.024287	0.17105	1	0	0	0	1	0	0	0	1
3.395	0.30985	0.024278	0.17104	1	0	0	0	1	0	0	0	1
3.4	0.30984	0.024266	0.17102	1	0	0	0	1	0	0	0	1
3.405	0.30988	0.024267	0.17104	1	0	0	0	1	0	0	0	1
3.41	0.3099	0.024256	0.17106	1	0	0	0	1	0	0	0	1
3.415	0.30992	0.024247	0.17109	1	0	0	0	1	0	0	0	1
3.42	0.30994	0.024243	0.17112	1	0	0	0	1	0	0	0	1
3.425	0.30993	0.024232	0.17115	1	0	0	0	1	0	0	0	1
3.43	0.30991	0.024213	0.17117	1	0	0	0	1	0	0	0	1
3.435	0.30988	0.024199	0.17121	1	0	0	0	1	0	0	0	1
3.44	0.30987	0.024192	0.17125	1	0	0	0	1	0	0	0	1
3.445	0.30984	0.024174	0.17128	1	0	0	0	1	0	0	0	1
3.45	0.30981	0.024163	0.17132	1	0	0	0	1	0	0	0	1
3.455	0.30979	0.024149	0.17137	1	0	0	0	1	0	0	0	1
3.46	0.30976	0.024132	0.1714	1	0	0	0	1	0	0	0	1
3.465	0.30975	0.024118	0.17145	1	0	0	0	1	0	0	0	1
3.47	0.30974	0.024105	0.17149	1	0	0	0	1	0	0	0	1
3.475	0.30971	0.024084	0.17152	1	0	0	0	1	0	0	0	1
3.48	0.30973	0.024079	0.17156	1	0	0	0	1	0	0	0	1
3.485	0.30973	0.024068	0.17158	1	0	0	0	1	0	0	0	1
3.49	0.30969	0.024052	0.17159	1	0	0	0	1	0	0	0	1
3.495	0.30967	0.024034	0.1716	1	0	0	0	1	0	0	0	1
3.5	0.30966	0.024023	0.17161	1	0	0	0	1	0	0	0	1
3.505	0.30965	0.024012	0.17163	1	0	0	0	1	0	0	0	1
3.51	0.30967	0.024009	0.17165	1	0	0	0	1	0	0	0	1
3.515	0.30967	0.023999	0.17167	1	0	0	0	1	0	0	0	1
3.52	0.30967	0.023997	0.1717	1	0	0	0	1	0	0	0	1
3.525	0.30964	0.023987	0.17171	1	0	0	0	1	0	0	0	1
3.53	0.30964	0.023989	0.17175	1	0	0	0	1	0	0	0	1
3.535	0.30962	0.023987	0.17178	1	0	0	0	1	0	0	0	1
3.54	0.30959	0.023979	0.1718	1	0	0	0	1	0	0	0	1
3.545	0.30957	0.023977	0.17183	1	0	0	0	1	0	0	0	1
3.55	0.30958	0.023979	0.17186	1	0	0	0	1	0	0	0	1
3.555	0.3096	0.023986	0.17189	1	0	0	0	1	0	0	0	1
3.56	0.30959	0.023978	0.17189	1	0	0	0	1	0	0	0	1
3.565	0.30959	0.023981	0.1719	1	0	0	0	1	0	0	0	1
3.57	0.30959	0.023982	0.1719	1	0	0	0	1	0	0	0	1
3.575	0.3096	0.02399	0.1719	1	0	0	0	1	0	0	0	1
3.58	0.3096	0.02399	0.17191	1	0	0	0	1	0	0	0	1
3.585	0.3096	0.023993	0.17192	1	0	0	0	1	0	0	0	1
3.59	0.30958	0.023999	0.17192	1	0	0	0	1	0	0	0	1
3.595	0.30957	0.024003	0.17193	1	0	0	0	1	0	0	0	1
3.6	0.30955	0.024007	0.17194	1	0	0	0	1	0	0	0	1
3.605	0.30953	0.024009	0.17195	1	0	0	0	1	0	0	0	1
3.61	0.30951	0.024013	0.17197	1	0	0	0	1	0	0	0	1
3.615	0.30947	0.02401	0.17198	1	0	0	0	1	0	0	0	1
3.62	0.30944	0.024007	0.17199	1	0	0	0	1	0	0	0	1
3.625	0.30939	0.023998	0.172	1	0	0	0	1	0	0	0	1
3.63	0.30936	0.02399	0.17202	1	0	0	0	1	0	0	0	1
3.635	0.30935	0.02398	0.17205	1	0	0	0	1	0	0	0	1
3.64	0.30935	0.023969	0.17209	1	0	0	0	1	0	0	0	1
3.645	0.30935	0.02396	0.17214	1	0	0	0	1	0	0	0	1
3.65	0.30932	0.023943	0.17217	1	0	0	0	1	0	0	0	1
3.655	0.30933	0.023939	0.17221	1	0	0	0	1	0	0	0	1
3.66	0.30929	0.02392	0.17224	1	0	0	0	1	0	0	0	1
3.665	0.30926	0.023909	0.17226	1	0	0	0	1	0	0	0	1
3.67	0.30925	0.023909	0.17229	1	0	0	0	1	0	0	0	1
3.675	0.30921	0.023898	0.1723	1	0	0	0	1	0	0	0	1
3.68	0.30919	0.023894	0.17232	1	0	0	0	1	0	0	0	1
3.685	0.30916	0.023894	0.17234	1	0	0	0	1	0	0	0	1
3.69	0.30913	0.023891	0.17235	1	0	0	0	1	0	0	0	1
3.695	0.30908	0.023881	0.17235	1	0	0	0	1	0	0	0	1
3.7	0.30907	0.023879	0.17237	1	0	0	0	1	0	0	0	1
3.705	0.30907	0.02388	0.17239	1	0	0	0	1	0	0	0	1
3.71	0.30904	0.023869	0.1724	1	0	0	0	1	0	0	0	1
3.715	0.30903	0.023863	0.17242	1	0	0	0	1	0	0	0	1
3.72	0.30901	0.023852	0.17243	1	0	0	0	1	0	0	0	1
3.725	0.309	0.023843	0.17246	1	0	0	0	1	0	0	0	1
3.73	0.30899	0.023838	0.17248	1	0	0	0	1	0	0	0	1
3.735	0.30898	0.023827	0.17252	1	0	0	0	1	0	0	0	1
3.74	0.30897	0.023812	0.17254	1	0	0	0	1	0	0	0	1
3.745	0.30895	0.023799	0.17257	1	0	0	0	1	0	0	0	1
3.75	0.30895	0.02379	0.17262	1	0	0	0	1	0	0	0	1
3.755	0.30894	0.023779	0.17265	1	0	0	0	1	0	0	0	1
3.76	0.30895	0.023772	0.17269	1	0	0	0	1	0	0	0	1
3.765	0.30896	0.023766	0.17272	1	0	0	0	1	0	0	0	1
3.77	0.30894	0.023746	0.17275	1	0	0	0	1	0	0	0	1
3.775	0.30896	0.023739	0.17279	1	0	0	0	1	0	0	0	1
3.78	0.30896	0.023729	0.17282	1	0	0	0	1	0	0	0	1
3.785	0.30897	0.023724	0.17285	1	0	0	0	1	0	0	0	1
3.79	0.30894	0.02371	0.17287	1	0	0	0	1	0	0	0	1
3.795	0.30893	0.023704	0.17291	1	0	0	0	1	0	0	0	1
3.8	0.30892	0.023695	0.17293	1	0	0	0	1	0	0	0	1
3.805	0.30891	0.023682	0.17297	1	0	0	0	1	0	0	0	1
3.81	0.30888	0.023666	0.173	1	0	0	0	1	0	0	0	1
3.815	0.30883	0.023642	0.17302	1	0	0	0	1	0	0	0	1
3.82	0.3088	0.023624	0.17306	1	0	0	0	1	0	0	0	1
3.825	0.30879	0.02361	0.17311	1	0	0	0	1	0	0	0	1
3.83	0.30877	0.023591	0.17316	1	0	0	0	1	0	0	0	1
3.835	0.30875	0.02357	0.17321	1	0	0	0	1	0	0	0	1
3.84	0.30872	0.023544	0.17326	1	0	0	0	1	0	0	0	1
3.845	0.30871	0.023525	0.17333	1	0	0	0	1	0	0	0	1
3.85	0.30873	0.023512	0.17341	1	0	0	0	1	0	0	0	1
3.855	0.30871	0.023488	0.17347	1	0	0	0	1	0	0	0	1
3.86	0.30869	0.023463	0.17353	1	0	0	0	1	0	0	0	1
3.865	0.30868	0.023445	0.17358	1	0	0	0	1	0	0	0	1
3.87	0.3087	0.02343	0.17363	1	0	0	0	1	0	0	0	1
3.875	0.30872	0.023422	0.17369	1	0	0	0	1	0	0	0	1
3.88	0.3087	0.023401	0.17371	1	0	0	0	1	0	0	0	1
3.885	0.3087	0.023395	0.17374	1	0	0	0	1	0	0	0	1
3.89	0.30876	0.023402	0.1738	1	0	0	0	1	0	0	0	1
3.895	0.30875	0.023391	0.17382	1	0	0	0	1	0	0	0	1
3.9	0.30878	0.023398	0.17384	1	0	0	0	1	0	0	0	1
3.905	0.30878	0.023394	0.17386	1	0	0	0	1	0	0	0	1
3.91	0.30878	0.023392	0.17386	1	0	0	0	1	0	0	0	1
3.915	0.30877	0.023389	0.17386	1	0	0	0	1	0	0	0	1
3.92	0.3088	0.023402	0.17388	1	0	0	0	1	0	0	0	1
3.925	0.30881	0.023403	0.17388	1	0	0	0	1	0	0	0	1
3.93	0.30882	0.023408	0.17388	1	0	0	0	1	0	0	0	1
3.935	0.30884	0.023412	0.17389	1	0	0	0	1	0	0	0	1
3.94	0.30884	0.023415	0.17389	1	0	0	0	1	0	0	0	1
3.945	0.30886	0.02342	0.17391	1	0	0	0	1	0	0	0	1
3.95	0.30887	0.02342	0.17392	1	0	0	0	1	0	0	0	1
3.955	0.30887	0.02342	0.17393	1	0	0	0	1	0	0	0	1
3.96	0.30888	0.02342	0.17395	1	0	0	0	1	0	0	0	1
3.965	0.30886	0.023413	0.17395	1	0	0	0	1	0	0	0	1
3.97	0.30888	0.023417	0.17397	1	0	0	0	1	0	0	0	1
3.975	0.30888	0.023414	0.17399	1	0	0	0	1	0	0	0	1
3.98	0.30889	0.023416	0.17401	1	0	0	0	1	0	0	0	1
3.985	0.30892	0.023426	0.17404	1	0	0	0	1	0	0	0	1
3.99	0.3089	0.023417	0.17404	1	0	0	0	1	0	0	0	1
3.995	0.30891	0.023418	0.17406	1	0	0	0	1	0	0	0	1
4	0.30892	0.023421	0.17407	1	0	0	0	1	0	0	0	1
4.005	0.3089	0.023417	0.17407	1	0	0	0	1	0	0	0	1
4.01	0.3089	0.02342	0.17408	1	0	0	0	1	0	0	0	1
4.015	0.30888	0.023415	0.17407	1	0	0	0	1	0	0	0	1
4.02	0.30889	0.023417	0.17408	1	0	0	0	1	0	0	0	1
4.025	0.30888	0.023415	0.17408	1	0	0	0	1	0	0	0	1
4.03	0.30889	0.023419	0.17408	1	0	0	0	1	0	0	0	1
4.035	0.30888	0.023416	0.17408	1	0	0	0	1	0	0	0	1
4.04	0.30885	0.023407	0.17407	1	0	0	0	1	0	0	0	1
4.045	0.30882	0.0234	0.17407	1	0	0	0	1	0	0	0	1
4.05	0.30883	0.023401	0.17409	1	0	0	0	1	0	0	0	1
4.055	0.3088	0.023392	0.17409	1	0	0	0	1	0	0	0	1
4.06	0.30879	0.023389	0.17412	1	0	0	0	1	0	0	0	1
4.065	0.30878	0.02339	0.17414	1	0	0	0	1	0	0	0	1
4.07	0.30876	0.023387	0.17416	1	0	0	0	1	0	0	0	1
4.075	0.30876	0.023388	0.17419	1	0	0	0	1	0	0	0	1
4.08	0.30877	0.02339	0.17422	1	0	0	0	1	0	0	0	1
4.085	0.30878	0.023393	0.17424	1	0	0	0	1	0	0	0	1
4.09	0.30881	0.023404	0.17427	1	0	0	0	1	0	0	0	1
4.095	0.30881	0.023402	0.17428	1	0	0	0	1	0	0	0	1
4.1	0.30882	0.0234	0.17429	1	0	0	0	1	0	0	0	1
4.105	0.30885	0.023409	0.17431	1	0	0	0	1	0	0	0	1
4.11	0.30887	0.023418	0.17433	1	0	0	0	1	0	0	0	1
4.115	0.30889	0.023426	0.17435	1	0	0	0	1	0	0	0	1
4.12	0.3089	0.023439	0.17437	1	0	0	0	1	0	0	0	1
4.125	0.30891	0.023448	0.17439	1	0	0	0	1	0	0	0	1
4.13	0.30889	0.023447	0.17438	1	0	0	0	1	0	0	0	1
4.135	0.30891	0.023463	0.17441	1	0	0	0	1	0	0	0	1
4.14	0.30892	0.02348	0.17442	1	0	0	0	1	0	0	0	1
4.145	0.30893	0.023494	0.17443	1	0	0	0	1	0	0	0	1
4.15	0.30892	0.023506	0.17443	1	0	0	0	1	0	0	0	1
4.155	0.30894	0.023524	0.17444	1	0	0	0	1	0	0	0	1
4.16	0.30892	0.023526	0.17443	1	0	0	0	1	0	0	0	1
4.165	0.30892	0.023535	0.17442	1	0	0	0	1	0	0	0	1
4.17	0.30893	0.023547	0.17442	1	0	0	0	1	0	0	0	1
4.175	0.30894	0.023554	0.17442	1	0	0	0	1	0	0	0	1
4.18	0.30893	0.02356	0.17441	1	0	0	0	1	0	0	0	1
4.185	0.30895	0.023573	0.17442	1	0	0	0	1	0	0	0	1
4.19	0.30892	0.023573	0.1744	1	0	0	0	1	0	0	0	1
4.195	0.30893	0.023587	0.17441	1	0	0	0	1	0	0	0	1
4.2	0.30893	0.023604	0.17441	1	0	0	0	1	0	0	0	1
4.205	0.30894	0.023613	0.17442	1	0	0	0	1	0	0	0	1
4.21	0.30894	0.023626	0.17442	1	0	0	0	1	0	0	0	1
4.215	0.30894	0.023632	0.17442	1	0	0	0	1	0	0	0	1
4.22	0.30895	0.023646	0.17442	1	0	0	0	1	0	0	0	1
4.225	0.30895	0.023653	0.17441	1	0	0	0	1	0	0	0	1
4.23	0.30894	0.023649	0.1744	1	0	0	0	1	0	0	0	1
4.235	0.30896	0.023665	0.17439	1	0	0	0	1	0	0	0	1
4.24	0.30895	0.023668	0.17437	1	0	0	0	1	0	0	0	1
4.245	0.30897	0.023676	0.17435	1	0	0	0	1	0	0	0	1
4.25	0.30901	0.02369	0.17435	1	0	0	0	1	0	0	0	1
4.255	0.30899	0.023686	0.17431	1	0	0	0	1	0	0	0	1
4.26	0.30902	0.0237	0.1743	1	0	0	0	1	0	0	0	1
4.265	0.30901	0.023705	0.17427	1	0	0	0	1	0	0	0	1
4.27	0.30899	0.023709	0.17424	1	0	0	0	1	0	0	0	1
4.275	0.30899	0.023715	0.17421	1	0	0	0	1	0	0	0	1
4.28	0.30897	0.023721	0.17418	1	0	0	0	1	0	0	0	1
4.285	0.30895	0.023723	0.17415	1	0	0	0	1	0	0	0	1
4.29	0.30894	0.02373	0.17414	1	0	0	0	1	0	0	0	1
4.295	0.30896	0.023745	0.17413	1	0	0	0	1	0	0	0	1
4.3	0.30898	0.023761	0.17414	1	0	0	0	1	0	0	0	1
4.305	0.30898	0.023765	0.17413	1	0	0	0	1	0	0	0	1
4.31	0.30895	0.023764	0.17411	1	0	0	0	1	0	0	0	1
4.315	0.30897	0.023776	0.17412	1	0	0	0	1	0	0	0	1
4.32	0.30897	0.023783	0.17411	1	0	0	0	1	0	0	0	1
4.325	0.30899	0.023792	0.1741	1	0	0	0	1	0	0	0	1
4.33	0.30901	0.0238	0.1741	1	0	0	0	1	0	0	0	1
4.335	0.30902	0.023808	0.1741	1	0	0	0	1	0	0	0	1
4.34	0.30904	0.023817	0.17409	1	0	0	0	1	0	0	0	1
4.345	0.30905	0.023829	0.17408	1	0	0	0	1	0	0	0	1
4.35	0.30906	0.023834	0.17406	1	0	0	0	1	0	0	0	1
4.355	0.30908	0.023844	0.17405	1	0	0	0	1	0	0	0	1
4.36	0.30911	0.023854	0.17404	1	0	0	0	1	0	0	0	1
4.365	0.30913	0.023868	0.17404	1	0	0	0	1	0	0	0	1
4.37	0.30915	0.023881	0.17404	1	0	0	0	1	0	0	0	1
4.375	0.30918	0.023893	0.17404	1	0	0	0	1	0	0	0	1
4.38	0.30918	0.023902	0.17405	1	0	0	0	1	0	0	0	1
4.385	0.30921	0.023915	0.17406	1	0	0	0	1	0	0	0	1
4.39	0.30922	0.023923	0.17408	1	0	0	0	1	0	0	0	1
4.395	0.30923	0.023931	0.1741	1	0	0	0	1	0	0	0	1
4.4	0.30926	0.023952	0.17413	1	0	0	0	1	0	0	0	1
4.405	0.30926	0.02396	0.17416	1	0	0	0	1	0	0	0	1
4.41	0.30932	0.023983	0.17421	1	0	0	0	1	0	0	0	1
4.415	0.30932	0.023991	0.17424	1	0	0	0	1	0	0	0	1
4.42	0.30932	0.023992	0.17427	1	0	0	0	1	0	0	0	1
4.425	0.30932	0.02399	0.17429	1	0	0	0	1	0	0	0	1
4.43	0.30936	0.023997	0.17434	1	0	0	0	1	0	0	0	1
4.435	0.30939	0.023999	0.17437	1	0	0	0	1	0	0	0	1
4.44	0.30943	0.024005	0.17442	1	0	0	0	1	0	0	0	1
4.445	0.30945	0.024005	0.17445	1	0	0	0	1	0	0	0	1
4.45	0.30949	0.024014	0.17449	1	0	0	0	1	0	0	0	1
4.455	0.30951	0.024017	0.17451	1	0	0	0	1	0	0	0	1
4.46	0.30954	0.024024	0.17453	1	0	0	0	1	0	0	0	1
4.465	0.30958	0.024036	0.17454	1	0	0	0	1	0	0	0	1
4.47	0.30963	0.024052	0.17454	1	0	0	0	1	0	0	0	1
4.475	0.30966	0.024067	0.17452	1	0	0	0	1	0	0	0	1
4.48	0.30971	0.024089	0.1745	1	0	0	0	1	0	0	0	1
4.485	0.30977	0.024121	0.17447	1	0	0	0	1	0	0	0	1
4.49	0.30983	0.024152	0.17442	1	0	0	0	1	0	0	0	1
4.495	0.30994	0.024194	0.17438	1	0	0	0	1	0	0	0	1
4.5	0.30999	0.024225	0.17431	1	0	0	0	1	0	0	0	1
4.505	0.31007	0.024264	0.17425	1	0	0	0	1	0	0	0	1
4.51	0.31014	0.02431	0.1742	1	0	0	0	1	0	0	0	1
4.515	0.31022	0.024363	0.17415	1	0	0	0	1	0	0	0	1
4.52	0.31029	0.024407	0.17412	1	0	0	0	1	0	0	0	1
4.525	0.31034	0.024445	0.17407	1	0	0	0	1	0	0	0	1
4.53	0.31039	0.02449	0.17404	1	0	0	0	1	0	0	0	1
4.535	0.31045	0.024532	0.17403	1	0	0	0	1	0	0	0	1
4.54	0.31048	0.024569	0.174	1	0	0	0	1	0	0	0	1
4.545	0.31052	0.024605	0.17399	1	0	0	0	1	0	0	0	1
4.55	0.31056	0.024644	0.17397	1	0	0	0	1	0	0	0	1
4.555	0.3106	0.024683	0.17395	1	0	0	0	1	0	0	0	1
4.56	0.31064	0.02472	0.17394	1	0	0	0	1	0	0	0	1
4.565	0.31063	0.024742	0.1739	1	0	0	0	1	0	0	0	1
4.57	0.31065	0.024771	0.17389	1	0	0	0	1	0	0	0	1
4.575	0.31065	0.024795	0.17387	1	0	0	0	1	0	0	0	1
4.58	0.31068	0.024828	0.17384	1	0	0	0	1	0	0	0	1
4.585	0.31068	0.024854	0.17381	1	0	0	0	1	0	0	0	1
4.59	0.31067	0.024884	0.17377	1	0	0	0	1	0	0	0	1
4.595	0.31067	0.024912	0.17372	1	0	0	0	1	0	0	0	1
4.6	0.31067	0.024941	0.17367	1	0	0	0	1	0	0	0	1
4.605	0.31066	0.024971	0.17362	1	0	0	0	1	0	0	0	1
4.61	0.31063	0.024994	0.17354	1	0	0	0	1	0	0	0	1
4.615	0.31061	0.025018	0.17347	1	0	0	0	1	0	0	0	1
4.62	0.31063	0.025051	0.17342	1	0	0	0	1	0	0	0	1
4.625	0.31061	0.025074	0.17336	1	0	0	0	1	0	0	0	1
4.63	0.3106	0.025097	0.1733	1	0	0	0	1	0	0	0	1
4.635	0.31059	0.025114	0.17325	1	0	0	0	1	0	0	0	1
4.64	0.31058	0.025132	0.17319	1	0	0	0	1	0	0	0	1
4.645	0.31056	0.025144	0.17314	1	0	0	0	1	0	0	0	1
4.65	0.31056	0.025165	0.17309	1	0	0	0	1	0	0	0	1
4.655	0.31054	0.025183	0.17303	1	0	0	0	1	0	0	0	1
4.66	0.31053	0.025199	0.17298	1	0	0	0	1	0	0	0	1
4.665	0.31054	0.025225	0.17295	1	0	0	0	1	0	0	0	1
4.67	0.31053	0.025245	0.1729	1	0	0	0	1	0	0	0	1
4.675	0.31053	0.025266	0.17285	1	0	0	0	1	0	0	0	1
4.68	0.31054	0.02529	0.17281	1	0	0	0	1	0	0	0	1
4.685	0.31055	0.025311	0.17277	1	0	0	0	1	0	0	0	1
4.69	0.31054	0.02533	0.17272	1	0	0	0	1	0	0	0	1
4.695	0.31059	0.025366	0.17269	1	0	0	0	1	0	0	0	1
4.7	0.3106	0.025394	0.17265	1	0	0	0	1	0	0	0	1
4.705	0.31058	0.025418	0.17259	1	0	0	0	1	0	0	0	1
4.71	0.31056	0.02544	0.17253	1	0	0	0	1	0	0	0	1
4.715	0.31056	0.025467	0.17247	1	0	0	0	1	0	0	0	1
4.72	0.31055	0.025493	0.17241	1	0	0	0	1	0	0	0	1
4.725	0.31056	0.025534	0.17235	1	0	0	0	1	0	0	0	1
4.73	0.31057	0.02557	0.17228	1	0	0	0	1	0	0	0	1
4.735	0.31055	0.025604	0.1722	1	0	0	0	1	0	0	0	1
4.74	0.31053	0.025632	0.17212	1	0	0	0	1	0	0	0	1
4.745	0.31052	0.025668	0.17205	1	0	0	0	1	0	0	0	1
4.75	0.31051	0.025698	0.17198	1	0	0	0	1	0	0	0	1
4.755	0.3105	0.025724	0.1719	1	0	0	0	1	0	0	0	1
4.76	0.3105	0.025759	0.17183	1	0	0	0	1	0	0	0	1
4.765	0.31047	0.02578	0.17175	1	0	0	0	1	0	0	0	1
4.77	0.31047	0.025809	0.17169	1	0	0	0	1	0	0	0	1
4.775	0.31046	0.025835	0.17162	1	0	0	0	1	0	0	0	1
4.78	0.31045	0.02586	0.17156	1	0	0	0	1	0	0	0	1
4.785	0.31046	0.025887	0.1715	1	0	0	0	1	0	0	0	1
4.79	0.31044	0.025908	0.17143	1	0	0	0	1	0	0	0	1
4.795	0.31042	0.025931	0.17136	1	0	0	0	1	0	0	0	1
4.8	0.31041	0.025959	0.1713	1	0	0	0	1	0	0	0	1
4.805	0.31043	0.025993	0.17125	1	0	0	0	1	0	0	0	1
4.81	0.3104	0.026014	0.17118	1	0	0	0	1	0	0	0	1
4.815	0.31042	0.026045	0.17113	1	0	0	0	1	0	0	0	1
4.82	0.3104	0.026065	0.17107	1	0	0	0	1	0	0	0	1
4.825	0.31039	0.026089	0.17101	1	0	0	0	1	0	0	0	1
4.83	0.31039	0.026115	0.17096	1	0	0	0	1	0	0	0	1
4.835	0.31036	0.026127	0.17089	1	0	0	0	1	0	0	0	1
4.84	0.31036	0.026148	0.17084	1	0	0	0	1	0	0	0	1
4.845	0.31035	0.026169	0.17079	1	0	0	0	1	0	0	0	1
4.85	0.31036	0.026191	0.17075	1	0	0	0	1	0	0	0	1
4.855	0.31037	0.026217	0.17071	1	0	0	0	1	0	0	0	1
4.86	0.31035	0.026226	0.17065	1	0	0	0	1	0	0	0	1
4.865	0.31034	0.026243	0.1706	1	0	0	0	1	0	0	0	1
4.87	0.31034	0.02626	0.17055	1	0	0	0	1	0	0	0	1
4.875	0.31034	0.026275	0.17049	1	0	0	0	1	0	0	0	1
4.88	0.31037	0.026295	0.17045	1	0	0	0	1	0	0	0	1
4.885	0.31037	0.026302	0.17039	1	0	0	0	1	0	0	0	1
4.89	0.31037	0.026319	0.17033	1	0	0	0	1	0	0	0	1
4.895	0.31034	0.026321	0.17025	1	0	0	0	1	0	0	0	1
4.9	0.31034	0.02633	0.1702	1	0	0	0	1	0	0	0	1
4.905	0.31033	0.026339	0.17015	1	0	0	0	1	0	0	0	1
4.91	0.31029	0.026338	0.17009	1	0	0	0	1	0	0	0	1
4.915	0.3103	0.026353	0.17005	1	0	0	0	1	0	0	0	1
4.92	0.31031	0.026365	0.17002	1	0	0	0	1	0	0	0	1
4.925	0.3103	0.026369	0.16997	1	0	0	0	1	0	0	0	1
4.93	0.31028	0.026369	0.16994	1	0	0	0	1	0	0	0	1
4.935	0.31028	0.026373	0.16992	1	0	0	0	1	0	0	0	1
4.94	0.31026	0.026367	0.16989	1	0	0	0	1	0	0	0	1
4.945	0.31023	0.026358	0.16986	1	0	0	0	1	0	0	0	1
4.95	0.31021	0.026354	0.16983	1	0	0	0	1	0	0	0	1
4.955	0.3102	0.026355	0.16982	1	0	0	0	1	0	0	0	1
4.96	0.31013	0.026341	0.16978	1	0	0	0	1	0	0	0	1
4.965	0.31015	0.02635	0.16977	1	0	0	0	1	0	0	0	1
4.97	0.31011	0.026341	0.16975	1	0	0	0	1	0	0	0	1
4.975	0.31007	0.026333	0.16973	1	0	0	0	1	0	0	0	1
4.98	0.31006	0.026332	0.16971	1	0	0	0	1	0	0	0	1
4.985	0.31002	0.026327	0.16969	1	0	0	0	1	0	0	0	1
4.99	0.31001	0.026323	0.16969	1	0	0	0	1	0	0	0	1
4.995	0.30998	0.026314	0.16967	1	0	0	0	1	0	0	0	1
