0.005	-0.54903	0.063822	0.12734	1	0	0	0	1	0	0	0	1
0.01	-0.54906	0.063808	0.12734	1	0	0	0	1	0	0	0	1
0.015	-0.5491	0.06379	0.12732	1	0	0	0	1	0	0	0	1
0.02	-0.54898	0.063811	0.12735	1	0	0	0	1	0	0	0	1
0.025	-0.54896	0.06381	0.12736	1	0	0	0	1	0	0	0	1
0.03	-0.54903	0.063794	0.12734	1	0	0	0	1	0	0	0	1
0.035	-0.54909	0.063773	0.12731	1	0	0	0	1	0	0	0	1
0.04	-0.54911	0.063767	0.12731	1	0	0	0	1	0	0	0	1
0.045	-0.54905	0.063786	0.12734	1	0	0	0	1	0	0	0	1
0.05	-0.549	0.063785	0.12735	1	0	0	0	1	0	0	0	1
0.055	-0.54898	0.063777	0.12737	1	0	0	0	1	0	0	0	1
0.06	-0.54904	0.06376	0.12736	1	0	0	0	1	0	0	0	1
0.065	-0.54895	0.063783	0.12739	1	0	0	0	1	0	0	0	1
0.07	-0.54907	0.063743	0.12735	1	0	0	0	1	0	0	0	1
0.075	-0.54912	0.06372	0.12735	1	0	0	0	1	0	0	0	1
0.08	-0.54908	0.063721	0.12737	1	0	0	0	1	0	0	0	1
0.085	-0.54911	0.06371	0.12736	1	0	0	0	1	0	0	0	1
0.09	-0.54906	0.063712	0.12738	1	0	0	0	1	0	0	0	1
0.095	-0.54899	0.063733	0.12742	1	0	0	0	1	0	0	0	1
0.1	-0.54898	0.063732	0.12742	1	0	0	0	1	0	0	0	1
0.105	-0.54901	0.063719	0.12742	1	0	0	0	1	0	0	0	1
0.11	-0.54908	0.063699	0.1274	1	0	0	0	1	0	0	0	1
0.115	-0.54918	0.063669	0.12737	1	0	0	0	1	0	0	0	1
0.12	-0.54922	0.063652	0.12736	1	0	0	0	1	0	0	0	1
0.125	-0.54924	0.063645	0.12736	1	0	0	0	1	0	0	0	1
0.13	-0.54923	0.063642	0.12735	1	0	0	0	1	0	0	0	1
0.135	-0.54925	0.063632	0.12734	1	0	0	0	1	0	0	0	1
0.14	-0.5491	0.06366	0.1274	1	0	0	0	1	0	0	0	1
0.145	-0.54927	0.063618	0.12735	1	0	0	0	1	0	0	0	1
0.15	-0.54913	0.063647	0.12741	1	0	0	0	1	0	0	0	1
0.155	-0.54907	0.063648	0.12744	1	0	0	0	1	0	0	0	1
0.16	-0.54903	0.063648	0.12745	1	0	0	0	1	0	0	0	1
0.165	-0.54921	0.063599	0.12739	1	0	0	0	1	0	0	0	1
0.17	-0.5492	0.063596	0.1274	1	0	0	0	1	0	0	0	1
0.175	-0.54924	0.063585	0.1274	1	0	0	0	1	0	0	0	1
0.18	-0.54928	0.063572	0.12739	1	0	0	0	1	0	0	0	1
0.185	-0.54928	0.063562	0.12739	1	0	0	0	1	0	0	0	1
0.19	-0.54935	0.063544	0.12737	1	0	0	0	1	0	0	0	1
0.195	-0.54918	0.063579	0.12744	1	0	0	0	1	0	0	0	1
0.2	-0.54934	0.063528	0.1274	1	0	0	0	1	0	0	0	1
0.205	-0.54934	0.063523	0.12741	1	0	0	0	1	0	0	0	1
0.21	-0.54922	0.06355	0.12745	1	0	0	0	1	0	0	0	1
0.215	-0.54934	0.063523	0.12742	1	0	0	0	1	0	0	0	1
0.22	-0.54932	0.063524	0.12743	1	0	0	0	1	0	0	0	1
0.225	-0.54922	0.06355	0.12747	1	0	0	0	1	0	0	0	1
0.23	-0.54929	0.063532	0.12746	1	0	0	0	1	0	0	0	1
0.235	-0.54946	0.063499	0.1274	1	0	0	0	1	0	0	0	1
0.24	-0.54922	0.063551	0.12747	1	0	0	0	1	0	0	0	1
0.245	-0.54919	0.063558	0.12747	1	0	0	0	1	0	0	0	1
0.25	-0.54918	0.06355	0.12747	1	0	0	0	1	0	0	0	1
0.255	-0.54917	0.063538	0.12748	1	0	0	0	1	0	0	0	1
0.26	-0.54912	0.06354	0.12748	1	0	0	0	1	0	0	0	1
0.265	-0.54932	0.063503	0.12741	1	0	0	0	1	0	0	0	1
0.27	-0.54927	0.063501	0.12742	1	0	0	0	1	0	0	0	1
0.275	-0.54933	0.063475	0.12739	1	0	0	0	1	0	0	0	1
0.28	-0.5493	0.063481	0.1274	1	0	0	0	1	0	0	0	1
0.285	-0.54933	0.063465	0.12738	1	0	0	0	1	0	0	0	1
0.29	-0.54925	0.063482	0.12741	1	0	0	0	1	0	0	0	1
0.295	-0.54925	0.063476	0.12741	1	0	0	0	1	0	0	0	1
0.3	-0.54926	0.063466	0.12741	1	0	0	0	1	0	0	0	1
0.305	-0.5493	0.06345	0.12739	1	0	0	0	1	0	0	0	1
0.31	-0.54925	0.063458	0.12741	1	0	0	0	1	0	0	0	1
0.315	-0.54934	0.063428	0.12738	1	0	0	0	1	0	0	0	1
0.32	-0.54927	0.063435	0.12739	1	0	0	0	1	0	0	0	1
0.325	-0.54921	0.063435	0.12741	1	0	0	0	1	0	0	0	1
0.33	-0.54918	0.063428	0.12742	1	0	0	0	1	0	0	0	1
0.335	-0.54915	0.063434	0.12743	1	0	0	0	1	0	0	0	1
0.34	-0.54917	0.063419	0.12742	1	0	0	0	1	0	0	0	1
0.345	-0.54917	0.063405	0.12741	1	0	0	0	1	0	0	0	1
0.35	-0.54915	0.063405	0.12741	1	0	0	0	1	0	0	0	1
0.355	-0.54913	0.063407	0.12742	1	0	0	0	1	0	0	0	1
0.36	-0.54912	0.063407	0.12742	1	0	0	0	1	0	0	0	1
0.365	-0.54921	0.063379	0.12738	1	0	0	0	1	0	0	0	1
0.37	-0.54897	0.063439	0.12745	1	0	0	0	1	0	0	0	1
0.375	-0.5492	0.063383	0.12737	1	0	0	0	1	0	0	0	1
0.38	-0.54911	0.063407	0.12739	1	0	0	0	1	0	0	0	1
0.385	-0.54911	0.063399	0.12737	1	0	0	0	1	0	0	0	1
0.39	-0.5491	0.063404	0.12736	1	0	0	0	1	0	0	0	1
0.395	-0.54909	0.06341	0.12735	1	0	0	0	1	0	0	0	1
0.4	-0.54903	0.063422	0.12735	1	0	0	0	1	0	0	0	1
0.405	-0.54897	0.063436	0.12736	1	0	0	0	1	0	0	0	1
0.41	-0.54905	0.063414	0.12732	1	0	0	0	1	0	0	0	1
0.415	-0.54896	0.063424	0.12733	1	0	0	0	1	0	0	0	1
0.42	-0.5489	0.063435	0.12734	1	0	0	0	1	0	0	0	1
0.425	-0.54897	0.063416	0.12729	1	0	0	0	1	0	0	0	1
0.43	-0.54888	0.063439	0.12731	1	0	0	0	1	0	0	0	1
0.435	-0.54894	0.063429	0.12727	1	0	0	0	1	0	0	0	1
0.44	-0.54895	0.063428	0.12725	1	0	0	0	1	0	0	0	1
0.445	-0.54902	0.063397	0.1272	1	0	0	0	1	0	0	0	1
0.45	-0.54888	0.063435	0.12724	1	0	0	0	1	0	0	0	1
0.455	-0.54891	0.063435	0.12721	1	0	0	0	1	0	0	0	1
0.46	-0.54893	0.063423	0.12719	1	0	0	0	1	0	0	0	1
0.465	-0.54892	0.063434	0.12719	1	0	0	0	1	0	0	0	1
0.47	-0.54891	0.063437	0.12719	1	0	0	0	1	0	0	0	1
0.475	-0.54887	0.063458	0.12719	1	0	0	0	1	0	0	0	1
0.48	-0.54891	0.063458	0.12718	1	0	0	0	1	0	0	0	1
0.485	-0.54893	0.063455	0.12718	1	0	0	0	1	0	0	0	1
0.49	-0.54894	0.063452	0.12718	1	0	0	0	1	0	0	0	1
0.495	-0.54889	0.063472	0.1272	1	0	0	0	1	0	0	0	1
0.5	-0.54892	0.063475	0.12717	1	0	0	0	1	0	0	0	1
0.505	-0.54895	0.063471	0.12716	1	0	0	0	1	0	0	0	1
0.51	-0.54902	0.063466	0.12714	1	0	0	0	1	0	0	0	1
0.515	-0.54905	0.063462	0.12713	1	0	0	0	1	0	0	0	1
0.52	-0.5491	0.063462	0.12712	1	0	0	0	1	0	0	0	1
0.525	-0.54902	0.063484	0.12715	1	0	0	0	1	0	0	0	1
0.53	-0.549	0.063488	0.12715	1	0	0	0	1	0	0	0	1
0.535	-0.54887	0.063526	0.12719	1	0	0	0	1	0	0	0	1
0.54	-0.54897	0.063502	0.12715	1	0	0	0	1	0	0	0	1
0.545	-0.54898	0.063502	0.12716	1	0	0	0	1	0	0	0	1
0.55	-0.54897	0.063505	0.12715	1	0	0	0	1	0	0	0	1
0.555	-0.54897	0.063509	0.12716	1	0	0	0	1	0	0	0	1
0.56	-0.54893	0.063534	0.12718	1	0	0	0	1	0	0	0	1
0.565	-0.54898	0.063521	0.12716	1	0	0	0	1	0	0	0	1
0.57	-0.54893	0.063527	0.12717	1	0	0	0	1	0	0	0	1
0.575	-0.54891	0.063535	0.12718	1	0	0	0	1	0	0	0	1
0.58	-0.54886	0.063545	0.12721	1	0	0	0	1	0	0	0	1
0.585	-0.54908	0.063504	0.12714	1	0	0	0	1	0	0	0	1
0.59	-0.54904	0.06351	0.12715	1	0	0	0	1	0	0	0	1
0.595	-0.54904	0.063515	0.12715	1	0	0	0	1	0	0	0	1
0.6	-0.54905	0.063519	0.12716	1	0	0	0	1	0	0	0	1
0.605	-0.54909	0.063507	0.12715	1	0	0	0	1	0	0	0	1
0.61	-0.54918	0.063489	0.12712	1	0	0	0	1	0	0	0	1
0.615	-0.54908	0.063515	0.12716	1	0	0	0	1	0	0	0	1
0.62	-0.54913	0.063507	0.12715	1	0	0	0	1	0	0	0	1
0.625	-0.54901	0.063537	0.1272	1	0	0	0	1	0	0	0	1
0.63	-0.54907	0.063528	0.12719	1	0	0	0	1	0	0	0	1
0.635	-0.54905	0.06352	0.1272	1	0	0	0	1	0	0	0	1
0.64	-0.54906	0.063516	0.12719	1	0	0	0	1	0	0	0	1
0.645	-0.54917	0.063502	0.12716	1	0	0	0	1	0	0	0	1
0.65	-0.54909	0.06353	0.1272	1	0	0	0	1	0	0	0	1
0.655	-0.54913	0.063512	0.12718	1	0	0	0	1	0	0	0	1
0.66	-0.54919	0.063498	0.12716	1	0	0	0	1	0	0	0	1
0.665	-0.54907	0.063533	0.12721	1	0	0	0	1	0	0	0	1
0.67	-0.54913	0.06351	0.12719	1	0	0	0	1	0	0	0	1
0.675	-0.54917	0.063493	0.12718	1	0	0	0	1	0	0	0	1
0.68	-0.54918	0.063497	0.12717	1	0	0	0	1	0	0	0	1
0.685	-0.54923	0.063483	0.12717	1	0	0	0	1	0	0	0	1
0.69	-0.54919	0.063497	0.12718	1	0	0	0	1	0	0	0	1
0.695	-0.54926	0.063473	0.12717	1	0	0	0	1	0	0	0	1
0.7	-0.54923	0.063472	0.12718	1	0	0	0	1	0	0	0	1
0.705	-0.54908	0.063506	0.12723	1	0	0	0	1	0	0	0	1
0.71	-0.54918	0.063477	0.1272	1	0	0	0	1	0	0	0	1
0.715	-0.54915	0.063476	0.12721	1	0	0	0	1	0	0	0	1
0.72	-0.54907	0.063489	0.12724	1	0	0	0	1	0	0	0	1
0.725	-0.54904	0.063493	0.12725	1	0	0	0	1	0	0	0	1
0.73	-0.54919	0.063452	0.12719	1	0	0	0	1	0	0	0	1
0.735	-0.54913	0.063468	0.12721	1	0	0	0	1	0	0	0	1
0.74	-0.5491	0.063464	0.12721	1	0	0	0	1	0	0	0	1
0.745	-0.54919	0.063439	0.12718	1	0	0	0	1	0	0	0	1
0.75	-0.54917	0.06344	0.1272	1	0	0	0	1	0	0	0	1
0.755	-0.54916	0.06343	0.1272	1	0	0	0	1	0	0	0	1
0.76	-0.54914	0.063435	0.12722	1	0	0	0	1	0	0	0	1
0.765	-0.54916	0.06343	0.12723	1	0	0	0	1	0	0	0	1
0.77	-0.5492	0.063414	0.12722	1	0	0	0	1	0	0	0	1
0.775	-0.5491	0.063427	0.12726	1	0	0	0	1	0	0	0	1
0.78	-0.54922	0.063389	0.12721	1	0	0	0	1	0	0	0	1
0.785	-0.54905	0.063439	0.12728	1	0	0	0	1	0	0	0	1
0.79	-0.5491	0.063436	0.12726	1	0	0	0	1	0	0	0	1
0.795	-0.54919	0.06341	0.12723	1	0	0	0	1	0	0	0	1
0.8	-0.54912	0.063413	0.12726	1	0	0	0	1	0	0	0	1
0.805	-0.54914	0.063407	0.12726	1	0	0	0	1	0	0	0	1
0.81	-0.54918	0.063399	0.12725	1	0	0	0	1	0	0	0	1
0.815	-0.54909	0.063415	0.12729	1	0	0	0	1	0	0	0	1
0.82	-0.54915	0.063398	0.12727	1	0	0	0	1	0	0	0	1
0.825	-0.54911	0.063405	0.12727	1	0	0	0	1	0	0	0	1
0.83	-0.54906	0.063405	0.12729	1	0	0	0	1	0	0	0	1
0.835	-0.54903	0.063411	0.1273	1	0	0	0	1	0	0	0	1
0.84	-0.5489	0.06343	0.12735	1	0	0	0	1	0	0	0	1
0.845	-0.5491	0.063382	0.12727	1	0	0	0	1	0	0	0	1
0.85	-0.54905	0.063393	0.12728	1	0	0	0	1	0	0	0	1
0.855	-0.54908	0.063382	0.12726	1	0	0	0	1	0	0	0	1
0.86	-0.54904	0.063387	0.12728	1	0	0	0	1	0	0	0	1
0.865	-0.54909	0.063364	0.12725	1	0	0	0	1	0	0	0	1
0.87	-0.54885	0.063412	0.12733	1	0	0	0	1	0	0	0	1
0.875	-0.54892	0.063393	0.12731	1	0	0	0	1	0	0	0	1
0.88	-0.54888	0.063394	0.12732	1	0	0	0	1	0	0	0	1
0.885	-0.54891	0.063376	0.12732	1	0	0	0	1	0	0	0	1
0.89	-0.549	0.063333	0.12729	1	0	0	0	1	0	0	0	1
0.895	-0.54889	0.063345	0.12733	1	0	0	0	1	0	0	0	1
0.9	-0.54882	0.063361	0.12735	1	0	0	0	1	0	0	0	1
0.905	-0.54877	0.063348	0.12736	1	0	0	0	1	0	0	0	1
0.91	-0.54881	0.06332	0.12735	1	0	0	0	1	0	0	0	1
0.915	-0.54871	0.063328	0.12737	1	0	0	0	1	0	0	0	1
0.92	-0.54856	0.063353	0.12743	1	0	0	0	1	0	0	0	1
0.925	-0.5486	0.063323	0.1274	1	0	0	0	1	0	0	0	1
0.93	-0.54867	0.063286	0.12737	1	0	0	0	1	0	0	0	1
0.935	-0.54857	0.063292	0.12741	1	0	0	0	1	0	0	0	1
0.94	-0.54855	0.063287	0.12742	1	0	0	0	1	0	0	0	1
0.945	-0.54856	0.063265	0.12742	1	0	0	0	1	0	0	0	1
0.95	-0.54848	0.063269	0.12744	1	0	0	0	1	0	0	0	1
0.955	-0.54838	0.063289	0.12747	1	0	0	0	1	0	0	0	1
0.96	-0.54834	0.063288	0.12748	1	0	0	0	1	0	0	0	1
0.965	-0.54839	0.063249	0.12745	1	0	0	0	1	0	0	0	1
0.97	-0.54833	0.063252	0.12746	1	0	0	0	1	0	0	0	1
0.975	-0.54821	0.063268	0.12751	1	0	0	0	1	0	0	0	1
0.98	-0.54825	0.063244	0.12749	1	0	0	0	1	0	0	0	1
0.985	-0.54818	0.063253	0.12751	1	0	0	0	1	0	0	0	1
0.99	-0.54821	0.063232	0.1275	1	0	0	0	1	0	0	0	1
0.995	-0.54807	0.063257	0.12754	1	0	0	0	1	0	0	0	1
1	-0.54808	0.063235	0.12752	1	0	0	0	1	0	0	0	1
1.005	-0.54793	0.063244	0.12756	1	0	0	0	1	0	0	0	1
1.01	-0.54801	0.063211	0.12752	1	0	0	0	1	0	0	0	1
1.015	-0.54797	0.063201	0.12753	1	0	0	0	1	0	0	0	1
1.02	-0.54783	0.063225	0.12759	1	0	0	0	1	0	0	0	1
1.025	-0.54783	0.063206	0.1276	1	0	0	0	1	0	0	0	1
1.03	-0.54777	0.063185	0.12761	1	0	0	0	1	0	0	0	1
1.035	-0.54765	0.063183	0.12766	1	0	0	0	1	0	0	0	1
1.04	-0.54749	0.063195	0.12774	1	0	0	0	1	0	0	0	1
1.045	-0.54748	0.063178	0.12775	1	0	0	0	1	0	0	0	1
1.05	-0.54741	0.063172	0.12778	1	0	0	0	1	0	0	0	1
1.055	-0.54735	0.063157	0.12781	1	0	0	0	1	0	0	0	1
1.06	-0.54736	0.063128	0.12782	1	0	0	0	1	0	0	0	1
1.065	-0.54731	0.063121	0.12785	1	0	0	0	1	0	0	0	1
1.07	-0.5472	0.063113	0.1279	1	0	0	0	1	0	0	0	1
1.075	-0.54727	0.063064	0.1279	1	0	0	0	1	0	0	0	1
1.08	-0.54726	0.063024	0.1279	1	0	0	0	1	0	0	0	1
1.085	-0.54712	0.063029	0.12795	1	0	0	0	1	0	0	0	1
1.09	-0.54713	0.062982	0.12795	1	0	0	0	1	0	0	0	1
1.095	-0.54704	0.062965	0.12798	1	0	0	0	1	0	0	0	1
1.1	-0.54694	0.062944	0.12802	1	0	0	0	1	0	0	0	1
1.105	-0.54691	0.062914	0.12801	1	0	0	0	1	0	0	0	1
1.11	-0.54629	0.063125	0.1281	1	0	0	0	1	0	0	0	1
1.115	-0.54622	0.063105	0.12809	1	0	0	0	1	0	0	0	1
1.12	-0.54618	0.063081	0.12808	1	0	0	0	1	0	0	0	1
1.125	-0.54616	0.063049	0.12809	1	0	0	0	1	0	0	0	1
1.13	-0.54613	0.063015	0.12808	1	0	0	0	1	0	0	0	1
1.135	-0.54605	0.062998	0.12811	1	0	0	0	1	0	0	0	1
1.14	-0.54603	0.062974	0.12809	1	0	0	0	1	0	0	0	1
1.145	-0.546	0.062958	0.12809	1	0	0	0	1	0	0	0	1
1.15	-0.54593	0.062933	0.12809	1	0	0	0	1	0	0	0	1
1.155	-0.54589	0.062917	0.12811	1	0	0	0	1	0	0	0	1
1.16	-0.54587	0.062902	0.12809	1	0	0	0	1	0	0	0	1
1.165	-0.54582	0.062895	0.12811	1	0	0	0	1	0	0	0	1
1.17	-0.5458	0.062882	0.12813	1	0	0	0	1	0	0	0	1
1.175	-0.54578	0.062868	0.12812	1	0	0	0	1	0	0	0	1
1.18	-0.54574	0.062847	0.12816	1	0	0	0	1	0	0	0	1
1.185	-0.5457	0.062821	0.12816	1	0	0	0	1	0	0	0	1
1.19	-0.54565	0.062805	0.12815	1	0	0	0	1	0	0	0	1
1.195	-0.54564	0.062781	0.12815	1	0	0	0	1	0	0	0	1
1.2	-0.54561	0.062758	0.12818	1	0	0	0	1	0	0	0	1
1.205	-0.54559	0.062743	0.12817	1	0	0	0	1	0	0	0	1
1.21	-0.54556	0.062726	0.12819	1	0	0	0	1	0	0	0	1
1.215	-0.54554	0.062708	0.1282	1	0	0	0	1	0	0	0	1
1.22	-0.54552	0.062685	0.12822	1	0	0	0	1	0	0	0	1
1.225	-0.54549	0.062664	0.12823	1	0	0	0	1	0	0	0	1
1.23	-0.54545	0.062647	0.12822	1	0	0	0	1	0	0	0	1
1.235	-0.54537	0.062648	0.12824	1	0	0	0	1	0	0	0	1
1.24	-0.54531	0.062644	0.12822	1	0	0	0	1	0	0	0	1
1.245	-0.54528	0.062645	0.12823	1	0	0	0	1	0	0	0	1
1.25	-0.54525	0.062624	0.12823	1	0	0	0	1	0	0	0	1
1.255	-0.54517	0.062622	0.12821	1	0	0	0	1	0	0	0	1
1.26	-0.5451	0.062614	0.12822	1	0	0	0	1	0	0	0	1
1.265	-0.54504	0.06261	0.1282	1	0	0	0	1	0	0	0	1
1.27	-0.54503	0.062612	0.12821	1	0	0	0	1	0	0	0	1
1.275	-0.54498	0.062617	0.1282	1	0	0	0	1	0	0	0	1
1.28	-0.54496	0.062614	0.1282	1	0	0	0	1	0	0	0	1
1.285	-0.54491	0.06262	0.1282	1	0	0	0	1	0	0	0	1
1.29	-0.54488	0.062631	0.12821	1	0	0	0	1	0	0	0	1
1.295	-0.54486	0.062622	0.12823	1	0	0	0	1	0	0	0	1
1.3	-0.54481	0.062626	0.12821	1	0	0	0	1	0	0	0	1
1.305	-0.54476	0.062643	0.12823	1	0	0	0	1	0	0	0	1
1.31	-0.54472	0.06265	0.12824	1	0	0	0	1	0	0	0	1
1.315	-0.54463	0.062665	0.12824	1	0	0	0	1	0	0	0	1
1.32	-0.54457	0.062687	0.12824	1	0	0	0	1	0	0	0	1
1.325	-0.5445	0.062723	0.12821	1	0	0	0	1	0	0	0	1
1.33	-0.54442	0.062758	0.12818	1	0	0	0	1	0	0	0	1
1.335	-0.54435	0.062788	0.12815	1	0	0	0	1	0	0	0	1
1.34	-0.54425	0.062828	0.12811	1	0	0	0	1	0	0	0	1
1.345	-0.54413	0.062863	0.12806	1	0	0	0	1	0	0	0	1
1.35	-0.54407	0.062894	0.128	1	0	0	0	1	0	0	0	1
1.355	-0.544	0.062927	0.12793	1	0	0	0	1	0	0	0	1
1.36	-0.54389	0.062953	0.12787	1	0	0	0	1	0	0	0	1
1.365	-0.54379	0.062978	0.12778	1	0	0	0	1	0	0	0	1
1.37	-0.54378	0.06299	0.12767	1	0	0	0	1	0	0	0	1
1.375	-0.54375	0.062998	0.1276	1	0	0	0	1	0	0	0	1
1.38	-0.54366	0.063018	0.12753	1	0	0	0	1	0	0	0	1
1.385	-0.5436	0.063026	0.12745	1	0	0	0	1	0	0	0	1
1.39	-0.54352	0.063033	0.12742	1	0	0	0	1	0	0	0	1
1.395	-0.54348	0.063021	0.12734	1	0	0	0	1	0	0	0	1
1.4	-0.54342	0.063016	0.1273	1	0	0	0	1	0	0	0	1
1.405	-0.54335	0.063003	0.12727	1	0	0	0	1	0	0	0	1
1.41	-0.54325	0.063001	0.12725	1	0	0	0	1	0	0	0	1
1.415	-0.54318	0.062986	0.12722	1	0	0	0	1	0	0	0	1
1.42	-0.54314	0.06299	0.1272	1	0	0	0	1	0	0	0	1
1.425	-0.54303	0.062992	0.12719	1	0	0	0	1	0	0	0	1
1.43	-0.54295	0.063	0.12716	1	0	0	0	1	0	0	0	1
1.435	-0.54288	0.063003	0.12714	1	0	0	0	1	0	0	0	1
1.44	-0.54282	0.063009	0.12713	1	0	0	0	1	0	0	0	1
1.445	-0.54273	0.063037	0.12711	1	0	0	0	1	0	0	0	1
1.45	-0.54265	0.063069	0.12709	1	0	0	0	1	0	0	0	1
1.455	-0.54256	0.063104	0.12705	1	0	0	0	1	0	0	0	1
1.46	-0.54248	0.063134	0.12702	1	0	0	0	1	0	0	0	1
1.465	-0.54241	0.063166	0.127	1	0	0	0	1	0	0	0	1
1.47	-0.54233	0.063214	0.12694	1	0	0	0	1	0	0	0	1
1.475	-0.54224	0.06326	0.12692	1	0	0	0	1	0	0	0	1
1.48	-0.54216	0.063296	0.12686	1	0	0	0	1	0	0	0	1
1.485	-0.54208	0.063335	0.12683	1	0	0	0	1	0	0	0	1
1.49	-0.54202	0.063368	0.12679	1	0	0	0	1	0	0	0	1
1.495	-0.54194	0.063405	0.12674	1	0	0	0	1	0	0	0	1
1.5	-0.54189	0.06345	0.12671	1	0	0	0	1	0	0	0	1
1.505	-0.54183	0.0635	0.12667	1	0	0	0	1	0	0	0	1
1.51	-0.54172	0.063567	0.12665	1	0	0	0	1	0	0	0	1
1.515	-0.54167	0.063613	0.12662	1	0	0	0	1	0	0	0	1
1.52	-0.54163	0.063656	0.12659	1	0	0	0	1	0	0	0	1
1.525	-0.54153	0.063712	0.12654	1	0	0	0	1	0	0	0	1
1.53	-0.54148	0.063762	0.1265	1	0	0	0	1	0	0	0	1
1.535	-0.54144	0.063795	0.12646	1	0	0	0	1	0	0	0	1
1.54	-0.54135	0.063832	0.12643	1	0	0	0	1	0	0	0	1
1.545	-0.54129	0.063861	0.1264	1	0	0	0	1	0	0	0	1
1.55	-0.54124	0.063882	0.12635	1	0	0	0	1	0	0	0	1
1.555	-0.54125	0.063897	0.12633	1	0	0	0	1	0	0	0	1
1.56	-0.54123	0.063931	0.12633	1	0	0	0	1	0	0	0	1
1.565	-0.54118	0.063978	0.12631	1	0	0	0	1	0	0	0	1
1.57	-0.54115	0.064016	0.12631	1	0	0	0	1	0	0	0	1
1.575	-0.54111	0.064084	0.1263	1	0	0	0	1	0	0	0	1
1.58	-0.54109	0.064157	0.12629	1	0	0	0	1	0	0	0	1
1.585	-0.54105	0.064249	0.12631	1	0	0	0	1	0	0	0	1
1.59	-0.54102	0.064351	0.1263	1	0	0	0	1	0	0	0	1
1.595	-0.54098	0.064466	0.12627	1	0	0	0	1	0	0	0	1
1.6	-0.54095	0.064588	0.12624	1	0	0	0	1	0	0	0	1
1.605	-0.54089	0.064711	0.12622	1	0	0	0	1	0	0	0	1
1.61	-0.54081	0.064822	0.12615	1	0	0	0	1	0	0	0	1
1.615	-0.54075	0.064935	0.12605	1	0	0	0	1	0	0	0	1
1.62	-0.54071	0.065071	0.12595	1	0	0	0	1	0	0	0	1
1.625	-0.5407	0.065198	0.12583	1	0	0	0	1	0	0	0	1
1.63	-0.54066	0.065331	0.1257	1	0	0	0	1	0	0	0	1
1.635	-0.54069	0.065452	0.12558	1	0	0	0	1	0	0	0	1
1.64	-0.54067	0.065578	0.12548	1	0	0	0	1	0	0	0	1
1.645	-0.54067	0.065706	0.12539	1	0	0	0	1	0	0	0	1
1.65	-0.54065	0.065835	0.12536	1	0	0	0	1	0	0	0	1
1.655	-0.54062	0.065946	0.12535	1	0	0	0	1	0	0	0	1
1.66	-0.54056	0.066066	0.12538	1	0	0	0	1	0	0	0	1
1.665	-0.54045	0.066217	0.12544	1	0	0	0	1	0	0	0	1
1.67	-0.5404	0.06638	0.12553	1	0	0	0	1	0	0	0	1
1.675	-0.54034	0.066581	0.12566	1	0	0	0	1	0	0	0	1
1.68	-0.54036	0.066791	0.1258	1	0	0	0	1	0	0	0	1
1.685	-0.54035	0.06703	0.12593	1	0	0	0	1	0	0	0	1
1.69	-0.54035	0.067276	0.12607	1	0	0	0	1	0	0	0	1
1.695	-0.54021	0.067537	0.12622	1	0	0	0	1	0	0	0	1
1.7	-0.54082	0.067572	0.12626	1	0	0	0	1	0	0	0	1
1.705	-0.54077	0.067842	0.12641	1	0	0	0	1	0	0	0	1
1.71	-0.54068	0.068178	0.12657	1	0	0	0	1	0	0	0	1
1.715	-0.5405	0.068564	0.12675	1	0	0	0	1	0	0	0	1
1.72	-0.54038	0.068899	0.1269	1	0	0	0	1	0	0	0	1
1.725	-0.54027	0.069178	0.12706	1	0	0	0	1	0	0	0	1
1.73	-0.54018	0.069463	0.12717	1	0	0	0	1	0	0	0	1
1.735	-0.53997	0.069806	0.1273	1	0	0	0	1	0	0	0	1
1.74	-0.53979	0.070136	0.12739	1	0	0	0	1	0	0	0	1
1.745	-0.53975	0.070388	0.12742	1	0	0	0	1	0	0	0	1
1.75	-0.53958	0.070629	0.12748	1	0	0	0	1	0	0	0	1
1.755	-0.53941	0.070893	0.12753	1	0	0	0	1	0	0	0	1
1.76	-0.53925	0.071191	0.12758	1	0	0	0	1	0	0	0	1
1.765	-0.53909	0.071507	0.12763	1	0	0	0	1	0	0	0	1
1.77	-0.53899	0.071795	0.12769	1	0	0	0	1	0	0	0	1
1.775	-0.53884	0.072078	0.12776	1	0	0	0	1	0	0	0	1
1.78	-0.53855	0.072401	0.12785	1	0	0	0	1	0	0	0	1
1.785	-0.53827	0.07277	0.12798	1	0	0	0	1	0	0	0	1
1.79	-0.53804	0.073156	0.12811	1	0	0	0	1	0	0	0	1
1.795	-0.53782	0.073595	0.12824	1	0	0	0	1	0	0	0	1
1.8	-0.53746	0.074064	0.1284	1	0	0	0	1	0	0	0	1
1.805	-0.53723	0.074507	0.12854	1	0	0	0	1	0	0	0	1
1.81	-0.53693	0.075058	0.12871	1	0	0	0	1	0	0	0	1
1.815	-0.53655	0.075621	0.12891	1	0	0	0	1	0	0	0	1
1.82	-0.53611	0.076192	0.12914	1	0	0	0	1	0	0	0	1
1.825	-0.53554	0.076878	0.12941	1	0	0	0	1	0	0	0	1
1.83	-0.53503	0.077543	0.1297	1	0	0	0	1	0	0	0	1
1.835	-0.53452	0.078247	0.12996	1	0	0	0	1	0	0	0	1
1.84	-0.53394	0.078989	0.13026	1	0	0	0	1	0	0	0	1
1.845	-0.53322	0.079704	0.13061	1	0	0	0	1	0	0	0	1
1.85	-0.53261	0.080442	0.13091	1	0	0	0	1	0	0	0	1
1.855	-0.53194	0.081161	0.13117	1	0	0	0	1	0	0	0	1
1.86	-0.53123	0.081892	0.13138	1	0	0	0	1	0	0	0	1
1.865	-0.53051	0.082673	0.13157	1	0	0	0	1	0	0	0	1
1.87	-0.52962	0.083429	0.13172	1	0	0	0	1	0	0	0	1
1.875	-0.52884	0.084214	0.1318	1	0	0	0	1	0	0	0	1
1.88	-0.52796	0.085041	0.13179	1	0	0	0	1	0	0	0	1
1.885	-0.52713	0.085827	0.13169	1	0	0	0	1	0	0	0	1
1.89	-0.52642	0.086624	0.13153	1	0	0	0	1	0	0	0	1
1.895	-0.52565	0.087415	0.13129	1	0	0	0	1	0	0	0	1
1.9	-0.525	0.088176	0.13097	1	0	0	0	1	0	0	0	1
1.905	-0.52423	0.088978	0.13068	1	0	0	0	1	0	0	0	1
1.91	-0.52357	0.08975	0.13033	1	0	0	0	1	0	0	0	1
1.915	-0.52283	0.090471	0.13003	1	0	0	0	1	0	0	0	1
1.92	-0.52232	0.091139	0.12963	1	0	0	0	1	0	0	0	1
1.925	-0.52183	0.091702	0.12922	1	0	0	0	1	0	0	0	1
1.93	-0.52148	0.092149	0.12877	1	0	0	0	1	0	0	0	1
1.935	-0.52104	0.092582	0.12835	1	0	0	0	1	0	0	0	1
1.94	-0.52066	0.092902	0.12797	1	0	0	0	1	0	0	0	1
1.945	-0.52044	0.093089	0.12754	1	0	0	0	1	0	0	0	1
1.95	-0.52032	0.093188	0.12714	1	0	0	0	1	0	0	0	1
1.955	-0.52011	0.093278	0.12682	1	0	0	0	1	0	0	0	1
1.96	-0.51991	0.093348	0.12653	1	0	0	0	1	0	0	0	1
1.965	-0.51987	0.093383	0.12621	1	0	0	0	1	0	0	0	1
1.97	-0.51992	0.093431	0.12593	1	0	0	0	1	0	0	0	1
1.975	-0.51997	0.093535	0.12566	1	0	0	0	1	0	0	0	1
1.98	-0.5199	0.093746	0.12548	1	0	0	0	1	0	0	0	1
1.985	-0.51964	0.094084	0.12537	1	0	0	0	1	0	0	0	1
1.99	-0.51924	0.094506	0.12529	1	0	0	0	1	0	0	0	1
1.995	-0.51834	0.095164	0.12554	1	0	0	0	1	0	0	0	1
2	-0.51795	0.0956	0.1255	1	0	0	0	1	0	0	0	1
2.005	-0.51761	0.096584	0.12544	1	0	0	0	1	0	0	0	1
2.01	-0.51679	0.098336	0.12566	1	0	0	0	1	0	0	0	1
2.015	-0.51584	0.099782	0.12596	1	0	0	0	1	0	0	0	1
2.02	-0.51565	0.10113	0.12632	1	0	0	0	1	0	0	0	1
2.025	-0.51482	0.10299	0.12672	1	0	0	0	1	0	0	0	1
2.03	-0.51343	0.1051	0.12736	1	0	0	0	1	0	0	0	1
2.035	-0.51147	0.10751	0.12828	1	0	0	0	1	0	0	0	1
2.04	-0.50994	0.11013	0.12907	1	0	0	0	1	0	0	0	1
2.045	-0.50859	0.11295	0.1298	1	0	0	0	1	0	0	0	1
2.05	-0.50625	0.11619	0.13095	1	0	0	0	1	0	0	0	1
2.055	-0.50417	0.11964	0.13198	1	0	0	0	1	0	0	0	1
2.06	-0.50115	0.12346	0.13335	1	0	0	0	1	0	0	0	1
2.065	-0.49753	0.12762	0.13496	1	0	0	0	1	0	0	0	1
2.07	-0.49424	0.13201	0.1364	1	0	0	0	1	0	0	0	1
2.075	-0.48993	0.13659	0.13815	1	0	0	0	1	0	0	0	1
2.08	-0.4855	0.14127	0.13979	1	0	0	0	1	0	0	0	1
2.085	-0.47971	0.146	0.14187	1	0	0	0	1	0	0	0	1
2.09	-0.47367	0.15072	0.14394	1	0	0	0	1	0	0	0	1
2.095	-0.46711	0.15532	0.14611	1	0	0	0	1	0	0	0	1
2.1	-0.45975	0.15977	0.14842	1	0	0	0	1	0	0	0	1
2.105	-0.45189	0.16393	0.1506	1	0	0	0	1	0	0	0	1
2.11	-0.44258	0.16798	0.15295	1	0	0	0	1	0	0	0	1
2.115	-0.4326	0.17193	0.15531	1	0	0	0	1	0	0	0	1
2.12	-0.42244	0.17629	0.15759	1	0	0	0	1	0	0	0	1
2.125	-0.4124	0.18113	0.15972	1	0	0	0	1	0	0	0	1
2.13	-0.40232	0.18649	0.16161	1	0	0	0	1	0	0	0	1
2.135	-0.39304	0.19244	0.16314	1	0	0	0	1	0	0	0	1
2.14	-0.38457	0.1987	0.16417	1	0	0	0	1	0	0	0	1
2.145	-0.37613	0.20525	0.16488	1	0	0	0	1	0	0	0	1
2.15	-0.36788	0.21198	0.16538	1	0	0	0	1	0	0	0	1
2.155	-0.35985	0.21882	0.16576	1	0	0	0	1	0	0	0	1
2.16	-0.35195	0.22558	0.166	1	0	0	0	1	0	0	0	1
2.165	-0.34397	0.2322	0.16606	1	0	0	0	1	0	0	0	1
2.17	-0.33569	0.23843	0.16601	1	0	0	0	1	0	0	0	1
2.175	-0.32659	0.24438	0.16626	1	0	0	0	1	0	0	0	1
2.18	-0.31754	0.2497	0.16628	1	0	0	0	1	0	0	0	1
2.185	-0.3077	0.25441	0.16645	1	0	0	0	1	0	0	0	1
2.19	-0.29758	0.25854	0.16661	1	0	0	0	1	0	0	0	1
2.195	-0.28707	0.26204	0.16676	1	0	0	0	1	0	0	0	1
2.2	-0.27642	0.26504	0.16692	1	0	0	0	1	0	0	0	1
2.205	-0.26559	0.26757	0.16715	1	0	0	0	1	0	0	0	1
2.21	-0.25454	0.26952	0.16739	1	0	0	0	1	0	0	0	1
2.215	-0.2432	0.27106	0.16764	1	0	0	0	1	0	0	0	1
2.22	-0.23164	0.27225	0.16792	1	0	0	0	1	0	0	0	1
2.225	-0.21959	0.27306	0.16827	1	0	0	0	1	0	0	0	1
2.23	-0.20758	0.27347	0.16853	1	0	0	0	1	0	0	0	1
2.235	-0.19524	0.27353	0.1688	1	0	0	0	1	0	0	0	1
2.24	-0.18244	0.27341	0.1692	1	0	0	0	1	0	0	0	1
2.245	-0.16953	0.27305	0.1696	1	0	0	0	1	0	0	0	1
2.25	-0.15667	0.2724	0.16995	1	0	0	0	1	0	0	0	1
2.255	-0.14338	0.27167	0.17046	1	0	0	0	1	0	0	0	1
2.26	-0.13029	0.27075	0.17087	1	0	0	0	1	0	0	0	1
2.265	-0.11677	0.26975	0.17142	1	0	0	0	1	0	0	0	1
2.27	-0.10359	0.26859	0.17182	1	0	0	0	1	0	0	0	1
2.275	-0.090075	0.26738	0.17231	1	0	0	0	1	0	0	0	1
2.28	-0.0768	0.26607	0.17277	1	0	0	0	1	0	0	0	1
2.285	-0.063461	0.2647	0.17328	1	0	0	0	1	0	0	0	1
2.29	-0.050184	0.26323	0.1738	1	0	0	0	1	0	0	0	1
2.295	-0.037039	0.26164	0.17432	1	0	0	0	1	0	0	0	1
2.3	-0.023749	0.25994	0.1749	1	0	0	0	1	0	0	0	1
2.305	-0.010531	0.25812	0.17543	1	0	0	0	1	0	0	0	1
2.31	0.0028535	0.25621	0.17604	1	0	0	0	1	0	0	0	1
2.315	0.016116	0.25422	0.17666	1	0	0	0	1	0	0	0	1
2.32	0.029338	0.25216	0.17729	1	0	0	0	1	0	0	0	1
2.325	0.042627	0.25008	0.17802	1	0	0	0	1	0	0	0	1
2.33	0.055779	0.24791	0.17868	1	0	0	0	1	0	0	0	1
2.335	0.069077	0.24572	0.17946	1	0	0	0	1	0	0	0	1
2.34	0.082062	0.24345	0.18017	1	0	0	0	1	0	0	0	1
2.345	0.095086	0.24114	0.18098	1	0	0	0	1	0	0	0	1
2.35	0.10802	0.23879	0.18183	1	0	0	0	1	0	0	0	1
2.355	0.12092	0.23638	0.18274	1	0	0	0	1	0	0	0	1
2.36	0.13364	0.23385	0.18368	1	0	0	0	1	0	0	0	1
2.365	0.14604	0.23121	0.18455	1	0	0	0	1	0	0	0	1
2.37	0.15827	0.22846	0.18544	1	0	0	0	1	0	0	0	1
2.375	0.17036	0.22558	0.18634	1	0	0	0	1	0	0	0	1
2.38	0.18209	0.22248	0.18714	1	0	0	0	1	0	0	0	1
2.385	0.19368	0.21925	0.18795	1	0	0	0	1	0	0	0	1
2.39	0.20483	0.21577	0.18865	1	0	0	0	1	0	0	0	1
2.395	0.21564	0.21203	0.18924	1	0	0	0	1	0	0	0	1
2.4	0.22612	0.20809	0.18977	1	0	0	0	1	0	0	0	1
2.405	0.2362	0.20386	0.19021	1	0	0	0	1	0	0	0	1
2.41	0.24587	0.19938	0.19055	1	0	0	0	1	0	0	0	1
2.415	0.25539	0.19466	0.19095	1	0	0	0	1	0	0	0	1
2.42	0.2646	0.1897	0.19135	1	0	0	0	1	0	0	0	1
2.425	0.27346	0.18447	0.19175	1	0	0	0	1	0	0	0	1
2.43	0.28202	0.17899	0.19217	1	0	0	0	1	0	0	0	1
2.435	0.29029	0.1733	0.1926	1	0	0	0	1	0	0	0	1
2.44	0.2981	0.16729	0.19294	1	0	0	0	1	0	0	0	1
2.445	0.30551	0.16105	0.19327	1	0	0	0	1	0	0	0	1
2.45	0.3124	0.1545	0.19352	1	0	0	0	1	0	0	0	1
2.455	0.31866	0.14759	0.19366	1	0	0	0	1	0	0	0	1
2.46	0.3244	0.1404	0.19369	1	0	0	0	1	0	0	0	1
2.465	0.32948	0.13289	0.19358	1	0	0	0	1	0	0	0	1
2.47	0.33419	0.12521	0.19346	1	0	0	0	1	0	0	0	1
2.475	0.33825	0.11735	0.19341	1	0	0	0	1	0	0	0	1
2.48	0.34081	0.10927	0.19345	1	0	0	0	1	0	0	0	1
2.485	0.3396	0.10121	0.19261	1	0	0	0	1	0	0	0	1
2.49	0.33586	0.092989	0.19264	1	0	0	0	1	0	0	0	1
2.495	0.33174	0.086136	0.19169	1	0	0	0	1	0	0	0	1
2.5	0.32732	0.080142	0.19018	1	0	0	0	1	0	0	0	1
2.505	0.32328	0.075611	0.18957	1	0	0	0	1	0	0	0	1
2.51	0.32193	0.073205	0.18931	1	0	0	0	1	0	0	0	1
2.515	0.32427	0.071146	0.18893	1	0	0	0	1	0	0	0	1
2.52	0.32801	0.068129	0.18775	1	0	0	0	1	0	0	0	1
2.525	0.33082	0.064471	0.18547	1	0	0	0	1	0	0	0	1
2.53	0.33143	0.061746	0.18357	1	0	0	0	1	0	0	0	1
2.535	0.33068	0.060721	0.18257	1	0	0	0	1	0	0	0	1
2.54	0.33056	0.061009	0.18225	1	0	0	0	1	0	0	0	1
2.545	0.33194	0.06177	0.18193	1	0	0	0	1	0	0	0	1
2.55	0.33425	0.062651	0.1813	1	0	0	0	1	0	0	0	1
2.555	0.33582	0.063551	0.18072	1	0	0	0	1	0	0	0	1
2.56	0.33597	0.064417	0.18059	1	0	0	0	1	0	0	0	1
2.565	0.33551	0.065183	0.18064	1	0	0	0	1	0	0	0	1
2.57	0.33548	0.065441	0.18057	1	0	0	0	1	0	0	0	1
2.575	0.336	0.065162	0.18044	1	0	0	0	1	0	0	0	1
2.58	0.33668	0.064658	0.18034	1	0	0	0	1	0	0	0	1
2.585	0.33715	0.064238	0.18026	1	0	0	0	1	0	0	0	1
2.59	0.33745	0.063997	0.18015	1	0	0	0	1	0	0	0	1
2.595	0.33773	0.063832	0.18004	1	0	0	0	1	0	0	0	1
2.6	0.33799	0.063652	0.17994	1	0	0	0	1	0	0	0	1
2.605	0.33819	0.063495	0.17985	1	0	0	0	1	0	0	0	1
2.61	0.33833	0.063434	0.17975	1	0	0	0	1	0	0	0	1
2.615	0.33838	0.063431	0.17961	1	0	0	0	1	0	0	0	1
2.62	0.33842	0.063438	0.17947	1	0	0	0	1	0	0	0	1
2.625	0.33846	0.063412	0.17932	1	0	0	0	1	0	0	0	1
2.63	0.33852	0.06335	0.17916	1	0	0	0	1	0	0	0	1
2.635	0.3386	0.063289	0.179	1	0	0	0	1	0	0	0	1
2.64	0.33873	0.063268	0.17887	1	0	0	0	1	0	0	0	1
2.645	0.33887	0.06327	0.17874	1	0	0	0	1	0	0	0	1
2.65	0.33901	0.063284	0.1786	1	0	0	0	1	0	0	0	1
2.655	0.33912	0.063287	0.17845	1	0	0	0	1	0	0	0	1
2.66	0.3392	0.063274	0.17831	1	0	0	0	1	0	0	0	1
2.665	0.33929	0.063246	0.17822	1	0	0	0	1	0	0	0	1
2.67	0.33934	0.063206	0.17814	1	0	0	0	1	0	0	0	1
2.675	0.3394	0.063172	0.1781	1	0	0	0	1	0	0	0	1
2.68	0.33945	0.063135	0.17806	1	0	0	0	1	0	0	0	1
2.685	0.3395	0.063102	0.17804	1	0	0	0	1	0	0	0	1
2.69	0.33954	0.06307	0.178	1	0	0	0	1	0	0	0	1
2.695	0.33955	0.06305	0.17795	1	0	0	0	1	0	0	0	1
2.7	0.33953	0.063055	0.17789	1	0	0	0	1	0	0	0	1
2.705	0.33951	0.063073	0.17783	1	0	0	0	1	0	0	0	1
2.71	0.33948	0.0631	0.17778	1	0	0	0	1	0	0	0	1
2.715	0.33943	0.063133	0.17774	1	0	0	0	1	0	0	0	1
2.72	0.33937	0.063175	0.17772	1	0	0	0	1	0	0	0	1
2.725	0.3393	0.063213	0.1777	1	0	0	0	1	0	0	0	1
2.73	0.33923	0.063246	0.1777	1	0	0	0	1	0	0	0	1
2.735	0.33917	0.063272	0.17771	1	0	0	0	1	0	0	0	1
2.74	0.33909	0.063284	0.17772	1	0	0	0	1	0	0	0	1
2.745	0.339	0.063292	0.17772	1	0	0	0	1	0	0	0	1
2.75	0.33892	0.063306	0.17774	1	0	0	0	1	0	0	0	1
2.755	0.33883	0.063316	0.17775	1	0	0	0	1	0	0	0	1
2.76	0.33875	0.063334	0.17778	1	0	0	0	1	0	0	0	1
2.765	0.33863	0.063342	0.17782	1	0	0	0	1	0	0	0	1
2.77	0.33852	0.063347	0.17788	1	0	0	0	1	0	0	0	1
2.775	0.33839	0.063352	0.17795	1	0	0	0	1	0	0	0	1
2.78	0.33825	0.063359	0.17804	1	0	0	0	1	0	0	0	1
2.785	0.33811	0.06337	0.17815	1	0	0	0	1	0	0	0	1
2.79	0.33795	0.06338	0.17826	1	0	0	0	1	0	0	0	1
2.795	0.33777	0.063391	0.17837	1	0	0	0	1	0	0	0	1
2.8	0.33758	0.063405	0.17848	1	0	0	0	1	0	0	0	1
2.805	0.33737	0.063414	0.1786	1	0	0	0	1	0	0	0	1
2.81	0.33715	0.063421	0.17872	1	0	0	0	1	0	0	0	1
2.815	0.33693	0.063421	0.17883	1	0	0	0	1	0	0	0	1
2.82	0.33669	0.063412	0.17894	1	0	0	0	1	0	0	0	1
2.825	0.33645	0.063401	0.17907	1	0	0	0	1	0	0	0	1
2.83	0.33619	0.06338	0.17921	1	0	0	0	1	0	0	0	1
2.835	0.33597	0.063361	0.17938	1	0	0	0	1	0	0	0	1
2.84	0.33573	0.063344	0.17954	1	0	0	0	1	0	0	0	1
2.845	0.33548	0.063325	0.17972	1	0	0	0	1	0	0	0	1
2.85	0.33522	0.063309	0.17989	1	0	0	0	1	0	0	0	1
2.855	0.33496	0.063289	0.18005	1	0	0	0	1	0	0	0	1
2.86	0.33471	0.063269	0.18022	1	0	0	0	1	0	0	0	1
2.865	0.33445	0.063259	0.18038	1	0	0	0	1	0	0	0	1
2.87	0.33418	0.063252	0.18055	1	0	0	0	1	0	0	0	1
2.875	0.33392	0.063249	0.18069	1	0	0	0	1	0	0	0	1
2.88	0.33368	0.063254	0.18083	1	0	0	0	1	0	0	0	1
2.885	0.33345	0.063264	0.18095	1	0	0	0	1	0	0	0	1
2.89	0.33323	0.063275	0.18105	1	0	0	0	1	0	0	0	1
2.895	0.33301	0.063293	0.18112	1	0	0	0	1	0	0	0	1
2.9	0.33278	0.063311	0.18115	1	0	0	0	1	0	0	0	1
2.905	0.33259	0.063341	0.18117	1	0	0	0	1	0	0	0	1
2.91	0.33241	0.063373	0.18117	1	0	0	0	1	0	0	0	1
2.915	0.33226	0.063408	0.18115	1	0	0	0	1	0	0	0	1
2.92	0.33211	0.06344	0.18111	1	0	0	0	1	0	0	0	1
2.925	0.33196	0.063481	0.18106	1	0	0	0	1	0	0	0	1
2.93	0.3318	0.063526	0.18101	1	0	0	0	1	0	0	0	1
2.935	0.33164	0.063579	0.18095	1	0	0	0	1	0	0	0	1
2.94	0.33145	0.063643	0.18091	1	0	0	0	1	0	0	0	1
2.945	0.33129	0.06371	0.18086	1	0	0	0	1	0	0	0	1
2.95	0.33112	0.063768	0.18082	1	0	0	0	1	0	0	0	1
2.955	0.33094	0.063822	0.18078	1	0	0	0	1	0	0	0	1
2.96	0.33077	0.063873	0.18073	1	0	0	0	1	0	0	0	1
2.965	0.3306	0.063926	0.18069	1	0	0	0	1	0	0	0	1
2.97	0.33043	0.063976	0.18064	1	0	0	0	1	0	0	0	1
2.975	0.33024	0.064022	0.18061	1	0	0	0	1	0	0	0	1
2.98	0.33005	0.064063	0.18057	1	0	0	0	1	0	0	0	1
2.985	0.32988	0.064098	0.18054	1	0	0	0	1	0	0	0	1
2.99	0.32974	0.064128	0.1805	1	0	0	0	1	0	0	0	1
2.995	0.32962	0.064142	0.18045	1	0	0	0	1	0	0	0	1
3	0.32952	0.064147	0.18037	1	0	0	0	1	0	0	0	1
3.005	0.32944	0.064155	0.1803	1	0	0	0	1	0	0	0	1
3.01	0.32938	0.064162	0.18022	1	0	0	0	1	0	0	0	1
3.015	0.32932	0.064166	0.18014	1	0	0	0	1	0	0	0	1
3.02	0.32926	0.064163	0.18005	1	0	0	0	1	0	0	0	1
3.025	0.32918	0.064164	0.17998	1	0	0	0	1	0	0	0	1
3.03	0.32909	0.064161	0.17994	1	0	0	0	1	0	0	0	1
3.035	0.329	0.064154	0.1799	1	0	0	0	1	0	0	0	1
3.04	0.32888	0.064134	0.17986	1	0	0	0	1	0	0	0	1
3.045	0.32879	0.064123	0.17984	1	0	0	0	1	0	0	0	1
3.05	0.32866	0.064108	0.17983	1	0	0	0	1	0	0	0	1
3.055	0.32855	0.064095	0.17983	1	0	0	0	1	0	0	0	1
3.06	0.32843	0.06408	0.17982	1	0	0	0	1	0	0	0	1
3.065	0.32834	0.064064	0.17983	1	0	0	0	1	0	0	0	1
3.07	0.32825	0.064038	0.17984	1	0	0	0	1	0	0	0	1
3.075	0.32817	0.064018	0.17986	1	0	0	0	1	0	0	0	1
3.08	0.32807	0.063986	0.17988	1	0	0	0	1	0	0	0	1
3.085	0.32798	0.06396	0.17992	1	0	0	0	1	0	0	0	1
3.09	0.3279	0.063935	0.17997	1	0	0	0	1	0	0	0	1
3.095	0.32784	0.06391	0.18001	1	0	0	0	1	0	0	0	1
3.1	0.32779	0.063882	0.18005	1	0	0	0	1	0	0	0	1
3.105	0.32775	0.063855	0.18007	1	0	0	0	1	0	0	0	1
3.11	0.32771	0.063832	0.18009	1	0	0	0	1	0	0	0	1
3.115	0.32766	0.063814	0.18008	1	0	0	0	1	0	0	0	1
3.12	0.32761	0.063814	0.18009	1	0	0	0	1	0	0	0	1
3.125	0.32752	0.063808	0.18009	1	0	0	0	1	0	0	0	1
3.13	0.32746	0.063813	0.18008	1	0	0	0	1	0	0	0	1
3.135	0.32739	0.063812	0.18006	1	0	0	0	1	0	0	0	1
3.14	0.32734	0.063811	0.18003	1	0	0	0	1	0	0	0	1
3.145	0.32731	0.063813	0.18002	1	0	0	0	1	0	0	0	1
3.15	0.32727	0.063817	0.18	1	0	0	0	1	0	0	0	1
3.155	0.3272	0.063815	0.17999	1	0	0	0	1	0	0	0	1
3.16	0.32711	0.063816	0.17999	1	0	0	0	1	0	0	0	1
3.165	0.32702	0.063818	0.18	1	0	0	0	1	0	0	0	1
3.17	0.32695	0.063825	0.18003	1	0	0	0	1	0	0	0	1
3.175	0.32688	0.063825	0.18006	1	0	0	0	1	0	0	0	1
3.18	0.32679	0.063817	0.1801	1	0	0	0	1	0	0	0	1
3.185	0.3267	0.063811	0.18017	1	0	0	0	1	0	0	0	1
3.19	0.32661	0.063801	0.18025	1	0	0	0	1	0	0	0	1
3.195	0.32652	0.063794	0.18035	1	0	0	0	1	0	0	0	1
3.2	0.32645	0.063781	0.18044	1	0	0	0	1	0	0	0	1
3.205	0.3264	0.063769	0.18056	1	0	0	0	1	0	0	0	1
3.21	0.32634	0.063746	0.18067	1	0	0	0	1	0	0	0	1
3.215	0.32628	0.063735	0.18081	1	0	0	0	1	0	0	0	1
3.22	0.32618	0.06372	0.18095	1	0	0	0	1	0	0	0	1
3.225	0.3261	0.063715	0.1811	1	0	0	0	1	0	0	0	1
3.23	0.32602	0.063707	0.18123	1	0	0	0	1	0	0	0	1
3.235	0.32595	0.063704	0.18136	1	0	0	0	1	0	0	0	1
3.24	0.32587	0.063703	0.18146	1	0	0	0	1	0	0	0	1
3.245	0.32577	0.063692	0.18156	1	0	0	0	1	0	0	0	1
3.25	0.3257	0.063684	0.18164	1	0	0	0	1	0	0	0	1
3.255	0.32564	0.063678	0.18171	1	0	0	0	1	0	0	0	1
3.26	0.32559	0.063675	0.18178	1	0	0	0	1	0	0	0	1
3.265	0.32551	0.063667	0.18185	1	0	0	0	1	0	0	0	1
3.27	0.32545	0.063663	0.18192	1	0	0	0	1	0	0	0	1
3.275	0.32538	0.063661	0.18202	1	0	0	0	1	0	0	0	1
3.28	0.32534	0.063669	0.18214	1	0	0	0	1	0	0	0	1
3.285	0.32532	0.063682	0.18226	1	0	0	0	1	0	0	0	1
3.29	0.32528	0.063698	0.18239	1	0	0	0	1	0	0	0	1
3.295	0.32524	0.06371	0.18249	1	0	0	0	1	0	0	0	1
3.3	0.32521	0.063732	0.1826	1	0	0	0	1	0	0	0	1
3.305	0.32515	0.063747	0.18268	1	0	0	0	1	0	0	0	1
3.31	0.3251	0.063766	0.18275	1	0	0	0	1	0	0	0	1
3.315	0.32506	0.063787	0.18283	1	0	0	0	1	0	0	0	1
3.32	0.32499	0.063803	0.1829	1	0	0	0	1	0	0	0	1
3.325	0.32492	0.06381	0.18296	1	0	0	0	1	0	0	0	1
3.33	0.32488	0.063814	0.18302	1	0	0	0	1	0	0	0	1
3.335	0.32487	0.063812	0.18308	1	0	0	0	1	0	0	0	1
3.34	0.32487	0.063801	0.18313	1	0	0	0	1	0	0	0	1
3.345	0.3249	0.063785	0.18318	1	0	0	0	1	0	0	0	1
3.35	0.32495	0.063768	0.18322	1	0	0	0	1	0	0	0	1
3.355	0.32502	0.063749	0.18324	1	0	0	0	1	0	0	0	1
3.36	0.3251	0.063731	0.18327	1	0	0	0	1	0	0	0	1
3.365	0.32518	0.063711	0.18328	1	0	0	0	1	0	0	0	1
3.37	0.32525	0.063695	0.18329	1	0	0	0	1	0	0	0	1
3.375	0.32534	0.06368	0.18329	1	0	0	0	1	0	0	0	1
3.38	0.3254	0.06366	0.18328	1	0	0	0	1	0	0	0	1
3.385	0.32547	0.063646	0.18327	1	0	0	0	1	0	0	0	1
3.39	0.32551	0.063626	0.18326	1	0	0	0	1	0	0	0	1
3.395	0.32557	0.063613	0.18326	1	0	0	0	1	0	0	0	1
3.4	0.32562	0.063604	0.18327	1	0	0	0	1	0	0	0	1
3.405	0.32565	0.063589	0.18328	1	0	0	0	1	0	0	0	1
3.41	0.3257	0.063577	0.18329	1	0	0	0	1	0	0	0	1
3.415	0.32574	0.063564	0.18332	1	0	0	0	1	0	0	0	1
3.42	0.32575	0.063555	0.18336	1	0	0	0	1	0	0	0	1
3.425	0.32574	0.063549	0.1834	1	0	0	0	1	0	0	0	1
3.43	0.32572	0.063546	0.18345	1	0	0	0	1	0	0	0	1
3.435	0.32572	0.06354	0.18349	1	0	0	0	1	0	0	0	1
3.44	0.32572	0.063537	0.18353	1	0	0	0	1	0	0	0	1
3.445	0.3257	0.063529	0.18357	1	0	0	0	1	0	0	0	1
3.45	0.32569	0.063522	0.18362	1	0	0	0	1	0	0	0	1
3.455	0.32568	0.063513	0.18366	1	0	0	0	1	0	0	0	1
3.46	0.32567	0.063501	0.1837	1	0	0	0	1	0	0	0	1
3.465	0.32564	0.063482	0.18374	1	0	0	0	1	0	0	0	1
3.47	0.32565	0.063472	0.18378	1	0	0	0	1	0	0	0	1
3.475	0.32568	0.063463	0.18382	1	0	0	0	1	0	0	0	1
3.48	0.32567	0.063444	0.18383	1	0	0	0	1	0	0	0	1
3.485	0.32567	0.063431	0.18385	1	0	0	0	1	0	0	0	1
3.49	0.32568	0.063425	0.18388	1	0	0	0	1	0	0	0	1
3.495	0.32567	0.063422	0.1839	1	0	0	0	1	0	0	0	1
3.5	0.32568	0.063411	0.18391	1	0	0	0	1	0	0	0	1
3.505	0.32568	0.0634	0.18392	1	0	0	0	1	0	0	0	1
3.51	0.32568	0.063401	0.18394	1	0	0	0	1	0	0	0	1
3.515	0.32567	0.063401	0.18395	1	0	0	0	1	0	0	0	1
3.52	0.32564	0.0634	0.18397	1	0	0	0	1	0	0	0	1
3.525	0.32563	0.063397	0.18398	1	0	0	0	1	0	0	0	1
3.53	0.32558	0.063396	0.18401	1	0	0	0	1	0	0	0	1
3.535	0.32552	0.063392	0.18403	1	0	0	0	1	0	0	0	1
3.54	0.32546	0.063393	0.18407	1	0	0	0	1	0	0	0	1
3.545	0.32542	0.063391	0.18409	1	0	0	0	1	0	0	0	1
3.55	0.32542	0.06339	0.1841	1	0	0	0	1	0	0	0	1
3.555	0.32542	0.063389	0.1841	1	0	0	0	1	0	0	0	1
3.56	0.32543	0.063392	0.1841	1	0	0	0	1	0	0	0	1
3.565	0.32543	0.063387	0.18408	1	0	0	0	1	0	0	0	1
3.57	0.32545	0.06339	0.18407	1	0	0	0	1	0	0	0	1
3.575	0.32544	0.063394	0.18406	1	0	0	0	1	0	0	0	1
3.58	0.32543	0.0634	0.18404	1	0	0	0	1	0	0	0	1
3.585	0.32542	0.063405	0.18403	1	0	0	0	1	0	0	0	1
3.59	0.3254	0.063414	0.18401	1	0	0	0	1	0	0	0	1
3.595	0.32537	0.063419	0.184	1	0	0	0	1	0	0	0	1
3.6	0.32538	0.063433	0.184	1	0	0	0	1	0	0	0	1
3.605	0.32533	0.063432	0.184	1	0	0	0	1	0	0	0	1
3.61	0.32529	0.063438	0.18399	1	0	0	0	1	0	0	0	1
3.615	0.32526	0.063443	0.184	1	0	0	0	1	0	0	0	1
3.62	0.32522	0.063444	0.18401	1	0	0	0	1	0	0	0	1
3.625	0.32519	0.063445	0.18403	1	0	0	0	1	0	0	0	1
3.63	0.32516	0.063444	0.18406	1	0	0	0	1	0	0	0	1
3.635	0.32515	0.063441	0.18409	1	0	0	0	1	0	0	0	1
3.64	0.32514	0.063441	0.18413	1	0	0	0	1	0	0	0	1
3.645	0.32513	0.063437	0.18417	1	0	0	0	1	0	0	0	1
3.65	0.32511	0.063433	0.1842	1	0	0	0	1	0	0	0	1
3.655	0.3251	0.063436	0.18425	1	0	0	0	1	0	0	0	1
3.66	0.32507	0.063436	0.18428	1	0	0	0	1	0	0	0	1
3.665	0.32505	0.063437	0.18431	1	0	0	0	1	0	0	0	1
3.67	0.32502	0.063443	0.18434	1	0	0	0	1	0	0	0	1
3.675	0.325	0.063454	0.18437	1	0	0	0	1	0	0	0	1
3.68	0.32499	0.063464	0.1844	1	0	0	0	1	0	0	0	1
3.685	0.32496	0.063472	0.18442	1	0	0	0	1	0	0	0	1
3.69	0.32491	0.063476	0.18443	1	0	0	0	1	0	0	0	1
3.695	0.32487	0.063482	0.18445	1	0	0	0	1	0	0	0	1
3.7	0.32484	0.063484	0.18447	1	0	0	0	1	0	0	0	1
3.705	0.32484	0.063491	0.1845	1	0	0	0	1	0	0	0	1
3.71	0.32482	0.063493	0.18452	1	0	0	0	1	0	0	0	1
3.715	0.32479	0.063495	0.18456	1	0	0	0	1	0	0	0	1
3.72	0.32476	0.063492	0.1846	1	0	0	0	1	0	0	0	1
3.725	0.32474	0.06349	0.18464	1	0	0	0	1	0	0	0	1
3.73	0.32472	0.063485	0.18469	1	0	0	0	1	0	0	0	1
3.735	0.32469	0.06348	0.18473	1	0	0	0	1	0	0	0	1
3.74	0.32466	0.063481	0.1848	1	0	0	0	1	0	0	0	1
3.745	0.32462	0.063474	0.18486	1	0	0	0	1	0	0	0	1
3.75	0.32459	0.063468	0.18492	1	0	0	0	1	0	0	0	1
3.755	0.32459	0.063473	0.18499	1	0	0	0	1	0	0	0	1
3.76	0.32458	0.063476	0.18506	1	0	0	0	1	0	0	0	1
3.765	0.32455	0.063471	0.18511	1	0	0	0	1	0	0	0	1
3.77	0.32456	0.063476	0.18517	1	0	0	0	1	0	0	0	1
3.775	0.32454	0.063473	0.18522	1	0	0	0	1	0	0	0	1
3.78	0.32452	0.063476	0.18527	1	0	0	0	1	0	0	0	1
3.785	0.3245	0.063481	0.18532	1	0	0	0	1	0	0	0	1
3.79	0.32446	0.063481	0.18536	1	0	0	0	1	0	0	0	1
3.795	0.32444	0.06348	0.18541	1	0	0	0	1	0	0	0	1
3.8	0.32438	0.063476	0.18545	1	0	0	0	1	0	0	0	1
3.805	0.32434	0.063475	0.18551	1	0	0	0	1	0	0	0	1
3.81	0.32431	0.06347	0.18557	1	0	0	0	1	0	0	0	1
3.815	0.32427	0.063463	0.18564	1	0	0	0	1	0	0	0	1
3.82	0.32422	0.063452	0.1857	1	0	0	0	1	0	0	0	1
3.825	0.32416	0.063437	0.18577	1	0	0	0	1	0	0	0	1
3.83	0.32411	0.063422	0.18585	1	0	0	0	1	0	0	0	1
3.835	0.32406	0.063407	0.18593	1	0	0	0	1	0	0	0	1
3.84	0.32401	0.063386	0.18601	1	0	0	0	1	0	0	0	1
3.845	0.32398	0.063366	0.18611	1	0	0	0	1	0	0	0	1
3.85	0.32396	0.063352	0.1862	1	0	0	0	1	0	0	0	1
3.855	0.32393	0.063329	0.18629	1	0	0	0	1	0	0	0	1
3.86	0.32394	0.063319	0.18638	1	0	0	0	1	0	0	0	1
3.865	0.32396	0.063306	0.18646	1	0	0	0	1	0	0	0	1
3.87	0.324	0.063301	0.18654	1	0	0	0	1	0	0	0	1
3.875	0.32401	0.063284	0.1866	1	0	0	0	1	0	0	0	1
3.88	0.32403	0.063278	0.18665	1	0	0	0	1	0	0	0	1
3.885	0.32405	0.063277	0.18669	1	0	0	0	1	0	0	0	1
3.89	0.32407	0.063278	0.18672	1	0	0	0	1	0	0	0	1
3.895	0.3241	0.063272	0.18674	1	0	0	0	1	0	0	0	1
3.9	0.32412	0.063274	0.18675	1	0	0	0	1	0	0	0	1
3.905	0.32412	0.063271	0.18676	1	0	0	0	1	0	0	0	1
3.91	0.32413	0.063275	0.18676	1	0	0	0	1	0	0	0	1
3.915	0.32415	0.063281	0.18677	1	0	0	0	1	0	0	0	1
3.92	0.32415	0.063282	0.18676	1	0	0	0	1	0	0	0	1
3.925	0.32416	0.063286	0.18676	1	0	0	0	1	0	0	0	1
3.93	0.32416	0.063288	0.18676	1	0	0	0	1	0	0	0	1
3.935	0.32416	0.063286	0.18675	1	0	0	0	1	0	0	0	1
3.94	0.32419	0.063293	0.18676	1	0	0	0	1	0	0	0	1
3.945	0.32419	0.063292	0.18676	1	0	0	0	1	0	0	0	1
3.95	0.32422	0.063295	0.18677	1	0	0	0	1	0	0	0	1
3.955	0.32421	0.063287	0.18678	1	0	0	0	1	0	0	0	1
3.96	0.32423	0.063286	0.1868	1	0	0	0	1	0	0	0	1
3.965	0.32423	0.063284	0.18681	1	0	0	0	1	0	0	0	1
3.97	0.32424	0.063285	0.18683	1	0	0	0	1	0	0	0	1
3.975	0.32426	0.063289	0.18685	1	0	0	0	1	0	0	0	1
3.98	0.32426	0.063286	0.18686	1	0	0	0	1	0	0	0	1
3.985	0.32427	0.063287	0.18688	1	0	0	0	1	0	0	0	1
3.99	0.32428	0.06329	0.18689	1	0	0	0	1	0	0	0	1
3.995	0.32428	0.063289	0.1869	1	0	0	0	1	0	0	0	1
4	0.32429	0.063289	0.18691	1	0	0	0	1	0	0	0	1
4.005	0.32428	0.063284	0.18691	1	0	0	0	1	0	0	0	1
4.01	0.32428	0.063285	0.18692	1	0	0	0	1	0	0	0	1
4.015	0.32426	0.063278	0.18693	1	0	0	0	1	0	0	0	1
4.02	0.32425	0.063275	0.18694	1	0	0	0	1	0	0	0	1
4.025	0.32425	0.063273	0.18694	1	0	0	0	1	0	0	0	1
4.03	0.32425	0.063275	0.18696	1	0	0	0	1	0	0	0	1
4.035	0.32424	0.06327	0.18697	1	0	0	0	1	0	0	0	1
4.04	0.32423	0.063269	0.18699	1	0	0	0	1	0	0	0	1
4.045	0.32422	0.063266	0.18701	1	0	0	0	1	0	0	0	1
4.05	0.32419	0.063258	0.18704	1	0	0	0	1	0	0	0	1
4.055	0.32416	0.063252	0.18707	1	0	0	0	1	0	0	0	1
4.06	0.32415	0.063246	0.18711	1	0	0	0	1	0	0	0	1
4.065	0.32411	0.063237	0.18714	1	0	0	0	1	0	0	0	1
4.07	0.32408	0.063231	0.18717	1	0	0	0	1	0	0	0	1
4.075	0.32408	0.063233	0.18721	1	0	0	0	1	0	0	0	1
4.08	0.32409	0.063234	0.18724	1	0	0	0	1	0	0	0	1
4.085	0.32409	0.063227	0.18727	1	0	0	0	1	0	0	0	1
4.09	0.32411	0.063225	0.18729	1	0	0	0	1	0	0	0	1
4.095	0.32413	0.063223	0.1873	1	0	0	0	1	0	0	0	1
4.1	0.32416	0.063227	0.18732	1	0	0	0	1	0	0	0	1
4.105	0.32419	0.063229	0.18734	1	0	0	0	1	0	0	0	1
4.11	0.3242	0.063234	0.18735	1	0	0	0	1	0	0	0	1
4.115	0.32422	0.063239	0.18735	1	0	0	0	1	0	0	0	1
4.12	0.32421	0.063239	0.18735	1	0	0	0	1	0	0	0	1
4.125	0.32425	0.063252	0.18737	1	0	0	0	1	0	0	0	1
4.13	0.32424	0.063259	0.18737	1	0	0	0	1	0	0	0	1
4.135	0.32424	0.063274	0.18737	1	0	0	0	1	0	0	0	1
4.14	0.32423	0.063288	0.18738	1	0	0	0	1	0	0	0	1
4.145	0.32423	0.063301	0.18738	1	0	0	0	1	0	0	0	1
4.15	0.32423	0.063318	0.18737	1	0	0	0	1	0	0	0	1
4.155	0.32423	0.063334	0.18736	1	0	0	0	1	0	0	0	1
4.16	0.32425	0.063351	0.18736	1	0	0	0	1	0	0	0	1
4.165	0.32426	0.063369	0.18735	1	0	0	0	1	0	0	0	1
4.17	0.32427	0.063383	0.18734	1	0	0	0	1	0	0	0	1
4.175	0.32427	0.063395	0.18733	1	0	0	0	1	0	0	0	1
4.18	0.32428	0.063409	0.18731	1	0	0	0	1	0	0	0	1
4.185	0.32428	0.063421	0.1873	1	0	0	0	1	0	0	0	1
4.19	0.32429	0.063438	0.18729	1	0	0	0	1	0	0	0	1
4.195	0.32429	0.063455	0.18728	1	0	0	0	1	0	0	0	1
4.2	0.32428	0.063471	0.18726	1	0	0	0	1	0	0	0	1
4.205	0.32428	0.063482	0.18725	1	0	0	0	1	0	0	0	1
4.21	0.32428	0.063496	0.18724	1	0	0	0	1	0	0	0	1
4.215	0.32428	0.063512	0.18723	1	0	0	0	1	0	0	0	1
4.22	0.32429	0.063523	0.18722	1	0	0	0	1	0	0	0	1
4.225	0.3243	0.063532	0.1872	1	0	0	0	1	0	0	0	1
4.23	0.32431	0.063538	0.18718	1	0	0	0	1	0	0	0	1
4.235	0.32433	0.063545	0.18715	1	0	0	0	1	0	0	0	1
4.24	0.32436	0.063561	0.18712	1	0	0	0	1	0	0	0	1
4.245	0.32439	0.06357	0.18709	1	0	0	0	1	0	0	0	1
4.25	0.32442	0.063577	0.18705	1	0	0	0	1	0	0	0	1
4.255	0.32443	0.063582	0.18701	1	0	0	0	1	0	0	0	1
4.26	0.32444	0.063588	0.18697	1	0	0	0	1	0	0	0	1
4.265	0.32445	0.063598	0.18693	1	0	0	0	1	0	0	0	1
4.27	0.32445	0.063603	0.18688	1	0	0	0	1	0	0	0	1
4.275	0.32445	0.06361	0.18684	1	0	0	0	1	0	0	0	1
4.28	0.32444	0.063621	0.18681	1	0	0	0	1	0	0	0	1
4.285	0.32446	0.063633	0.18678	1	0	0	0	1	0	0	0	1
4.29	0.32446	0.063642	0.18675	1	0	0	0	1	0	0	0	1
4.295	0.32445	0.063647	0.18673	1	0	0	0	1	0	0	0	1
4.3	0.32445	0.063662	0.18672	1	0	0	0	1	0	0	0	1
4.305	0.32447	0.063673	0.18672	1	0	0	0	1	0	0	0	1
4.31	0.32449	0.063679	0.18671	1	0	0	0	1	0	0	0	1
4.315	0.32451	0.063684	0.1867	1	0	0	0	1	0	0	0	1
4.32	0.32454	0.063691	0.1867	1	0	0	0	1	0	0	0	1
4.325	0.32457	0.0637	0.18668	1	0	0	0	1	0	0	0	1
4.33	0.3246	0.063705	0.18668	1	0	0	0	1	0	0	0	1
4.335	0.32463	0.063707	0.18667	1	0	0	0	1	0	0	0	1
4.34	0.32468	0.063714	0.18666	1	0	0	0	1	0	0	0	1
4.345	0.32471	0.063714	0.18664	1	0	0	0	1	0	0	0	1
4.35	0.32474	0.063716	0.18661	1	0	0	0	1	0	0	0	1
4.355	0.32479	0.063721	0.18659	1	0	0	0	1	0	0	0	1
4.36	0.32483	0.06372	0.18657	1	0	0	0	1	0	0	0	1
4.365	0.32485	0.063728	0.18656	1	0	0	0	1	0	0	0	1
4.37	0.32488	0.063733	0.18654	1	0	0	0	1	0	0	0	1
4.375	0.3249	0.063737	0.18653	1	0	0	0	1	0	0	0	1
4.38	0.32491	0.063739	0.18652	1	0	0	0	1	0	0	0	1
4.385	0.32494	0.06375	0.18652	1	0	0	0	1	0	0	0	1
4.39	0.32496	0.063755	0.18652	1	0	0	0	1	0	0	0	1
4.395	0.32497	0.06376	0.18653	1	0	0	0	1	0	0	0	1
4.4	0.325	0.06377	0.18655	1	0	0	0	1	0	0	0	1
4.405	0.32501	0.063775	0.18656	1	0	0	0	1	0	0	0	1
4.41	0.32505	0.063785	0.18659	1	0	0	0	1	0	0	0	1
4.415	0.32511	0.063795	0.18662	1	0	0	0	1	0	0	0	1
4.42	0.32516	0.063796	0.18665	1	0	0	0	1	0	0	0	1
4.425	0.32521	0.063797	0.18667	1	0	0	0	1	0	0	0	1
4.43	0.32526	0.063791	0.1867	1	0	0	0	1	0	0	0	1
4.435	0.32533	0.063789	0.18673	1	0	0	0	1	0	0	0	1
4.44	0.3254	0.063787	0.18675	1	0	0	0	1	0	0	0	1
4.445	0.32547	0.063783	0.18677	1	0	0	0	1	0	0	0	1
4.45	0.32554	0.063782	0.18679	1	0	0	0	1	0	0	0	1
4.455	0.32561	0.063782	0.1868	1	0	0	0	1	0	0	0	1
4.46	0.32567	0.063779	0.18679	1	0	0	0	1	0	0	0	1
4.465	0.32576	0.063786	0.18678	1	0	0	0	1	0	0	0	1
4.47	0.32585	0.063793	0.18675	1	0	0	0	1	0	0	0	1
4.475	0.32593	0.063802	0.18671	1	0	0	0	1	0	0	0	1
4.48	0.32603	0.063816	0.18664	1	0	0	0	1	0	0	0	1
4.485	0.32612	0.06383	0.18656	1	0	0	0	1	0	0	0	1
4.49	0.32625	0.063855	0.18647	1	0	0	0	1	0	0	0	1
4.495	0.32636	0.063875	0.18636	1	0	0	0	1	0	0	0	1
4.5	0.32646	0.063893	0.18624	1	0	0	0	1	0	0	0	1
4.505	0.32653	0.063911	0.18612	1	0	0	0	1	0	0	0	1
4.51	0.32662	0.063946	0.18602	1	0	0	0	1	0	0	0	1
4.515	0.32667	0.063976	0.18592	1	0	0	0	1	0	0	0	1
4.52	0.32674	0.064015	0.18584	1	0	0	0	1	0	0	0	1
4.525	0.3268	0.064052	0.18577	1	0	0	0	1	0	0	0	1
4.53	0.32684	0.064091	0.18571	1	0	0	0	1	0	0	0	1
4.535	0.32689	0.064132	0.18566	1	0	0	0	1	0	0	0	1
4.54	0.32692	0.064171	0.18562	1	0	0	0	1	0	0	0	1
4.545	0.32696	0.064211	0.18558	1	0	0	0	1	0	0	0	1
4.55	0.32698	0.064252	0.18554	1	0	0	0	1	0	0	0	1
4.555	0.32702	0.064291	0.18551	1	0	0	0	1	0	0	0	1
4.56	0.32705	0.064325	0.18548	1	0	0	0	1	0	0	0	1
4.565	0.32707	0.064357	0.18544	1	0	0	0	1	0	0	0	1
4.57	0.32709	0.06439	0.1854	1	0	0	0	1	0	0	0	1
4.575	0.32711	0.064422	0.18537	1	0	0	0	1	0	0	0	1
4.58	0.32712	0.064455	0.18532	1	0	0	0	1	0	0	0	1
4.585	0.32715	0.064491	0.18527	1	0	0	0	1	0	0	0	1
4.59	0.32716	0.064523	0.18521	1	0	0	0	1	0	0	0	1
4.595	0.32716	0.064558	0.18514	1	0	0	0	1	0	0	0	1
4.6	0.32717	0.064598	0.18507	1	0	0	0	1	0	0	0	1
4.605	0.32719	0.06464	0.18499	1	0	0	0	1	0	0	0	1
4.61	0.32716	0.064674	0.1849	1	0	0	0	1	0	0	0	1
4.615	0.32715	0.064713	0.18481	1	0	0	0	1	0	0	0	1
4.62	0.32713	0.064741	0.18473	1	0	0	0	1	0	0	0	1
4.625	0.32714	0.06478	0.18465	1	0	0	0	1	0	0	0	1
4.63	0.32711	0.064805	0.18457	1	0	0	0	1	0	0	0	1
4.635	0.32708	0.064829	0.18449	1	0	0	0	1	0	0	0	1
4.64	0.32707	0.064859	0.18442	1	0	0	0	1	0	0	0	1
4.645	0.32706	0.064887	0.18435	1	0	0	0	1	0	0	0	1
4.65	0.32704	0.064918	0.18429	1	0	0	0	1	0	0	0	1
4.655	0.32702	0.064948	0.18422	1	0	0	0	1	0	0	0	1
4.66	0.327	0.064976	0.18416	1	0	0	0	1	0	0	0	1
4.665	0.32699	0.065005	0.1841	1	0	0	0	1	0	0	0	1
4.67	0.32697	0.065032	0.18403	1	0	0	0	1	0	0	0	1
4.675	0.32696	0.065065	0.18397	1	0	0	0	1	0	0	0	1
4.68	0.32695	0.065094	0.1839	1	0	0	0	1	0	0	0	1
4.685	0.32693	0.065115	0.18383	1	0	0	0	1	0	0	0	1
4.69	0.32692	0.065143	0.18375	1	0	0	0	1	0	0	0	1
4.695	0.32689	0.065168	0.18368	1	0	0	0	1	0	0	0	1
4.7	0.32687	0.065192	0.18359	1	0	0	0	1	0	0	0	1
4.705	0.32686	0.065217	0.18351	1	0	0	0	1	0	0	0	1
4.71	0.32683	0.065243	0.18343	1	0	0	0	1	0	0	0	1
4.715	0.32679	0.065264	0.18333	1	0	0	0	1	0	0	0	1
4.72	0.32677	0.065297	0.18324	1	0	0	0	1	0	0	0	1
4.725	0.32677	0.065331	0.18315	1	0	0	0	1	0	0	0	1
4.73	0.32676	0.065364	0.18306	1	0	0	0	1	0	0	0	1
4.735	0.32676	0.065402	0.18297	1	0	0	0	1	0	0	0	1
4.74	0.32675	0.065439	0.18288	1	0	0	0	1	0	0	0	1
4.745	0.32674	0.065475	0.18279	1	0	0	0	1	0	0	0	1
4.75	0.32674	0.06551	0.1827	1	0	0	0	1	0	0	0	1
4.755	0.32672	0.065541	0.18261	1	0	0	0	1	0	0	0	1
4.76	0.32671	0.065575	0.18253	1	0	0	0	1	0	0	0	1
4.765	0.32667	0.065598	0.18244	1	0	0	0	1	0	0	0	1
4.77	0.32662	0.065624	0.18236	1	0	0	0	1	0	0	0	1
4.775	0.32657	0.065653	0.18228	1	0	0	0	1	0	0	0	1
4.78	0.32652	0.065677	0.18219	1	0	0	0	1	0	0	0	1
4.785	0.32647	0.065695	0.18211	1	0	0	0	1	0	0	0	1
4.79	0.32644	0.065715	0.18204	1	0	0	0	1	0	0	0	1
4.795	0.32641	0.065739	0.18196	1	0	0	0	1	0	0	0	1
4.8	0.32636	0.065761	0.18188	1	0	0	0	1	0	0	0	1
4.805	0.32632	0.065785	0.18181	1	0	0	0	1	0	0	0	1
4.81	0.32629	0.065807	0.18173	1	0	0	0	1	0	0	0	1
4.815	0.32628	0.06583	0.18167	1	0	0	0	1	0	0	0	1
4.82	0.32624	0.065849	0.1816	1	0	0	0	1	0	0	0	1
4.825	0.3262	0.065868	0.18153	1	0	0	0	1	0	0	0	1
4.83	0.32616	0.065881	0.18146	1	0	0	0	1	0	0	0	1
4.835	0.32615	0.0659	0.18141	1	0	0	0	1	0	0	0	1
4.84	0.32611	0.06591	0.18135	1	0	0	0	1	0	0	0	1
4.845	0.32608	0.065922	0.18129	1	0	0	0	1	0	0	0	1
4.85	0.32605	0.06593	0.18124	1	0	0	0	1	0	0	0	1
4.855	0.32603	0.06594	0.18119	1	0	0	0	1	0	0	0	1
4.86	0.32599	0.065947	0.18113	1	0	0	0	1	0	0	0	1
4.865	0.32597	0.065964	0.18108	1	0	0	0	1	0	0	0	1
4.87	0.32594	0.065971	0.18103	1	0	0	0	1	0	0	0	1
4.875	0.32591	0.065973	0.18097	1	0	0	0	1	0	0	0	1
4.88	0.32588	0.065979	0.18091	1	0	0	0	1	0	0	0	1
4.885	0.32585	0.065978	0.18085	1	0	0	0	1	0	0	0	1
4.89	0.32582	0.065985	0.1808	1	0	0	0	1	0	0	0	1
4.895	0.32581	0.065993	0.18074	1	0	0	0	1	0	0	0	1
4.9	0.32578	0.065999	0.18069	1	0	0	0	1	0	0	0	1
4.905	0.32574	0.066005	0.18064	1	0	0	0	1	0	0	0	1
4.91	0.32572	0.066012	0.18059	1	0	0	0	1	0	0	0	1
4.915	0.3257	0.066016	0.18055	1	0	0	0	1	0	0	0	1
4.92	0.32568	0.066024	0.18051	1	0	0	0	1	0	0	0	1
4.925	0.32565	0.066025	0.18048	1	0	0	0	1	0	0	0	1
4.93	0.32564	0.066026	0.18045	1	0	0	0	1	0	0	0	1
4.935	0.32562	0.066022	0.18043	1	0	0	0	1	0	0	0	1
4.94	0.3256	0.066024	0.18041	1	0	0	0	1	0	0	0	1
4.945	0.32558	0.066025	0.1804	1	0	0	0	1	0	0	0	1
4.95	0.32556	0.066024	0.18039	1	0	0	0	1	0	0	0	1
4.955	0.32553	0.066022	0.18037	1	0	0	0	1	0	0	0	1
4.96	0.3255	0.066022	0.18036	1	0	0	0	1	0	0	0	1
4.965	0.32546	0.066017	0.18035	1	0	0	0	1	0	0	0	1
4.97	0.32544	0.066022	0.18035	1	0	0	0	1	0	0	0	1
4.975	0.32542	0.066018	0.18034	1	0	0	0	1	0	0	0	1
4.98	0.32539	0.066011	0.18033	1	0	0	0	1	0	0	0	1
4.985	0.32536	0.066005	0.18032	1	0	0	0	1	0	0	0	1
4.99	0.32534	0.066001	0.18033	1	0	0	0	1	0	0	0	1
4.995	0.3253	0.06599	0.18033	1	0	0	0	1	0	0	0	1
