0.005	-0.44421	0.44175	0.13662	1	0	0	0	1	0	0	0	1
0.01	-0.4442	0.44174	0.13664	1	0	0	0	1	0	0	0	1
0.015	-0.44417	0.44173	0.13667	1	0	0	0	1	0	0	0	1
0.02	-0.44419	0.44172	0.13667	1	0	0	0	1	0	0	0	1
0.025	-0.4442	0.44171	0.13668	1	0	0	0	1	0	0	0	1
0.03	-0.4442	0.4417	0.13668	1	0	0	0	1	0	0	0	1
0.035	-0.44415	0.4417	0.13672	1	0	0	0	1	0	0	0	1
0.04	-0.44414	0.4417	0.13674	1	0	0	0	1	0	0	0	1
0.045	-0.44415	0.44169	0.13676	1	0	0	0	1	0	0	0	1
0.05	-0.44419	0.44168	0.13677	1	0	0	0	1	0	0	0	1
0.055	-0.44418	0.44168	0.1368	1	0	0	0	1	0	0	0	1
0.06	-0.4442	0.44168	0.13683	1	0	0	0	1	0	0	0	1
0.065	-0.44416	0.44168	0.13687	1	0	0	0	1	0	0	0	1
0.07	-0.4442	0.44168	0.13689	1	0	0	0	1	0	0	0	1
0.075	-0.44419	0.44168	0.13692	1	0	0	0	1	0	0	0	1
0.08	-0.44423	0.44168	0.13693	1	0	0	0	1	0	0	0	1
0.085	-0.44423	0.44169	0.13696	1	0	0	0	1	0	0	0	1
0.09	-0.44422	0.44169	0.137	1	0	0	0	1	0	0	0	1
0.095	-0.44433	0.44169	0.13698	1	0	0	0	1	0	0	0	1
0.1	-0.44432	0.4417	0.13701	1	0	0	0	1	0	0	0	1
0.105	-0.44439	0.44169	0.13702	1	0	0	0	1	0	0	0	1
0.11	-0.44443	0.4417	0.13703	1	0	0	0	1	0	0	0	1
0.115	-0.44447	0.4417	0.13703	1	0	0	0	1	0	0	0	1
0.12	-0.44447	0.44171	0.13704	1	0	0	0	1	0	0	0	1
0.125	-0.44452	0.44173	0.13703	1	0	0	0	1	0	0	0	1
0.13	-0.44456	0.44173	0.13703	1	0	0	0	1	0	0	0	1
0.135	-0.44462	0.44174	0.13702	1	0	0	0	1	0	0	0	1
0.14	-0.44468	0.44175	0.13702	1	0	0	0	1	0	0	0	1
0.145	-0.44475	0.44175	0.13701	1	0	0	0	1	0	0	0	1
0.15	-0.44482	0.44176	0.137	1	0	0	0	1	0	0	0	1
0.155	-0.44488	0.44177	0.137	1	0	0	0	1	0	0	0	1
0.16	-0.44498	0.44177	0.137	1	0	0	0	1	0	0	0	1
0.165	-0.44502	0.44179	0.13701	1	0	0	0	1	0	0	0	1
0.17	-0.44511	0.4418	0.13701	1	0	0	0	1	0	0	0	1
0.175	-0.44515	0.44182	0.13702	1	0	0	0	1	0	0	0	1
0.18	-0.44519	0.44183	0.13704	1	0	0	0	1	0	0	0	1
0.185	-0.44529	0.44184	0.13704	1	0	0	0	1	0	0	0	1
0.19	-0.44534	0.44185	0.13705	1	0	0	0	1	0	0	0	1
0.195	-0.44539	0.44187	0.13706	1	0	0	0	1	0	0	0	1
0.2	-0.44542	0.44187	0.13707	1	0	0	0	1	0	0	0	1
0.205	-0.44544	0.44188	0.13708	1	0	0	0	1	0	0	0	1
0.21	-0.44552	0.44188	0.13707	1	0	0	0	1	0	0	0	1
0.215	-0.44549	0.44189	0.1371	1	0	0	0	1	0	0	0	1
0.22	-0.44553	0.4419	0.1371	1	0	0	0	1	0	0	0	1
0.225	-0.44556	0.4419	0.13711	1	0	0	0	1	0	0	0	1
0.23	-0.44556	0.44191	0.13711	1	0	0	0	1	0	0	0	1
0.235	-0.44557	0.44191	0.13711	1	0	0	0	1	0	0	0	1
0.24	-0.44559	0.4419	0.1371	1	0	0	0	1	0	0	0	1
0.245	-0.44557	0.44191	0.13709	1	0	0	0	1	0	0	0	1
0.25	-0.44553	0.4419	0.13709	1	0	0	0	1	0	0	0	1
0.255	-0.44546	0.4419	0.1371	1	0	0	0	1	0	0	0	1
0.26	-0.44549	0.44188	0.13707	1	0	0	0	1	0	0	0	1
0.265	-0.44542	0.44188	0.13708	1	0	0	0	1	0	0	0	1
0.27	-0.44544	0.44186	0.13707	1	0	0	0	1	0	0	0	1
0.275	-0.44543	0.44185	0.13706	1	0	0	0	1	0	0	0	1
0.28	-0.44539	0.44184	0.13707	1	0	0	0	1	0	0	0	1
0.285	-0.44544	0.44183	0.13705	1	0	0	0	1	0	0	0	1
0.29	-0.44535	0.44183	0.13708	1	0	0	0	1	0	0	0	1
0.295	-0.44535	0.44181	0.13707	1	0	0	0	1	0	0	0	1
0.3	-0.44531	0.4418	0.13706	1	0	0	0	1	0	0	0	1
0.305	-0.44519	0.4418	0.13708	1	0	0	0	1	0	0	0	1
0.31	-0.44519	0.44178	0.13706	1	0	0	0	1	0	0	0	1
0.315	-0.44508	0.44176	0.13707	1	0	0	0	1	0	0	0	1
0.32	-0.44501	0.44174	0.13706	1	0	0	0	1	0	0	0	1
0.325	-0.4449	0.44173	0.13704	1	0	0	0	1	0	0	0	1
0.33	-0.44474	0.44172	0.13705	1	0	0	0	1	0	0	0	1
0.335	-0.44459	0.44171	0.13705	1	0	0	0	1	0	0	0	1
0.34	-0.44454	0.44169	0.13701	1	0	0	0	1	0	0	0	1
0.345	-0.44444	0.44166	0.137	1	0	0	0	1	0	0	0	1
0.35	-0.44432	0.44164	0.13699	1	0	0	0	1	0	0	0	1
0.355	-0.44319	0.44184	0.13715	1	0	0	0	1	0	0	0	1
0.36	-0.44311	0.44181	0.13713	1	0	0	0	1	0	0	0	1
0.365	-0.44307	0.44178	0.13712	1	0	0	0	1	0	0	0	1
0.37	-0.44294	0.44177	0.13711	1	0	0	0	1	0	0	0	1
0.375	-0.44289	0.44175	0.13709	1	0	0	0	1	0	0	0	1
0.38	-0.44281	0.44173	0.13707	1	0	0	0	1	0	0	0	1
0.385	-0.44275	0.44171	0.13706	1	0	0	0	1	0	0	0	1
0.39	-0.44271	0.44168	0.13704	1	0	0	0	1	0	0	0	1
0.395	-0.44263	0.44166	0.13703	1	0	0	0	1	0	0	0	1
0.4	-0.44259	0.44164	0.13701	1	0	0	0	1	0	0	0	1
0.405	-0.4425	0.44162	0.13699	1	0	0	0	1	0	0	0	1
0.41	-0.44247	0.4416	0.13697	1	0	0	0	1	0	0	0	1
0.415	-0.44241	0.44158	0.13695	1	0	0	0	1	0	0	0	1
0.42	-0.44234	0.44157	0.13692	1	0	0	0	1	0	0	0	1
0.425	-0.44228	0.44155	0.13691	1	0	0	0	1	0	0	0	1
0.43	-0.44221	0.44155	0.13688	1	0	0	0	1	0	0	0	1
0.435	-0.44218	0.44153	0.13687	1	0	0	0	1	0	0	0	1
0.44	-0.44214	0.44151	0.13684	1	0	0	0	1	0	0	0	1
0.445	-0.44212	0.44149	0.13681	1	0	0	0	1	0	0	0	1
0.45	-0.4421	0.44148	0.1368	1	0	0	0	1	0	0	0	1
0.455	-0.44203	0.44148	0.13678	1	0	0	0	1	0	0	0	1
0.46	-0.44201	0.44148	0.13676	1	0	0	0	1	0	0	0	1
0.465	-0.44199	0.44147	0.13675	1	0	0	0	1	0	0	0	1
0.47	-0.442	0.44147	0.13674	1	0	0	0	1	0	0	0	1
0.475	-0.44201	0.44147	0.13672	1	0	0	0	1	0	0	0	1
0.48	-0.44197	0.44148	0.13671	1	0	0	0	1	0	0	0	1
0.485	-0.44195	0.44149	0.1367	1	0	0	0	1	0	0	0	1
0.49	-0.44195	0.4415	0.13669	1	0	0	0	1	0	0	0	1
0.495	-0.44196	0.44151	0.13668	1	0	0	0	1	0	0	0	1
0.5	-0.44197	0.44152	0.13666	1	0	0	0	1	0	0	0	1
0.505	-0.44198	0.44153	0.13664	1	0	0	0	1	0	0	0	1
0.51	-0.44197	0.44154	0.13663	1	0	0	0	1	0	0	0	1
0.515	-0.44195	0.44156	0.1366	1	0	0	0	1	0	0	0	1
0.52	-0.44197	0.44157	0.13658	1	0	0	0	1	0	0	0	1
0.525	-0.44197	0.44158	0.13655	1	0	0	0	1	0	0	0	1
0.53	-0.44197	0.4416	0.13653	1	0	0	0	1	0	0	0	1
0.535	-0.44198	0.44161	0.1365	1	0	0	0	1	0	0	0	1
0.54	-0.44195	0.44163	0.13648	1	0	0	0	1	0	0	0	1
0.545	-0.44197	0.44165	0.13645	1	0	0	0	1	0	0	0	1
0.55	-0.44201	0.44166	0.13643	1	0	0	0	1	0	0	0	1
0.555	-0.44203	0.44168	0.13641	1	0	0	0	1	0	0	0	1
0.56	-0.44207	0.44169	0.13638	1	0	0	0	1	0	0	0	1
0.565	-0.44212	0.4417	0.13636	1	0	0	0	1	0	0	0	1
0.57	-0.44222	0.44171	0.13633	1	0	0	0	1	0	0	0	1
0.575	-0.44225	0.44173	0.13631	1	0	0	0	1	0	0	0	1
0.58	-0.44233	0.44174	0.13628	1	0	0	0	1	0	0	0	1
0.585	-0.44242	0.44176	0.13624	1	0	0	0	1	0	0	0	1
0.59	-0.44332	0.44155	0.13607	1	0	0	0	1	0	0	0	1
0.595	-0.44338	0.44156	0.13604	1	0	0	0	1	0	0	0	1
0.6	-0.44342	0.44158	0.13602	1	0	0	0	1	0	0	0	1
0.605	-0.44346	0.4416	0.136	1	0	0	0	1	0	0	0	1
0.61	-0.44354	0.44162	0.13598	1	0	0	0	1	0	0	0	1
0.615	-0.44289	0.44184	0.13608	1	0	0	0	1	0	0	0	1
0.62	-0.44295	0.44185	0.13608	1	0	0	0	1	0	0	0	1
0.625	-0.44302	0.44187	0.13606	1	0	0	0	1	0	0	0	1
0.63	-0.44309	0.44188	0.13605	1	0	0	0	1	0	0	0	1
0.635	-0.44311	0.4419	0.13605	1	0	0	0	1	0	0	0	1
0.64	-0.44314	0.44191	0.13605	1	0	0	0	1	0	0	0	1
0.645	-0.44322	0.44192	0.13606	1	0	0	0	1	0	0	0	1
0.65	-0.44328	0.44193	0.13606	1	0	0	0	1	0	0	0	1
0.655	-0.44327	0.44194	0.13608	1	0	0	0	1	0	0	0	1
0.66	-0.44332	0.44194	0.13609	1	0	0	0	1	0	0	0	1
0.665	-0.44335	0.44195	0.1361	1	0	0	0	1	0	0	0	1
0.67	-0.44338	0.44196	0.13611	1	0	0	0	1	0	0	0	1
0.675	-0.4434	0.44196	0.13615	1	0	0	0	1	0	0	0	1
0.68	-0.44344	0.44196	0.13617	1	0	0	0	1	0	0	0	1
0.685	-0.44347	0.44196	0.1362	1	0	0	0	1	0	0	0	1
0.69	-0.44347	0.44196	0.13622	1	0	0	0	1	0	0	0	1
0.695	-0.44352	0.44195	0.13624	1	0	0	0	1	0	0	0	1
0.7	-0.44353	0.44194	0.13627	1	0	0	0	1	0	0	0	1
0.705	-0.44347	0.44194	0.1363	1	0	0	0	1	0	0	0	1
0.71	-0.44347	0.44193	0.13633	1	0	0	0	1	0	0	0	1
0.715	-0.44348	0.44191	0.13634	1	0	0	0	1	0	0	0	1
0.72	-0.44418	0.44169	0.13625	1	0	0	0	1	0	0	0	1
0.725	-0.44407	0.44167	0.13631	1	0	0	0	1	0	0	0	1
0.73	-0.44407	0.44165	0.13633	1	0	0	0	1	0	0	0	1
0.735	-0.44404	0.44161	0.13636	1	0	0	0	1	0	0	0	1
0.74	-0.44394	0.44159	0.13642	1	0	0	0	1	0	0	0	1
0.745	-0.44391	0.44156	0.13645	1	0	0	0	1	0	0	0	1
0.75	-0.44388	0.44153	0.1365	1	0	0	0	1	0	0	0	1
0.755	-0.44384	0.4415	0.13655	1	0	0	0	1	0	0	0	1
0.76	-0.4438	0.44146	0.1366	1	0	0	0	1	0	0	0	1
0.765	-0.44377	0.44143	0.13664	1	0	0	0	1	0	0	0	1
0.77	-0.44366	0.44141	0.13671	1	0	0	0	1	0	0	0	1
0.775	-0.44357	0.44138	0.13678	1	0	0	0	1	0	0	0	1
0.78	-0.44344	0.44134	0.13685	1	0	0	0	1	0	0	0	1
0.785	-0.44338	0.44131	0.13689	1	0	0	0	1	0	0	0	1
0.79	-0.44328	0.44128	0.13693	1	0	0	0	1	0	0	0	1
0.795	-0.44315	0.44124	0.13698	1	0	0	0	1	0	0	0	1
0.8	-0.44299	0.4412	0.13704	1	0	0	0	1	0	0	0	1
0.805	-0.44286	0.44115	0.13707	1	0	0	0	1	0	0	0	1
0.81	-0.44267	0.44111	0.13712	1	0	0	0	1	0	0	0	1
0.815	-0.44254	0.44106	0.13715	1	0	0	0	1	0	0	0	1
0.82	-0.44246	0.44101	0.13715	1	0	0	0	1	0	0	0	1
0.825	-0.44226	0.44096	0.13718	1	0	0	0	1	0	0	0	1
0.83	-0.44204	0.44092	0.13722	1	0	0	0	1	0	0	0	1
0.835	-0.44184	0.44087	0.13724	1	0	0	0	1	0	0	0	1
0.84	-0.44162	0.44081	0.13727	1	0	0	0	1	0	0	0	1
0.845	-0.44141	0.44076	0.13729	1	0	0	0	1	0	0	0	1
0.85	-0.44117	0.4407	0.1373	1	0	0	0	1	0	0	0	1
0.855	-0.44085	0.44066	0.13733	1	0	0	0	1	0	0	0	1
0.86	-0.44062	0.44059	0.13733	1	0	0	0	1	0	0	0	1
0.865	-0.44031	0.44051	0.13735	1	0	0	0	1	0	0	0	1
0.87	-0.44006	0.44041	0.13735	1	0	0	0	1	0	0	0	1
0.875	-0.43976	0.44032	0.13737	1	0	0	0	1	0	0	0	1
0.88	-0.43949	0.4402	0.13738	1	0	0	0	1	0	0	0	1
0.885	-0.43922	0.4401	0.1374	1	0	0	0	1	0	0	0	1
0.89	-0.43894	0.44	0.13742	1	0	0	0	1	0	0	0	1
0.895	-0.43866	0.43989	0.13743	1	0	0	0	1	0	0	0	1
0.9	-0.43838	0.43978	0.13743	1	0	0	0	1	0	0	0	1
0.905	-0.43805	0.43965	0.13745	1	0	0	0	1	0	0	0	1
0.91	-0.43768	0.43951	0.13746	1	0	0	0	1	0	0	0	1
0.915	-0.43717	0.4394	0.13749	1	0	0	0	1	0	0	0	1
0.92	-0.43674	0.4393	0.1375	1	0	0	0	1	0	0	0	1
0.925	-0.43631	0.4392	0.13751	1	0	0	0	1	0	0	0	1
0.93	-0.43586	0.4391	0.13753	1	0	0	0	1	0	0	0	1
0.935	-0.43539	0.43896	0.13755	1	0	0	0	1	0	0	0	1
0.94	-0.43491	0.43879	0.13755	1	0	0	0	1	0	0	0	1
0.945	-0.43432	0.43865	0.13759	1	0	0	0	1	0	0	0	1
0.95	-0.43383	0.43851	0.13758	1	0	0	0	1	0	0	0	1
0.955	-0.43332	0.43839	0.13757	1	0	0	0	1	0	0	0	1
0.96	-0.43273	0.43826	0.13758	1	0	0	0	1	0	0	0	1
0.965	-0.43212	0.4381	0.13758	1	0	0	0	1	0	0	0	1
0.97	-0.43153	0.43791	0.13757	1	0	0	0	1	0	0	0	1
0.975	-0.43097	0.43774	0.13756	1	0	0	0	1	0	0	0	1
0.98	-0.43043	0.43759	0.13751	1	0	0	0	1	0	0	0	1
0.985	-0.42988	0.43739	0.13747	1	0	0	0	1	0	0	0	1
0.99	-0.42925	0.4372	0.13744	1	0	0	0	1	0	0	0	1
0.995	-0.42864	0.43701	0.13741	1	0	0	0	1	0	0	0	1
1	-0.42802	0.43687	0.13736	1	0	0	0	1	0	0	0	1
1.005	-0.42742	0.4367	0.1373	1	0	0	0	1	0	0	0	1
1.01	-0.42684	0.43648	0.13724	1	0	0	0	1	0	0	0	1
1.015	-0.42625	0.43627	0.13721	1	0	0	0	1	0	0	0	1
1.02	-0.42571	0.43608	0.13714	1	0	0	0	1	0	0	0	1
1.025	-0.42512	0.43591	0.13708	1	0	0	0	1	0	0	0	1
1.03	-0.42444	0.43574	0.13704	1	0	0	0	1	0	0	0	1
1.035	-0.42323	0.43572	0.13711	1	0	0	0	1	0	0	0	1
1.04	-0.42319	0.43535	0.13694	1	0	0	0	1	0	0	0	1
1.045	-0.42258	0.43516	0.13687	1	0	0	0	1	0	0	0	1
1.05	-0.42115	0.43515	0.13694	1	0	0	0	1	0	0	0	1
1.055	-0.42127	0.43471	0.13673	1	0	0	0	1	0	0	0	1
1.06	-0.42062	0.4345	0.13664	1	0	0	0	1	0	0	0	1
1.065	-0.41899	0.43453	0.13672	1	0	0	0	1	0	0	0	1
1.07	-0.41842	0.43425	0.13663	1	0	0	0	1	0	0	0	1
1.075	-0.41766	0.43399	0.13656	1	0	0	0	1	0	0	0	1
1.08	-0.41686	0.43377	0.13647	1	0	0	0	1	0	0	0	1
1.085	-0.41622	0.43356	0.13637	1	0	0	0	1	0	0	0	1
1.09	-0.41551	0.4333	0.13628	1	0	0	0	1	0	0	0	1
1.095	-0.41464	0.43302	0.1362	1	0	0	0	1	0	0	0	1
1.1	-0.41386	0.43276	0.1361	1	0	0	0	1	0	0	0	1
1.105	-0.41323	0.43249	0.13599	1	0	0	0	1	0	0	0	1
1.11	-0.41237	0.43223	0.13592	1	0	0	0	1	0	0	0	1
1.115	-0.41155	0.43191	0.13585	1	0	0	0	1	0	0	0	1
1.12	-0.41085	0.43163	0.13579	1	0	0	0	1	0	0	0	1
1.125	-0.41	0.43138	0.13578	1	0	0	0	1	0	0	0	1
1.13	-0.40929	0.43105	0.13576	1	0	0	0	1	0	0	0	1
1.135	-0.40867	0.43074	0.13574	1	0	0	0	1	0	0	0	1
1.14	-0.40778	0.43051	0.13578	1	0	0	0	1	0	0	0	1
1.145	-0.40712	0.43018	0.1358	1	0	0	0	1	0	0	0	1
1.15	-0.40652	0.42986	0.13583	1	0	0	0	1	0	0	0	1
1.155	-0.40567	0.42962	0.1359	1	0	0	0	1	0	0	0	1
1.16	-0.40503	0.42932	0.13593	1	0	0	0	1	0	0	0	1
1.165	-0.40432	0.42902	0.13599	1	0	0	0	1	0	0	0	1
1.17	-0.40355	0.42875	0.13603	1	0	0	0	1	0	0	0	1
1.175	-0.40294	0.42846	0.13607	1	0	0	0	1	0	0	0	1
1.18	-0.40209	0.42818	0.13613	1	0	0	0	1	0	0	0	1
1.185	-0.40136	0.42785	0.13616	1	0	0	0	1	0	0	0	1
1.19	-0.40065	0.42753	0.13618	1	0	0	0	1	0	0	0	1
1.195	-0.3997	0.42728	0.13625	1	0	0	0	1	0	0	0	1
1.2	-0.39911	0.42691	0.13628	1	0	0	0	1	0	0	0	1
1.205	-0.3983	0.42657	0.13631	1	0	0	0	1	0	0	0	1
1.21	-0.39746	0.42629	0.13637	1	0	0	0	1	0	0	0	1
1.215	-0.39681	0.4259	0.13641	1	0	0	0	1	0	0	0	1
1.22	-0.39595	0.42555	0.13647	1	0	0	0	1	0	0	0	1
1.225	-0.39531	0.42528	0.13652	1	0	0	0	1	0	0	0	1
1.23	-0.3945	0.42498	0.13656	1	0	0	0	1	0	0	0	1
1.235	-0.39364	0.42464	0.13657	1	0	0	0	1	0	0	0	1
1.24	-0.39292	0.42431	0.13656	1	0	0	0	1	0	0	0	1
1.245	-0.39194	0.42405	0.13657	1	0	0	0	1	0	0	0	1
1.25	-0.39119	0.42369	0.13653	1	0	0	0	1	0	0	0	1
1.255	-0.3905	0.42333	0.13645	1	0	0	0	1	0	0	0	1
1.26	-0.38959	0.42304	0.13641	1	0	0	0	1	0	0	0	1
1.265	-0.38886	0.42268	0.13634	1	0	0	0	1	0	0	0	1
1.27	-0.38809	0.42235	0.13625	1	0	0	0	1	0	0	0	1
1.275	-0.38718	0.4221	0.13617	1	0	0	0	1	0	0	0	1
1.28	-0.38647	0.42176	0.13604	1	0	0	0	1	0	0	0	1
1.285	-0.38584	0.42145	0.13587	1	0	0	0	1	0	0	0	1
1.29	-0.38502	0.42119	0.13574	1	0	0	0	1	0	0	0	1
1.295	-0.3841	0.42092	0.13558	1	0	0	0	1	0	0	0	1
1.3	-0.38336	0.42061	0.13537	1	0	0	0	1	0	0	0	1
1.305	-0.38268	0.42034	0.13517	1	0	0	0	1	0	0	0	1
1.31	-0.38184	0.42009	0.13497	1	0	0	0	1	0	0	0	1
1.315	-0.38105	0.41981	0.13477	1	0	0	0	1	0	0	0	1
1.32	-0.38036	0.41953	0.13454	1	0	0	0	1	0	0	0	1
1.325	-0.37971	0.41927	0.13429	1	0	0	0	1	0	0	0	1
1.33	-0.37897	0.41904	0.13402	1	0	0	0	1	0	0	0	1
1.335	-0.37813	0.41878	0.13373	1	0	0	0	1	0	0	0	1
1.34	-0.37729	0.41852	0.13342	1	0	0	0	1	0	0	0	1
1.345	-0.37646	0.41826	0.13306	1	0	0	0	1	0	0	0	1
1.35	-0.37573	0.418	0.13265	1	0	0	0	1	0	0	0	1
1.355	-0.37499	0.41767	0.13225	1	0	0	0	1	0	0	0	1
1.36	-0.37422	0.41735	0.13186	1	0	0	0	1	0	0	0	1
1.365	-0.3734	0.41704	0.13146	1	0	0	0	1	0	0	0	1
1.37	-0.37252	0.41667	0.13106	1	0	0	0	1	0	0	0	1
1.375	-0.37165	0.41632	0.13067	1	0	0	0	1	0	0	0	1
1.38	-0.37078	0.41597	0.13028	1	0	0	0	1	0	0	0	1
1.385	-0.36999	0.41556	0.1299	1	0	0	0	1	0	0	0	1
1.39	-0.36921	0.4152	0.12954	1	0	0	0	1	0	0	0	1
1.395	-0.36827	0.41477	0.12918	1	0	0	0	1	0	0	0	1
1.4	-0.36724	0.41438	0.12885	1	0	0	0	1	0	0	0	1
1.405	-0.36633	0.41394	0.12855	1	0	0	0	1	0	0	0	1
1.41	-0.36554	0.41349	0.12827	1	0	0	0	1	0	0	0	1
1.415	-0.36462	0.41309	0.12801	1	0	0	0	1	0	0	0	1
1.42	-0.36365	0.41262	0.1278	1	0	0	0	1	0	0	0	1
1.425	-0.36281	0.41223	0.1276	1	0	0	0	1	0	0	0	1
1.43	-0.36192	0.41175	0.12743	1	0	0	0	1	0	0	0	1
1.435	-0.36097	0.41136	0.1273	1	0	0	0	1	0	0	0	1
1.44	-0.36017	0.41093	0.12714	1	0	0	0	1	0	0	0	1
1.445	-0.3594	0.41049	0.12698	1	0	0	0	1	0	0	0	1
1.45	-0.35848	0.41014	0.12685	1	0	0	0	1	0	0	0	1
1.455	-0.35764	0.4097	0.12672	1	0	0	0	1	0	0	0	1
1.46	-0.35685	0.40928	0.12662	1	0	0	0	1	0	0	0	1
1.465	-0.35589	0.40889	0.12652	1	0	0	0	1	0	0	0	1
1.47	-0.35512	0.40846	0.1264	1	0	0	0	1	0	0	0	1
1.475	-0.35432	0.40807	0.1263	1	0	0	0	1	0	0	0	1
1.48	-0.35334	0.40769	0.12621	1	0	0	0	1	0	0	0	1
1.485	-0.35257	0.40727	0.1261	1	0	0	0	1	0	0	0	1
1.49	-0.35178	0.40687	0.12599	1	0	0	0	1	0	0	0	1
1.495	-0.35088	0.40644	0.12586	1	0	0	0	1	0	0	0	1
1.5	-0.35013	0.40605	0.12574	1	0	0	0	1	0	0	0	1
1.505	-0.34937	0.40561	0.12563	1	0	0	0	1	0	0	0	1
1.51	-0.34844	0.40523	0.12552	1	0	0	0	1	0	0	0	1
1.515	-0.34766	0.40485	0.12537	1	0	0	0	1	0	0	0	1
1.52	-0.34698	0.40441	0.1252	1	0	0	0	1	0	0	0	1
1.525	-0.34611	0.40406	0.12504	1	0	0	0	1	0	0	0	1
1.53	-0.34526	0.40367	0.12488	1	0	0	0	1	0	0	0	1
1.535	-0.34457	0.40326	0.1247	1	0	0	0	1	0	0	0	1
1.54	-0.34387	0.40288	0.12451	1	0	0	0	1	0	0	0	1
1.545	-0.34309	0.40248	0.12435	1	0	0	0	1	0	0	0	1
1.55	-0.34229	0.4021	0.12416	1	0	0	0	1	0	0	0	1
1.555	-0.34161	0.40172	0.12395	1	0	0	0	1	0	0	0	1
1.56	-0.34102	0.40132	0.12374	1	0	0	0	1	0	0	0	1
1.565	-0.34034	0.40093	0.12354	1	0	0	0	1	0	0	0	1
1.57	-0.33962	0.4006	0.12335	1	0	0	0	1	0	0	0	1
1.575	-0.33893	0.40026	0.12313	1	0	0	0	1	0	0	0	1
1.58	-0.33833	0.39992	0.12289	1	0	0	0	1	0	0	0	1
1.585	-0.33776	0.39961	0.12263	1	0	0	0	1	0	0	0	1
1.59	-0.33714	0.39932	0.12239	1	0	0	0	1	0	0	0	1
1.595	-0.33641	0.39901	0.12217	1	0	0	0	1	0	0	0	1
1.6	-0.33561	0.39876	0.12196	1	0	0	0	1	0	0	0	1
1.605	-0.33489	0.3985	0.12173	1	0	0	0	1	0	0	0	1
1.61	-0.33426	0.39818	0.12151	1	0	0	0	1	0	0	0	1
1.615	-0.33361	0.39789	0.12127	1	0	0	0	1	0	0	0	1
1.62	-0.33294	0.39765	0.12108	1	0	0	0	1	0	0	0	1
1.625	-0.33219	0.39739	0.12088	1	0	0	0	1	0	0	0	1
1.63	-0.33155	0.3971	0.12069	1	0	0	0	1	0	0	0	1
1.635	-0.33104	0.39684	0.1205	1	0	0	0	1	0	0	0	1
1.64	-0.33055	0.39655	0.12034	1	0	0	0	1	0	0	0	1
1.645	-0.3299	0.39624	0.1202	1	0	0	0	1	0	0	0	1
1.65	-0.32917	0.39599	0.12007	1	0	0	0	1	0	0	0	1
1.655	-0.32849	0.39574	0.11993	1	0	0	0	1	0	0	0	1
1.66	-0.32792	0.3954	0.11977	1	0	0	0	1	0	0	0	1
1.665	-0.32724	0.39507	0.11962	1	0	0	0	1	0	0	0	1
1.67	-0.32639	0.39482	0.11949	1	0	0	0	1	0	0	0	1
1.675	-0.32563	0.39449	0.11935	1	0	0	0	1	0	0	0	1
1.68	-0.32495	0.39415	0.11921	1	0	0	0	1	0	0	0	1
1.685	-0.32394	0.39392	0.11914	1	0	0	0	1	0	0	0	1
1.69	-0.32311	0.39367	0.11904	1	0	0	0	1	0	0	0	1
1.695	-0.32234	0.3934	0.11896	1	0	0	0	1	0	0	0	1
1.7	-0.32128	0.39317	0.11894	1	0	0	0	1	0	0	0	1
1.705	-0.32045	0.39295	0.11891	1	0	0	0	1	0	0	0	1
1.71	-0.31939	0.39274	0.11891	1	0	0	0	1	0	0	0	1
1.715	-0.31937	0.39227	0.11874	1	0	0	0	1	0	0	0	1
1.72	-0.31836	0.39201	0.11876	1	0	0	0	1	0	0	0	1
1.725	-0.3174	0.39172	0.11879	1	0	0	0	1	0	0	0	1
1.73	-0.3162	0.39142	0.11886	1	0	0	0	1	0	0	0	1
1.735	-0.31504	0.39111	0.11893	1	0	0	0	1	0	0	0	1
1.74	-0.31383	0.3907	0.11905	1	0	0	0	1	0	0	0	1
1.745	-0.31268	0.3903	0.11913	1	0	0	0	1	0	0	0	1
1.75	-0.31155	0.38983	0.11921	1	0	0	0	1	0	0	0	1
1.755	-0.3105	0.38932	0.1193	1	0	0	0	1	0	0	0	1
1.76	-0.30934	0.38881	0.11944	1	0	0	0	1	0	0	0	1
1.765	-0.308	0.38826	0.11962	1	0	0	0	1	0	0	0	1
1.77	-0.30667	0.38775	0.11982	1	0	0	0	1	0	0	0	1
1.775	-0.30545	0.38715	0.11996	1	0	0	0	1	0	0	0	1
1.78	-0.3041	0.38652	0.12008	1	0	0	0	1	0	0	0	1
1.785	-0.30258	0.38587	0.12026	1	0	0	0	1	0	0	0	1
1.79	-0.30087	0.38522	0.12048	1	0	0	0	1	0	0	0	1
1.795	-0.29909	0.38452	0.12067	1	0	0	0	1	0	0	0	1
1.8	-0.2974	0.38378	0.12082	1	0	0	0	1	0	0	0	1
1.805	-0.29546	0.38308	0.12104	1	0	0	0	1	0	0	0	1
1.81	-0.29346	0.38236	0.1213	1	0	0	0	1	0	0	0	1
1.815	-0.29156	0.38159	0.12148	1	0	0	0	1	0	0	0	1
1.82	-0.2895	0.38084	0.12171	1	0	0	0	1	0	0	0	1
1.825	-0.28716	0.38008	0.12199	1	0	0	0	1	0	0	0	1
1.83	-0.28499	0.37923	0.12221	1	0	0	0	1	0	0	0	1
1.835	-0.28265	0.37839	0.12245	1	0	0	0	1	0	0	0	1
1.84	-0.28017	0.37755	0.12274	1	0	0	0	1	0	0	0	1
1.845	-0.27787	0.37664	0.12296	1	0	0	0	1	0	0	0	1
1.85	-0.27535	0.37568	0.1232	1	0	0	0	1	0	0	0	1
1.855	-0.27266	0.37465	0.12349	1	0	0	0	1	0	0	0	1
1.86	-0.27014	0.37357	0.12371	1	0	0	0	1	0	0	0	1
1.865	-0.26732	0.37248	0.12401	1	0	0	0	1	0	0	0	1
1.87	-0.26461	0.37133	0.12424	1	0	0	0	1	0	0	0	1
1.875	-0.26202	0.3702	0.12445	1	0	0	0	1	0	0	0	1
1.88	-0.25919	0.36904	0.12475	1	0	0	0	1	0	0	0	1
1.885	-0.25657	0.36785	0.12495	1	0	0	0	1	0	0	0	1
1.89	-0.25385	0.3667	0.12519	1	0	0	0	1	0	0	0	1
1.895	-0.25105	0.36555	0.12544	1	0	0	0	1	0	0	0	1
1.9	-0.24842	0.36436	0.12558	1	0	0	0	1	0	0	0	1
1.905	-0.24575	0.3632	0.12576	1	0	0	0	1	0	0	0	1
1.91	-0.24315	0.36208	0.12595	1	0	0	0	1	0	0	0	1
1.915	-0.24086	0.36089	0.12606	1	0	0	0	1	0	0	0	1
1.92	-0.23872	0.35967	0.12615	1	0	0	0	1	0	0	0	1
1.925	-0.23647	0.35848	0.12632	1	0	0	0	1	0	0	0	1
1.93	-0.2344	0.35729	0.12647	1	0	0	0	1	0	0	0	1
1.935	-0.23254	0.35608	0.12656	1	0	0	0	1	0	0	0	1
1.94	-0.23089	0.35482	0.12663	1	0	0	0	1	0	0	0	1
1.945	-0.22935	0.35351	0.12671	1	0	0	0	1	0	0	0	1
1.95	-0.22805	0.35224	0.12682	1	0	0	0	1	0	0	0	1
1.955	-0.22688	0.35097	0.12695	1	0	0	0	1	0	0	0	1
1.96	-0.22585	0.34977	0.12709	1	0	0	0	1	0	0	0	1
1.965	-0.22517	0.34871	0.12718	1	0	0	0	1	0	0	0	1
1.97	-0.22468	0.34785	0.12725	1	0	0	0	1	0	0	0	1
1.975	-0.22425	0.34718	0.12735	1	0	0	0	1	0	0	0	1
1.98	-0.22386	0.34674	0.12748	1	0	0	0	1	0	0	0	1
1.985	-0.22347	0.34655	0.12764	1	0	0	0	1	0	0	0	1
1.99	-0.22299	0.3467	0.12786	1	0	0	0	1	0	0	0	1
1.995	-0.22258	0.34716	0.12809	1	0	0	0	1	0	0	0	1
2	-0.22224	0.34793	0.12836	1	0	0	0	1	0	0	0	1
2.005	-0.22182	0.34908	0.12878	1	0	0	0	1	0	0	0	1
2.01	-0.22129	0.35069	0.12938	1	0	0	0	1	0	0	0	1
2.015	-0.22108	0.35267	0.12995	1	0	0	0	1	0	0	0	1
2.02	-0.22057	0.35513	0.13078	1	0	0	0	1	0	0	0	1
2.025	-0.22009	0.35807	0.13174	1	0	0	0	1	0	0	0	1
2.03	-0.21987	0.36145	0.13276	1	0	0	0	1	0	0	0	1
2.035	-0.21937	0.3653	0.13403	1	0	0	0	1	0	0	0	1
2.04	-0.21856	0.36967	0.13557	1	0	0	0	1	0	0	0	1
2.045	-0.21797	0.37448	0.13718	1	0	0	0	1	0	0	0	1
2.05	-0.21743	0.37977	0.1389	1	0	0	0	1	0	0	0	1
2.055	-0.21666	0.38556	0.14089	1	0	0	0	1	0	0	0	1
2.06	-0.21607	0.39185	0.14289	1	0	0	0	1	0	0	0	1
2.065	-0.21505	0.39871	0.14505	1	0	0	0	1	0	0	0	1
2.07	-0.21421	0.40595	0.1472	1	0	0	0	1	0	0	0	1
2.075	-0.21295	0.4136	0.14934	1	0	0	0	1	0	0	0	1
2.08	-0.2112	0.42175	0.15151	1	0	0	0	1	0	0	0	1
2.085	-0.21324	0.43022	0.15183	1	0	0	0	1	0	0	0	1
2.09	-0.20966	0.43894	0.15424	1	0	0	0	1	0	0	0	1
2.095	-0.20605	0.44787	0.15638	1	0	0	0	1	0	0	0	1
2.1	-0.20264	0.45705	0.15837	1	0	0	0	1	0	0	0	1
2.105	-0.19969	0.46629	0.15979	1	0	0	0	1	0	0	0	1
2.11	-0.1966	0.47555	0.16116	1	0	0	0	1	0	0	0	1
2.115	-0.19279	0.48452	0.16259	1	0	0	0	1	0	0	0	1
2.12	-0.18856	0.49351	0.16398	1	0	0	0	1	0	0	0	1
2.125	-0.18381	0.50211	0.16519	1	0	0	0	1	0	0	0	1
2.13	-0.17806	0.51019	0.16633	1	0	0	0	1	0	0	0	1
2.135	-0.17157	0.51785	0.16739	1	0	0	0	1	0	0	0	1
2.14	-0.16452	0.52515	0.16824	1	0	0	0	1	0	0	0	1
2.145	-0.157	0.53213	0.16897	1	0	0	0	1	0	0	0	1
2.15	-0.1488	0.53893	0.16972	1	0	0	0	1	0	0	0	1
2.155	-0.14048	0.54555	0.17038	1	0	0	0	1	0	0	0	1
2.16	-0.13204	0.55204	0.17097	1	0	0	0	1	0	0	0	1
2.165	-0.12366	0.55849	0.17146	1	0	0	0	1	0	0	0	1
2.17	-0.1152	0.56491	0.17189	1	0	0	0	1	0	0	0	1
2.175	-0.10674	0.57128	0.17239	1	0	0	0	1	0	0	0	1
2.18	-0.098471	0.57746	0.17285	1	0	0	0	1	0	0	0	1
2.185	-0.090346	0.58353	0.17327	1	0	0	0	1	0	0	0	1
2.19	-0.082539	0.58948	0.1737	1	0	0	0	1	0	0	0	1
2.195	-0.074893	0.59526	0.17409	1	0	0	0	1	0	0	0	1
2.2	-0.0677	0.60083	0.17438	1	0	0	0	1	0	0	0	1
2.205	-0.060879	0.60613	0.17465	1	0	0	0	1	0	0	0	1
2.21	-0.054247	0.61106	0.17487	1	0	0	0	1	0	0	0	1
2.215	-0.047798	0.61564	0.1751	1	0	0	0	1	0	0	0	1
2.22	-0.041577	0.6198	0.17533	1	0	0	0	1	0	0	0	1
2.225	-0.035339	0.62354	0.17554	1	0	0	0	1	0	0	0	1
2.23	-0.029534	0.62697	0.17563	1	0	0	0	1	0	0	0	1
2.235	-0.023617	0.63013	0.17576	1	0	0	0	1	0	0	0	1
2.24	-0.01784	0.63305	0.17584	1	0	0	0	1	0	0	0	1
2.245	-0.012126	0.63575	0.17591	1	0	0	0	1	0	0	0	1
2.25	-0.0063058	0.6382	0.17606	1	0	0	0	1	0	0	0	1
2.255	-0.00066526	0.64038	0.17616	1	0	0	0	1	0	0	0	1
2.26	0.0049711	0.64236	0.17624	1	0	0	0	1	0	0	0	1
2.265	0.010691	0.6441	0.17639	1	0	0	0	1	0	0	0	1
2.27	0.016278	0.64559	0.17654	1	0	0	0	1	0	0	0	1
2.275	0.021875	0.6468	0.17671	1	0	0	0	1	0	0	0	1
2.28	0.027498	0.64774	0.17694	1	0	0	0	1	0	0	0	1
2.285	0.032918	0.64843	0.17715	1	0	0	0	1	0	0	0	1
2.29	0.038238	0.64887	0.17736	1	0	0	0	1	0	0	0	1
2.295	0.043657	0.64912	0.17768	1	0	0	0	1	0	0	0	1
2.3	0.049059	0.6491	0.17805	1	0	0	0	1	0	0	0	1
2.305	0.054235	0.64879	0.17835	1	0	0	0	1	0	0	0	1
2.31	0.059392	0.64823	0.17862	1	0	0	0	1	0	0	0	1
2.315	0.06468	0.64746	0.17894	1	0	0	0	1	0	0	0	1
2.32	0.070027	0.64646	0.17928	1	0	0	0	1	0	0	0	1
2.325	0.075362	0.64519	0.1796	1	0	0	0	1	0	0	0	1
2.33	0.080687	0.64365	0.17989	1	0	0	0	1	0	0	0	1
2.335	0.086178	0.64189	0.18023	1	0	0	0	1	0	0	0	1
2.34	0.091857	0.6399	0.18058	1	0	0	0	1	0	0	0	1
2.345	0.097574	0.63769	0.18095	1	0	0	0	1	0	0	0	1
2.35	0.10317	0.63524	0.18124	1	0	0	0	1	0	0	0	1
2.355	0.10891	0.63256	0.18155	1	0	0	0	1	0	0	0	1
2.36	0.1148	0.62967	0.18189	1	0	0	0	1	0	0	0	1
2.365	0.12082	0.62657	0.18222	1	0	0	0	1	0	0	0	1
2.37	0.12681	0.62325	0.18251	1	0	0	0	1	0	0	0	1
2.375	0.13299	0.61974	0.18279	1	0	0	0	1	0	0	0	1
2.38	0.13921	0.61602	0.18303	1	0	0	0	1	0	0	0	1
2.385	0.14554	0.61211	0.18329	1	0	0	0	1	0	0	0	1
2.39	0.15212	0.60801	0.1836	1	0	0	0	1	0	0	0	1
2.395	0.15896	0.60374	0.18394	1	0	0	0	1	0	0	0	1
2.4	0.1658	0.59926	0.18426	1	0	0	0	1	0	0	0	1
2.405	0.17281	0.59458	0.1846	1	0	0	0	1	0	0	0	1
2.41	0.17997	0.58972	0.185	1	0	0	0	1	0	0	0	1
2.415	0.18722	0.5846	0.18543	1	0	0	0	1	0	0	0	1
2.42	0.19467	0.57929	0.18587	1	0	0	0	1	0	0	0	1
2.425	0.20221	0.57377	0.18634	1	0	0	0	1	0	0	0	1
2.43	0.20993	0.56804	0.18684	1	0	0	0	1	0	0	0	1
2.435	0.21798	0.56212	0.1874	1	0	0	0	1	0	0	0	1
2.44	0.22616	0.556	0.18794	1	0	0	0	1	0	0	0	1
2.445	0.23458	0.5497	0.18848	1	0	0	0	1	0	0	0	1
2.45	0.2433	0.54325	0.18905	1	0	0	0	1	0	0	0	1
2.455	0.25249	0.53668	0.18969	1	0	0	0	1	0	0	0	1
2.46	0.26185	0.52998	0.1903	1	0	0	0	1	0	0	0	1
2.465	0.27159	0.52318	0.19096	1	0	0	0	1	0	0	0	1
2.47	0.28149	0.51619	0.19158	1	0	0	0	1	0	0	0	1
2.475	0.29188	0.50911	0.19231	1	0	0	0	1	0	0	0	1
2.48	0.30241	0.50194	0.19306	1	0	0	0	1	0	0	0	1
2.485	0.31332	0.49481	0.19401	1	0	0	0	1	0	0	0	1
2.49	0.32479	0.48775	0.19481	1	0	0	0	1	0	0	0	1
2.495	0.33674	0.48085	0.19563	1	0	0	0	1	0	0	0	1
2.5	0.3492	0.47406	0.19637	1	0	0	0	1	0	0	0	1
2.505	0.36167	0.46753	0.197	1	0	0	0	1	0	0	0	1
2.51	0.37351	0.4617	0.19737	1	0	0	0	1	0	0	0	1
2.515	0.38458	0.45686	0.19774	1	0	0	0	1	0	0	0	1
2.52	0.39517	0.45283	0.19831	1	0	0	0	1	0	0	0	1
2.525	0.40515	0.44893	0.19875	1	0	0	0	1	0	0	0	1
2.53	0.4151	0.44497	0.1989	1	0	0	0	1	0	0	0	1
2.535	0.42504	0.44097	0.19856	1	0	0	0	1	0	0	0	1
2.54	0.43474	0.43713	0.1979	1	0	0	0	1	0	0	0	1
2.545	0.44379	0.43383	0.19723	1	0	0	0	1	0	0	0	1
2.55	0.45204	0.43146	0.19667	1	0	0	0	1	0	0	0	1
2.555	0.4598	0.43027	0.196	1	0	0	0	1	0	0	0	1
2.56	0.46716	0.42978	0.19514	1	0	0	0	1	0	0	0	1
2.565	0.47429	0.42939	0.19425	1	0	0	0	1	0	0	0	1
2.57	0.48115	0.42878	0.19332	1	0	0	0	1	0	0	0	1
2.575	0.48755	0.42778	0.19238	1	0	0	0	1	0	0	0	1
2.58	0.49335	0.42606	0.19153	1	0	0	0	1	0	0	0	1
2.585	0.49814	0.42344	0.19095	1	0	0	0	1	0	0	0	1
2.59	0.50201	0.42029	0.19082	1	0	0	0	1	0	0	0	1
2.595	0.50528	0.41706	0.19078	1	0	0	0	1	0	0	0	1
2.6	0.50827	0.41425	0.19052	1	0	0	0	1	0	0	0	1
2.605	0.51091	0.41181	0.19018	1	0	0	0	1	0	0	0	1
2.61	0.51318	0.4097	0.18989	1	0	0	0	1	0	0	0	1
2.615	0.5152	0.40816	0.18959	1	0	0	0	1	0	0	0	1
2.62	0.51699	0.40722	0.18922	1	0	0	0	1	0	0	0	1
2.625	0.51859	0.40666	0.18878	1	0	0	0	1	0	0	0	1
2.63	0.52005	0.40626	0.18822	1	0	0	0	1	0	0	0	1
2.635	0.52153	0.4059	0.18762	1	0	0	0	1	0	0	0	1
2.64	0.52307	0.40555	0.18698	1	0	0	0	1	0	0	0	1
2.645	0.52437	0.40518	0.18626	1	0	0	0	1	0	0	0	1
2.65	0.52568	0.40487	0.1856	1	0	0	0	1	0	0	0	1
2.655	0.52685	0.40453	0.1849	1	0	0	0	1	0	0	0	1
2.66	0.52789	0.40416	0.18422	1	0	0	0	1	0	0	0	1
2.665	0.52883	0.40372	0.18362	1	0	0	0	1	0	0	0	1
2.67	0.52947	0.40321	0.18304	1	0	0	0	1	0	0	0	1
2.675	0.53001	0.40273	0.18259	1	0	0	0	1	0	0	0	1
2.68	0.53034	0.40234	0.18219	1	0	0	0	1	0	0	0	1
2.685	0.53044	0.40208	0.18185	1	0	0	0	1	0	0	0	1
2.69	0.53038	0.40197	0.18158	1	0	0	0	1	0	0	0	1
2.695	0.5302	0.40204	0.18138	1	0	0	0	1	0	0	0	1
2.7	0.52987	0.40225	0.18121	1	0	0	0	1	0	0	0	1
2.705	0.52941	0.40259	0.18105	1	0	0	0	1	0	0	0	1
2.71	0.5288	0.40303	0.1809	1	0	0	0	1	0	0	0	1
2.715	0.52809	0.40356	0.18079	1	0	0	0	1	0	0	0	1
2.72	0.52727	0.40416	0.18069	1	0	0	0	1	0	0	0	1
2.725	0.52637	0.40482	0.18063	1	0	0	0	1	0	0	0	1
2.73	0.52532	0.4055	0.1806	1	0	0	0	1	0	0	0	1
2.735	0.52415	0.40622	0.18055	1	0	0	0	1	0	0	0	1
2.74	0.52286	0.40693	0.1805	1	0	0	0	1	0	0	0	1
2.745	0.52152	0.40767	0.18046	1	0	0	0	1	0	0	0	1
2.75	0.52013	0.40843	0.18045	1	0	0	0	1	0	0	0	1
2.755	0.51867	0.40923	0.18046	1	0	0	0	1	0	0	0	1
2.76	0.51713	0.41007	0.18048	1	0	0	0	1	0	0	0	1
2.765	0.51548	0.41094	0.18049	1	0	0	0	1	0	0	0	1
2.77	0.51372	0.41184	0.18052	1	0	0	0	1	0	0	0	1
2.775	0.51191	0.4128	0.18059	1	0	0	0	1	0	0	0	1
2.78	0.51004	0.4138	0.18068	1	0	0	0	1	0	0	0	1
2.785	0.50811	0.41486	0.18079	1	0	0	0	1	0	0	0	1
2.79	0.50607	0.41596	0.18091	1	0	0	0	1	0	0	0	1
2.795	0.50395	0.41708	0.18105	1	0	0	0	1	0	0	0	1
2.8	0.50175	0.41822	0.18121	1	0	0	0	1	0	0	0	1
2.805	0.49948	0.41937	0.18136	1	0	0	0	1	0	0	0	1
2.81	0.49712	0.42052	0.18152	1	0	0	0	1	0	0	0	1
2.815	0.49472	0.42164	0.18169	1	0	0	0	1	0	0	0	1
2.82	0.49225	0.42275	0.18186	1	0	0	0	1	0	0	0	1
2.825	0.48978	0.42386	0.18206	1	0	0	0	1	0	0	0	1
2.83	0.48725	0.42498	0.18226	1	0	0	0	1	0	0	0	1
2.835	0.48468	0.42609	0.18245	1	0	0	0	1	0	0	0	1
2.84	0.48201	0.42718	0.18263	1	0	0	0	1	0	0	0	1
2.845	0.4793	0.42827	0.18281	1	0	0	0	1	0	0	0	1
2.85	0.47653	0.42937	0.18298	1	0	0	0	1	0	0	0	1
2.855	0.47382	0.43045	0.18317	1	0	0	0	1	0	0	0	1
2.86	0.47111	0.43153	0.18337	1	0	0	0	1	0	0	0	1
2.865	0.46842	0.43258	0.18356	1	0	0	0	1	0	0	0	1
2.87	0.46568	0.43362	0.18372	1	0	0	0	1	0	0	0	1
2.875	0.4629	0.43461	0.18386	1	0	0	0	1	0	0	0	1
2.88	0.46014	0.43559	0.18397	1	0	0	0	1	0	0	0	1
2.885	0.4575	0.43657	0.18409	1	0	0	0	1	0	0	0	1
2.89	0.45487	0.43748	0.18417	1	0	0	0	1	0	0	0	1
2.895	0.45217	0.43836	0.18419	1	0	0	0	1	0	0	0	1
2.9	0.44947	0.4392	0.18418	1	0	0	0	1	0	0	0	1
2.905	0.44688	0.44002	0.18419	1	0	0	0	1	0	0	0	1
2.91	0.44425	0.44082	0.18416	1	0	0	0	1	0	0	0	1
2.915	0.44161	0.44159	0.18409	1	0	0	0	1	0	0	0	1
2.92	0.43908	0.44236	0.18405	1	0	0	0	1	0	0	0	1
2.925	0.43649	0.4431	0.18395	1	0	0	0	1	0	0	0	1
2.93	0.43389	0.44382	0.18383	1	0	0	0	1	0	0	0	1
2.935	0.43136	0.44452	0.18372	1	0	0	0	1	0	0	0	1
2.94	0.42872	0.44518	0.18355	1	0	0	0	1	0	0	0	1
2.945	0.4262	0.44586	0.18341	1	0	0	0	1	0	0	0	1
2.95	0.42367	0.44651	0.18324	1	0	0	0	1	0	0	0	1
2.955	0.42115	0.44712	0.18306	1	0	0	0	1	0	0	0	1
2.96	0.41875	0.44773	0.18291	1	0	0	0	1	0	0	0	1
2.965	0.4163	0.4483	0.18272	1	0	0	0	1	0	0	0	1
2.97	0.41399	0.44886	0.18256	1	0	0	0	1	0	0	0	1
2.975	0.4117	0.44938	0.18238	1	0	0	0	1	0	0	0	1
2.98	0.40947	0.44987	0.1822	1	0	0	0	1	0	0	0	1
2.985	0.40735	0.45034	0.18205	1	0	0	0	1	0	0	0	1
2.99	0.40521	0.45078	0.18186	1	0	0	0	1	0	0	0	1
2.995	0.40323	0.45117	0.1817	1	0	0	0	1	0	0	0	1
3	0.40139	0.45153	0.18155	1	0	0	0	1	0	0	0	1
3.005	0.39951	0.45185	0.18137	1	0	0	0	1	0	0	0	1
3.01	0.39774	0.45214	0.18123	1	0	0	0	1	0	0	0	1
3.015	0.39606	0.45241	0.18111	1	0	0	0	1	0	0	0	1
3.02	0.3943	0.45263	0.181	1	0	0	0	1	0	0	0	1
3.025	0.39256	0.45282	0.18091	1	0	0	0	1	0	0	0	1
3.03	0.39092	0.45303	0.18088	1	0	0	0	1	0	0	0	1
3.035	0.38935	0.45322	0.1809	1	0	0	0	1	0	0	0	1
3.04	0.38775	0.45338	0.18094	1	0	0	0	1	0	0	0	1
3.045	0.38616	0.45354	0.18102	1	0	0	0	1	0	0	0	1
3.05	0.38458	0.45371	0.18114	1	0	0	0	1	0	0	0	1
3.055	0.38305	0.45387	0.1813	1	0	0	0	1	0	0	0	1
3.06	0.38156	0.454	0.18149	1	0	0	0	1	0	0	0	1
3.065	0.38017	0.45412	0.18171	1	0	0	0	1	0	0	0	1
3.07	0.37883	0.45424	0.18195	1	0	0	0	1	0	0	0	1
3.075	0.37756	0.45434	0.1822	1	0	0	0	1	0	0	0	1
3.08	0.37637	0.45443	0.18245	1	0	0	0	1	0	0	0	1
3.085	0.37526	0.45452	0.1827	1	0	0	0	1	0	0	0	1
3.09	0.37418	0.4546	0.18294	1	0	0	0	1	0	0	0	1
3.095	0.37316	0.45468	0.18317	1	0	0	0	1	0	0	0	1
3.1	0.37219	0.45475	0.18338	1	0	0	0	1	0	0	0	1
3.105	0.37121	0.45483	0.18358	1	0	0	0	1	0	0	0	1
3.11	0.37023	0.45491	0.18377	1	0	0	0	1	0	0	0	1
3.115	0.36927	0.45498	0.18394	1	0	0	0	1	0	0	0	1
3.12	0.36825	0.45505	0.1841	1	0	0	0	1	0	0	0	1
3.125	0.36721	0.45512	0.18426	1	0	0	0	1	0	0	0	1
3.13	0.36618	0.4552	0.1844	1	0	0	0	1	0	0	0	1
3.135	0.36514	0.45528	0.18454	1	0	0	0	1	0	0	0	1
3.14	0.36411	0.45538	0.18465	1	0	0	0	1	0	0	0	1
3.145	0.36305	0.45547	0.18476	1	0	0	0	1	0	0	0	1
3.15	0.36202	0.45558	0.18486	1	0	0	0	1	0	0	0	1
3.155	0.36093	0.45568	0.18497	1	0	0	0	1	0	0	0	1
3.16	0.35986	0.45578	0.18507	1	0	0	0	1	0	0	0	1
3.165	0.35881	0.45589	0.18517	1	0	0	0	1	0	0	0	1
3.17	0.35776	0.456	0.18527	1	0	0	0	1	0	0	0	1
3.175	0.35673	0.45611	0.18538	1	0	0	0	1	0	0	0	1
3.18	0.35571	0.45621	0.18549	1	0	0	0	1	0	0	0	1
3.185	0.35477	0.45631	0.18561	1	0	0	0	1	0	0	0	1
3.19	0.35385	0.45641	0.18574	1	0	0	0	1	0	0	0	1
3.195	0.35302	0.4565	0.18587	1	0	0	0	1	0	0	0	1
3.2	0.35224	0.45659	0.18601	1	0	0	0	1	0	0	0	1
3.205	0.3515	0.45667	0.18614	1	0	0	0	1	0	0	0	1
3.21	0.35079	0.45674	0.18626	1	0	0	0	1	0	0	0	1
3.215	0.3501	0.45682	0.18638	1	0	0	0	1	0	0	0	1
3.22	0.34947	0.45689	0.18651	1	0	0	0	1	0	0	0	1
3.225	0.34884	0.45696	0.18663	1	0	0	0	1	0	0	0	1
3.23	0.34826	0.45703	0.18675	1	0	0	0	1	0	0	0	1
3.235	0.3477	0.45711	0.18686	1	0	0	0	1	0	0	0	1
3.24	0.34718	0.45717	0.18695	1	0	0	0	1	0	0	0	1
3.245	0.34673	0.45724	0.18703	1	0	0	0	1	0	0	0	1
3.25	0.34635	0.45731	0.18709	1	0	0	0	1	0	0	0	1
3.255	0.34604	0.45738	0.18712	1	0	0	0	1	0	0	0	1
3.26	0.34581	0.45745	0.18713	1	0	0	0	1	0	0	0	1
3.265	0.34563	0.45749	0.18713	1	0	0	0	1	0	0	0	1
3.27	0.34553	0.4575	0.18712	1	0	0	0	1	0	0	0	1
3.275	0.3456	0.45747	0.1871	1	0	0	0	1	0	0	0	1
3.28	0.34571	0.45745	0.18707	1	0	0	0	1	0	0	0	1
3.285	0.3458	0.45752	0.18704	1	0	0	0	1	0	0	0	1
3.29	0.3459	0.45762	0.18699	1	0	0	0	1	0	0	0	1
3.295	0.34604	0.45773	0.18693	1	0	0	0	1	0	0	0	1
3.3	0.34617	0.45782	0.18686	1	0	0	0	1	0	0	0	1
3.305	0.34633	0.4579	0.18679	1	0	0	0	1	0	0	0	1
3.31	0.34653	0.45796	0.18672	1	0	0	0	1	0	0	0	1
3.315	0.34703	0.45783	0.18667	1	0	0	0	1	0	0	0	1
3.32	0.34707	0.45802	0.18656	1	0	0	0	1	0	0	0	1
3.325	0.34735	0.45804	0.18646	1	0	0	0	1	0	0	0	1
3.33	0.34765	0.45804	0.18637	1	0	0	0	1	0	0	0	1
3.335	0.34802	0.45804	0.18628	1	0	0	0	1	0	0	0	1
3.34	0.34843	0.45803	0.18618	1	0	0	0	1	0	0	0	1
3.345	0.34894	0.45801	0.18608	1	0	0	0	1	0	0	0	1
3.35	0.34941	0.45797	0.18595	1	0	0	0	1	0	0	0	1
3.355	0.34992	0.45792	0.18581	1	0	0	0	1	0	0	0	1
3.36	0.35041	0.4579	0.18565	1	0	0	0	1	0	0	0	1
3.365	0.35089	0.45788	0.1855	1	0	0	0	1	0	0	0	1
3.37	0.35142	0.45786	0.18535	1	0	0	0	1	0	0	0	1
3.375	0.35195	0.45783	0.18522	1	0	0	0	1	0	0	0	1
3.38	0.35241	0.45779	0.18509	1	0	0	0	1	0	0	0	1
3.385	0.35286	0.45777	0.18497	1	0	0	0	1	0	0	0	1
3.39	0.3532	0.45777	0.18485	1	0	0	0	1	0	0	0	1
3.395	0.35345	0.45778	0.18476	1	0	0	0	1	0	0	0	1
3.4	0.35368	0.45778	0.18469	1	0	0	0	1	0	0	0	1
3.405	0.35392	0.45779	0.18465	1	0	0	0	1	0	0	0	1
3.41	0.35412	0.45778	0.18461	1	0	0	0	1	0	0	0	1
3.415	0.35422	0.45777	0.18458	1	0	0	0	1	0	0	0	1
3.42	0.35424	0.45776	0.18457	1	0	0	0	1	0	0	0	1
3.425	0.35424	0.45777	0.1846	1	0	0	0	1	0	0	0	1
3.43	0.3543	0.45777	0.1847	1	0	0	0	1	0	0	0	1
3.435	0.35232	0.45736	0.18356	1	0	0	0	1	0	0	0	1
3.44	0.35233	0.45735	0.18371	1	0	0	0	1	0	0	0	1
3.445	0.35229	0.45733	0.18386	1	0	0	0	1	0	0	0	1
3.45	0.35388	0.4577	0.18509	1	0	0	0	1	0	0	0	1
3.455	0.35389	0.45768	0.18524	1	0	0	0	1	0	0	0	1
3.46	0.35388	0.45766	0.18537	1	0	0	0	1	0	0	0	1
3.465	0.35395	0.45763	0.18551	1	0	0	0	1	0	0	0	1
3.47	0.35403	0.45761	0.18564	1	0	0	0	1	0	0	0	1
3.475	0.35409	0.45759	0.18573	1	0	0	0	1	0	0	0	1
3.48	0.35415	0.45756	0.18581	1	0	0	0	1	0	0	0	1
3.485	0.35423	0.45753	0.18589	1	0	0	0	1	0	0	0	1
3.49	0.35431	0.45751	0.18597	1	0	0	0	1	0	0	0	1
3.495	0.35437	0.45748	0.18605	1	0	0	0	1	0	0	0	1
3.5	0.35439	0.45744	0.18612	1	0	0	0	1	0	0	0	1
3.505	0.35446	0.45743	0.18623	1	0	0	0	1	0	0	0	1
3.51	0.3544	0.45742	0.18631	1	0	0	0	1	0	0	0	1
3.515	0.35443	0.45743	0.18645	1	0	0	0	1	0	0	0	1
3.52	0.35445	0.45741	0.18658	1	0	0	0	1	0	0	0	1
3.525	0.35447	0.45739	0.18674	1	0	0	0	1	0	0	0	1
3.53	0.35444	0.45737	0.18689	1	0	0	0	1	0	0	0	1
3.535	0.35442	0.45736	0.18702	1	0	0	0	1	0	0	0	1
3.54	0.35433	0.45733	0.18713	1	0	0	0	1	0	0	0	1
3.545	0.3543	0.45731	0.18723	1	0	0	0	1	0	0	0	1
3.55	0.3543	0.45729	0.18733	1	0	0	0	1	0	0	0	1
3.555	0.35428	0.45727	0.1874	1	0	0	0	1	0	0	0	1
3.56	0.35428	0.45725	0.18746	1	0	0	0	1	0	0	0	1
3.565	0.35438	0.45725	0.18756	1	0	0	0	1	0	0	0	1
3.57	0.35439	0.45723	0.18763	1	0	0	0	1	0	0	0	1
3.575	0.35441	0.45722	0.18771	1	0	0	0	1	0	0	0	1
3.58	0.35442	0.45721	0.18778	1	0	0	0	1	0	0	0	1
3.585	0.35436	0.45719	0.18785	1	0	0	0	1	0	0	0	1
3.59	0.35434	0.45719	0.18796	1	0	0	0	1	0	0	0	1
3.595	0.3542	0.45716	0.18803	1	0	0	0	1	0	0	0	1
3.6	0.35411	0.45716	0.18818	1	0	0	0	1	0	0	0	1
3.605	0.35392	0.45714	0.1883	1	0	0	0	1	0	0	0	1
3.61	0.35375	0.45713	0.18844	1	0	0	0	1	0	0	0	1
3.615	0.35354	0.45713	0.18856	1	0	0	0	1	0	0	0	1
3.62	0.35336	0.45712	0.18868	1	0	0	0	1	0	0	0	1
3.625	0.3532	0.45711	0.18878	1	0	0	0	1	0	0	0	1
3.63	0.35307	0.45711	0.18888	1	0	0	0	1	0	0	0	1
3.635	0.35296	0.4571	0.18895	1	0	0	0	1	0	0	0	1
3.64	0.35287	0.4571	0.18903	1	0	0	0	1	0	0	0	1
3.645	0.35289	0.45712	0.18914	1	0	0	0	1	0	0	0	1
3.65	0.35293	0.45715	0.18924	1	0	0	0	1	0	0	0	1
3.655	0.35286	0.45715	0.18929	1	0	0	0	1	0	0	0	1
3.66	0.35278	0.45717	0.18935	1	0	0	0	1	0	0	0	1
3.665	0.35273	0.45718	0.18942	1	0	0	0	1	0	0	0	1
3.67	0.35266	0.4572	0.18948	1	0	0	0	1	0	0	0	1
3.675	0.35253	0.45721	0.18955	1	0	0	0	1	0	0	0	1
3.68	0.35251	0.45725	0.18965	1	0	0	0	1	0	0	0	1
3.685	0.3524	0.45726	0.18971	1	0	0	0	1	0	0	0	1
3.69	0.35229	0.45727	0.18977	1	0	0	0	1	0	0	0	1
3.695	0.35215	0.45728	0.18981	1	0	0	0	1	0	0	0	1
3.7	0.3521	0.45729	0.18986	1	0	0	0	1	0	0	0	1
3.705	0.35212	0.45731	0.18994	1	0	0	0	1	0	0	0	1
3.71	0.35207	0.4573	0.18997	1	0	0	0	1	0	0	0	1
3.715	0.35207	0.4573	0.19	1	0	0	0	1	0	0	0	1
3.72	0.35209	0.4573	0.19004	1	0	0	0	1	0	0	0	1
3.725	0.35207	0.45729	0.19005	1	0	0	0	1	0	0	0	1
3.73	0.35219	0.4573	0.19012	1	0	0	0	1	0	0	0	1
3.735	0.3523	0.45731	0.19019	1	0	0	0	1	0	0	0	1
3.74	0.35065	0.4569	0.18911	1	0	0	0	1	0	0	0	1
3.745	0.35071	0.4569	0.18916	1	0	0	0	1	0	0	0	1
3.75	0.35247	0.45731	0.19033	1	0	0	0	1	0	0	0	1
3.755	0.35083	0.45691	0.18928	1	0	0	0	1	0	0	0	1
3.76	0.35086	0.45691	0.18932	1	0	0	0	1	0	0	0	1
3.765	0.35087	0.45691	0.18938	1	0	0	0	1	0	0	0	1
3.77	0.35087	0.45691	0.18945	1	0	0	0	1	0	0	0	1
3.775	0.35086	0.45691	0.18951	1	0	0	0	1	0	0	0	1
3.78	0.35084	0.4569	0.18957	1	0	0	0	1	0	0	0	1
3.785	0.35084	0.4569	0.18964	1	0	0	0	1	0	0	0	1
3.79	0.3508	0.45689	0.18969	1	0	0	0	1	0	0	0	1
3.795	0.35082	0.45689	0.18975	1	0	0	0	1	0	0	0	1
3.8	0.35082	0.45688	0.18981	1	0	0	0	1	0	0	0	1
3.805	0.35081	0.45688	0.18985	1	0	0	0	1	0	0	0	1
3.81	0.35082	0.45688	0.18991	1	0	0	0	1	0	0	0	1
3.815	0.35085	0.45689	0.18997	1	0	0	0	1	0	0	0	1
3.82	0.35251	0.45728	0.19111	1	0	0	0	1	0	0	0	1
3.825	0.35256	0.45729	0.19118	1	0	0	0	1	0	0	0	1
3.83	0.35261	0.45729	0.19125	1	0	0	0	1	0	0	0	1
3.835	0.35266	0.45729	0.19131	1	0	0	0	1	0	0	0	1
3.84	0.3527	0.45728	0.19137	1	0	0	0	1	0	0	0	1
3.845	0.3528	0.45728	0.19144	1	0	0	0	1	0	0	0	1
3.85	0.35289	0.45727	0.19149	1	0	0	0	1	0	0	0	1
3.855	0.35307	0.45728	0.19156	1	0	0	0	1	0	0	0	1
3.86	0.35327	0.45728	0.19164	1	0	0	0	1	0	0	0	1
3.865	0.35341	0.45728	0.19168	1	0	0	0	1	0	0	0	1
3.87	0.35355	0.45728	0.19171	1	0	0	0	1	0	0	0	1
3.875	0.35372	0.45728	0.19175	1	0	0	0	1	0	0	0	1
3.88	0.35383	0.45728	0.19177	1	0	0	0	1	0	0	0	1
3.885	0.35396	0.45728	0.19178	1	0	0	0	1	0	0	0	1
3.89	0.35406	0.45727	0.19179	1	0	0	0	1	0	0	0	1
3.895	0.35414	0.45726	0.1918	1	0	0	0	1	0	0	0	1
3.9	0.35417	0.45725	0.1918	1	0	0	0	1	0	0	0	1
3.905	0.35422	0.45725	0.19182	1	0	0	0	1	0	0	0	1
3.91	0.35424	0.45724	0.19182	1	0	0	0	1	0	0	0	1
3.915	0.35428	0.45724	0.19181	1	0	0	0	1	0	0	0	1
3.92	0.35432	0.45724	0.19181	1	0	0	0	1	0	0	0	1
3.925	0.35433	0.45722	0.19179	1	0	0	0	1	0	0	0	1
3.93	0.35439	0.45723	0.19178	1	0	0	0	1	0	0	0	1
3.935	0.35445	0.45723	0.19175	1	0	0	0	1	0	0	0	1
3.94	0.35451	0.45722	0.19172	1	0	0	0	1	0	0	0	1
3.945	0.35458	0.45722	0.1917	1	0	0	0	1	0	0	0	1
3.95	0.35464	0.45722	0.19168	1	0	0	0	1	0	0	0	1
3.955	0.35472	0.45721	0.19166	1	0	0	0	1	0	0	0	1
3.96	0.35484	0.45722	0.19165	1	0	0	0	1	0	0	0	1
3.965	0.35489	0.45722	0.19163	1	0	0	0	1	0	0	0	1
3.97	0.35498	0.45722	0.19162	1	0	0	0	1	0	0	0	1
3.975	0.35505	0.45722	0.19161	1	0	0	0	1	0	0	0	1
3.98	0.35512	0.45723	0.1916	1	0	0	0	1	0	0	0	1
3.985	0.35515	0.45722	0.19158	1	0	0	0	1	0	0	0	1
3.99	0.35521	0.45723	0.19155	1	0	0	0	1	0	0	0	1
3.995	0.35526	0.45723	0.19154	1	0	0	0	1	0	0	0	1
4	0.35531	0.45723	0.1915	1	0	0	0	1	0	0	0	1
4.005	0.35535	0.45723	0.19147	1	0	0	0	1	0	0	0	1
4.01	0.35541	0.45723	0.19144	1	0	0	0	1	0	0	0	1
4.015	0.35545	0.45723	0.19139	1	0	0	0	1	0	0	0	1
4.02	0.35553	0.45723	0.19134	1	0	0	0	1	0	0	0	1
4.025	0.3556	0.45723	0.19129	1	0	0	0	1	0	0	0	1
4.03	0.35568	0.45723	0.19123	1	0	0	0	1	0	0	0	1
4.035	0.35578	0.45724	0.19117	1	0	0	0	1	0	0	0	1
4.04	0.35591	0.45724	0.1911	1	0	0	0	1	0	0	0	1
4.045	0.35603	0.45724	0.19104	1	0	0	0	1	0	0	0	1
4.05	0.35618	0.45725	0.19099	1	0	0	0	1	0	0	0	1
4.055	0.35631	0.45725	0.19093	1	0	0	0	1	0	0	0	1
4.06	0.35647	0.45725	0.19088	1	0	0	0	1	0	0	0	1
4.065	0.35663	0.45726	0.19083	1	0	0	0	1	0	0	0	1
4.07	0.35681	0.45726	0.19078	1	0	0	0	1	0	0	0	1
4.075	0.35706	0.45727	0.19074	1	0	0	0	1	0	0	0	1
4.08	0.35728	0.45727	0.19068	1	0	0	0	1	0	0	0	1
4.085	0.35751	0.45727	0.19063	1	0	0	0	1	0	0	0	1
4.09	0.35772	0.45727	0.19058	1	0	0	0	1	0	0	0	1
4.095	0.35792	0.45726	0.19052	1	0	0	0	1	0	0	0	1
4.1	0.35813	0.45726	0.19047	1	0	0	0	1	0	0	0	1
4.105	0.35832	0.45725	0.19042	1	0	0	0	1	0	0	0	1
4.11	0.35849	0.45725	0.19035	1	0	0	0	1	0	0	0	1
4.115	0.35865	0.45725	0.19029	1	0	0	0	1	0	0	0	1
4.12	0.35878	0.45725	0.19023	1	0	0	0	1	0	0	0	1
4.125	0.3589	0.45726	0.19018	1	0	0	0	1	0	0	0	1
4.13	0.35898	0.45727	0.19012	1	0	0	0	1	0	0	0	1
4.135	0.35904	0.45727	0.19007	1	0	0	0	1	0	0	0	1
4.14	0.35908	0.45727	0.19001	1	0	0	0	1	0	0	0	1
4.145	0.35912	0.45728	0.18996	1	0	0	0	1	0	0	0	1
4.15	0.35917	0.45729	0.18991	1	0	0	0	1	0	0	0	1
4.155	0.3592	0.4573	0.18985	1	0	0	0	1	0	0	0	1
4.16	0.35925	0.45731	0.18981	1	0	0	0	1	0	0	0	1
4.165	0.35925	0.45731	0.18975	1	0	0	0	1	0	0	0	1
4.17	0.35929	0.45731	0.1897	1	0	0	0	1	0	0	0	1
4.175	0.3593	0.45732	0.18966	1	0	0	0	1	0	0	0	1
4.18	0.35933	0.45732	0.18963	1	0	0	0	1	0	0	0	1
4.185	0.35932	0.45732	0.18959	1	0	0	0	1	0	0	0	1
4.19	0.35931	0.45732	0.18957	1	0	0	0	1	0	0	0	1
4.195	0.35928	0.45732	0.18954	1	0	0	0	1	0	0	0	1
4.2	0.35924	0.45732	0.18952	1	0	0	0	1	0	0	0	1
4.205	0.35923	0.45733	0.18951	1	0	0	0	1	0	0	0	1
4.21	0.35919	0.45733	0.18949	1	0	0	0	1	0	0	0	1
4.215	0.35918	0.45732	0.18947	1	0	0	0	1	0	0	0	1
4.22	0.35917	0.45733	0.18945	1	0	0	0	1	0	0	0	1
4.225	0.35916	0.45732	0.18942	1	0	0	0	1	0	0	0	1
4.23	0.35917	0.45732	0.1894	1	0	0	0	1	0	0	0	1
4.235	0.35915	0.45731	0.18937	1	0	0	0	1	0	0	0	1
4.24	0.35919	0.45731	0.18935	1	0	0	0	1	0	0	0	1
4.245	0.35918	0.45729	0.18931	1	0	0	0	1	0	0	0	1
4.25	0.35921	0.45729	0.18927	1	0	0	0	1	0	0	0	1
4.255	0.35925	0.45729	0.18924	1	0	0	0	1	0	0	0	1
4.26	0.35926	0.45728	0.1892	1	0	0	0	1	0	0	0	1
4.265	0.35929	0.45727	0.18916	1	0	0	0	1	0	0	0	1
4.27	0.35933	0.45725	0.18912	1	0	0	0	1	0	0	0	1
4.275	0.35937	0.45724	0.18908	1	0	0	0	1	0	0	0	1
4.28	0.35945	0.45724	0.18904	1	0	0	0	1	0	0	0	1
4.285	0.35953	0.45722	0.189	1	0	0	0	1	0	0	0	1
4.29	0.35962	0.45722	0.18897	1	0	0	0	1	0	0	0	1
4.295	0.3597	0.4572	0.18894	1	0	0	0	1	0	0	0	1
4.3	0.3598	0.45719	0.1889	1	0	0	0	1	0	0	0	1
4.305	0.35996	0.4572	0.18887	1	0	0	0	1	0	0	0	1
4.31	0.36013	0.45719	0.18883	1	0	0	0	1	0	0	0	1
4.315	0.36032	0.45718	0.18879	1	0	0	0	1	0	0	0	1
4.32	0.36053	0.45718	0.18874	1	0	0	0	1	0	0	0	1
4.325	0.36072	0.45716	0.18869	1	0	0	0	1	0	0	0	1
4.33	0.36092	0.45714	0.18864	1	0	0	0	1	0	0	0	1
4.335	0.36118	0.45712	0.18858	1	0	0	0	1	0	0	0	1
4.34	0.36145	0.45711	0.18851	1	0	0	0	1	0	0	0	1
4.345	0.36172	0.4571	0.18843	1	0	0	0	1	0	0	0	1
4.35	0.36196	0.45708	0.18834	1	0	0	0	1	0	0	0	1
4.355	0.36218	0.45705	0.18827	1	0	0	0	1	0	0	0	1
4.36	0.36239	0.45703	0.18818	1	0	0	0	1	0	0	0	1
4.365	0.36258	0.45701	0.1881	1	0	0	0	1	0	0	0	1
4.37	0.36273	0.45699	0.18801	1	0	0	0	1	0	0	0	1
4.375	0.3629	0.45697	0.18793	1	0	0	0	1	0	0	0	1
4.38	0.36305	0.45696	0.18785	1	0	0	0	1	0	0	0	1
4.385	0.36318	0.45696	0.18777	1	0	0	0	1	0	0	0	1
4.39	0.36329	0.45695	0.1877	1	0	0	0	1	0	0	0	1
4.395	0.36341	0.45695	0.18763	1	0	0	0	1	0	0	0	1
4.4	0.36355	0.45694	0.18756	1	0	0	0	1	0	0	0	1
4.405	0.36376	0.45694	0.18748	1	0	0	0	1	0	0	0	1
4.41	0.36399	0.45694	0.1874	1	0	0	0	1	0	0	0	1
4.415	0.36423	0.45693	0.18732	1	0	0	0	1	0	0	0	1
4.42	0.36452	0.45693	0.18724	1	0	0	0	1	0	0	0	1
4.425	0.36485	0.45692	0.18714	1	0	0	0	1	0	0	0	1
4.43	0.36524	0.45692	0.18704	1	0	0	0	1	0	0	0	1
4.435	0.36561	0.45692	0.18693	1	0	0	0	1	0	0	0	1
4.44	0.366	0.45691	0.18682	1	0	0	0	1	0	0	0	1
4.445	0.36637	0.45691	0.18671	1	0	0	0	1	0	0	0	1
4.45	0.36677	0.4569	0.18657	1	0	0	0	1	0	0	0	1
4.455	0.3671	0.45689	0.18644	1	0	0	0	1	0	0	0	1
4.46	0.36741	0.45687	0.18629	1	0	0	0	1	0	0	0	1
4.465	0.36771	0.45684	0.18611	1	0	0	0	1	0	0	0	1
4.47	0.36805	0.45681	0.18589	1	0	0	0	1	0	0	0	1
4.475	0.3684	0.45678	0.18566	1	0	0	0	1	0	0	0	1
4.48	0.36884	0.45676	0.18541	1	0	0	0	1	0	0	0	1
4.485	0.36929	0.45673	0.18518	1	0	0	0	1	0	0	0	1
4.49	0.36979	0.45672	0.18493	1	0	0	0	1	0	0	0	1
4.495	0.3702	0.4567	0.18464	1	0	0	0	1	0	0	0	1
4.5	0.3705	0.45666	0.1843	1	0	0	0	1	0	0	0	1
4.505	0.37079	0.45662	0.18394	1	0	0	0	1	0	0	0	1
4.51	0.37114	0.45659	0.18362	1	0	0	0	1	0	0	0	1
4.515	0.3716	0.45657	0.18334	1	0	0	0	1	0	0	0	1
4.52	0.37193	0.45654	0.18304	1	0	0	0	1	0	0	0	1
4.525	0.37224	0.45651	0.18273	1	0	0	0	1	0	0	0	1
4.53	0.3725	0.45649	0.18243	1	0	0	0	1	0	0	0	1
4.535	0.37281	0.45649	0.18218	1	0	0	0	1	0	0	0	1
4.54	0.37318	0.4565	0.18197	1	0	0	0	1	0	0	0	1
4.545	0.37344	0.45651	0.18175	1	0	0	0	1	0	0	0	1
4.55	0.3736	0.4565	0.18152	1	0	0	0	1	0	0	0	1
4.555	0.37376	0.4565	0.18127	1	0	0	0	1	0	0	0	1
4.56	0.37389	0.45649	0.18101	1	0	0	0	1	0	0	0	1
4.565	0.37405	0.45648	0.18078	1	0	0	0	1	0	0	0	1
4.57	0.37431	0.45649	0.18055	1	0	0	0	1	0	0	0	1
4.575	0.37456	0.45651	0.18033	1	0	0	0	1	0	0	0	1
4.58	0.37468	0.4565	0.18006	1	0	0	0	1	0	0	0	1
4.585	0.37475	0.45648	0.1798	1	0	0	0	1	0	0	0	1
4.59	0.37483	0.45647	0.17954	1	0	0	0	1	0	0	0	1
4.595	0.37492	0.45646	0.17932	1	0	0	0	1	0	0	0	1
4.6	0.37498	0.45647	0.17912	1	0	0	0	1	0	0	0	1
4.605	0.37502	0.45647	0.1789	1	0	0	0	1	0	0	0	1
4.61	0.37505	0.45647	0.17867	1	0	0	0	1	0	0	0	1
4.615	0.37507	0.45648	0.17844	1	0	0	0	1	0	0	0	1
4.62	0.37505	0.45648	0.17821	1	0	0	0	1	0	0	0	1
4.625	0.37505	0.45648	0.17801	1	0	0	0	1	0	0	0	1
4.63	0.3751	0.4565	0.17782	1	0	0	0	1	0	0	0	1
4.635	0.37514	0.45652	0.17762	1	0	0	0	1	0	0	0	1
4.64	0.37514	0.45652	0.17741	1	0	0	0	1	0	0	0	1
4.645	0.37511	0.45652	0.17721	1	0	0	0	1	0	0	0	1
4.65	0.37505	0.45651	0.177	1	0	0	0	1	0	0	0	1
4.655	0.37502	0.45651	0.17681	1	0	0	0	1	0	0	0	1
4.66	0.37505	0.45653	0.17664	1	0	0	0	1	0	0	0	1
4.665	0.37509	0.45654	0.17647	1	0	0	0	1	0	0	0	1
4.67	0.37511	0.45655	0.1763	1	0	0	0	1	0	0	0	1
4.675	0.37508	0.45655	0.17612	1	0	0	0	1	0	0	0	1
4.68	0.37502	0.45654	0.17594	1	0	0	0	1	0	0	0	1
4.685	0.37494	0.45654	0.17577	1	0	0	0	1	0	0	0	1
4.69	0.37485	0.45653	0.17559	1	0	0	0	1	0	0	0	1
4.695	0.37483	0.45654	0.17544	1	0	0	0	1	0	0	0	1
4.7	0.37482	0.45655	0.17529	1	0	0	0	1	0	0	0	1
4.705	0.37482	0.45657	0.17514	1	0	0	0	1	0	0	0	1
4.71	0.37479	0.45658	0.17498	1	0	0	0	1	0	0	0	1
4.715	0.3747	0.45658	0.17481	1	0	0	0	1	0	0	0	1
4.72	0.37459	0.45657	0.17463	1	0	0	0	1	0	0	0	1
4.725	0.37449	0.45656	0.17446	1	0	0	0	1	0	0	0	1
4.73	0.37443	0.45656	0.17431	1	0	0	0	1	0	0	0	1
4.735	0.3744	0.45657	0.17417	1	0	0	0	1	0	0	0	1
4.74	0.37437	0.45657	0.17404	1	0	0	0	1	0	0	0	1
4.745	0.37434	0.45658	0.17389	1	0	0	0	1	0	0	0	1
4.75	0.37428	0.45658	0.17374	1	0	0	0	1	0	0	0	1
4.755	0.37422	0.45658	0.1736	1	0	0	0	1	0	0	0	1
4.76	0.37414	0.45657	0.17346	1	0	0	0	1	0	0	0	1
4.765	0.37404	0.45658	0.17332	1	0	0	0	1	0	0	0	1
4.77	0.37396	0.45658	0.17321	1	0	0	0	1	0	0	0	1
4.775	0.3739	0.4566	0.1731	1	0	0	0	1	0	0	0	1
4.78	0.37383	0.45661	0.17301	1	0	0	0	1	0	0	0	1
4.785	0.37378	0.45663	0.17293	1	0	0	0	1	0	0	0	1
4.79	0.37371	0.45665	0.17285	1	0	0	0	1	0	0	0	1
4.795	0.37362	0.45666	0.17276	1	0	0	0	1	0	0	0	1
4.8	0.37352	0.45667	0.17267	1	0	0	0	1	0	0	0	1
4.805	0.37343	0.45669	0.17259	1	0	0	0	1	0	0	0	1
4.81	0.37332	0.4567	0.17251	1	0	0	0	1	0	0	0	1
4.815	0.37319	0.45671	0.17243	1	0	0	0	1	0	0	0	1
4.82	0.37308	0.45672	0.17235	1	0	0	0	1	0	0	0	1
4.825	0.37297	0.45673	0.17228	1	0	0	0	1	0	0	0	1
4.83	0.37286	0.45674	0.17222	1	0	0	0	1	0	0	0	1
4.835	0.37276	0.45675	0.17216	1	0	0	0	1	0	0	0	1
4.84	0.37266	0.45675	0.1721	1	0	0	0	1	0	0	0	1
4.845	0.37258	0.45676	0.17206	1	0	0	0	1	0	0	0	1
4.85	0.3725	0.45677	0.17203	1	0	0	0	1	0	0	0	1
4.855	0.37242	0.45678	0.172	1	0	0	0	1	0	0	0	1
4.86	0.37239	0.4568	0.17198	1	0	0	0	1	0	0	0	1
4.865	0.37233	0.45682	0.17196	1	0	0	0	1	0	0	0	1
4.87	0.37226	0.45684	0.17196	1	0	0	0	1	0	0	0	1
4.875	0.37219	0.45685	0.17195	1	0	0	0	1	0	0	0	1
4.88	0.37212	0.45687	0.17194	1	0	0	0	1	0	0	0	1
4.885	0.37204	0.45688	0.17195	1	0	0	0	1	0	0	0	1
4.89	0.37194	0.45689	0.17196	1	0	0	0	1	0	0	0	1
4.895	0.37184	0.45691	0.17196	1	0	0	0	1	0	0	0	1
4.9	0.37172	0.45692	0.17198	1	0	0	0	1	0	0	0	1
4.905	0.37161	0.45693	0.172	1	0	0	0	1	0	0	0	1
4.91	0.37148	0.45695	0.17203	1	0	0	0	1	0	0	0	1
4.915	0.37136	0.45696	0.17207	1	0	0	0	1	0	0	0	1
4.92	0.37123	0.45697	0.17211	1	0	0	0	1	0	0	0	1
4.925	0.37107	0.45697	0.17216	1	0	0	0	1	0	0	0	1
4.93	0.37094	0.45698	0.17221	1	0	0	0	1	0	0	0	1
4.935	0.37082	0.45699	0.17228	1	0	0	0	1	0	0	0	1
4.94	0.37073	0.457	0.17235	1	0	0	0	1	0	0	0	1
4.945	0.37063	0.45701	0.17243	1	0	0	0	1	0	0	0	1
4.95	0.37054	0.45702	0.17252	1	0	0	0	1	0	0	0	1
4.955	0.37046	0.45704	0.17262	1	0	0	0	1	0	0	0	1
4.96	0.37037	0.45705	0.17273	1	0	0	0	1	0	0	0	1
4.965	0.37028	0.45707	0.17284	1	0	0	0	1	0	0	0	1
4.97	0.37021	0.45709	0.17296	1	0	0	0	1	0	0	0	1
4.975	0.37015	0.4571	0.17308	1	0	0	0	1	0	0	0	1
4.98	0.37009	0.45711	0.17321	1	0	0	0	1	0	0	0	1
4.985	0.37002	0.45712	0.17333	1	0	0	0	1	0	0	0	1
4.99	0.36995	0.45713	0.17345	1	0	0	0	1	0	0	0	1
4.995	0.36984	0.45713	0.17357	1	0	0	0	1	0	0	0	1
