0.005	-0.46945	0.93413	0.16862	1	0	0	0	1	0	0	0	1
0.01	-0.46949	0.93413	0.16865	1	0	0	0	1	0	0	0	1
0.015	-0.46952	0.93411	0.16868	1	0	0	0	1	0	0	0	1
0.02	-0.46957	0.9341	0.16871	1	0	0	0	1	0	0	0	1
0.025	-0.46961	0.9341	0.16874	1	0	0	0	1	0	0	0	1
0.03	-0.46972	0.9341	0.16876	1	0	0	0	1	0	0	0	1
0.035	-0.46976	0.9341	0.16879	1	0	0	0	1	0	0	0	1
0.04	-0.46983	0.93409	0.1688	1	0	0	0	1	0	0	0	1
0.045	-0.46991	0.93409	0.16882	1	0	0	0	1	0	0	0	1
0.05	-0.46994	0.93408	0.16885	1	0	0	0	1	0	0	0	1
0.055	-0.46999	0.93407	0.16887	1	0	0	0	1	0	0	0	1
0.06	-0.47007	0.93407	0.16889	1	0	0	0	1	0	0	0	1
0.065	-0.47015	0.93407	0.16889	1	0	0	0	1	0	0	0	1
0.07	-0.47023	0.93406	0.1689	1	0	0	0	1	0	0	0	1
0.075	-0.47031	0.93406	0.16891	1	0	0	0	1	0	0	0	1
0.08	-0.47041	0.93406	0.16892	1	0	0	0	1	0	0	0	1
0.085	-0.47046	0.93406	0.16893	1	0	0	0	1	0	0	0	1
0.09	-0.47052	0.93406	0.16895	1	0	0	0	1	0	0	0	1
0.095	-0.47059	0.93407	0.16897	1	0	0	0	1	0	0	0	1
0.1	-0.47067	0.93408	0.16899	1	0	0	0	1	0	0	0	1
0.105	-0.47072	0.93408	0.169	1	0	0	0	1	0	0	0	1
0.11	-0.47081	0.93409	0.16901	1	0	0	0	1	0	0	0	1
0.115	-0.47089	0.93409	0.16902	1	0	0	0	1	0	0	0	1
0.12	-0.47096	0.9341	0.16903	1	0	0	0	1	0	0	0	1
0.125	-0.47102	0.9341	0.16904	1	0	0	0	1	0	0	0	1
0.13	-0.47109	0.93411	0.16905	1	0	0	0	1	0	0	0	1
0.135	-0.47113	0.93412	0.16906	1	0	0	0	1	0	0	0	1
0.14	-0.47117	0.93414	0.16907	1	0	0	0	1	0	0	0	1
0.145	-0.47126	0.93414	0.16907	1	0	0	0	1	0	0	0	1
0.15	-0.47133	0.93416	0.16907	1	0	0	0	1	0	0	0	1
0.155	-0.47137	0.93417	0.16907	1	0	0	0	1	0	0	0	1
0.16	-0.47141	0.93417	0.16907	1	0	0	0	1	0	0	0	1
0.165	-0.47146	0.93418	0.16907	1	0	0	0	1	0	0	0	1
0.17	-0.4715	0.9342	0.16908	1	0	0	0	1	0	0	0	1
0.175	-0.47156	0.93421	0.16908	1	0	0	0	1	0	0	0	1
0.18	-0.47163	0.93422	0.16907	1	0	0	0	1	0	0	0	1
0.185	-0.47167	0.93424	0.16907	1	0	0	0	1	0	0	0	1
0.19	-0.47176	0.93424	0.16905	1	0	0	0	1	0	0	0	1
0.195	-0.47183	0.93426	0.16903	1	0	0	0	1	0	0	0	1
0.2	-0.47186	0.93428	0.16903	1	0	0	0	1	0	0	0	1
0.205	-0.47189	0.93429	0.16904	1	0	0	0	1	0	0	0	1
0.21	-0.47195	0.9343	0.16903	1	0	0	0	1	0	0	0	1
0.215	-0.47202	0.93431	0.16902	1	0	0	0	1	0	0	0	1
0.22	-0.47208	0.93432	0.16901	1	0	0	0	1	0	0	0	1
0.225	-0.47213	0.93432	0.16901	1	0	0	0	1	0	0	0	1
0.23	-0.4722	0.93432	0.169	1	0	0	0	1	0	0	0	1
0.235	-0.47227	0.93432	0.169	1	0	0	0	1	0	0	0	1
0.24	-0.47235	0.93431	0.16898	1	0	0	0	1	0	0	0	1
0.245	-0.47241	0.9343	0.16898	1	0	0	0	1	0	0	0	1
0.25	-0.47247	0.93429	0.16898	1	0	0	0	1	0	0	0	1
0.255	-0.4725	0.93428	0.16898	1	0	0	0	1	0	0	0	1
0.26	-0.47258	0.93425	0.16897	1	0	0	0	1	0	0	0	1
0.265	-0.47264	0.93423	0.16895	1	0	0	0	1	0	0	0	1
0.27	-0.47272	0.93422	0.16894	1	0	0	0	1	0	0	0	1
0.275	-0.47277	0.9342	0.16893	1	0	0	0	1	0	0	0	1
0.28	-0.47286	0.93418	0.1689	1	0	0	0	1	0	0	0	1
0.285	-0.47289	0.93416	0.16889	1	0	0	0	1	0	0	0	1
0.29	-0.47295	0.93413	0.16887	1	0	0	0	1	0	0	0	1
0.295	-0.47299	0.93411	0.16884	1	0	0	0	1	0	0	0	1
0.3	-0.47307	0.93408	0.16881	1	0	0	0	1	0	0	0	1
0.305	-0.47312	0.93405	0.16879	1	0	0	0	1	0	0	0	1
0.31	-0.47314	0.93402	0.16877	1	0	0	0	1	0	0	0	1
0.315	-0.47323	0.93398	0.16873	1	0	0	0	1	0	0	0	1
0.32	-0.4733	0.93395	0.16871	1	0	0	0	1	0	0	0	1
0.325	-0.47335	0.93392	0.16869	1	0	0	0	1	0	0	0	1
0.33	-0.47339	0.93388	0.16866	1	0	0	0	1	0	0	0	1
0.335	-0.47347	0.93385	0.16863	1	0	0	0	1	0	0	0	1
0.34	-0.47352	0.93382	0.16861	1	0	0	0	1	0	0	0	1
0.345	-0.47355	0.93378	0.16859	1	0	0	0	1	0	0	0	1
0.35	-0.47359	0.93374	0.16857	1	0	0	0	1	0	0	0	1
0.355	-0.47365	0.9337	0.16853	1	0	0	0	1	0	0	0	1
0.36	-0.47368	0.93366	0.1685	1	0	0	0	1	0	0	0	1
0.365	-0.47374	0.93362	0.16847	1	0	0	0	1	0	0	0	1
0.37	-0.47375	0.93358	0.16844	1	0	0	0	1	0	0	0	1
0.375	-0.47378	0.93355	0.16841	1	0	0	0	1	0	0	0	1
0.38	-0.47379	0.93351	0.16838	1	0	0	0	1	0	0	0	1
0.385	-0.47381	0.93349	0.16834	1	0	0	0	1	0	0	0	1
0.39	-0.47382	0.93346	0.16831	1	0	0	0	1	0	0	0	1
0.395	-0.47383	0.93343	0.16828	1	0	0	0	1	0	0	0	1
0.4	-0.47383	0.93341	0.16824	1	0	0	0	1	0	0	0	1
0.405	-0.47382	0.93339	0.16822	1	0	0	0	1	0	0	0	1
0.41	-0.47381	0.93337	0.16819	1	0	0	0	1	0	0	0	1
0.415	-0.47379	0.93335	0.16816	1	0	0	0	1	0	0	0	1
0.42	-0.47376	0.93333	0.16813	1	0	0	0	1	0	0	0	1
0.425	-0.47373	0.93331	0.1681	1	0	0	0	1	0	0	0	1
0.43	-0.47373	0.93329	0.16807	1	0	0	0	1	0	0	0	1
0.435	-0.47369	0.93327	0.16804	1	0	0	0	1	0	0	0	1
0.44	-0.47366	0.93325	0.16802	1	0	0	0	1	0	0	0	1
0.445	-0.47361	0.93323	0.16799	1	0	0	0	1	0	0	0	1
0.45	-0.47357	0.93322	0.16798	1	0	0	0	1	0	0	0	1
0.455	-0.47356	0.93322	0.16794	1	0	0	0	1	0	0	0	1
0.46	-0.47354	0.9332	0.16791	1	0	0	0	1	0	0	0	1
0.465	-0.47351	0.93321	0.16789	1	0	0	0	1	0	0	0	1
0.47	-0.4735	0.93321	0.16786	1	0	0	0	1	0	0	0	1
0.475	-0.47345	0.93322	0.16784	1	0	0	0	1	0	0	0	1
0.48	-0.47342	0.93322	0.16781	1	0	0	0	1	0	0	0	1
0.485	-0.47338	0.93323	0.16779	1	0	0	0	1	0	0	0	1
0.49	-0.47332	0.93323	0.16777	1	0	0	0	1	0	0	0	1
0.495	-0.47331	0.93324	0.16773	1	0	0	0	1	0	0	0	1
0.5	-0.4733	0.93326	0.1677	1	0	0	0	1	0	0	0	1
0.505	-0.4733	0.93327	0.16767	1	0	0	0	1	0	0	0	1
0.51	-0.47325	0.93329	0.16765	1	0	0	0	1	0	0	0	1
0.515	-0.47323	0.9333	0.16762	1	0	0	0	1	0	0	0	1
0.52	-0.47321	0.93331	0.1676	1	0	0	0	1	0	0	0	1
0.525	-0.47321	0.93333	0.16756	1	0	0	0	1	0	0	0	1
0.53	-0.47319	0.93335	0.16753	1	0	0	0	1	0	0	0	1
0.535	-0.47315	0.93337	0.16751	1	0	0	0	1	0	0	0	1
0.54	-0.47309	0.93339	0.1675	1	0	0	0	1	0	0	0	1
0.545	-0.47307	0.9334	0.16747	1	0	0	0	1	0	0	0	1
0.55	-0.4731	0.93341	0.16743	1	0	0	0	1	0	0	0	1
0.555	-0.4731	0.93343	0.1674	1	0	0	0	1	0	0	0	1
0.56	-0.47312	0.93345	0.16737	1	0	0	0	1	0	0	0	1
0.565	-0.47312	0.93346	0.16734	1	0	0	0	1	0	0	0	1
0.57	-0.47313	0.93348	0.16731	1	0	0	0	1	0	0	0	1
0.575	-0.47314	0.9335	0.16728	1	0	0	0	1	0	0	0	1
0.58	-0.47313	0.93352	0.16726	1	0	0	0	1	0	0	0	1
0.585	-0.47315	0.93354	0.16724	1	0	0	0	1	0	0	0	1
0.59	-0.47317	0.93356	0.16722	1	0	0	0	1	0	0	0	1
0.595	-0.47325	0.93358	0.16719	1	0	0	0	1	0	0	0	1
0.6	-0.47327	0.9336	0.16718	1	0	0	0	1	0	0	0	1
0.605	-0.47335	0.93362	0.16715	1	0	0	0	1	0	0	0	1
0.61	-0.47344	0.93364	0.16711	1	0	0	0	1	0	0	0	1
0.615	-0.47353	0.93366	0.16709	1	0	0	0	1	0	0	0	1
0.62	-0.47359	0.93366	0.16707	1	0	0	0	1	0	0	0	1
0.625	-0.47369	0.93368	0.16704	1	0	0	0	1	0	0	0	1
0.63	-0.47379	0.93368	0.16702	1	0	0	0	1	0	0	0	1
0.635	-0.47384	0.93369	0.16702	1	0	0	0	1	0	0	0	1
0.64	-0.47398	0.93369	0.16699	1	0	0	0	1	0	0	0	1
0.645	-0.47412	0.93369	0.16697	1	0	0	0	1	0	0	0	1
0.65	-0.47425	0.93369	0.16696	1	0	0	0	1	0	0	0	1
0.655	-0.47441	0.93368	0.16694	1	0	0	0	1	0	0	0	1
0.66	-0.47455	0.93367	0.16693	1	0	0	0	1	0	0	0	1
0.665	-0.47471	0.93366	0.16691	1	0	0	0	1	0	0	0	1
0.67	-0.47487	0.93365	0.1669	1	0	0	0	1	0	0	0	1
0.675	-0.47501	0.93363	0.1669	1	0	0	0	1	0	0	0	1
0.68	-0.47515	0.93362	0.1669	1	0	0	0	1	0	0	0	1
0.685	-0.47532	0.9336	0.16689	1	0	0	0	1	0	0	0	1
0.69	-0.4755	0.93358	0.16688	1	0	0	0	1	0	0	0	1
0.695	-0.47561	0.93357	0.16689	1	0	0	0	1	0	0	0	1
0.7	-0.47576	0.93354	0.1669	1	0	0	0	1	0	0	0	1
0.705	-0.47594	0.93351	0.16689	1	0	0	0	1	0	0	0	1
0.71	-0.47607	0.93347	0.1669	1	0	0	0	1	0	0	0	1
0.715	-0.47622	0.93343	0.16689	1	0	0	0	1	0	0	0	1
0.72	-0.47637	0.93338	0.16689	1	0	0	0	1	0	0	0	1
0.725	-0.47649	0.93333	0.1669	1	0	0	0	1	0	0	0	1
0.73	-0.47666	0.93328	0.16689	1	0	0	0	1	0	0	0	1
0.735	-0.47681	0.93321	0.16689	1	0	0	0	1	0	0	0	1
0.74	-0.47695	0.93314	0.16688	1	0	0	0	1	0	0	0	1
0.745	-0.47711	0.93307	0.16687	1	0	0	0	1	0	0	0	1
0.75	-0.47721	0.93301	0.16688	1	0	0	0	1	0	0	0	1
0.755	-0.47734	0.93295	0.16686	1	0	0	0	1	0	0	0	1
0.76	-0.47747	0.93288	0.16685	1	0	0	0	1	0	0	0	1
0.765	-0.47758	0.93282	0.16683	1	0	0	0	1	0	0	0	1
0.77	-0.47769	0.93276	0.16681	1	0	0	0	1	0	0	0	1
0.775	-0.47777	0.93271	0.1668	1	0	0	0	1	0	0	0	1
0.78	-0.47779	0.93265	0.1668	1	0	0	0	1	0	0	0	1
0.785	-0.47787	0.9326	0.16678	1	0	0	0	1	0	0	0	1
0.79	-0.47794	0.93255	0.16676	1	0	0	0	1	0	0	0	1
0.795	-0.47797	0.9325	0.16675	1	0	0	0	1	0	0	0	1
0.8	-0.47801	0.93244	0.16673	1	0	0	0	1	0	0	0	1
0.805	-0.478	0.93238	0.16672	1	0	0	0	1	0	0	0	1
0.81	-0.47803	0.93232	0.1667	1	0	0	0	1	0	0	0	1
0.815	-0.47806	0.93225	0.16668	1	0	0	0	1	0	0	0	1
0.82	-0.4781	0.93218	0.16665	1	0	0	0	1	0	0	0	1
0.825	-0.47812	0.93211	0.16662	1	0	0	0	1	0	0	0	1
0.83	-0.47814	0.93203	0.16659	1	0	0	0	1	0	0	0	1
0.835	-0.47814	0.93194	0.16656	1	0	0	0	1	0	0	0	1
0.84	-0.47813	0.93185	0.16653	1	0	0	0	1	0	0	0	1
0.845	-0.47815	0.93177	0.16649	1	0	0	0	1	0	0	0	1
0.85	-0.47821	0.93167	0.16644	1	0	0	0	1	0	0	0	1
0.855	-0.47823	0.93158	0.1664	1	0	0	0	1	0	0	0	1
0.86	-0.4782	0.93149	0.16637	1	0	0	0	1	0	0	0	1
0.865	-0.47821	0.93139	0.16633	1	0	0	0	1	0	0	0	1
0.87	-0.47821	0.9313	0.16628	1	0	0	0	1	0	0	0	1
0.875	-0.47821	0.93121	0.16624	1	0	0	0	1	0	0	0	1
0.88	-0.4782	0.93109	0.16619	1	0	0	0	1	0	0	0	1
0.885	-0.47816	0.93095	0.16615	1	0	0	0	1	0	0	0	1
0.89	-0.47814	0.93079	0.1661	1	0	0	0	1	0	0	0	1
0.895	-0.47813	0.93062	0.16605	1	0	0	0	1	0	0	0	1
0.9	-0.47812	0.93044	0.166	1	0	0	0	1	0	0	0	1
0.905	-0.47805	0.93027	0.16596	1	0	0	0	1	0	0	0	1
0.91	-0.47804	0.93011	0.16592	1	0	0	0	1	0	0	0	1
0.915	-0.47801	0.92997	0.16587	1	0	0	0	1	0	0	0	1
0.92	-0.47794	0.92981	0.16584	1	0	0	0	1	0	0	0	1
0.925	-0.47789	0.92962	0.1658	1	0	0	0	1	0	0	0	1
0.93	-0.47783	0.9294	0.16577	1	0	0	0	1	0	0	0	1
0.935	-0.47773	0.92919	0.16575	1	0	0	0	1	0	0	0	1
0.94	-0.47761	0.92898	0.16573	1	0	0	0	1	0	0	0	1
0.945	-0.47751	0.92878	0.16571	1	0	0	0	1	0	0	0	1
0.95	-0.47746	0.9286	0.16568	1	0	0	0	1	0	0	0	1
0.955	-0.47741	0.92841	0.16565	1	0	0	0	1	0	0	0	1
0.96	-0.47732	0.92818	0.16564	1	0	0	0	1	0	0	0	1
0.965	-0.47727	0.92793	0.16561	1	0	0	0	1	0	0	0	1
0.97	-0.47717	0.92768	0.1656	1	0	0	0	1	0	0	0	1
0.975	-0.47707	0.92745	0.16559	1	0	0	0	1	0	0	0	1
0.98	-0.47696	0.92723	0.16557	1	0	0	0	1	0	0	0	1
0.985	-0.4769	0.927	0.16556	1	0	0	0	1	0	0	0	1
0.99	-0.47685	0.92674	0.16554	1	0	0	0	1	0	0	0	1
0.995	-0.47677	0.92648	0.16552	1	0	0	0	1	0	0	0	1
1	-0.47666	0.92623	0.16551	1	0	0	0	1	0	0	0	1
1.005	-0.47657	0.92599	0.16549	1	0	0	0	1	0	0	0	1
1.01	-0.47653	0.92575	0.16547	1	0	0	0	1	0	0	0	1
1.015	-0.47645	0.92549	0.16546	1	0	0	0	1	0	0	0	1
1.02	-0.47639	0.92521	0.16544	1	0	0	0	1	0	0	0	1
1.025	-0.47628	0.92493	0.16542	1	0	0	0	1	0	0	0	1
1.03	-0.47613	0.92466	0.16541	1	0	0	0	1	0	0	0	1
1.035	-0.47604	0.9244	0.1654	1	0	0	0	1	0	0	0	1
1.04	-0.476	0.92413	0.16539	1	0	0	0	1	0	0	0	1
1.045	-0.47591	0.92386	0.16538	1	0	0	0	1	0	0	0	1
1.05	-0.47578	0.92358	0.16536	1	0	0	0	1	0	0	0	1
1.055	-0.47566	0.92329	0.16535	1	0	0	0	1	0	0	0	1
1.06	-0.47568	0.923	0.16533	1	0	0	0	1	0	0	0	1
1.065	-0.4757	0.92271	0.16532	1	0	0	0	1	0	0	0	1
1.07	-0.47569	0.92238	0.1653	1	0	0	0	1	0	0	0	1
1.075	-0.47563	0.92203	0.16529	1	0	0	0	1	0	0	0	1
1.08	-0.47569	0.92166	0.16529	1	0	0	0	1	0	0	0	1
1.085	-0.47583	0.9213	0.16528	1	0	0	0	1	0	0	0	1
1.09	-0.47585	0.9209	0.16528	1	0	0	0	1	0	0	0	1
1.095	-0.4759	0.92046	0.16528	1	0	0	0	1	0	0	0	1
1.1	-0.47601	0.92002	0.16529	1	0	0	0	1	0	0	0	1
1.105	-0.47612	0.91961	0.16529	1	0	0	0	1	0	0	0	1
1.11	-0.47619	0.91913	0.16531	1	0	0	0	1	0	0	0	1
1.115	-0.47627	0.91867	0.16533	1	0	0	0	1	0	0	0	1
1.12	-0.47647	0.91822	0.16534	1	0	0	0	1	0	0	0	1
1.125	-0.47663	0.91773	0.16536	1	0	0	0	1	0	0	0	1
1.13	-0.47676	0.91722	0.16538	1	0	0	0	1	0	0	0	1
1.135	-0.47705	0.91674	0.16539	1	0	0	0	1	0	0	0	1
1.14	-0.4773	0.91626	0.1654	1	0	0	0	1	0	0	0	1
1.145	-0.47753	0.91573	0.16542	1	0	0	0	1	0	0	0	1
1.15	-0.47788	0.91523	0.16543	1	0	0	0	1	0	0	0	1
1.155	-0.47813	0.91471	0.16546	1	0	0	0	1	0	0	0	1
1.16	-0.47837	0.91415	0.1655	1	0	0	0	1	0	0	0	1
1.165	-0.47861	0.91366	0.16554	1	0	0	0	1	0	0	0	1
1.17	-0.47895	0.91312	0.16557	1	0	0	0	1	0	0	0	1
1.175	-0.47927	0.91258	0.16562	1	0	0	0	1	0	0	0	1
1.18	-0.47969	0.91206	0.16567	1	0	0	0	1	0	0	0	1
1.185	-0.48006	0.91153	0.16574	1	0	0	0	1	0	0	0	1
1.19	-0.48042	0.91095	0.16582	1	0	0	0	1	0	0	0	1
1.195	-0.48088	0.9104	0.16587	1	0	0	0	1	0	0	0	1
1.2	-0.48135	0.90979	0.16594	1	0	0	0	1	0	0	0	1
1.205	-0.48179	0.90918	0.16601	1	0	0	0	1	0	0	0	1
1.21	-0.48238	0.90859	0.16606	1	0	0	0	1	0	0	0	1
1.215	-0.48284	0.90797	0.16613	1	0	0	0	1	0	0	0	1
1.22	-0.48342	0.90732	0.16616	1	0	0	0	1	0	0	0	1
1.225	-0.48394	0.90668	0.16622	1	0	0	0	1	0	0	0	1
1.23	-0.4844	0.90598	0.16629	1	0	0	0	1	0	0	0	1
1.235	-0.48502	0.90527	0.16632	1	0	0	0	1	0	0	0	1
1.24	-0.48556	0.90455	0.16636	1	0	0	0	1	0	0	0	1
1.245	-0.48621	0.90383	0.16637	1	0	0	0	1	0	0	0	1
1.25	-0.48672	0.90311	0.16641	1	0	0	0	1	0	0	0	1
1.255	-0.48734	0.90236	0.16643	1	0	0	0	1	0	0	0	1
1.26	-0.48805	0.90158	0.16644	1	0	0	0	1	0	0	0	1
1.265	-0.48865	0.90081	0.16646	1	0	0	0	1	0	0	0	1
1.27	-0.48926	0.90005	0.16647	1	0	0	0	1	0	0	0	1
1.275	-0.48982	0.89924	0.1665	1	0	0	0	1	0	0	0	1
1.28	-0.49045	0.89848	0.16653	1	0	0	0	1	0	0	0	1
1.285	-0.49104	0.89765	0.16655	1	0	0	0	1	0	0	0	1
1.29	-0.49171	0.89684	0.16656	1	0	0	0	1	0	0	0	1
1.295	-0.49214	0.89604	0.16661	1	0	0	0	1	0	0	0	1
1.3	-0.4927	0.89528	0.16663	1	0	0	0	1	0	0	0	1
1.305	-0.49321	0.89449	0.16667	1	0	0	0	1	0	0	0	1
1.31	-0.49377	0.89373	0.16671	1	0	0	0	1	0	0	0	1
1.315	-0.49424	0.89296	0.16674	1	0	0	0	1	0	0	0	1
1.32	-0.49473	0.89223	0.16678	1	0	0	0	1	0	0	0	1
1.325	-0.495	0.8915	0.16686	1	0	0	0	1	0	0	0	1
1.33	-0.49536	0.89077	0.16693	1	0	0	0	1	0	0	0	1
1.335	-0.4957	0.89002	0.16698	1	0	0	0	1	0	0	0	1
1.34	-0.49596	0.8893	0.16705	1	0	0	0	1	0	0	0	1
1.345	-0.49619	0.88855	0.16713	1	0	0	0	1	0	0	0	1
1.35	-0.49634	0.8878	0.16721	1	0	0	0	1	0	0	0	1
1.355	-0.49654	0.88706	0.16727	1	0	0	0	1	0	0	0	1
1.36	-0.49669	0.88628	0.16734	1	0	0	0	1	0	0	0	1
1.365	-0.49684	0.8855	0.16741	1	0	0	0	1	0	0	0	1
1.37	-0.49707	0.88468	0.16745	1	0	0	0	1	0	0	0	1
1.375	-0.49716	0.88387	0.16751	1	0	0	0	1	0	0	0	1
1.38	-0.49726	0.88308	0.16756	1	0	0	0	1	0	0	0	1
1.385	-0.49731	0.88221	0.16761	1	0	0	0	1	0	0	0	1
1.39	-0.49735	0.88133	0.16764	1	0	0	0	1	0	0	0	1
1.395	-0.49728	0.88046	0.16766	1	0	0	0	1	0	0	0	1
1.4	-0.49736	0.87959	0.16764	1	0	0	0	1	0	0	0	1
1.405	-0.49737	0.87871	0.16762	1	0	0	0	1	0	0	0	1
1.41	-0.49722	0.87782	0.16762	1	0	0	0	1	0	0	0	1
1.415	-0.49711	0.87697	0.1676	1	0	0	0	1	0	0	0	1
1.42	-0.49703	0.87608	0.16757	1	0	0	0	1	0	0	0	1
1.425	-0.49688	0.87526	0.16755	1	0	0	0	1	0	0	0	1
1.43	-0.49667	0.87444	0.16755	1	0	0	0	1	0	0	0	1
1.435	-0.4965	0.87364	0.16752	1	0	0	0	1	0	0	0	1
1.44	-0.49627	0.8729	0.16751	1	0	0	0	1	0	0	0	1
1.445	-0.49605	0.87211	0.1675	1	0	0	0	1	0	0	0	1
1.45	-0.49581	0.87136	0.16748	1	0	0	0	1	0	0	0	1
1.455	-0.4955	0.87058	0.16749	1	0	0	0	1	0	0	0	1
1.46	-0.49529	0.86987	0.16747	1	0	0	0	1	0	0	0	1
1.465	-0.495	0.86916	0.16748	1	0	0	0	1	0	0	0	1
1.47	-0.49479	0.86848	0.16749	1	0	0	0	1	0	0	0	1
1.475	-0.49447	0.86778	0.1675	1	0	0	0	1	0	0	0	1
1.48	-0.49424	0.86708	0.16753	1	0	0	0	1	0	0	0	1
1.485	-0.49391	0.86637	0.16755	1	0	0	0	1	0	0	0	1
1.49	-0.49368	0.86565	0.16757	1	0	0	0	1	0	0	0	1
1.495	-0.49341	0.86493	0.16759	1	0	0	0	1	0	0	0	1
1.5	-0.4933	0.86422	0.16759	1	0	0	0	1	0	0	0	1
1.505	-0.49308	0.86345	0.16761	1	0	0	0	1	0	0	0	1
1.51	-0.49288	0.86272	0.16762	1	0	0	0	1	0	0	0	1
1.515	-0.49267	0.86194	0.16764	1	0	0	0	1	0	0	0	1
1.52	-0.49249	0.8612	0.16767	1	0	0	0	1	0	0	0	1
1.525	-0.49234	0.86041	0.16768	1	0	0	0	1	0	0	0	1
1.53	-0.49212	0.85965	0.16771	1	0	0	0	1	0	0	0	1
1.535	-0.49191	0.85892	0.16774	1	0	0	0	1	0	0	0	1
1.54	-0.49174	0.85819	0.16776	1	0	0	0	1	0	0	0	1
1.545	-0.49155	0.85746	0.16778	1	0	0	0	1	0	0	0	1
1.55	-0.49128	0.85672	0.16781	1	0	0	0	1	0	0	0	1
1.555	-0.49095	0.85602	0.16786	1	0	0	0	1	0	0	0	1
1.56	-0.49072	0.85529	0.1679	1	0	0	0	1	0	0	0	1
1.565	-0.49041	0.85462	0.16796	1	0	0	0	1	0	0	0	1
1.57	-0.49014	0.85394	0.168	1	0	0	0	1	0	0	0	1
1.575	-0.4898	0.85332	0.16803	1	0	0	0	1	0	0	0	1
1.58	-0.4895	0.85268	0.16807	1	0	0	0	1	0	0	0	1
1.585	-0.4891	0.85205	0.16812	1	0	0	0	1	0	0	0	1
1.59	-0.48874	0.85141	0.16816	1	0	0	0	1	0	0	0	1
1.595	-0.48827	0.85079	0.1682	1	0	0	0	1	0	0	0	1
1.6	-0.48799	0.85018	0.16821	1	0	0	0	1	0	0	0	1
1.605	-0.48756	0.84957	0.16822	1	0	0	0	1	0	0	0	1
1.61	-0.48718	0.84899	0.16823	1	0	0	0	1	0	0	0	1
1.615	-0.48675	0.84839	0.16824	1	0	0	0	1	0	0	0	1
1.62	-0.48632	0.8478	0.16824	1	0	0	0	1	0	0	0	1
1.625	-0.48594	0.8472	0.16823	1	0	0	0	1	0	0	0	1
1.63	-0.48553	0.8466	0.16822	1	0	0	0	1	0	0	0	1
1.635	-0.48512	0.84599	0.16821	1	0	0	0	1	0	0	0	1
1.64	-0.48465	0.84538	0.1682	1	0	0	0	1	0	0	0	1
1.645	-0.48425	0.84475	0.16819	1	0	0	0	1	0	0	0	1
1.65	-0.48372	0.84414	0.16817	1	0	0	0	1	0	0	0	1
1.655	-0.48328	0.84356	0.16815	1	0	0	0	1	0	0	0	1
1.66	-0.48274	0.84298	0.16815	1	0	0	0	1	0	0	0	1
1.665	-0.48223	0.84241	0.16813	1	0	0	0	1	0	0	0	1
1.67	-0.48172	0.84179	0.16812	1	0	0	0	1	0	0	0	1
1.675	-0.48117	0.84119	0.16812	1	0	0	0	1	0	0	0	1
1.68	-0.48063	0.84053	0.16811	1	0	0	0	1	0	0	0	1
1.685	-0.48001	0.83993	0.16812	1	0	0	0	1	0	0	0	1
1.69	-0.47939	0.8393	0.16812	1	0	0	0	1	0	0	0	1
1.695	-0.47868	0.83869	0.16814	1	0	0	0	1	0	0	0	1
1.7	-0.47801	0.83805	0.16816	1	0	0	0	1	0	0	0	1
1.705	-0.47729	0.83745	0.16818	1	0	0	0	1	0	0	0	1
1.71	-0.47654	0.83682	0.16819	1	0	0	0	1	0	0	0	1
1.715	-0.47575	0.8362	0.1682	1	0	0	0	1	0	0	0	1
1.72	-0.47487	0.83554	0.16821	1	0	0	0	1	0	0	0	1
1.725	-0.47404	0.8349	0.16823	1	0	0	0	1	0	0	0	1
1.73	-0.47313	0.83428	0.16823	1	0	0	0	1	0	0	0	1
1.735	-0.47237	0.83366	0.16818	1	0	0	0	1	0	0	0	1
1.74	-0.4715	0.83301	0.16815	1	0	0	0	1	0	0	0	1
1.745	-0.47069	0.83233	0.1681	1	0	0	0	1	0	0	0	1
1.75	-0.46964	0.83162	0.16807	1	0	0	0	1	0	0	0	1
1.755	-0.46869	0.83091	0.16801	1	0	0	0	1	0	0	0	1
1.76	-0.46762	0.83019	0.16796	1	0	0	0	1	0	0	0	1
1.765	-0.46647	0.82943	0.16789	1	0	0	0	1	0	0	0	1
1.77	-0.46538	0.82874	0.16783	1	0	0	0	1	0	0	0	1
1.775	-0.4642	0.82798	0.16777	1	0	0	0	1	0	0	0	1
1.78	-0.46281	0.82719	0.16773	1	0	0	0	1	0	0	0	1
1.785	-0.46143	0.8264	0.16772	1	0	0	0	1	0	0	0	1
1.79	-0.45993	0.8256	0.16769	1	0	0	0	1	0	0	0	1
1.795	-0.45834	0.82474	0.16768	1	0	0	0	1	0	0	0	1
1.8	-0.45673	0.82383	0.16765	1	0	0	0	1	0	0	0	1
1.805	-0.45513	0.82293	0.16762	1	0	0	0	1	0	0	0	1
1.81	-0.45353	0.822	0.16756	1	0	0	0	1	0	0	0	1
1.815	-0.45196	0.82097	0.16749	1	0	0	0	1	0	0	0	1
1.82	-0.45029	0.81992	0.16741	1	0	0	0	1	0	0	0	1
1.825	-0.44857	0.81886	0.16734	1	0	0	0	1	0	0	0	1
1.83	-0.44685	0.81776	0.16726	1	0	0	0	1	0	0	0	1
1.835	-0.44496	0.81662	0.16717	1	0	0	0	1	0	0	0	1
1.84	-0.443	0.81549	0.16708	1	0	0	0	1	0	0	0	1
1.845	-0.44089	0.81435	0.16699	1	0	0	0	1	0	0	0	1
1.85	-0.43868	0.81316	0.16689	1	0	0	0	1	0	0	0	1
1.855	-0.43648	0.81193	0.16679	1	0	0	0	1	0	0	0	1
1.86	-0.43426	0.81071	0.16668	1	0	0	0	1	0	0	0	1
1.865	-0.43193	0.80947	0.16653	1	0	0	0	1	0	0	0	1
1.87	-0.42954	0.80824	0.16635	1	0	0	0	1	0	0	0	1
1.875	-0.4271	0.80699	0.16617	1	0	0	0	1	0	0	0	1
1.88	-0.42454	0.80571	0.166	1	0	0	0	1	0	0	0	1
1.885	-0.42194	0.80445	0.16582	1	0	0	0	1	0	0	0	1
1.89	-0.41935	0.80319	0.16561	1	0	0	0	1	0	0	0	1
1.895	-0.41672	0.80196	0.16542	1	0	0	0	1	0	0	0	1
1.9	-0.41409	0.80076	0.16526	1	0	0	0	1	0	0	0	1
1.905	-0.41127	0.79962	0.16515	1	0	0	0	1	0	0	0	1
1.91	-0.40827	0.7985	0.16503	1	0	0	0	1	0	0	0	1
1.915	-0.40535	0.79741	0.16487	1	0	0	0	1	0	0	0	1
1.92	-0.40248	0.79645	0.1647	1	0	0	0	1	0	0	0	1
1.925	-0.39966	0.79557	0.16451	1	0	0	0	1	0	0	0	1
1.93	-0.39684	0.79477	0.16429	1	0	0	0	1	0	0	0	1
1.935	-0.39397	0.79407	0.16407	1	0	0	0	1	0	0	0	1
1.94	-0.39093	0.79351	0.16387	1	0	0	0	1	0	0	0	1
1.945	-0.38778	0.79314	0.16368	1	0	0	0	1	0	0	0	1
1.95	-0.38442	0.79293	0.16355	1	0	0	0	1	0	0	0	1
1.955	-0.38097	0.79296	0.16341	1	0	0	0	1	0	0	0	1
1.96	-0.37737	0.79321	0.16324	1	0	0	0	1	0	0	0	1
1.965	-0.37377	0.79366	0.16302	1	0	0	0	1	0	0	0	1
1.97	-0.37006	0.79435	0.16282	1	0	0	0	1	0	0	0	1
1.975	-0.36591	0.79534	0.1627	1	0	0	0	1	0	0	0	1
1.98	-0.36138	0.79661	0.16261	1	0	0	0	1	0	0	0	1
1.985	-0.3569	0.79821	0.16243	1	0	0	0	1	0	0	0	1
1.99	-0.35235	0.80013	0.1622	1	0	0	0	1	0	0	0	1
1.995	-0.34722	0.80242	0.16209	1	0	0	0	1	0	0	0	1
2	-0.34185	0.8051	0.16199	1	0	0	0	1	0	0	0	1
2.005	-0.33629	0.80815	0.16188	1	0	0	0	1	0	0	0	1
2.01	-0.3303	0.81167	0.16182	1	0	0	0	1	0	0	0	1
2.015	-0.3243	0.81556	0.16174	1	0	0	0	1	0	0	0	1
2.02	-0.31784	0.81992	0.16174	1	0	0	0	1	0	0	0	1
2.025	-0.31118	0.8247	0.16173	1	0	0	0	1	0	0	0	1
2.03	-0.30438	0.82989	0.16173	1	0	0	0	1	0	0	0	1
2.035	-0.29697	0.83556	0.16184	1	0	0	0	1	0	0	0	1
2.04	-0.28955	0.8416	0.16191	1	0	0	0	1	0	0	0	1
2.045	-0.28218	0.84806	0.16191	1	0	0	0	1	0	0	0	1
2.05	-0.27425	0.8549	0.162	1	0	0	0	1	0	0	0	1
2.055	-0.26606	0.86209	0.16212	1	0	0	0	1	0	0	0	1
2.06	-0.25802	0.86965	0.16213	1	0	0	0	1	0	0	0	1
2.065	-0.24997	0.87749	0.16212	1	0	0	0	1	0	0	0	1
2.07	-0.24165	0.88569	0.16225	1	0	0	0	1	0	0	0	1
2.075	-0.23315	0.89426	0.16244	1	0	0	0	1	0	0	0	1
2.08	-0.2248	0.90311	0.16265	1	0	0	0	1	0	0	0	1
2.085	-0.21644	0.91224	0.16292	1	0	0	0	1	0	0	0	1
2.09	-0.20823	0.92155	0.16323	1	0	0	0	1	0	0	0	1
2.095	-0.20016	0.93104	0.16358	1	0	0	0	1	0	0	0	1
2.1	-0.19225	0.94065	0.16394	1	0	0	0	1	0	0	0	1
2.105	-0.18454	0.95024	0.16429	1	0	0	0	1	0	0	0	1
2.11	-0.17708	0.95983	0.16463	1	0	0	0	1	0	0	0	1
2.115	-0.16985	0.96933	0.16497	1	0	0	0	1	0	0	0	1
2.12	-0.16309	0.97873	0.16526	1	0	0	0	1	0	0	0	1
2.125	-0.15673	0.98796	0.16548	1	0	0	0	1	0	0	0	1
2.13	-0.15063	0.99699	0.16572	1	0	0	0	1	0	0	0	1
2.135	-0.14465	1.0058	0.16602	1	0	0	0	1	0	0	0	1
2.14	-0.1391	1.0144	0.16633	1	0	0	0	1	0	0	0	1
2.145	-0.13404	1.0226	0.16656	1	0	0	0	1	0	0	0	1
2.15	-0.12924	1.0306	0.16681	1	0	0	0	1	0	0	0	1
2.155	-0.12452	1.0383	0.16716	1	0	0	0	1	0	0	0	1
2.16	-0.12039	1.0457	0.16743	1	0	0	0	1	0	0	0	1
2.165	-0.11656	1.0527	0.16774	1	0	0	0	1	0	0	0	1
2.17	-0.11259	1.0594	0.16821	1	0	0	0	1	0	0	0	1
2.175	-0.10887	1.0658	0.16867	1	0	0	0	1	0	0	0	1
2.18	-0.10541	1.0719	0.16908	1	0	0	0	1	0	0	0	1
2.185	-0.10185	1.0776	0.16959	1	0	0	0	1	0	0	0	1
2.19	-0.098324	1.0831	0.17013	1	0	0	0	1	0	0	0	1
2.195	-0.095024	1.0884	0.17061	1	0	0	0	1	0	0	0	1
2.2	-0.091535	1.0933	0.17115	1	0	0	0	1	0	0	0	1
2.205	-0.08787	1.0981	0.17174	1	0	0	0	1	0	0	0	1
2.21	-0.084228	1.1026	0.17233	1	0	0	0	1	0	0	0	1
2.215	-0.080551	1.1069	0.17289	1	0	0	0	1	0	0	0	1
2.22	-0.076906	1.111	0.17345	1	0	0	0	1	0	0	0	1
2.225	-0.073235	1.1149	0.17404	1	0	0	0	1	0	0	0	1
2.23	-0.069432	1.1185	0.1747	1	0	0	0	1	0	0	0	1
2.235	-0.065551	1.1219	0.1754	1	0	0	0	1	0	0	0	1
2.24	-0.061793	1.125	0.17604	1	0	0	0	1	0	0	0	1
2.245	-0.058175	1.1278	0.17664	1	0	0	0	1	0	0	0	1
2.25	-0.054567	1.1302	0.17724	1	0	0	0	1	0	0	0	1
2.255	-0.050929	1.1324	0.17785	1	0	0	0	1	0	0	0	1
2.26	-0.047276	1.1343	0.17847	1	0	0	0	1	0	0	0	1
2.265	-0.043661	1.1359	0.1791	1	0	0	0	1	0	0	0	1
2.27	-0.040056	1.1373	0.17968	1	0	0	0	1	0	0	0	1
2.275	-0.036714	1.1384	0.18018	1	0	0	0	1	0	0	0	1
2.28	-0.033245	1.1393	0.18071	1	0	0	0	1	0	0	0	1
2.285	-0.029606	1.1399	0.18126	1	0	0	0	1	0	0	0	1
2.29	-0.026121	1.1404	0.18173	1	0	0	0	1	0	0	0	1
2.295	-0.022669	1.1407	0.18219	1	0	0	0	1	0	0	0	1
2.3	-0.018958	1.1409	0.18272	1	0	0	0	1	0	0	0	1
2.305	-0.015367	1.1408	0.18316	1	0	0	0	1	0	0	0	1
2.31	-0.011827	1.1405	0.18353	1	0	0	0	1	0	0	0	1
2.315	-0.0080545	1.1401	0.18397	1	0	0	0	1	0	0	0	1
2.32	-0.0041684	1.1394	0.1844	1	0	0	0	1	0	0	0	1
2.325	-0.00036152	1.1385	0.18473	1	0	0	0	1	0	0	0	1
2.33	0.0036902	1.1374	0.18511	1	0	0	0	1	0	0	0	1
2.335	0.0077443	1.136	0.18548	1	0	0	0	1	0	0	0	1
2.34	0.011758	1.1344	0.18572	1	0	0	0	1	0	0	0	1
2.345	0.016109	1.1325	0.18607	1	0	0	0	1	0	0	0	1
2.35	0.020462	1.1304	0.1864	1	0	0	0	1	0	0	0	1
2.355	0.024713	1.1279	0.18663	1	0	0	0	1	0	0	0	1
2.36	0.029207	1.1252	0.18697	1	0	0	0	1	0	0	0	1
2.365	0.033755	1.1222	0.18728	1	0	0	0	1	0	0	0	1
2.37	0.038181	1.1189	0.18755	1	0	0	0	1	0	0	0	1
2.375	0.042854	1.1153	0.18791	1	0	0	0	1	0	0	0	1
2.38	0.047499	1.1113	0.18824	1	0	0	0	1	0	0	0	1
2.385	0.052051	1.1071	0.18854	1	0	0	0	1	0	0	0	1
2.39	0.056813	1.1027	0.18891	1	0	0	0	1	0	0	0	1
2.395	0.061643	1.0979	0.18931	1	0	0	0	1	0	0	0	1
2.4	0.066401	1.0928	0.18966	1	0	0	0	1	0	0	0	1
2.405	0.071173	1.0875	0.19002	1	0	0	0	1	0	0	0	1
2.41	0.076052	1.0819	0.19041	1	0	0	0	1	0	0	0	1
2.415	0.080948	1.076	0.19081	1	0	0	0	1	0	0	0	1
2.42	0.085744	1.0699	0.19115	1	0	0	0	1	0	0	0	1
2.425	0.090513	1.0635	0.19147	1	0	0	0	1	0	0	0	1
2.43	0.095426	1.0569	0.19184	1	0	0	0	1	0	0	0	1
2.435	0.1004	1.05	0.19222	1	0	0	0	1	0	0	0	1
2.44	0.10512	1.0429	0.19251	1	0	0	0	1	0	0	0	1
2.445	0.10994	1.0355	0.19282	1	0	0	0	1	0	0	0	1
2.45	0.11494	1.0278	0.19318	1	0	0	0	1	0	0	0	1
2.455	0.11978	1.02	0.19344	1	0	0	0	1	0	0	0	1
2.46	0.12458	1.0118	0.19366	1	0	0	0	1	0	0	0	1
2.465	0.12962	1.0034	0.19392	1	0	0	0	1	0	0	0	1
2.47	0.13449	0.99477	0.19407	1	0	0	0	1	0	0	0	1
2.475	0.13945	0.98581	0.19424	1	0	0	0	1	0	0	0	1
2.48	0.14441	0.97652	0.19434	1	0	0	0	1	0	0	0	1
2.485	0.14947	0.96693	0.19451	1	0	0	0	1	0	0	0	1
2.49	0.15468	0.95704	0.1948	1	0	0	0	1	0	0	0	1
2.495	0.15959	0.94688	0.19506	1	0	0	0	1	0	0	0	1
2.5	0.16456	0.93651	0.19536	1	0	0	0	1	0	0	0	1
2.505	0.1697	0.9259	0.19573	1	0	0	0	1	0	0	0	1
2.51	0.17469	0.9152	0.19605	1	0	0	0	1	0	0	0	1
2.515	0.17958	0.90452	0.19631	1	0	0	0	1	0	0	0	1
2.52	0.18464	0.89399	0.19659	1	0	0	0	1	0	0	0	1
2.525	0.18927	0.88372	0.19662	1	0	0	0	1	0	0	0	1
2.53	0.19366	0.87404	0.19665	1	0	0	0	1	0	0	0	1
2.535	0.19747	0.86549	0.19669	1	0	0	0	1	0	0	0	1
2.54	0.20062	0.85844	0.19669	1	0	0	0	1	0	0	0	1
2.545	0.20362	0.85252	0.19686	1	0	0	0	1	0	0	0	1
2.55	0.20621	0.84715	0.19708	1	0	0	0	1	0	0	0	1
2.555	0.20896	0.84204	0.19742	1	0	0	0	1	0	0	0	1
2.56	0.21176	0.83717	0.19757	1	0	0	0	1	0	0	0	1
2.565	0.21444	0.83239	0.1975	1	0	0	0	1	0	0	0	1
2.57	0.21738	0.82757	0.19758	1	0	0	0	1	0	0	0	1
2.575	0.22027	0.82267	0.19779	1	0	0	0	1	0	0	0	1
2.58	0.22297	0.81783	0.1981	1	0	0	0	1	0	0	0	1
2.585	0.22547	0.81319	0.19844	1	0	0	0	1	0	0	0	1
2.59	0.2278	0.80884	0.19873	1	0	0	0	1	0	0	0	1
2.595	0.23025	0.8048	0.19904	1	0	0	0	1	0	0	0	1
2.6	0.23232	0.80125	0.19922	1	0	0	0	1	0	0	0	1
2.605	0.23448	0.79823	0.19948	1	0	0	0	1	0	0	0	1
2.61	0.23646	0.79568	0.19969	1	0	0	0	1	0	0	0	1
2.615	0.23821	0.79351	0.19982	1	0	0	0	1	0	0	0	1
2.62	0.24012	0.7917	0.20004	1	0	0	0	1	0	0	0	1
2.625	0.24199	0.79015	0.20021	1	0	0	0	1	0	0	0	1
2.63	0.24363	0.78886	0.20029	1	0	0	0	1	0	0	0	1
2.635	0.24539	0.78783	0.20042	1	0	0	0	1	0	0	0	1
2.64	0.2472	0.78705	0.20058	1	0	0	0	1	0	0	0	1
2.645	0.24875	0.78653	0.20065	1	0	0	0	1	0	0	0	1
2.65	0.25024	0.78625	0.20066	1	0	0	0	1	0	0	0	1
2.655	0.25183	0.78623	0.20071	1	0	0	0	1	0	0	0	1
2.66	0.25347	0.78645	0.20077	1	0	0	0	1	0	0	0	1
2.665	0.25505	0.78682	0.20083	1	0	0	0	1	0	0	0	1
2.67	0.25647	0.78735	0.20086	1	0	0	0	1	0	0	0	1
2.675	0.25789	0.78805	0.20093	1	0	0	0	1	0	0	0	1
2.68	0.25946	0.78886	0.20109	1	0	0	0	1	0	0	0	1
2.685	0.26093	0.78987	0.20126	1	0	0	0	1	0	0	0	1
2.69	0.26221	0.79099	0.20137	1	0	0	0	1	0	0	0	1
2.695	0.26363	0.79227	0.20157	1	0	0	0	1	0	0	0	1
2.7	0.26497	0.79368	0.20179	1	0	0	0	1	0	0	0	1
2.705	0.26612	0.79525	0.20199	1	0	0	0	1	0	0	0	1
2.71	0.26728	0.79699	0.20223	1	0	0	0	1	0	0	0	1
2.715	0.26839	0.79885	0.2025	1	0	0	0	1	0	0	0	1
2.72	0.26932	0.80082	0.20272	1	0	0	0	1	0	0	0	1
2.725	0.27025	0.80291	0.20299	1	0	0	0	1	0	0	0	1
2.73	0.27116	0.80509	0.20327	1	0	0	0	1	0	0	0	1
2.735	0.27189	0.80735	0.20348	1	0	0	0	1	0	0	0	1
2.74	0.27269	0.80972	0.20373	1	0	0	0	1	0	0	0	1
2.745	0.2735	0.81217	0.204	1	0	0	0	1	0	0	0	1
2.75	0.27419	0.81471	0.20423	1	0	0	0	1	0	0	0	1
2.755	0.27489	0.81728	0.20446	1	0	0	0	1	0	0	0	1
2.76	0.27567	0.81998	0.20473	1	0	0	0	1	0	0	0	1
2.765	0.2764	0.82272	0.20496	1	0	0	0	1	0	0	0	1
2.77	0.27702	0.82552	0.20514	1	0	0	0	1	0	0	0	1
2.775	0.27776	0.8284	0.20536	1	0	0	0	1	0	0	0	1
2.78	0.27851	0.83135	0.2056	1	0	0	0	1	0	0	0	1
2.785	0.27916	0.8344	0.20579	1	0	0	0	1	0	0	0	1
2.79	0.27984	0.83748	0.20597	1	0	0	0	1	0	0	0	1
2.795	0.28066	0.84063	0.20619	1	0	0	0	1	0	0	0	1
2.8	0.28148	0.84384	0.2064	1	0	0	0	1	0	0	0	1
2.805	0.28219	0.84705	0.20656	1	0	0	0	1	0	0	0	1
2.81	0.28296	0.85029	0.20674	1	0	0	0	1	0	0	0	1
2.815	0.28388	0.85354	0.20696	1	0	0	0	1	0	0	0	1
2.82	0.28474	0.8568	0.20715	1	0	0	0	1	0	0	0	1
2.825	0.28557	0.86004	0.20733	1	0	0	0	1	0	0	0	1
2.83	0.28646	0.86327	0.20755	1	0	0	0	1	0	0	0	1
2.835	0.28737	0.86651	0.20777	1	0	0	0	1	0	0	0	1
2.84	0.28817	0.86969	0.20795	1	0	0	0	1	0	0	0	1
2.845	0.28903	0.87288	0.20815	1	0	0	0	1	0	0	0	1
2.85	0.28996	0.87601	0.20837	1	0	0	0	1	0	0	0	1
2.855	0.29078	0.87909	0.20856	1	0	0	0	1	0	0	0	1
2.86	0.29156	0.88212	0.20874	1	0	0	0	1	0	0	0	1
2.865	0.29247	0.88508	0.20896	1	0	0	0	1	0	0	0	1
2.87	0.29333	0.88798	0.20918	1	0	0	0	1	0	0	0	1
2.875	0.29405	0.8908	0.20935	1	0	0	0	1	0	0	0	1
2.88	0.29487	0.89353	0.20955	1	0	0	0	1	0	0	0	1
2.885	0.29577	0.89622	0.20979	1	0	0	0	1	0	0	0	1
2.89	0.29661	0.89881	0.20999	1	0	0	0	1	0	0	0	1
2.895	0.29742	0.90131	0.21017	1	0	0	0	1	0	0	0	1
2.9	0.29832	0.90374	0.21038	1	0	0	0	1	0	0	0	1
2.905	0.29921	0.90611	0.21059	1	0	0	0	1	0	0	0	1
2.91	0.30001	0.90837	0.21074	1	0	0	0	1	0	0	0	1
2.915	0.30091	0.91056	0.21092	1	0	0	0	1	0	0	0	1
2.92	0.30183	0.91268	0.21114	1	0	0	0	1	0	0	0	1
2.925	0.30275	0.91472	0.21134	1	0	0	0	1	0	0	0	1
2.93	0.30359	0.91669	0.21153	1	0	0	0	1	0	0	0	1
2.935	0.30455	0.9186	0.21177	1	0	0	0	1	0	0	0	1
2.94	0.3055	0.92042	0.212	1	0	0	0	1	0	0	0	1
2.945	0.30634	0.92217	0.21218	1	0	0	0	1	0	0	0	1
2.95	0.30727	0.92387	0.21239	1	0	0	0	1	0	0	0	1
2.955	0.3083	0.92547	0.21264	1	0	0	0	1	0	0	0	1
2.96	0.30923	0.92699	0.21284	1	0	0	0	1	0	0	0	1
2.965	0.3102	0.92845	0.21306	1	0	0	0	1	0	0	0	1
2.97	0.31127	0.92984	0.21332	1	0	0	0	1	0	0	0	1
2.975	0.31227	0.93113	0.21354	1	0	0	0	1	0	0	0	1
2.98	0.31323	0.93235	0.21374	1	0	0	0	1	0	0	0	1
2.985	0.3143	0.93348	0.21399	1	0	0	0	1	0	0	0	1
2.99	0.31534	0.93451	0.21421	1	0	0	0	1	0	0	0	1
2.995	0.31627	0.93548	0.21438	1	0	0	0	1	0	0	0	1
3	0.31733	0.93636	0.21463	1	0	0	0	1	0	0	0	1
3.005	0.31837	0.93718	0.21486	1	0	0	0	1	0	0	0	1
3.01	0.31931	0.93792	0.21504	1	0	0	0	1	0	0	0	1
3.015	0.32029	0.93861	0.21524	1	0	0	0	1	0	0	0	1
3.02	0.32136	0.93923	0.21547	1	0	0	0	1	0	0	0	1
3.025	0.32232	0.93981	0.21565	1	0	0	0	1	0	0	0	1
3.03	0.32321	0.94034	0.21578	1	0	0	0	1	0	0	0	1
3.035	0.32417	0.94082	0.21595	1	0	0	0	1	0	0	0	1
3.04	0.32516	0.94125	0.21613	1	0	0	0	1	0	0	0	1
3.045	0.32603	0.94164	0.21627	1	0	0	0	1	0	0	0	1
3.05	0.32681	0.942	0.21638	1	0	0	0	1	0	0	0	1
3.055	0.3276	0.94231	0.21653	1	0	0	0	1	0	0	0	1
3.06	0.32844	0.94259	0.21671	1	0	0	0	1	0	0	0	1
3.065	0.32924	0.94283	0.21688	1	0	0	0	1	0	0	0	1
3.07	0.32989	0.94304	0.21702	1	0	0	0	1	0	0	0	1
3.075	0.3305	0.94322	0.21715	1	0	0	0	1	0	0	0	1
3.08	0.33116	0.9434	0.21733	1	0	0	0	1	0	0	0	1
3.085	0.3318	0.94356	0.21752	1	0	0	0	1	0	0	0	1
3.09	0.33234	0.9437	0.21769	1	0	0	0	1	0	0	0	1
3.095	0.33276	0.94383	0.21783	1	0	0	0	1	0	0	0	1
3.1	0.33314	0.94396	0.21796	1	0	0	0	1	0	0	0	1
3.105	0.33355	0.94408	0.21813	1	0	0	0	1	0	0	0	1
3.11	0.33399	0.94419	0.21834	1	0	0	0	1	0	0	0	1
3.115	0.33437	0.9443	0.21852	1	0	0	0	1	0	0	0	1
3.12	0.33466	0.94441	0.21869	1	0	0	0	1	0	0	0	1
3.125	0.33492	0.94452	0.21882	1	0	0	0	1	0	0	0	1
3.13	0.3352	0.94465	0.21896	1	0	0	0	1	0	0	0	1
3.135	0.33552	0.94479	0.21911	1	0	0	0	1	0	0	0	1
3.14	0.33585	0.94493	0.21927	1	0	0	0	1	0	0	0	1
3.145	0.33615	0.94506	0.21942	1	0	0	0	1	0	0	0	1
3.15	0.33642	0.9452	0.21954	1	0	0	0	1	0	0	0	1
3.155	0.33663	0.94534	0.21964	1	0	0	0	1	0	0	0	1
3.16	0.33681	0.94548	0.21972	1	0	0	0	1	0	0	0	1
3.165	0.33699	0.94563	0.21979	1	0	0	0	1	0	0	0	1
3.17	0.33714	0.94577	0.21986	1	0	0	0	1	0	0	0	1
3.175	0.33729	0.94589	0.21992	1	0	0	0	1	0	0	0	1
3.18	0.33743	0.94601	0.21999	1	0	0	0	1	0	0	0	1
3.185	0.33756	0.94613	0.22006	1	0	0	0	1	0	0	0	1
3.19	0.33766	0.94624	0.22012	1	0	0	0	1	0	0	0	1
3.195	0.33773	0.94635	0.22016	1	0	0	0	1	0	0	0	1
3.2	0.33778	0.94645	0.2202	1	0	0	0	1	0	0	0	1
3.205	0.33782	0.94655	0.22021	1	0	0	0	1	0	0	0	1
3.21	0.33783	0.94663	0.22021	1	0	0	0	1	0	0	0	1
3.215	0.33783	0.9467	0.2202	1	0	0	0	1	0	0	0	1
3.22	0.33778	0.94676	0.22017	1	0	0	0	1	0	0	0	1
3.225	0.33774	0.94681	0.22013	1	0	0	0	1	0	0	0	1
3.23	0.3377	0.94685	0.22011	1	0	0	0	1	0	0	0	1
3.235	0.33763	0.94688	0.22009	1	0	0	0	1	0	0	0	1
3.24	0.33756	0.94691	0.22007	1	0	0	0	1	0	0	0	1
3.245	0.33748	0.94693	0.22005	1	0	0	0	1	0	0	0	1
3.25	0.3374	0.94694	0.22002	1	0	0	0	1	0	0	0	1
3.255	0.33732	0.94695	0.22	1	0	0	0	1	0	0	0	1
3.26	0.33721	0.94695	0.21999	1	0	0	0	1	0	0	0	1
3.265	0.3371	0.94693	0.21998	1	0	0	0	1	0	0	0	1
3.27	0.33697	0.94691	0.21998	1	0	0	0	1	0	0	0	1
3.275	0.33685	0.94687	0.21997	1	0	0	0	1	0	0	0	1
3.28	0.3367	0.94683	0.21996	1	0	0	0	1	0	0	0	1
3.285	0.33653	0.94679	0.21994	1	0	0	0	1	0	0	0	1
3.29	0.33637	0.94674	0.21992	1	0	0	0	1	0	0	0	1
3.295	0.33621	0.94669	0.2199	1	0	0	0	1	0	0	0	1
3.3	0.33604	0.94664	0.21986	1	0	0	0	1	0	0	0	1
3.305	0.3359	0.94659	0.21983	1	0	0	0	1	0	0	0	1
3.31	0.33576	0.94655	0.21981	1	0	0	0	1	0	0	0	1
3.315	0.33561	0.94651	0.21977	1	0	0	0	1	0	0	0	1
3.32	0.33547	0.94647	0.21973	1	0	0	0	1	0	0	0	1
3.325	0.33534	0.94644	0.2197	1	0	0	0	1	0	0	0	1
3.33	0.33522	0.94641	0.21966	1	0	0	0	1	0	0	0	1
3.335	0.3351	0.94639	0.21963	1	0	0	0	1	0	0	0	1
3.34	0.33501	0.94636	0.2196	1	0	0	0	1	0	0	0	1
3.345	0.33494	0.94633	0.21957	1	0	0	0	1	0	0	0	1
3.35	0.33488	0.9463	0.21955	1	0	0	0	1	0	0	0	1
3.355	0.33485	0.94626	0.21954	1	0	0	0	1	0	0	0	1
3.36	0.33485	0.94621	0.21952	1	0	0	0	1	0	0	0	1
3.365	0.33488	0.94616	0.21951	1	0	0	0	1	0	0	0	1
3.37	0.33494	0.9461	0.21951	1	0	0	0	1	0	0	0	1
3.375	0.33502	0.94603	0.2195	1	0	0	0	1	0	0	0	1
3.38	0.33514	0.94595	0.21951	1	0	0	0	1	0	0	0	1
3.385	0.33528	0.94587	0.21953	1	0	0	0	1	0	0	0	1
3.39	0.33545	0.9458	0.21955	1	0	0	0	1	0	0	0	1
3.395	0.33564	0.94573	0.21958	1	0	0	0	1	0	0	0	1
3.4	0.33585	0.94567	0.21961	1	0	0	0	1	0	0	0	1
3.405	0.33606	0.94562	0.21963	1	0	0	0	1	0	0	0	1
3.41	0.33629	0.9456	0.21966	1	0	0	0	1	0	0	0	1
3.415	0.33652	0.94559	0.21969	1	0	0	0	1	0	0	0	1
3.42	0.33677	0.94559	0.21971	1	0	0	0	1	0	0	0	1
3.425	0.33703	0.94561	0.21973	1	0	0	0	1	0	0	0	1
3.43	0.3373	0.94564	0.21976	1	0	0	0	1	0	0	0	1
3.435	0.3376	0.94568	0.21979	1	0	0	0	1	0	0	0	1
3.44	0.33791	0.94572	0.21982	1	0	0	0	1	0	0	0	1
3.445	0.33822	0.94577	0.21987	1	0	0	0	1	0	0	0	1
3.45	0.33855	0.94582	0.21993	1	0	0	0	1	0	0	0	1
3.455	0.33887	0.94588	0.22	1	0	0	0	1	0	0	0	1
3.46	0.3392	0.94594	0.22008	1	0	0	0	1	0	0	0	1
3.465	0.3395	0.946	0.22016	1	0	0	0	1	0	0	0	1
3.47	0.33977	0.94606	0.22023	1	0	0	0	1	0	0	0	1
3.475	0.34001	0.94612	0.22031	1	0	0	0	1	0	0	0	1
3.48	0.34022	0.94617	0.22037	1	0	0	0	1	0	0	0	1
3.485	0.34041	0.94623	0.22044	1	0	0	0	1	0	0	0	1
3.49	0.3406	0.94627	0.22051	1	0	0	0	1	0	0	0	1
3.495	0.3408	0.94631	0.2206	1	0	0	0	1	0	0	0	1
3.5	0.34102	0.94635	0.22069	1	0	0	0	1	0	0	0	1
3.505	0.34126	0.94638	0.22078	1	0	0	0	1	0	0	0	1
3.51	0.34152	0.9464	0.22089	1	0	0	0	1	0	0	0	1
3.515	0.34177	0.94643	0.22099	1	0	0	0	1	0	0	0	1
3.52	0.34202	0.94644	0.22108	1	0	0	0	1	0	0	0	1
3.525	0.34226	0.94646	0.22116	1	0	0	0	1	0	0	0	1
3.53	0.34247	0.94648	0.22122	1	0	0	0	1	0	0	0	1
3.535	0.34269	0.9465	0.22128	1	0	0	0	1	0	0	0	1
3.54	0.34292	0.94651	0.22135	1	0	0	0	1	0	0	0	1
3.545	0.34317	0.94653	0.22142	1	0	0	0	1	0	0	0	1
3.55	0.34345	0.94654	0.2215	1	0	0	0	1	0	0	0	1
3.555	0.34377	0.94656	0.2216	1	0	0	0	1	0	0	0	1
3.56	0.3441	0.94658	0.22171	1	0	0	0	1	0	0	0	1
3.565	0.34444	0.94659	0.22182	1	0	0	0	1	0	0	0	1
3.57	0.34475	0.94661	0.22191	1	0	0	0	1	0	0	0	1
3.575	0.34503	0.94663	0.222	1	0	0	0	1	0	0	0	1
3.58	0.34529	0.94664	0.22207	1	0	0	0	1	0	0	0	1
3.585	0.34555	0.94666	0.22213	1	0	0	0	1	0	0	0	1
3.59	0.34581	0.94668	0.22219	1	0	0	0	1	0	0	0	1
3.595	0.34611	0.9467	0.22227	1	0	0	0	1	0	0	0	1
3.6	0.34644	0.94673	0.22235	1	0	0	0	1	0	0	0	1
3.605	0.34679	0.94676	0.22243	1	0	0	0	1	0	0	0	1
3.61	0.34714	0.9468	0.22251	1	0	0	0	1	0	0	0	1
3.615	0.34748	0.94684	0.22258	1	0	0	0	1	0	0	0	1
3.62	0.34781	0.94689	0.22264	1	0	0	0	1	0	0	0	1
3.625	0.34812	0.94693	0.22269	1	0	0	0	1	0	0	0	1
3.63	0.34841	0.94697	0.22274	1	0	0	0	1	0	0	0	1
3.635	0.34867	0.94701	0.22278	1	0	0	0	1	0	0	0	1
3.64	0.34891	0.94705	0.22281	1	0	0	0	1	0	0	0	1
3.645	0.34915	0.94708	0.22284	1	0	0	0	1	0	0	0	1
3.65	0.3494	0.94711	0.22288	1	0	0	0	1	0	0	0	1
3.655	0.34966	0.94715	0.22292	1	0	0	0	1	0	0	0	1
3.66	0.34991	0.94718	0.22297	1	0	0	0	1	0	0	0	1
3.665	0.35018	0.94721	0.22302	1	0	0	0	1	0	0	0	1
3.67	0.35045	0.94725	0.22308	1	0	0	0	1	0	0	0	1
3.675	0.35072	0.94729	0.22314	1	0	0	0	1	0	0	0	1
3.68	0.35097	0.94732	0.2232	1	0	0	0	1	0	0	0	1
3.685	0.35121	0.94735	0.22326	1	0	0	0	1	0	0	0	1
3.69	0.35143	0.94737	0.22331	1	0	0	0	1	0	0	0	1
3.695	0.35163	0.94739	0.22336	1	0	0	0	1	0	0	0	1
3.7	0.35184	0.9474	0.22341	1	0	0	0	1	0	0	0	1
3.705	0.35203	0.94741	0.22346	1	0	0	0	1	0	0	0	1
3.71	0.3522	0.94742	0.2235	1	0	0	0	1	0	0	0	1
3.715	0.35237	0.94743	0.22355	1	0	0	0	1	0	0	0	1
3.72	0.35253	0.94743	0.22358	1	0	0	0	1	0	0	0	1
3.725	0.35271	0.94743	0.22364	1	0	0	0	1	0	0	0	1
3.73	0.35288	0.94744	0.22369	1	0	0	0	1	0	0	0	1
3.735	0.35305	0.94744	0.22374	1	0	0	0	1	0	0	0	1
3.74	0.35324	0.94745	0.22379	1	0	0	0	1	0	0	0	1
3.745	0.35343	0.94746	0.22385	1	0	0	0	1	0	0	0	1
3.75	0.35362	0.94746	0.22389	1	0	0	0	1	0	0	0	1
3.755	0.35381	0.94747	0.22395	1	0	0	0	1	0	0	0	1
3.76	0.35401	0.94748	0.224	1	0	0	0	1	0	0	0	1
3.765	0.3542	0.94749	0.22404	1	0	0	0	1	0	0	0	1
3.77	0.35439	0.9475	0.22407	1	0	0	0	1	0	0	0	1
3.775	0.35459	0.94751	0.22411	1	0	0	0	1	0	0	0	1
3.78	0.3548	0.94752	0.22414	1	0	0	0	1	0	0	0	1
3.785	0.35501	0.94754	0.22417	1	0	0	0	1	0	0	0	1
3.79	0.35521	0.94755	0.22419	1	0	0	0	1	0	0	0	1
3.795	0.35541	0.94756	0.22421	1	0	0	0	1	0	0	0	1
3.8	0.35562	0.94757	0.22423	1	0	0	0	1	0	0	0	1
3.805	0.35582	0.94757	0.22425	1	0	0	0	1	0	0	0	1
3.81	0.35603	0.94758	0.22427	1	0	0	0	1	0	0	0	1
3.815	0.35625	0.94759	0.22429	1	0	0	0	1	0	0	0	1
3.82	0.35646	0.9476	0.22431	1	0	0	0	1	0	0	0	1
3.825	0.35666	0.94761	0.22433	1	0	0	0	1	0	0	0	1
3.83	0.35687	0.94762	0.22436	1	0	0	0	1	0	0	0	1
3.835	0.35708	0.94764	0.22439	1	0	0	0	1	0	0	0	1
3.84	0.35729	0.94765	0.22442	1	0	0	0	1	0	0	0	1
3.845	0.3575	0.94767	0.22445	1	0	0	0	1	0	0	0	1
3.85	0.3577	0.94769	0.22448	1	0	0	0	1	0	0	0	1
3.855	0.3579	0.94771	0.22451	1	0	0	0	1	0	0	0	1
3.86	0.3581	0.94773	0.22454	1	0	0	0	1	0	0	0	1
3.865	0.3583	0.94776	0.22456	1	0	0	0	1	0	0	0	1
3.87	0.35848	0.94778	0.22458	1	0	0	0	1	0	0	0	1
3.875	0.35867	0.9478	0.2246	1	0	0	0	1	0	0	0	1
3.88	0.35885	0.94782	0.22461	1	0	0	0	1	0	0	0	1
3.885	0.35901	0.94783	0.22461	1	0	0	0	1	0	0	0	1
3.89	0.3592	0.94784	0.22462	1	0	0	0	1	0	0	0	1
3.895	0.35938	0.94785	0.22462	1	0	0	0	1	0	0	0	1
3.9	0.35956	0.94785	0.22462	1	0	0	0	1	0	0	0	1
3.905	0.35974	0.94785	0.22462	1	0	0	0	1	0	0	0	1
3.91	0.35992	0.94785	0.22461	1	0	0	0	1	0	0	0	1
3.915	0.3601	0.94784	0.22461	1	0	0	0	1	0	0	0	1
3.92	0.36028	0.94783	0.2246	1	0	0	0	1	0	0	0	1
3.925	0.36044	0.94781	0.22459	1	0	0	0	1	0	0	0	1
3.93	0.36061	0.94781	0.22458	1	0	0	0	1	0	0	0	1
3.935	0.36077	0.94779	0.22456	1	0	0	0	1	0	0	0	1
3.94	0.36093	0.94778	0.22455	1	0	0	0	1	0	0	0	1
3.945	0.36108	0.94777	0.22453	1	0	0	0	1	0	0	0	1
3.95	0.36123	0.94777	0.22451	1	0	0	0	1	0	0	0	1
3.955	0.36137	0.94777	0.22449	1	0	0	0	1	0	0	0	1
3.96	0.36151	0.94778	0.22446	1	0	0	0	1	0	0	0	1
3.965	0.36165	0.94779	0.22442	1	0	0	0	1	0	0	0	1
3.97	0.36178	0.9478	0.22439	1	0	0	0	1	0	0	0	1
3.975	0.36193	0.94782	0.22435	1	0	0	0	1	0	0	0	1
3.98	0.36207	0.94783	0.22431	1	0	0	0	1	0	0	0	1
3.985	0.36221	0.94784	0.22426	1	0	0	0	1	0	0	0	1
3.99	0.36234	0.94786	0.22421	1	0	0	0	1	0	0	0	1
3.995	0.36246	0.94787	0.22415	1	0	0	0	1	0	0	0	1
4	0.36259	0.94788	0.2241	1	0	0	0	1	0	0	0	1
4.005	0.36271	0.94788	0.22404	1	0	0	0	1	0	0	0	1
4.01	0.36284	0.94789	0.22397	1	0	0	0	1	0	0	0	1
4.015	0.36296	0.94789	0.22391	1	0	0	0	1	0	0	0	1
4.02	0.36308	0.94788	0.22384	1	0	0	0	1	0	0	0	1
4.025	0.3632	0.94787	0.22376	1	0	0	0	1	0	0	0	1
4.03	0.36331	0.94786	0.22368	1	0	0	0	1	0	0	0	1
4.035	0.36341	0.94784	0.2236	1	0	0	0	1	0	0	0	1
4.04	0.36352	0.94783	0.22351	1	0	0	0	1	0	0	0	1
4.045	0.36366	0.9478	0.22344	1	0	0	0	1	0	0	0	1
4.05	0.36379	0.94779	0.22335	1	0	0	0	1	0	0	0	1
4.055	0.36394	0.94777	0.22326	1	0	0	0	1	0	0	0	1
4.06	0.3641	0.94775	0.22317	1	0	0	0	1	0	0	0	1
4.065	0.36427	0.94775	0.22309	1	0	0	0	1	0	0	0	1
4.07	0.36445	0.94774	0.22301	1	0	0	0	1	0	0	0	1
4.075	0.36463	0.94773	0.22293	1	0	0	0	1	0	0	0	1
4.08	0.36482	0.94772	0.22285	1	0	0	0	1	0	0	0	1
4.085	0.36502	0.94772	0.22277	1	0	0	0	1	0	0	0	1
4.09	0.3652	0.94772	0.22269	1	0	0	0	1	0	0	0	1
4.095	0.36539	0.94771	0.22261	1	0	0	0	1	0	0	0	1
4.1	0.36559	0.94771	0.22253	1	0	0	0	1	0	0	0	1
4.105	0.36576	0.94771	0.22244	1	0	0	0	1	0	0	0	1
4.11	0.36592	0.94771	0.22234	1	0	0	0	1	0	0	0	1
4.115	0.36608	0.94771	0.22224	1	0	0	0	1	0	0	0	1
4.12	0.36624	0.9477	0.22214	1	0	0	0	1	0	0	0	1
4.125	0.36639	0.94769	0.22204	1	0	0	0	1	0	0	0	1
4.13	0.36655	0.94768	0.22194	1	0	0	0	1	0	0	0	1
4.135	0.3667	0.94767	0.22184	1	0	0	0	1	0	0	0	1
4.14	0.36685	0.94766	0.22174	1	0	0	0	1	0	0	0	1
4.145	0.36701	0.94765	0.22164	1	0	0	0	1	0	0	0	1
4.15	0.36716	0.94764	0.22155	1	0	0	0	1	0	0	0	1
4.155	0.36732	0.94764	0.22147	1	0	0	0	1	0	0	0	1
4.16	0.36748	0.94764	0.22138	1	0	0	0	1	0	0	0	1
4.165	0.36763	0.94765	0.2213	1	0	0	0	1	0	0	0	1
4.17	0.36777	0.94765	0.22121	1	0	0	0	1	0	0	0	1
4.175	0.36791	0.94766	0.22114	1	0	0	0	1	0	0	0	1
4.18	0.36802	0.94767	0.22106	1	0	0	0	1	0	0	0	1
4.185	0.36813	0.94768	0.22099	1	0	0	0	1	0	0	0	1
4.19	0.36822	0.94769	0.22091	1	0	0	0	1	0	0	0	1
4.195	0.3683	0.9477	0.22084	1	0	0	0	1	0	0	0	1
4.2	0.36836	0.9477	0.22076	1	0	0	0	1	0	0	0	1
4.205	0.36843	0.94771	0.2207	1	0	0	0	1	0	0	0	1
4.21	0.36846	0.94771	0.22063	1	0	0	0	1	0	0	0	1
4.215	0.36849	0.94771	0.22056	1	0	0	0	1	0	0	0	1
4.22	0.36849	0.94771	0.22048	1	0	0	0	1	0	0	0	1
4.225	0.3685	0.9477	0.22041	1	0	0	0	1	0	0	0	1
4.23	0.36849	0.9477	0.22035	1	0	0	0	1	0	0	0	1
4.235	0.36849	0.9477	0.22029	1	0	0	0	1	0	0	0	1
4.24	0.36848	0.9477	0.22022	1	0	0	0	1	0	0	0	1
4.245	0.36847	0.94769	0.22017	1	0	0	0	1	0	0	0	1
4.25	0.36847	0.94769	0.22011	1	0	0	0	1	0	0	0	1
4.255	0.36848	0.94768	0.22006	1	0	0	0	1	0	0	0	1
4.26	0.36849	0.94766	0.22002	1	0	0	0	1	0	0	0	1
4.265	0.3685	0.94765	0.21997	1	0	0	0	1	0	0	0	1
4.27	0.36852	0.94762	0.21993	1	0	0	0	1	0	0	0	1
4.275	0.36855	0.9476	0.21989	1	0	0	0	1	0	0	0	1
4.28	0.36858	0.94757	0.21985	1	0	0	0	1	0	0	0	1
4.285	0.36862	0.94754	0.21981	1	0	0	0	1	0	0	0	1
4.29	0.36866	0.94751	0.21978	1	0	0	0	1	0	0	0	1
4.295	0.36869	0.94748	0.21973	1	0	0	0	1	0	0	0	1
4.3	0.36872	0.94746	0.21969	1	0	0	0	1	0	0	0	1
4.305	0.36875	0.94744	0.21965	1	0	0	0	1	0	0	0	1
4.31	0.36879	0.94743	0.2196	1	0	0	0	1	0	0	0	1
4.315	0.36883	0.94742	0.21955	1	0	0	0	1	0	0	0	1
4.32	0.36885	0.94741	0.21949	1	0	0	0	1	0	0	0	1
4.325	0.36889	0.9474	0.21944	1	0	0	0	1	0	0	0	1
4.33	0.36892	0.94739	0.21938	1	0	0	0	1	0	0	0	1
4.335	0.36897	0.94737	0.21931	1	0	0	0	1	0	0	0	1
4.34	0.369	0.94735	0.21924	1	0	0	0	1	0	0	0	1
4.345	0.36905	0.94732	0.21917	1	0	0	0	1	0	0	0	1
4.35	0.36909	0.94729	0.21909	1	0	0	0	1	0	0	0	1
4.355	0.36917	0.94726	0.21901	1	0	0	0	1	0	0	0	1
4.36	0.36924	0.94723	0.21892	1	0	0	0	1	0	0	0	1
4.365	0.36933	0.94719	0.21884	1	0	0	0	1	0	0	0	1
4.37	0.36945	0.94716	0.21875	1	0	0	0	1	0	0	0	1
4.375	0.36959	0.94713	0.21866	1	0	0	0	1	0	0	0	1
4.38	0.36975	0.9471	0.21856	1	0	0	0	1	0	0	0	1
4.385	0.36995	0.94708	0.21847	1	0	0	0	1	0	0	0	1
4.39	0.37018	0.94707	0.21838	1	0	0	0	1	0	0	0	1
4.395	0.37043	0.94705	0.21827	1	0	0	0	1	0	0	0	1
4.4	0.37068	0.94704	0.21816	1	0	0	0	1	0	0	0	1
4.405	0.37096	0.94704	0.21805	1	0	0	0	1	0	0	0	1
4.41	0.37122	0.94705	0.21791	1	0	0	0	1	0	0	0	1
4.415	0.37146	0.94704	0.21775	1	0	0	0	1	0	0	0	1
4.42	0.37168	0.94704	0.21758	1	0	0	0	1	0	0	0	1
4.425	0.37189	0.94704	0.21739	1	0	0	0	1	0	0	0	1
4.43	0.3721	0.94704	0.2172	1	0	0	0	1	0	0	0	1
4.435	0.37234	0.94703	0.21701	1	0	0	0	1	0	0	0	1
4.44	0.37263	0.94702	0.21684	1	0	0	0	1	0	0	0	1
4.445	0.37296	0.94701	0.21667	1	0	0	0	1	0	0	0	1
4.45	0.37329	0.94699	0.21648	1	0	0	0	1	0	0	0	1
4.455	0.37359	0.94697	0.21627	1	0	0	0	1	0	0	0	1
4.46	0.37386	0.94694	0.21603	1	0	0	0	1	0	0	0	1
4.465	0.3741	0.9469	0.21577	1	0	0	0	1	0	0	0	1
4.47	0.37436	0.94686	0.2155	1	0	0	0	1	0	0	0	1
4.475	0.37468	0.94682	0.21525	1	0	0	0	1	0	0	0	1
4.48	0.37505	0.94678	0.215	1	0	0	0	1	0	0	0	1
4.485	0.37536	0.94673	0.21472	1	0	0	0	1	0	0	0	1
4.49	0.37561	0.94668	0.21438	1	0	0	0	1	0	0	0	1
4.495	0.37589	0.94662	0.21404	1	0	0	0	1	0	0	0	1
4.5	0.37629	0.94655	0.21374	1	0	0	0	1	0	0	0	1
4.505	0.3767	0.94649	0.21343	1	0	0	0	1	0	0	0	1
4.51	0.377	0.94642	0.21306	1	0	0	0	1	0	0	0	1
4.515	0.37724	0.94636	0.21268	1	0	0	0	1	0	0	0	1
4.52	0.37758	0.9463	0.21234	1	0	0	0	1	0	0	0	1
4.525	0.37796	0.94626	0.212	1	0	0	0	1	0	0	0	1
4.53	0.37821	0.94621	0.2116	1	0	0	0	1	0	0	0	1
4.535	0.37845	0.94618	0.2112	1	0	0	0	1	0	0	0	1
4.54	0.37879	0.94615	0.21083	1	0	0	0	1	0	0	0	1
4.545	0.37905	0.94613	0.21043	1	0	0	0	1	0	0	0	1
4.55	0.37918	0.94611	0.20998	1	0	0	0	1	0	0	0	1
4.555	0.3794	0.94609	0.20956	1	0	0	0	1	0	0	0	1
4.56	0.37961	0.94607	0.20916	1	0	0	0	1	0	0	0	1
4.565	0.37968	0.94606	0.20871	1	0	0	0	1	0	0	0	1
4.57	0.37983	0.94604	0.2083	1	0	0	0	1	0	0	0	1
4.575	0.38001	0.94603	0.20793	1	0	0	0	1	0	0	0	1
4.58	0.38003	0.94601	0.20749	1	0	0	0	1	0	0	0	1
4.585	0.38008	0.946	0.20707	1	0	0	0	1	0	0	0	1
4.59	0.38017	0.94598	0.2067	1	0	0	0	1	0	0	0	1
4.595	0.38009	0.94596	0.20627	1	0	0	0	1	0	0	0	1
4.6	0.38006	0.94593	0.20586	1	0	0	0	1	0	0	0	1
4.605	0.38009	0.9459	0.2055	1	0	0	0	1	0	0	0	1
4.61	0.37996	0.94587	0.20508	1	0	0	0	1	0	0	0	1
4.615	0.37985	0.94583	0.20467	1	0	0	0	1	0	0	0	1
4.62	0.37984	0.94579	0.20433	1	0	0	0	1	0	0	0	1
4.625	0.37967	0.94575	0.20394	1	0	0	0	1	0	0	0	1
4.63	0.3795	0.9457	0.20355	1	0	0	0	1	0	0	0	1
4.635	0.37944	0.94565	0.20321	1	0	0	0	1	0	0	0	1
4.64	0.37922	0.9456	0.20284	1	0	0	0	1	0	0	0	1
4.645	0.37897	0.94555	0.20244	1	0	0	0	1	0	0	0	1
4.65	0.37885	0.94551	0.20211	1	0	0	0	1	0	0	0	1
4.655	0.37864	0.94546	0.20176	1	0	0	0	1	0	0	0	1
4.66	0.37835	0.94542	0.20137	1	0	0	0	1	0	0	0	1
4.665	0.37817	0.94539	0.20104	1	0	0	0	1	0	0	0	1
4.67	0.37796	0.94535	0.20071	1	0	0	0	1	0	0	0	1
4.675	0.37761	0.94532	0.20034	1	0	0	0	1	0	0	0	1
4.68	0.37736	0.94529	0.20001	1	0	0	0	1	0	0	0	1
4.685	0.37712	0.94526	0.1997	1	0	0	0	1	0	0	0	1
4.69	0.37673	0.94522	0.19934	1	0	0	0	1	0	0	0	1
4.695	0.3764	0.94518	0.19904	1	0	0	0	1	0	0	0	1
4.7	0.37617	0.94515	0.19877	1	0	0	0	1	0	0	0	1
4.705	0.37579	0.94511	0.19844	1	0	0	0	1	0	0	0	1
4.71	0.37535	0.94507	0.1981	1	0	0	0	1	0	0	0	1
4.715	0.37502	0.94504	0.19782	1	0	0	0	1	0	0	0	1
4.72	0.37468	0.94501	0.19754	1	0	0	0	1	0	0	0	1
4.725	0.3742	0.94498	0.1972	1	0	0	0	1	0	0	0	1
4.73	0.37381	0.94494	0.19691	1	0	0	0	1	0	0	0	1
4.735	0.37349	0.9449	0.19668	1	0	0	0	1	0	0	0	1
4.74	0.37304	0.94486	0.19641	1	0	0	0	1	0	0	0	1
4.745	0.3725	0.94481	0.1961	1	0	0	0	1	0	0	0	1
4.75	0.37207	0.94476	0.19586	1	0	0	0	1	0	0	0	1
4.755	0.37167	0.94472	0.19563	1	0	0	0	1	0	0	0	1
4.76	0.37114	0.94467	0.19536	1	0	0	0	1	0	0	0	1
4.765	0.37059	0.94463	0.1951	1	0	0	0	1	0	0	0	1
4.77	0.37014	0.94458	0.1949	1	0	0	0	1	0	0	0	1
4.775	0.36967	0.94453	0.19469	1	0	0	0	1	0	0	0	1
4.78	0.36905	0.94448	0.19443	1	0	0	0	1	0	0	0	1
4.785	0.3684	0.94444	0.19417	1	0	0	0	1	0	0	0	1
4.79	0.36788	0.9444	0.19398	1	0	0	0	1	0	0	0	1
4.795	0.36733	0.94437	0.19379	1	0	0	0	1	0	0	0	1
4.8	0.36665	0.94435	0.19356	1	0	0	0	1	0	0	0	1
4.805	0.36595	0.94432	0.19333	1	0	0	0	1	0	0	0	1
4.81	0.36537	0.9443	0.19317	1	0	0	0	1	0	0	0	1
4.815	0.3648	0.94427	0.19302	1	0	0	0	1	0	0	0	1
4.82	0.36409	0.94424	0.19282	1	0	0	0	1	0	0	0	1
4.825	0.36331	0.9442	0.1926	1	0	0	0	1	0	0	0	1
4.83	0.36263	0.94417	0.19244	1	0	0	0	1	0	0	0	1
4.835	0.36203	0.94414	0.19232	1	0	0	0	1	0	0	0	1
4.84	0.36141	0.94412	0.1922	1	0	0	0	1	0	0	0	1
4.845	0.3607	0.94408	0.19205	1	0	0	0	1	0	0	0	1
4.85	0.35993	0.94404	0.19188	1	0	0	0	1	0	0	0	1
4.855	0.35924	0.944	0.19176	1	0	0	0	1	0	0	0	1
4.86	0.35865	0.94397	0.19168	1	0	0	0	1	0	0	0	1
4.865	0.35807	0.94394	0.19161	1	0	0	0	1	0	0	0	1
4.87	0.35741	0.94391	0.19151	1	0	0	0	1	0	0	0	1
4.875	0.3567	0.94388	0.19138	1	0	0	0	1	0	0	0	1
4.88	0.35596	0.94386	0.19125	1	0	0	0	1	0	0	0	1
4.885	0.35528	0.94385	0.19115	1	0	0	0	1	0	0	0	1
4.89	0.35469	0.94383	0.19109	1	0	0	0	1	0	0	0	1
4.895	0.35412	0.94381	0.19105	1	0	0	0	1	0	0	0	1
4.9	0.35354	0.9438	0.19101	1	0	0	0	1	0	0	0	1
4.905	0.35293	0.94379	0.19097	1	0	0	0	1	0	0	0	1
4.91	0.35232	0.94377	0.19094	1	0	0	0	1	0	0	0	1
4.915	0.35169	0.94374	0.1909	1	0	0	0	1	0	0	0	1
4.92	0.35107	0.94372	0.19088	1	0	0	0	1	0	0	0	1
4.925	0.35046	0.94369	0.19087	1	0	0	0	1	0	0	0	1
4.93	0.34987	0.94366	0.19087	1	0	0	0	1	0	0	0	1
4.935	0.34931	0.94363	0.19088	1	0	0	0	1	0	0	0	1
4.94	0.34877	0.94361	0.19091	1	0	0	0	1	0	0	0	1
4.945	0.34824	0.94359	0.19096	1	0	0	0	1	0	0	0	1
4.95	0.34772	0.94358	0.19101	1	0	0	0	1	0	0	0	1
4.955	0.3472	0.94357	0.19106	1	0	0	0	1	0	0	0	1
4.96	0.34668	0.94357	0.19113	1	0	0	0	1	0	0	0	1
4.965	0.34616	0.94358	0.1912	1	0	0	0	1	0	0	0	1
4.97	0.34563	0.94359	0.19129	1	0	0	0	1	0	0	0	1
4.975	0.34511	0.9436	0.19137	1	0	0	0	1	0	0	0	1
4.98	0.34458	0.9436	0.19145	1	0	0	0	1	0	0	0	1
4.985	0.34404	0.94361	0.19154	1	0	0	0	1	0	0	0	1
4.99	0.3435	0.94361	0.19162	1	0	0	0	1	0	0	0	1
4.995	0.34297	0.9436	0.19171	1	0	0	0	1	0	0	0	1
