0.005	-0.43947	1.4669	0.18695	1	0	0	0	1	0	0	0	1
0.01	-0.43958	1.4669	0.18699	1	0	0	0	1	0	0	0	1
0.015	-0.43969	1.4669	0.18704	1	0	0	0	1	0	0	0	1
0.02	-0.43982	1.4669	0.18707	1	0	0	0	1	0	0	0	1
0.025	-0.43992	1.4669	0.18711	1	0	0	0	1	0	0	0	1
0.03	-0.44004	1.4669	0.18714	1	0	0	0	1	0	0	0	1
0.035	-0.44017	1.4669	0.18718	1	0	0	0	1	0	0	0	1
0.04	-0.4403	1.4669	0.18722	1	0	0	0	1	0	0	0	1
0.045	-0.44044	1.4669	0.18726	1	0	0	0	1	0	0	0	1
0.05	-0.44058	1.4669	0.18729	1	0	0	0	1	0	0	0	1
0.055	-0.44073	1.4669	0.18733	1	0	0	0	1	0	0	0	1
0.06	-0.44087	1.4669	0.18736	1	0	0	0	1	0	0	0	1
0.065	-0.44102	1.4669	0.18739	1	0	0	0	1	0	0	0	1
0.07	-0.44117	1.4669	0.18743	1	0	0	0	1	0	0	0	1
0.075	-0.44133	1.4669	0.18747	1	0	0	0	1	0	0	0	1
0.08	-0.44149	1.4669	0.1875	1	0	0	0	1	0	0	0	1
0.085	-0.44165	1.4669	0.18753	1	0	0	0	1	0	0	0	1
0.09	-0.44182	1.467	0.18757	1	0	0	0	1	0	0	0	1
0.095	-0.44199	1.467	0.18761	1	0	0	0	1	0	0	0	1
0.1	-0.44213	1.467	0.18764	1	0	0	0	1	0	0	0	1
0.105	-0.44228	1.467	0.18768	1	0	0	0	1	0	0	0	1
0.11	-0.44243	1.467	0.1877	1	0	0	0	1	0	0	0	1
0.115	-0.44257	1.467	0.18773	1	0	0	0	1	0	0	0	1
0.12	-0.44273	1.4671	0.18776	1	0	0	0	1	0	0	0	1
0.125	-0.44287	1.4671	0.18778	1	0	0	0	1	0	0	0	1
0.13	-0.443	1.4671	0.18781	1	0	0	0	1	0	0	0	1
0.135	-0.44313	1.4671	0.18782	1	0	0	0	1	0	0	0	1
0.14	-0.44326	1.4672	0.18783	1	0	0	0	1	0	0	0	1
0.145	-0.4434	1.4672	0.18785	1	0	0	0	1	0	0	0	1
0.15	-0.44357	1.4672	0.18788	1	0	0	0	1	0	0	0	1
0.155	-0.44371	1.4673	0.1879	1	0	0	0	1	0	0	0	1
0.16	-0.44386	1.4673	0.18791	1	0	0	0	1	0	0	0	1
0.165	-0.444	1.4673	0.18793	1	0	0	0	1	0	0	0	1
0.17	-0.44414	1.4674	0.18795	1	0	0	0	1	0	0	0	1
0.175	-0.4443	1.4674	0.18798	1	0	0	0	1	0	0	0	1
0.18	-0.44446	1.4674	0.188	1	0	0	0	1	0	0	0	1
0.185	-0.4446	1.4674	0.18803	1	0	0	0	1	0	0	0	1
0.19	-0.44474	1.4675	0.18805	1	0	0	0	1	0	0	0	1
0.195	-0.44487	1.4675	0.18807	1	0	0	0	1	0	0	0	1
0.2	-0.44501	1.4675	0.18809	1	0	0	0	1	0	0	0	1
0.205	-0.44514	1.4675	0.18812	1	0	0	0	1	0	0	0	1
0.21	-0.44528	1.4675	0.18814	1	0	0	0	1	0	0	0	1
0.215	-0.44539	1.4676	0.18816	1	0	0	0	1	0	0	0	1
0.22	-0.44551	1.4676	0.18817	1	0	0	0	1	0	0	0	1
0.225	-0.44561	1.4676	0.18818	1	0	0	0	1	0	0	0	1
0.23	-0.44572	1.4676	0.18821	1	0	0	0	1	0	0	0	1
0.235	-0.44585	1.4676	0.18823	1	0	0	0	1	0	0	0	1
0.24	-0.44596	1.4676	0.18825	1	0	0	0	1	0	0	0	1
0.245	-0.44608	1.4676	0.18827	1	0	0	0	1	0	0	0	1
0.25	-0.4462	1.4676	0.1883	1	0	0	0	1	0	0	0	1
0.255	-0.44633	1.4676	0.18832	1	0	0	0	1	0	0	0	1
0.26	-0.44645	1.4676	0.18835	1	0	0	0	1	0	0	0	1
0.265	-0.44657	1.4675	0.18837	1	0	0	0	1	0	0	0	1
0.27	-0.44668	1.4675	0.18839	1	0	0	0	1	0	0	0	1
0.275	-0.44681	1.4675	0.18842	1	0	0	0	1	0	0	0	1
0.28	-0.44693	1.4675	0.18845	1	0	0	0	1	0	0	0	1
0.285	-0.44704	1.4674	0.18847	1	0	0	0	1	0	0	0	1
0.29	-0.44713	1.4674	0.18848	1	0	0	0	1	0	0	0	1
0.295	-0.44724	1.4673	0.1885	1	0	0	0	1	0	0	0	1
0.3	-0.44736	1.4673	0.18853	1	0	0	0	1	0	0	0	1
0.305	-0.44748	1.4672	0.18855	1	0	0	0	1	0	0	0	1
0.31	-0.44759	1.4671	0.18857	1	0	0	0	1	0	0	0	1
0.315	-0.44769	1.4671	0.18859	1	0	0	0	1	0	0	0	1
0.32	-0.44777	1.467	0.1886	1	0	0	0	1	0	0	0	1
0.325	-0.44789	1.467	0.18863	1	0	0	0	1	0	0	0	1
0.33	-0.44801	1.4669	0.18867	1	0	0	0	1	0	0	0	1
0.335	-0.44812	1.4669	0.1887	1	0	0	0	1	0	0	0	1
0.34	-0.4482	1.4668	0.18871	1	0	0	0	1	0	0	0	1
0.345	-0.44831	1.4667	0.18874	1	0	0	0	1	0	0	0	1
0.35	-0.4484	1.4667	0.18877	1	0	0	0	1	0	0	0	1
0.355	-0.44851	1.4666	0.18881	1	0	0	0	1	0	0	0	1
0.36	-0.44863	1.4666	0.18884	1	0	0	0	1	0	0	0	1
0.365	-0.44873	1.4665	0.18888	1	0	0	0	1	0	0	0	1
0.37	-0.44884	1.4664	0.18892	1	0	0	0	1	0	0	0	1
0.375	-0.44892	1.4664	0.18893	1	0	0	0	1	0	0	0	1
0.38	-0.44902	1.4663	0.18897	1	0	0	0	1	0	0	0	1
0.385	-0.44912	1.4663	0.189	1	0	0	0	1	0	0	0	1
0.39	-0.44921	1.4662	0.18903	1	0	0	0	1	0	0	0	1
0.395	-0.44929	1.4661	0.18905	1	0	0	0	1	0	0	0	1
0.4	-0.4494	1.4661	0.18908	1	0	0	0	1	0	0	0	1
0.405	-0.4495	1.466	0.1891	1	0	0	0	1	0	0	0	1
0.41	-0.44959	1.466	0.18912	1	0	0	0	1	0	0	0	1
0.415	-0.44969	1.4659	0.18915	1	0	0	0	1	0	0	0	1
0.42	-0.44977	1.4659	0.18917	1	0	0	0	1	0	0	0	1
0.425	-0.44985	1.4658	0.18919	1	0	0	0	1	0	0	0	1
0.43	-0.44995	1.4658	0.18921	1	0	0	0	1	0	0	0	1
0.435	-0.45004	1.4657	0.18923	1	0	0	0	1	0	0	0	1
0.44	-0.45012	1.4657	0.18924	1	0	0	0	1	0	0	0	1
0.445	-0.4502	1.4657	0.18926	1	0	0	0	1	0	0	0	1
0.45	-0.4503	1.4656	0.18928	1	0	0	0	1	0	0	0	1
0.455	-0.45038	1.4656	0.1893	1	0	0	0	1	0	0	0	1
0.46	-0.45045	1.4656	0.18931	1	0	0	0	1	0	0	0	1
0.465	-0.45055	1.4656	0.18933	1	0	0	0	1	0	0	0	1
0.47	-0.45062	1.4656	0.18934	1	0	0	0	1	0	0	0	1
0.475	-0.45069	1.4656	0.18935	1	0	0	0	1	0	0	0	1
0.48	-0.45077	1.4656	0.18936	1	0	0	0	1	0	0	0	1
0.485	-0.45084	1.4656	0.18938	1	0	0	0	1	0	0	0	1
0.49	-0.45091	1.4656	0.1894	1	0	0	0	1	0	0	0	1
0.495	-0.45098	1.4656	0.18942	1	0	0	0	1	0	0	0	1
0.5	-0.45101	1.4656	0.18943	1	0	0	0	1	0	0	0	1
0.505	-0.45105	1.4656	0.18942	1	0	0	0	1	0	0	0	1
0.51	-0.4511	1.4656	0.18944	1	0	0	0	1	0	0	0	1
0.515	-0.45115	1.4656	0.18945	1	0	0	0	1	0	0	0	1
0.52	-0.4512	1.4656	0.18947	1	0	0	0	1	0	0	0	1
0.525	-0.45124	1.4657	0.18947	1	0	0	0	1	0	0	0	1
0.53	-0.45127	1.4657	0.18947	1	0	0	0	1	0	0	0	1
0.535	-0.45129	1.4657	0.18948	1	0	0	0	1	0	0	0	1
0.54	-0.45133	1.4657	0.18949	1	0	0	0	1	0	0	0	1
0.545	-0.45137	1.4657	0.1895	1	0	0	0	1	0	0	0	1
0.55	-0.45138	1.4658	0.18951	1	0	0	0	1	0	0	0	1
0.555	-0.45139	1.4658	0.18951	1	0	0	0	1	0	0	0	1
0.56	-0.4514	1.4658	0.18953	1	0	0	0	1	0	0	0	1
0.565	-0.45141	1.4658	0.18955	1	0	0	0	1	0	0	0	1
0.57	-0.4514	1.4659	0.18957	1	0	0	0	1	0	0	0	1
0.575	-0.45139	1.4659	0.18958	1	0	0	0	1	0	0	0	1
0.58	-0.45137	1.4659	0.1896	1	0	0	0	1	0	0	0	1
0.585	-0.45134	1.4659	0.18961	1	0	0	0	1	0	0	0	1
0.59	-0.45131	1.4659	0.18963	1	0	0	0	1	0	0	0	1
0.595	-0.45127	1.4659	0.18965	1	0	0	0	1	0	0	0	1
0.6	-0.4512	1.4659	0.18966	1	0	0	0	1	0	0	0	1
0.605	-0.45112	1.4659	0.18968	1	0	0	0	1	0	0	0	1
0.61	-0.45102	1.4659	0.18969	1	0	0	0	1	0	0	0	1
0.615	-0.45088	1.4659	0.1897	1	0	0	0	1	0	0	0	1
0.62	-0.45075	1.4658	0.18972	1	0	0	0	1	0	0	0	1
0.625	-0.45062	1.4658	0.18974	1	0	0	0	1	0	0	0	1
0.63	-0.45048	1.4658	0.18976	1	0	0	0	1	0	0	0	1
0.635	-0.45029	1.4658	0.18977	1	0	0	0	1	0	0	0	1
0.64	-0.45012	1.4657	0.18979	1	0	0	0	1	0	0	0	1
0.645	-0.44998	1.4657	0.18983	1	0	0	0	1	0	0	0	1
0.65	-0.4498	1.4656	0.18984	1	0	0	0	1	0	0	0	1
0.655	-0.44962	1.4656	0.18986	1	0	0	0	1	0	0	0	1
0.66	-0.44941	1.4655	0.18987	1	0	0	0	1	0	0	0	1
0.665	-0.4492	1.4655	0.18989	1	0	0	0	1	0	0	0	1
0.67	-0.44895	1.4654	0.1899	1	0	0	0	1	0	0	0	1
0.675	-0.44871	1.4653	0.18991	1	0	0	0	1	0	0	0	1
0.68	-0.44849	1.4652	0.18993	1	0	0	0	1	0	0	0	1
0.685	-0.44828	1.4652	0.18995	1	0	0	0	1	0	0	0	1
0.69	-0.44806	1.4651	0.18996	1	0	0	0	1	0	0	0	1
0.695	-0.44785	1.465	0.18998	1	0	0	0	1	0	0	0	1
0.7	-0.44762	1.4649	0.18998	1	0	0	0	1	0	0	0	1
0.705	-0.4474	1.4648	0.19	1	0	0	0	1	0	0	0	1
0.71	-0.44713	1.4647	0.18999	1	0	0	0	1	0	0	0	1
0.715	-0.44685	1.4646	0.19	1	0	0	0	1	0	0	0	1
0.72	-0.44658	1.4645	0.19	1	0	0	0	1	0	0	0	1
0.725	-0.44627	1.4644	0.18999	1	0	0	0	1	0	0	0	1
0.73	-0.44599	1.4643	0.18996	1	0	0	0	1	0	0	0	1
0.735	-0.44574	1.4642	0.18995	1	0	0	0	1	0	0	0	1
0.74	-0.44549	1.4641	0.18994	1	0	0	0	1	0	0	0	1
0.745	-0.44522	1.464	0.18993	1	0	0	0	1	0	0	0	1
0.75	-0.44492	1.4639	0.18991	1	0	0	0	1	0	0	0	1
0.755	-0.44458	1.4638	0.18989	1	0	0	0	1	0	0	0	1
0.76	-0.44424	1.4637	0.18987	1	0	0	0	1	0	0	0	1
0.765	-0.44391	1.4636	0.18985	1	0	0	0	1	0	0	0	1
0.77	-0.44361	1.4634	0.18983	1	0	0	0	1	0	0	0	1
0.775	-0.44333	1.4633	0.18981	1	0	0	0	1	0	0	0	1
0.78	-0.44307	1.4632	0.1898	1	0	0	0	1	0	0	0	1
0.785	-0.44279	1.4631	0.18978	1	0	0	0	1	0	0	0	1
0.79	-0.44249	1.463	0.18976	1	0	0	0	1	0	0	0	1
0.795	-0.44217	1.4629	0.18974	1	0	0	0	1	0	0	0	1
0.8	-0.44183	1.4628	0.18972	1	0	0	0	1	0	0	0	1
0.805	-0.44152	1.4626	0.1897	1	0	0	0	1	0	0	0	1
0.81	-0.44121	1.4625	0.18968	1	0	0	0	1	0	0	0	1
0.815	-0.44092	1.4624	0.18966	1	0	0	0	1	0	0	0	1
0.82	-0.44063	1.4623	0.18963	1	0	0	0	1	0	0	0	1
0.825	-0.4403	1.4622	0.18961	1	0	0	0	1	0	0	0	1
0.83	-0.43996	1.462	0.18958	1	0	0	0	1	0	0	0	1
0.835	-0.43962	1.4618	0.18955	1	0	0	0	1	0	0	0	1
0.84	-0.43927	1.4617	0.18951	1	0	0	0	1	0	0	0	1
0.845	-0.43894	1.4615	0.18946	1	0	0	0	1	0	0	0	1
0.85	-0.43866	1.4614	0.18944	1	0	0	0	1	0	0	0	1
0.855	-0.43838	1.4612	0.18939	1	0	0	0	1	0	0	0	1
0.86	-0.43812	1.461	0.18935	1	0	0	0	1	0	0	0	1
0.865	-0.43784	1.4609	0.18931	1	0	0	0	1	0	0	0	1
0.87	-0.43752	1.4607	0.18927	1	0	0	0	1	0	0	0	1
0.875	-0.43719	1.4605	0.18922	1	0	0	0	1	0	0	0	1
0.88	-0.43687	1.4603	0.18918	1	0	0	0	1	0	0	0	1
0.885	-0.43655	1.4601	0.18913	1	0	0	0	1	0	0	0	1
0.89	-0.43625	1.4599	0.18908	1	0	0	0	1	0	0	0	1
0.895	-0.43598	1.4597	0.18904	1	0	0	0	1	0	0	0	1
0.9	-0.43572	1.4596	0.18899	1	0	0	0	1	0	0	0	1
0.905	-0.43547	1.4593	0.18895	1	0	0	0	1	0	0	0	1
0.91	-0.43522	1.4591	0.18891	1	0	0	0	1	0	0	0	1
0.915	-0.43495	1.4589	0.18886	1	0	0	0	1	0	0	0	1
0.92	-0.43469	1.4587	0.18883	1	0	0	0	1	0	0	0	1
0.925	-0.43438	1.4585	0.18877	1	0	0	0	1	0	0	0	1
0.93	-0.43409	1.4583	0.18872	1	0	0	0	1	0	0	0	1
0.935	-0.43384	1.458	0.18869	1	0	0	0	1	0	0	0	1
0.94	-0.43359	1.4578	0.18866	1	0	0	0	1	0	0	0	1
0.945	-0.43333	1.4576	0.18863	1	0	0	0	1	0	0	0	1
0.95	-0.43308	1.4574	0.1886	1	0	0	0	1	0	0	0	1
0.955	-0.43285	1.4572	0.18858	1	0	0	0	1	0	0	0	1
0.96	-0.43261	1.4569	0.18856	1	0	0	0	1	0	0	0	1
0.965	-0.43232	1.4567	0.18853	1	0	0	0	1	0	0	0	1
0.97	-0.43201	1.4564	0.18851	1	0	0	0	1	0	0	0	1
0.975	-0.43168	1.4561	0.18848	1	0	0	0	1	0	0	0	1
0.98	-0.43136	1.4558	0.18846	1	0	0	0	1	0	0	0	1
0.985	-0.43108	1.4556	0.18845	1	0	0	0	1	0	0	0	1
0.99	-0.43078	1.4552	0.18843	1	0	0	0	1	0	0	0	1
0.995	-0.43048	1.4549	0.1884	1	0	0	0	1	0	0	0	1
1	-0.43022	1.4546	0.1884	1	0	0	0	1	0	0	0	1
1.005	-0.42989	1.4543	0.18839	1	0	0	0	1	0	0	0	1
1.01	-0.42949	1.454	0.18838	1	0	0	0	1	0	0	0	1
1.015	-0.42909	1.4536	0.18839	1	0	0	0	1	0	0	0	1
1.02	-0.42867	1.4533	0.18838	1	0	0	0	1	0	0	0	1
1.025	-0.42828	1.4529	0.18838	1	0	0	0	1	0	0	0	1
1.03	-0.42789	1.4526	0.18839	1	0	0	0	1	0	0	0	1
1.035	-0.42746	1.4522	0.18839	1	0	0	0	1	0	0	0	1
1.04	-0.42699	1.4518	0.18839	1	0	0	0	1	0	0	0	1
1.045	-0.4265	1.4514	0.18839	1	0	0	0	1	0	0	0	1
1.05	-0.42603	1.4509	0.18839	1	0	0	0	1	0	0	0	1
1.055	-0.42556	1.4505	0.1884	1	0	0	0	1	0	0	0	1
1.06	-0.42502	1.45	0.1884	1	0	0	0	1	0	0	0	1
1.065	-0.42446	1.4496	0.1884	1	0	0	0	1	0	0	0	1
1.07	-0.42392	1.449	0.18841	1	0	0	0	1	0	0	0	1
1.075	-0.42333	1.4485	0.18843	1	0	0	0	1	0	0	0	1
1.08	-0.42266	1.4479	0.18847	1	0	0	0	1	0	0	0	1
1.085	-0.42206	1.4474	0.18851	1	0	0	0	1	0	0	0	1
1.09	-0.42145	1.4468	0.18855	1	0	0	0	1	0	0	0	1
1.095	-0.42074	1.4462	0.1886	1	0	0	0	1	0	0	0	1
1.1	-0.42004	1.4455	0.18865	1	0	0	0	1	0	0	0	1
1.105	-0.41935	1.4449	0.18869	1	0	0	0	1	0	0	0	1
1.11	-0.41854	1.4443	0.18871	1	0	0	0	1	0	0	0	1
1.115	-0.41773	1.4436	0.18874	1	0	0	0	1	0	0	0	1
1.12	-0.41688	1.4429	0.18877	1	0	0	0	1	0	0	0	1
1.125	-0.41602	1.4422	0.18879	1	0	0	0	1	0	0	0	1
1.13	-0.4152	1.4415	0.18884	1	0	0	0	1	0	0	0	1
1.135	-0.41425	1.4408	0.1889	1	0	0	0	1	0	0	0	1
1.14	-0.41334	1.44	0.18897	1	0	0	0	1	0	0	0	1
1.145	-0.41235	1.4393	0.18905	1	0	0	0	1	0	0	0	1
1.15	-0.41144	1.4385	0.18913	1	0	0	0	1	0	0	0	1
1.155	-0.41046	1.4377	0.18919	1	0	0	0	1	0	0	0	1
1.16	-0.40945	1.4369	0.18923	1	0	0	0	1	0	0	0	1
1.165	-0.40833	1.436	0.18926	1	0	0	0	1	0	0	0	1
1.17	-0.4072	1.4352	0.18932	1	0	0	0	1	0	0	0	1
1.175	-0.40607	1.4343	0.18941	1	0	0	0	1	0	0	0	1
1.18	-0.40494	1.4334	0.18951	1	0	0	0	1	0	0	0	1
1.185	-0.4038	1.4325	0.18959	1	0	0	0	1	0	0	0	1
1.19	-0.40249	1.4315	0.18962	1	0	0	0	1	0	0	0	1
1.195	-0.40125	1.4305	0.18966	1	0	0	0	1	0	0	0	1
1.2	-0.4	1.4295	0.18969	1	0	0	0	1	0	0	0	1
1.205	-0.39863	1.4285	0.18974	1	0	0	0	1	0	0	0	1
1.21	-0.39728	1.4274	0.18981	1	0	0	0	1	0	0	0	1
1.215	-0.39587	1.4263	0.18989	1	0	0	0	1	0	0	0	1
1.22	-0.39448	1.4252	0.18996	1	0	0	0	1	0	0	0	1
1.225	-0.39313	1.424	0.19	1	0	0	0	1	0	0	0	1
1.23	-0.39164	1.4228	0.19002	1	0	0	0	1	0	0	0	1
1.235	-0.39008	1.4216	0.19003	1	0	0	0	1	0	0	0	1
1.24	-0.38856	1.4203	0.19007	1	0	0	0	1	0	0	0	1
1.245	-0.38711	1.419	0.19014	1	0	0	0	1	0	0	0	1
1.25	-0.38554	1.4176	0.19021	1	0	0	0	1	0	0	0	1
1.255	-0.3839	1.4162	0.19025	1	0	0	0	1	0	0	0	1
1.26	-0.38227	1.4148	0.19027	1	0	0	0	1	0	0	0	1
1.265	-0.38068	1.4134	0.19028	1	0	0	0	1	0	0	0	1
1.27	-0.37906	1.4119	0.19031	1	0	0	0	1	0	0	0	1
1.275	-0.37735	1.4103	0.19036	1	0	0	0	1	0	0	0	1
1.28	-0.37568	1.4088	0.19042	1	0	0	0	1	0	0	0	1
1.285	-0.37401	1.4072	0.19046	1	0	0	0	1	0	0	0	1
1.29	-0.37231	1.4055	0.19047	1	0	0	0	1	0	0	0	1
1.295	-0.37058	1.4039	0.19045	1	0	0	0	1	0	0	0	1
1.3	-0.3688	1.4021	0.19044	1	0	0	0	1	0	0	0	1
1.305	-0.36708	1.4004	0.19045	1	0	0	0	1	0	0	0	1
1.31	-0.36541	1.3987	0.19049	1	0	0	0	1	0	0	0	1
1.315	-0.36369	1.3968	0.19052	1	0	0	0	1	0	0	0	1
1.32	-0.36201	1.395	0.19053	1	0	0	0	1	0	0	0	1
1.325	-0.36027	1.3932	0.19052	1	0	0	0	1	0	0	0	1
1.33	-0.35849	1.3913	0.19047	1	0	0	0	1	0	0	0	1
1.335	-0.35675	1.3895	0.19045	1	0	0	0	1	0	0	0	1
1.34	-0.35507	1.3876	0.19045	1	0	0	0	1	0	0	0	1
1.345	-0.35343	1.3857	0.19047	1	0	0	0	1	0	0	0	1
1.35	-0.35173	1.3839	0.19048	1	0	0	0	1	0	0	0	1
1.355	-0.35008	1.3819	0.19048	1	0	0	0	1	0	0	0	1
1.36	-0.3484	1.3801	0.19045	1	0	0	0	1	0	0	0	1
1.365	-0.3468	1.3782	0.19039	1	0	0	0	1	0	0	0	1
1.37	-0.34516	1.3763	0.19033	1	0	0	0	1	0	0	0	1
1.375	-0.34345	1.3745	0.19026	1	0	0	0	1	0	0	0	1
1.38	-0.34186	1.3726	0.19022	1	0	0	0	1	0	0	0	1
1.385	-0.34032	1.3708	0.19019	1	0	0	0	1	0	0	0	1
1.39	-0.33876	1.369	0.19018	1	0	0	0	1	0	0	0	1
1.395	-0.33715	1.3672	0.19014	1	0	0	0	1	0	0	0	1
1.4	-0.33566	1.3655	0.19011	1	0	0	0	1	0	0	0	1
1.405	-0.33412	1.3638	0.19009	1	0	0	0	1	0	0	0	1
1.41	-0.33255	1.3621	0.19004	1	0	0	0	1	0	0	0	1
1.415	-0.33098	1.3603	0.18997	1	0	0	0	1	0	0	0	1
1.42	-0.32941	1.3586	0.1899	1	0	0	0	1	0	0	0	1
1.425	-0.32784	1.357	0.18983	1	0	0	0	1	0	0	0	1
1.43	-0.32635	1.3553	0.18978	1	0	0	0	1	0	0	0	1
1.435	-0.32482	1.3537	0.18974	1	0	0	0	1	0	0	0	1
1.44	-0.32342	1.3518	0.18978	1	0	0	0	1	0	0	0	1
1.445	-0.32187	1.3502	0.18975	1	0	0	0	1	0	0	0	1
1.45	-0.32037	1.3486	0.1897	1	0	0	0	1	0	0	0	1
1.455	-0.31882	1.3471	0.18965	1	0	0	0	1	0	0	0	1
1.46	-0.31726	1.3456	0.18957	1	0	0	0	1	0	0	0	1
1.465	-0.31574	1.344	0.18949	1	0	0	0	1	0	0	0	1
1.47	-0.31418	1.3424	0.1894	1	0	0	0	1	0	0	0	1
1.475	-0.31257	1.3409	0.1893	1	0	0	0	1	0	0	0	1
1.48	-0.31103	1.3394	0.18919	1	0	0	0	1	0	0	0	1
1.485	-0.30948	1.338	0.1891	1	0	0	0	1	0	0	0	1
1.49	-0.30789	1.3365	0.18902	1	0	0	0	1	0	0	0	1
1.495	-0.30631	1.335	0.18892	1	0	0	0	1	0	0	0	1
1.5	-0.30474	1.3336	0.18881	1	0	0	0	1	0	0	0	1
1.505	-0.30304	1.3321	0.18868	1	0	0	0	1	0	0	0	1
1.51	-0.30138	1.3306	0.18855	1	0	0	0	1	0	0	0	1
1.515	-0.29974	1.3292	0.18845	1	0	0	0	1	0	0	0	1
1.52	-0.29808	1.3278	0.18836	1	0	0	0	1	0	0	0	1
1.525	-0.29639	1.3263	0.18825	1	0	0	0	1	0	0	0	1
1.53	-0.29464	1.3249	0.18812	1	0	0	0	1	0	0	0	1
1.535	-0.29299	1.3236	0.18801	1	0	0	0	1	0	0	0	1
1.54	-0.29131	1.3222	0.18789	1	0	0	0	1	0	0	0	1
1.545	-0.2895	1.3208	0.18774	1	0	0	0	1	0	0	0	1
1.55	-0.28768	1.3193	0.1876	1	0	0	0	1	0	0	0	1
1.555	-0.28593	1.318	0.18745	1	0	0	0	1	0	0	0	1
1.56	-0.28416	1.3166	0.1873	1	0	0	0	1	0	0	0	1
1.565	-0.28234	1.3152	0.18715	1	0	0	0	1	0	0	0	1
1.57	-0.28044	1.3139	0.18699	1	0	0	0	1	0	0	0	1
1.575	-0.2786	1.3126	0.18684	1	0	0	0	1	0	0	0	1
1.58	-0.27683	1.3113	0.1867	1	0	0	0	1	0	0	0	1
1.585	-0.275	1.31	0.18655	1	0	0	0	1	0	0	0	1
1.59	-0.27312	1.3086	0.1864	1	0	0	0	1	0	0	0	1
1.595	-0.27121	1.3074	0.18626	1	0	0	0	1	0	0	0	1
1.6	-0.2693	1.3061	0.18615	1	0	0	0	1	0	0	0	1
1.605	-0.26743	1.3049	0.18605	1	0	0	0	1	0	0	0	1
1.61	-0.2656	1.3036	0.18597	1	0	0	0	1	0	0	0	1
1.615	-0.26368	1.3024	0.18586	1	0	0	0	1	0	0	0	1
1.62	-0.2617	1.3012	0.18573	1	0	0	0	1	0	0	0	1
1.625	-0.25974	1.3	0.18561	1	0	0	0	1	0	0	0	1
1.63	-0.25783	1.2988	0.18551	1	0	0	0	1	0	0	0	1
1.635	-0.25585	1.2976	0.18541	1	0	0	0	1	0	0	0	1
1.64	-0.25385	1.2964	0.18529	1	0	0	0	1	0	0	0	1
1.645	-0.25185	1.2952	0.18521	1	0	0	0	1	0	0	0	1
1.65	-0.24979	1.294	0.18514	1	0	0	0	1	0	0	0	1
1.655	-0.24773	1.2928	0.18506	1	0	0	0	1	0	0	0	1
1.66	-0.24572	1.2916	0.18499	1	0	0	0	1	0	0	0	1
1.665	-0.24369	1.2904	0.18493	1	0	0	0	1	0	0	0	1
1.67	-0.24162	1.2892	0.18484	1	0	0	0	1	0	0	0	1
1.675	-0.23954	1.2879	0.18473	1	0	0	0	1	0	0	0	1
1.68	-0.23747	1.2867	0.18464	1	0	0	0	1	0	0	0	1
1.685	-0.23543	1.2854	0.18455	1	0	0	0	1	0	0	0	1
1.69	-0.23334	1.2841	0.18444	1	0	0	0	1	0	0	0	1
1.695	-0.23122	1.2828	0.18439	1	0	0	0	1	0	0	0	1
1.7	-0.22918	1.2815	0.18437	1	0	0	0	1	0	0	0	1
1.705	-0.22715	1.2802	0.1843	1	0	0	0	1	0	0	0	1
1.71	-0.22503	1.2789	0.18421	1	0	0	0	1	0	0	0	1
1.715	-0.22293	1.2776	0.18414	1	0	0	0	1	0	0	0	1
1.72	-0.22083	1.2763	0.18406	1	0	0	0	1	0	0	0	1
1.725	-0.21878	1.275	0.18398	1	0	0	0	1	0	0	0	1
1.73	-0.21677	1.2737	0.18395	1	0	0	0	1	0	0	0	1
1.735	-0.21475	1.2723	0.18394	1	0	0	0	1	0	0	0	1
1.74	-0.21271	1.271	0.18389	1	0	0	0	1	0	0	0	1
1.745	-0.21072	1.2696	0.18383	1	0	0	0	1	0	0	0	1
1.75	-0.20877	1.2682	0.18377	1	0	0	0	1	0	0	0	1
1.755	-0.20677	1.2669	0.18368	1	0	0	0	1	0	0	0	1
1.76	-0.20487	1.2655	0.18359	1	0	0	0	1	0	0	0	1
1.765	-0.20301	1.2641	0.18355	1	0	0	0	1	0	0	0	1
1.77	-0.20117	1.2628	0.18348	1	0	0	0	1	0	0	0	1
1.775	-0.19937	1.2614	0.18343	1	0	0	0	1	0	0	0	1
1.78	-0.19753	1.26	0.18339	1	0	0	0	1	0	0	0	1
1.785	-0.19575	1.2587	0.18328	1	0	0	0	1	0	0	0	1
1.79	-0.19407	1.2574	0.18316	1	0	0	0	1	0	0	0	1
1.795	-0.1924	1.2562	0.18302	1	0	0	0	1	0	0	0	1
1.8	-0.19067	1.255	0.1829	1	0	0	0	1	0	0	0	1
1.805	-0.18907	1.2538	0.18281	1	0	0	0	1	0	0	0	1
1.81	-0.18749	1.2528	0.18271	1	0	0	0	1	0	0	0	1
1.815	-0.18588	1.2517	0.18261	1	0	0	0	1	0	0	0	1
1.82	-0.18428	1.2507	0.18252	1	0	0	0	1	0	0	0	1
1.825	-0.18264	1.2497	0.18244	1	0	0	0	1	0	0	0	1
1.83	-0.18108	1.2486	0.18237	1	0	0	0	1	0	0	0	1
1.835	-0.17952	1.2476	0.1823	1	0	0	0	1	0	0	0	1
1.84	-0.17807	1.2466	0.18223	1	0	0	0	1	0	0	0	1
1.845	-0.17657	1.2455	0.18217	1	0	0	0	1	0	0	0	1
1.85	-0.17515	1.2445	0.18211	1	0	0	0	1	0	0	0	1
1.855	-0.17374	1.2434	0.18204	1	0	0	0	1	0	0	0	1
1.86	-0.17229	1.2424	0.18196	1	0	0	0	1	0	0	0	1
1.865	-0.1709	1.2414	0.18182	1	0	0	0	1	0	0	0	1
1.87	-0.16954	1.2405	0.18168	1	0	0	0	1	0	0	0	1
1.875	-0.16825	1.2398	0.18154	1	0	0	0	1	0	0	0	1
1.88	-0.167	1.2391	0.18143	1	0	0	0	1	0	0	0	1
1.885	-0.16573	1.2386	0.18135	1	0	0	0	1	0	0	0	1
1.89	-0.16453	1.2382	0.18129	1	0	0	0	1	0	0	0	1
1.895	-0.16331	1.238	0.18124	1	0	0	0	1	0	0	0	1
1.9	-0.16206	1.2379	0.18127	1	0	0	0	1	0	0	0	1
1.905	-0.16083	1.238	0.18132	1	0	0	0	1	0	0	0	1
1.91	-0.15959	1.2383	0.18141	1	0	0	0	1	0	0	0	1
1.915	-0.15822	1.2388	0.18148	1	0	0	0	1	0	0	0	1
1.92	-0.15687	1.2395	0.18152	1	0	0	0	1	0	0	0	1
1.925	-0.15559	1.2404	0.18155	1	0	0	0	1	0	0	0	1
1.93	-0.15422	1.2415	0.18155	1	0	0	0	1	0	0	0	1
1.935	-0.15279	1.243	0.18154	1	0	0	0	1	0	0	0	1
1.94	-0.15144	1.2448	0.18149	1	0	0	0	1	0	0	0	1
1.945	-0.15012	1.2469	0.18139	1	0	0	0	1	0	0	0	1
1.95	-0.14875	1.2494	0.18125	1	0	0	0	1	0	0	0	1
1.955	-0.14743	1.2523	0.18108	1	0	0	0	1	0	0	0	1
1.96	-0.14617	1.2556	0.18086	1	0	0	0	1	0	0	0	1
1.965	-0.14494	1.2594	0.18064	1	0	0	0	1	0	0	0	1
1.97	-0.14384	1.2637	0.18046	1	0	0	0	1	0	0	0	1
1.975	-0.14272	1.2684	0.18031	1	0	0	0	1	0	0	0	1
1.98	-0.14171	1.2736	0.18019	1	0	0	0	1	0	0	0	1
1.985	-0.14076	1.2793	0.18015	1	0	0	0	1	0	0	0	1
1.99	-0.13984	1.2855	0.18016	1	0	0	0	1	0	0	0	1
1.995	-0.13901	1.2921	0.18023	1	0	0	0	1	0	0	0	1
2	-0.13824	1.2991	0.18037	1	0	0	0	1	0	0	0	1
2.005	-0.13757	1.3065	0.18059	1	0	0	0	1	0	0	0	1
2.01	-0.13697	1.3142	0.18089	1	0	0	0	1	0	0	0	1
2.015	-0.13644	1.3223	0.1812	1	0	0	0	1	0	0	0	1
2.02	-0.13599	1.3307	0.18154	1	0	0	0	1	0	0	0	1
2.025	-0.13546	1.3394	0.18189	1	0	0	0	1	0	0	0	1
2.03	-0.13484	1.3486	0.18213	1	0	0	0	1	0	0	0	1
2.035	-0.13441	1.3578	0.18241	1	0	0	0	1	0	0	0	1
2.04	-0.13398	1.3672	0.18268	1	0	0	0	1	0	0	0	1
2.045	-0.13351	1.3768	0.18289	1	0	0	0	1	0	0	0	1
2.05	-0.13291	1.3866	0.18306	1	0	0	0	1	0	0	0	1
2.055	-0.13238	1.3965	0.18329	1	0	0	0	1	0	0	0	1
2.06	-0.13177	1.4066	0.18353	1	0	0	0	1	0	0	0	1
2.065	-0.13098	1.4168	0.18373	1	0	0	0	1	0	0	0	1
2.07	-0.13015	1.427	0.18396	1	0	0	0	1	0	0	0	1
2.075	-0.12933	1.4372	0.18425	1	0	0	0	1	0	0	0	1
2.08	-0.12828	1.4473	0.1845	1	0	0	0	1	0	0	0	1
2.085	-0.12708	1.4574	0.18474	1	0	0	0	1	0	0	0	1
2.09	-0.12567	1.4674	0.185	1	0	0	0	1	0	0	0	1
2.095	-0.12402	1.4773	0.1852	1	0	0	0	1	0	0	0	1
2.1	-0.12231	1.487	0.18539	1	0	0	0	1	0	0	0	1
2.105	-0.12033	1.4967	0.18556	1	0	0	0	1	0	0	0	1
2.11	-0.11802	1.5061	0.18566	1	0	0	0	1	0	0	0	1
2.115	-0.11547	1.5154	0.18577	1	0	0	0	1	0	0	0	1
2.12	-0.11281	1.5244	0.18588	1	0	0	0	1	0	0	0	1
2.125	-0.10987	1.5333	0.18596	1	0	0	0	1	0	0	0	1
2.13	-0.10662	1.542	0.18603	1	0	0	0	1	0	0	0	1
2.135	-0.10316	1.5503	0.18607	1	0	0	0	1	0	0	0	1
2.14	-0.09939	1.5585	0.18611	1	0	0	0	1	0	0	0	1
2.145	-0.095389	1.5663	0.18615	1	0	0	0	1	0	0	0	1
2.15	-0.091256	1.5738	0.18623	1	0	0	0	1	0	0	0	1
2.155	-0.086817	1.5811	0.1863	1	0	0	0	1	0	0	0	1
2.16	-0.082287	1.5879	0.18643	1	0	0	0	1	0	0	0	1
2.165	-0.077638	1.5945	0.18656	1	0	0	0	1	0	0	0	1
2.17	-0.072802	1.6008	0.18671	1	0	0	0	1	0	0	0	1
2.175	-0.067784	1.6068	0.18683	1	0	0	0	1	0	0	0	1
2.18	-0.062607	1.6125	0.18694	1	0	0	0	1	0	0	0	1
2.185	-0.05736	1.6178	0.18707	1	0	0	0	1	0	0	0	1
2.19	-0.052037	1.6229	0.18719	1	0	0	0	1	0	0	0	1
2.195	-0.046639	1.6276	0.1873	1	0	0	0	1	0	0	0	1
2.2	-0.041099	1.6321	0.1874	1	0	0	0	1	0	0	0	1
2.205	-0.035443	1.6362	0.18748	1	0	0	0	1	0	0	0	1
2.21	-0.02975	1.6401	0.18756	1	0	0	0	1	0	0	0	1
2.215	-0.024152	1.6437	0.18771	1	0	0	0	1	0	0	0	1
2.22	-0.018435	1.647	0.18786	1	0	0	0	1	0	0	0	1
2.225	-0.012655	1.6501	0.18802	1	0	0	0	1	0	0	0	1
2.23	-0.0070447	1.653	0.18826	1	0	0	0	1	0	0	0	1
2.235	-0.0013836	1.6556	0.18853	1	0	0	0	1	0	0	0	1
2.24	0.0043496	1.6581	0.18878	1	0	0	0	1	0	0	0	1
2.245	0.0099966	1.6603	0.18905	1	0	0	0	1	0	0	0	1
2.25	0.015677	1.6623	0.18934	1	0	0	0	1	0	0	0	1
2.255	0.021337	1.6641	0.18965	1	0	0	0	1	0	0	0	1
2.26	0.026937	1.6658	0.18994	1	0	0	0	1	0	0	0	1
2.265	0.032668	1.6672	0.1902	1	0	0	0	1	0	0	0	1
2.27	0.038296	1.6683	0.19045	1	0	0	0	1	0	0	0	1
2.275	0.043887	1.6692	0.19068	1	0	0	0	1	0	0	0	1
2.28	0.049591	1.6699	0.1909	1	0	0	0	1	0	0	0	1
2.285	0.055222	1.6704	0.19109	1	0	0	0	1	0	0	0	1
2.29	0.060824	1.6706	0.19126	1	0	0	0	1	0	0	0	1
2.295	0.066434	1.6705	0.19143	1	0	0	0	1	0	0	0	1
2.3	0.072057	1.6701	0.19159	1	0	0	0	1	0	0	0	1
2.305	0.077625	1.6695	0.19173	1	0	0	0	1	0	0	0	1
2.31	0.083124	1.6686	0.19184	1	0	0	0	1	0	0	0	1
2.315	0.088677	1.6675	0.19195	1	0	0	0	1	0	0	0	1
2.32	0.094241	1.6661	0.19201	1	0	0	0	1	0	0	0	1
2.325	0.0997	1.6644	0.19206	1	0	0	0	1	0	0	0	1
2.33	0.10511	1.6624	0.19208	1	0	0	0	1	0	0	0	1
2.335	0.11047	1.6602	0.19208	1	0	0	0	1	0	0	0	1
2.34	0.11578	1.6578	0.19206	1	0	0	0	1	0	0	0	1
2.345	0.12102	1.6551	0.192	1	0	0	0	1	0	0	0	1
2.35	0.12621	1.6522	0.19195	1	0	0	0	1	0	0	0	1
2.355	0.13132	1.649	0.19189	1	0	0	0	1	0	0	0	1
2.36	0.13633	1.6455	0.19186	1	0	0	0	1	0	0	0	1
2.365	0.14133	1.6419	0.1918	1	0	0	0	1	0	0	0	1
2.37	0.14628	1.638	0.19175	1	0	0	0	1	0	0	0	1
2.375	0.1512	1.6339	0.19171	1	0	0	0	1	0	0	0	1
2.38	0.156	1.6295	0.19168	1	0	0	0	1	0	0	0	1
2.385	0.16073	1.6249	0.19168	1	0	0	0	1	0	0	0	1
2.39	0.16541	1.62	0.1917	1	0	0	0	1	0	0	0	1
2.395	0.17001	1.615	0.19174	1	0	0	0	1	0	0	0	1
2.4	0.17445	1.6096	0.19182	1	0	0	0	1	0	0	0	1
2.405	0.1789	1.6041	0.19192	1	0	0	0	1	0	0	0	1
2.41	0.1832	1.5983	0.19206	1	0	0	0	1	0	0	0	1
2.415	0.18747	1.5923	0.1922	1	0	0	0	1	0	0	0	1
2.42	0.19165	1.586	0.19236	1	0	0	0	1	0	0	0	1
2.425	0.19576	1.5795	0.19254	1	0	0	0	1	0	0	0	1
2.43	0.19978	1.5728	0.19273	1	0	0	0	1	0	0	0	1
2.435	0.2037	1.5659	0.19294	1	0	0	0	1	0	0	0	1
2.44	0.20757	1.5587	0.19316	1	0	0	0	1	0	0	0	1
2.445	0.21129	1.5513	0.19339	1	0	0	0	1	0	0	0	1
2.45	0.21495	1.5436	0.1936	1	0	0	0	1	0	0	0	1
2.455	0.21856	1.5357	0.19381	1	0	0	0	1	0	0	0	1
2.46	0.2221	1.5276	0.194	1	0	0	0	1	0	0	0	1
2.465	0.22549	1.5193	0.19421	1	0	0	0	1	0	0	0	1
2.47	0.22882	1.5106	0.19441	1	0	0	0	1	0	0	0	1
2.475	0.23204	1.5018	0.19462	1	0	0	0	1	0	0	0	1
2.48	0.23516	1.4926	0.19483	1	0	0	0	1	0	0	0	1
2.485	0.2382	1.4833	0.19504	1	0	0	0	1	0	0	0	1
2.49	0.24117	1.4737	0.19528	1	0	0	0	1	0	0	0	1
2.495	0.24404	1.464	0.19556	1	0	0	0	1	0	0	0	1
2.5	0.24676	1.4542	0.1959	1	0	0	0	1	0	0	0	1
2.505	0.24933	1.4444	0.19632	1	0	0	0	1	0	0	0	1
2.51	0.25188	1.4345	0.19675	1	0	0	0	1	0	0	0	1
2.515	0.2542	1.4248	0.19727	1	0	0	0	1	0	0	0	1
2.52	0.25635	1.4151	0.19784	1	0	0	0	1	0	0	0	1
2.525	0.2584	1.4058	0.19846	1	0	0	0	1	0	0	0	1
2.53	0.26035	1.3967	0.1992	1	0	0	0	1	0	0	0	1
2.535	0.26215	1.3879	0.20008	1	0	0	0	1	0	0	0	1
2.54	0.26388	1.3795	0.20108	1	0	0	0	1	0	0	0	1
2.545	0.2657	1.3714	0.20209	1	0	0	0	1	0	0	0	1
2.55	0.26758	1.3636	0.20302	1	0	0	0	1	0	0	0	1
2.555	0.26949	1.3563	0.20391	1	0	0	0	1	0	0	0	1
2.56	0.27154	1.3493	0.20489	1	0	0	0	1	0	0	0	1
2.565	0.27377	1.3426	0.20597	1	0	0	0	1	0	0	0	1
2.57	0.27611	1.3362	0.20712	1	0	0	0	1	0	0	0	1
2.575	0.27844	1.33	0.2084	1	0	0	0	1	0	0	0	1
2.58	0.28108	1.3244	0.20958	1	0	0	0	1	0	0	0	1
2.585	0.28373	1.3193	0.21065	1	0	0	0	1	0	0	0	1
2.59	0.2864	1.3147	0.21154	1	0	0	0	1	0	0	0	1
2.595	0.28913	1.3107	0.21225	1	0	0	0	1	0	0	0	1
2.6	0.29191	1.3071	0.21283	1	0	0	0	1	0	0	0	1
2.605	0.29473	1.3038	0.21333	1	0	0	0	1	0	0	0	1
2.61	0.29761	1.3009	0.21375	1	0	0	0	1	0	0	0	1
2.615	0.30055	1.2983	0.21413	1	0	0	0	1	0	0	0	1
2.62	0.30355	1.2959	0.21449	1	0	0	0	1	0	0	0	1
2.625	0.30658	1.2937	0.21481	1	0	0	0	1	0	0	0	1
2.63	0.30963	1.2918	0.2151	1	0	0	0	1	0	0	0	1
2.635	0.3127	1.29	0.21535	1	0	0	0	1	0	0	0	1
2.64	0.31576	1.2885	0.21559	1	0	0	0	1	0	0	0	1
2.645	0.31878	1.2873	0.21583	1	0	0	0	1	0	0	0	1
2.65	0.32171	1.2864	0.21607	1	0	0	0	1	0	0	0	1
2.655	0.32455	1.2857	0.21634	1	0	0	0	1	0	0	0	1
2.66	0.32736	1.2853	0.21663	1	0	0	0	1	0	0	0	1
2.665	0.33005	1.2852	0.21695	1	0	0	0	1	0	0	0	1
2.67	0.33263	1.2853	0.21728	1	0	0	0	1	0	0	0	1
2.675	0.33516	1.2857	0.21764	1	0	0	0	1	0	0	0	1
2.68	0.33759	1.2864	0.218	1	0	0	0	1	0	0	0	1
2.685	0.33993	1.2874	0.21837	1	0	0	0	1	0	0	0	1
2.69	0.3422	1.2885	0.21873	1	0	0	0	1	0	0	0	1
2.695	0.34438	1.2899	0.21906	1	0	0	0	1	0	0	0	1
2.7	0.34649	1.2915	0.2194	1	0	0	0	1	0	0	0	1
2.705	0.34857	1.2932	0.21972	1	0	0	0	1	0	0	0	1
2.71	0.35058	1.2951	0.22005	1	0	0	0	1	0	0	0	1
2.715	0.35252	1.2972	0.22038	1	0	0	0	1	0	0	0	1
2.72	0.35442	1.2994	0.22072	1	0	0	0	1	0	0	0	1
2.725	0.35628	1.3017	0.22106	1	0	0	0	1	0	0	0	1
2.73	0.35806	1.3042	0.22144	1	0	0	0	1	0	0	0	1
2.735	0.35982	1.3067	0.22184	1	0	0	0	1	0	0	0	1
2.74	0.36155	1.3094	0.22226	1	0	0	0	1	0	0	0	1
2.745	0.36321	1.3122	0.22271	1	0	0	0	1	0	0	0	1
2.75	0.36485	1.3151	0.22318	1	0	0	0	1	0	0	0	1
2.755	0.36646	1.3181	0.22367	1	0	0	0	1	0	0	0	1
2.76	0.36802	1.3212	0.22416	1	0	0	0	1	0	0	0	1
2.765	0.36958	1.3243	0.22465	1	0	0	0	1	0	0	0	1
2.77	0.37107	1.3275	0.22516	1	0	0	0	1	0	0	0	1
2.775	0.37251	1.3308	0.22566	1	0	0	0	1	0	0	0	1
2.78	0.37394	1.3341	0.22616	1	0	0	0	1	0	0	0	1
2.785	0.37551	1.3377	0.22657	1	0	0	0	1	0	0	0	1
2.79	0.37688	1.3412	0.22704	1	0	0	0	1	0	0	0	1
2.795	0.37819	1.3446	0.2275	1	0	0	0	1	0	0	0	1
2.8	0.37951	1.3481	0.22793	1	0	0	0	1	0	0	0	1
2.805	0.38077	1.3516	0.22837	1	0	0	0	1	0	0	0	1
2.81	0.38201	1.3551	0.22879	1	0	0	0	1	0	0	0	1
2.815	0.38326	1.3586	0.22919	1	0	0	0	1	0	0	0	1
2.82	0.38446	1.3621	0.22958	1	0	0	0	1	0	0	0	1
2.825	0.3856	1.3655	0.22996	1	0	0	0	1	0	0	0	1
2.83	0.38674	1.369	0.23034	1	0	0	0	1	0	0	0	1
2.835	0.38786	1.3724	0.23072	1	0	0	0	1	0	0	0	1
2.84	0.38896	1.3758	0.23108	1	0	0	0	1	0	0	0	1
2.845	0.39001	1.3792	0.23144	1	0	0	0	1	0	0	0	1
2.85	0.39104	1.3826	0.2318	1	0	0	0	1	0	0	0	1
2.855	0.39204	1.386	0.23217	1	0	0	0	1	0	0	0	1
2.86	0.39302	1.3892	0.23253	1	0	0	0	1	0	0	0	1
2.865	0.39397	1.3925	0.23288	1	0	0	0	1	0	0	0	1
2.87	0.39488	1.3958	0.23324	1	0	0	0	1	0	0	0	1
2.875	0.39572	1.3989	0.2336	1	0	0	0	1	0	0	0	1
2.88	0.39652	1.4021	0.23398	1	0	0	0	1	0	0	0	1
2.885	0.39729	1.4052	0.23434	1	0	0	0	1	0	0	0	1
2.89	0.39806	1.4082	0.23472	1	0	0	0	1	0	0	0	1
2.895	0.39875	1.4112	0.2351	1	0	0	0	1	0	0	0	1
2.9	0.39937	1.4142	0.2355	1	0	0	0	1	0	0	0	1
2.905	0.4	1.417	0.23588	1	0	0	0	1	0	0	0	1
2.91	0.4006	1.4198	0.23627	1	0	0	0	1	0	0	0	1
2.915	0.40112	1.4226	0.23668	1	0	0	0	1	0	0	0	1
2.92	0.40164	1.4252	0.23707	1	0	0	0	1	0	0	0	1
2.925	0.4021	1.4279	0.23747	1	0	0	0	1	0	0	0	1
2.93	0.40256	1.4304	0.23787	1	0	0	0	1	0	0	0	1
2.935	0.40296	1.4329	0.23827	1	0	0	0	1	0	0	0	1
2.94	0.40335	1.4354	0.23869	1	0	0	0	1	0	0	0	1
2.945	0.40371	1.4377	0.23909	1	0	0	0	1	0	0	0	1
2.95	0.40403	1.44	0.23952	1	0	0	0	1	0	0	0	1
2.955	0.40432	1.4422	0.23993	1	0	0	0	1	0	0	0	1
2.96	0.40461	1.4444	0.24036	1	0	0	0	1	0	0	0	1
2.965	0.40485	1.4464	0.24079	1	0	0	0	1	0	0	0	1
2.97	0.40511	1.4483	0.24122	1	0	0	0	1	0	0	0	1
2.975	0.40533	1.4502	0.24164	1	0	0	0	1	0	0	0	1
2.98	0.40555	1.4519	0.24206	1	0	0	0	1	0	0	0	1
2.985	0.40574	1.4536	0.24247	1	0	0	0	1	0	0	0	1
2.99	0.40593	1.4551	0.24288	1	0	0	0	1	0	0	0	1
2.995	0.40614	1.4565	0.24327	1	0	0	0	1	0	0	0	1
3	0.40629	1.4578	0.24368	1	0	0	0	1	0	0	0	1
3.005	0.40647	1.4591	0.24408	1	0	0	0	1	0	0	0	1
3.01	0.40663	1.4602	0.24446	1	0	0	0	1	0	0	0	1
3.015	0.40673	1.4613	0.24486	1	0	0	0	1	0	0	0	1
3.02	0.40682	1.4622	0.24527	1	0	0	0	1	0	0	0	1
3.025	0.40693	1.463	0.24566	1	0	0	0	1	0	0	0	1
3.03	0.40699	1.4638	0.24607	1	0	0	0	1	0	0	0	1
3.035	0.40707	1.4644	0.24647	1	0	0	0	1	0	0	0	1
3.04	0.40717	1.465	0.24685	1	0	0	0	1	0	0	0	1
3.045	0.40723	1.4656	0.24724	1	0	0	0	1	0	0	0	1
3.05	0.40729	1.466	0.24763	1	0	0	0	1	0	0	0	1
3.055	0.40736	1.4664	0.24799	1	0	0	0	1	0	0	0	1
3.06	0.40743	1.4667	0.24836	1	0	0	0	1	0	0	0	1
3.065	0.40746	1.467	0.24875	1	0	0	0	1	0	0	0	1
3.07	0.40749	1.4672	0.24912	1	0	0	0	1	0	0	0	1
3.075	0.40753	1.4674	0.2495	1	0	0	0	1	0	0	0	1
3.08	0.40757	1.4676	0.24988	1	0	0	0	1	0	0	0	1
3.085	0.40762	1.4677	0.25024	1	0	0	0	1	0	0	0	1
3.09	0.40767	1.4678	0.25059	1	0	0	0	1	0	0	0	1
3.095	0.40773	1.4678	0.25096	1	0	0	0	1	0	0	0	1
3.1	0.40781	1.4679	0.2513	1	0	0	0	1	0	0	0	1
3.105	0.40786	1.4679	0.25164	1	0	0	0	1	0	0	0	1
3.11	0.40793	1.4679	0.25198	1	0	0	0	1	0	0	0	1
3.115	0.40803	1.4679	0.25232	1	0	0	0	1	0	0	0	1
3.12	0.40812	1.4678	0.25264	1	0	0	0	1	0	0	0	1
3.125	0.40818	1.4678	0.25296	1	0	0	0	1	0	0	0	1
3.13	0.40824	1.4678	0.25328	1	0	0	0	1	0	0	0	1
3.135	0.40833	1.4677	0.25358	1	0	0	0	1	0	0	0	1
3.14	0.40842	1.4677	0.25385	1	0	0	0	1	0	0	0	1
3.145	0.40848	1.4676	0.25412	1	0	0	0	1	0	0	0	1
3.15	0.40851	1.4676	0.25438	1	0	0	0	1	0	0	0	1
3.155	0.40854	1.4675	0.25465	1	0	0	0	1	0	0	0	1
3.16	0.40859	1.4675	0.25489	1	0	0	0	1	0	0	0	1
3.165	0.40863	1.4675	0.25512	1	0	0	0	1	0	0	0	1
3.17	0.40865	1.4675	0.25536	1	0	0	0	1	0	0	0	1
3.175	0.40865	1.4675	0.25559	1	0	0	0	1	0	0	0	1
3.18	0.40864	1.4675	0.25583	1	0	0	0	1	0	0	0	1
3.185	0.40865	1.4676	0.25605	1	0	0	0	1	0	0	0	1
3.19	0.40867	1.4676	0.25625	1	0	0	0	1	0	0	0	1
3.195	0.40868	1.4677	0.25646	1	0	0	0	1	0	0	0	1
3.2	0.40868	1.4677	0.25668	1	0	0	0	1	0	0	0	1
3.205	0.40868	1.4678	0.25689	1	0	0	0	1	0	0	0	1
3.21	0.40867	1.4678	0.25709	1	0	0	0	1	0	0	0	1
3.215	0.40866	1.4679	0.25728	1	0	0	0	1	0	0	0	1
3.22	0.40864	1.4679	0.25745	1	0	0	0	1	0	0	0	1
3.225	0.40863	1.468	0.25761	1	0	0	0	1	0	0	0	1
3.23	0.4086	1.468	0.25777	1	0	0	0	1	0	0	0	1
3.235	0.40857	1.4681	0.25793	1	0	0	0	1	0	0	0	1
3.24	0.40854	1.4681	0.25807	1	0	0	0	1	0	0	0	1
3.245	0.40852	1.4682	0.25819	1	0	0	0	1	0	0	0	1
3.25	0.40849	1.4682	0.25831	1	0	0	0	1	0	0	0	1
3.255	0.40848	1.4682	0.25841	1	0	0	0	1	0	0	0	1
3.26	0.40848	1.4683	0.2585	1	0	0	0	1	0	0	0	1
3.265	0.40849	1.4683	0.25858	1	0	0	0	1	0	0	0	1
3.27	0.40851	1.4683	0.25866	1	0	0	0	1	0	0	0	1
3.275	0.40853	1.4683	0.25873	1	0	0	0	1	0	0	0	1
3.28	0.40855	1.4682	0.2588	1	0	0	0	1	0	0	0	1
3.285	0.40859	1.4682	0.25887	1	0	0	0	1	0	0	0	1
3.29	0.40864	1.4681	0.25892	1	0	0	0	1	0	0	0	1
3.295	0.40869	1.4681	0.25896	1	0	0	0	1	0	0	0	1
3.3	0.40875	1.468	0.259	1	0	0	0	1	0	0	0	1
3.305	0.40883	1.468	0.25903	1	0	0	0	1	0	0	0	1
3.31	0.40893	1.4679	0.25905	1	0	0	0	1	0	0	0	1
3.315	0.40905	1.4678	0.25906	1	0	0	0	1	0	0	0	1
3.32	0.40918	1.4677	0.25907	1	0	0	0	1	0	0	0	1
3.325	0.40932	1.4676	0.25907	1	0	0	0	1	0	0	0	1
3.33	0.40947	1.4675	0.25906	1	0	0	0	1	0	0	0	1
3.335	0.40962	1.4674	0.25905	1	0	0	0	1	0	0	0	1
3.34	0.40978	1.4673	0.25903	1	0	0	0	1	0	0	0	1
3.345	0.40994	1.4672	0.259	1	0	0	0	1	0	0	0	1
3.35	0.4101	1.467	0.25897	1	0	0	0	1	0	0	0	1
3.355	0.41023	1.4669	0.25893	1	0	0	0	1	0	0	0	1
3.36	0.41037	1.4668	0.25889	1	0	0	0	1	0	0	0	1
3.365	0.4105	1.4666	0.25884	1	0	0	0	1	0	0	0	1
3.37	0.41063	1.4665	0.25878	1	0	0	0	1	0	0	0	1
3.375	0.41077	1.4664	0.25871	1	0	0	0	1	0	0	0	1
3.38	0.41089	1.4663	0.25864	1	0	0	0	1	0	0	0	1
3.385	0.411	1.4662	0.25857	1	0	0	0	1	0	0	0	1
3.39	0.41112	1.4662	0.2585	1	0	0	0	1	0	0	0	1
3.395	0.41123	1.4661	0.25844	1	0	0	0	1	0	0	0	1
3.4	0.41134	1.4661	0.25837	1	0	0	0	1	0	0	0	1
3.405	0.41145	1.466	0.2583	1	0	0	0	1	0	0	0	1
3.41	0.41157	1.466	0.25824	1	0	0	0	1	0	0	0	1
3.415	0.41167	1.466	0.25818	1	0	0	0	1	0	0	0	1
3.42	0.41178	1.466	0.25812	1	0	0	0	1	0	0	0	1
3.425	0.41189	1.466	0.25806	1	0	0	0	1	0	0	0	1
3.43	0.412	1.466	0.258	1	0	0	0	1	0	0	0	1
3.435	0.41212	1.466	0.25794	1	0	0	0	1	0	0	0	1
3.44	0.41224	1.4661	0.25788	1	0	0	0	1	0	0	0	1
3.445	0.41235	1.4661	0.25782	1	0	0	0	1	0	0	0	1
3.45	0.41247	1.4662	0.25776	1	0	0	0	1	0	0	0	1
3.455	0.41261	1.4663	0.2577	1	0	0	0	1	0	0	0	1
3.46	0.41275	1.4664	0.25763	1	0	0	0	1	0	0	0	1
3.465	0.4129	1.4665	0.25756	1	0	0	0	1	0	0	0	1
3.47	0.41307	1.4666	0.25749	1	0	0	0	1	0	0	0	1
3.475	0.41325	1.4667	0.25741	1	0	0	0	1	0	0	0	1
3.48	0.41346	1.4667	0.25732	1	0	0	0	1	0	0	0	1
3.485	0.41367	1.4668	0.25723	1	0	0	0	1	0	0	0	1
3.49	0.41389	1.4669	0.25713	1	0	0	0	1	0	0	0	1
3.495	0.41415	1.467	0.25701	1	0	0	0	1	0	0	0	1
3.5	0.41442	1.467	0.25689	1	0	0	0	1	0	0	0	1
3.505	0.41471	1.4671	0.25675	1	0	0	0	1	0	0	0	1
3.51	0.41502	1.4672	0.25661	1	0	0	0	1	0	0	0	1
3.515	0.41534	1.4673	0.25645	1	0	0	0	1	0	0	0	1
3.52	0.41567	1.4674	0.2563	1	0	0	0	1	0	0	0	1
3.525	0.41597	1.4675	0.25613	1	0	0	0	1	0	0	0	1
3.53	0.41628	1.4676	0.25596	1	0	0	0	1	0	0	0	1
3.535	0.41678	1.4677	0.25576	1	0	0	0	1	0	0	0	1
3.54	0.41558	1.4677	0.25568	1	0	0	0	1	0	0	0	1
3.545	0.41583	1.4679	0.2555	1	0	0	0	1	0	0	0	1
3.55	0.41612	1.468	0.25532	1	0	0	0	1	0	0	0	1
3.555	0.41643	1.4681	0.25513	1	0	0	0	1	0	0	0	1
3.56	0.4167	1.4683	0.25494	1	0	0	0	1	0	0	0	1
3.565	0.417	1.4684	0.25476	1	0	0	0	1	0	0	0	1
3.57	0.41731	1.4686	0.2546	1	0	0	0	1	0	0	0	1
3.575	0.41762	1.4687	0.25443	1	0	0	0	1	0	0	0	1
3.58	0.41795	1.4689	0.25426	1	0	0	0	1	0	0	0	1
3.585	0.41832	1.469	0.25408	1	0	0	0	1	0	0	0	1
3.59	0.41865	1.4692	0.2539	1	0	0	0	1	0	0	0	1
3.595	0.41894	1.4693	0.25374	1	0	0	0	1	0	0	0	1
3.6	0.41923	1.4694	0.25357	1	0	0	0	1	0	0	0	1
3.605	0.41952	1.4696	0.25341	1	0	0	0	1	0	0	0	1
3.61	0.41983	1.4697	0.25325	1	0	0	0	1	0	0	0	1
3.615	0.42016	1.4698	0.25309	1	0	0	0	1	0	0	0	1
3.62	0.42053	1.47	0.25294	1	0	0	0	1	0	0	0	1
3.625	0.42088	1.4701	0.2528	1	0	0	0	1	0	0	0	1
3.63	0.42121	1.4703	0.25266	1	0	0	0	1	0	0	0	1
3.635	0.42153	1.4704	0.25253	1	0	0	0	1	0	0	0	1
3.64	0.42187	1.4705	0.2524	1	0	0	0	1	0	0	0	1
3.645	0.42219	1.4706	0.25227	1	0	0	0	1	0	0	0	1
3.65	0.42255	1.4707	0.25214	1	0	0	0	1	0	0	0	1
3.655	0.4229	1.4708	0.25202	1	0	0	0	1	0	0	0	1
3.66	0.42323	1.4709	0.2519	1	0	0	0	1	0	0	0	1
3.665	0.42357	1.471	0.25178	1	0	0	0	1	0	0	0	1
3.67	0.42392	1.4711	0.25167	1	0	0	0	1	0	0	0	1
3.675	0.42429	1.4711	0.25156	1	0	0	0	1	0	0	0	1
3.68	0.42469	1.4712	0.25145	1	0	0	0	1	0	0	0	1
3.685	0.42509	1.4713	0.25134	1	0	0	0	1	0	0	0	1
3.69	0.42553	1.4713	0.25122	1	0	0	0	1	0	0	0	1
3.695	0.42602	1.4713	0.25109	1	0	0	0	1	0	0	0	1
3.7	0.42651	1.4714	0.25096	1	0	0	0	1	0	0	0	1
3.705	0.427	1.4714	0.25083	1	0	0	0	1	0	0	0	1
3.71	0.42751	1.4714	0.25071	1	0	0	0	1	0	0	0	1
3.715	0.42803	1.4714	0.25058	1	0	0	0	1	0	0	0	1
3.72	0.42853	1.4714	0.25046	1	0	0	0	1	0	0	0	1
3.725	0.42905	1.4713	0.25035	1	0	0	0	1	0	0	0	1
3.73	0.4296	1.4713	0.25024	1	0	0	0	1	0	0	0	1
3.735	0.43018	1.4713	0.25013	1	0	0	0	1	0	0	0	1
3.74	0.43077	1.4712	0.25003	1	0	0	0	1	0	0	0	1
3.745	0.43131	1.4712	0.24994	1	0	0	0	1	0	0	0	1
3.75	0.43186	1.4711	0.24984	1	0	0	0	1	0	0	0	1
3.755	0.43241	1.471	0.24975	1	0	0	0	1	0	0	0	1
3.76	0.43294	1.471	0.24965	1	0	0	0	1	0	0	0	1
3.765	0.43466	1.4711	0.24949	1	0	0	0	1	0	0	0	1
3.77	0.43521	1.471	0.24939	1	0	0	0	1	0	0	0	1
3.775	0.43584	1.4709	0.24928	1	0	0	0	1	0	0	0	1
3.78	0.43637	1.4709	0.24918	1	0	0	0	1	0	0	0	1
3.785	0.43695	1.4708	0.24906	1	0	0	0	1	0	0	0	1
3.79	0.4376	1.4708	0.24893	1	0	0	0	1	0	0	0	1
3.795	0.43818	1.4707	0.24881	1	0	0	0	1	0	0	0	1
3.8	0.43878	1.4706	0.24868	1	0	0	0	1	0	0	0	1
3.805	0.43946	1.4706	0.24854	1	0	0	0	1	0	0	0	1
3.81	0.44009	1.4705	0.24839	1	0	0	0	1	0	0	0	1
3.815	0.44073	1.4705	0.24824	1	0	0	0	1	0	0	0	1
3.82	0.44144	1.4705	0.24806	1	0	0	0	1	0	0	0	1
3.825	0.44209	1.4704	0.2479	1	0	0	0	1	0	0	0	1
3.83	0.44272	1.4704	0.24773	1	0	0	0	1	0	0	0	1
3.835	0.44346	1.4704	0.24753	1	0	0	0	1	0	0	0	1
3.84	0.4441	1.4703	0.24734	1	0	0	0	1	0	0	0	1
3.845	0.44475	1.4703	0.24714	1	0	0	0	1	0	0	0	1
3.85	0.44558	1.4703	0.24692	1	0	0	0	1	0	0	0	1
3.855	0.44623	1.4703	0.24672	1	0	0	0	1	0	0	0	1
3.86	0.44702	1.4703	0.2465	1	0	0	0	1	0	0	0	1
3.865	0.44633	1.4701	0.24636	1	0	0	0	1	0	0	0	1
3.87	0.44701	1.4701	0.24615	1	0	0	0	1	0	0	0	1
3.875	0.44769	1.4701	0.24594	1	0	0	0	1	0	0	0	1
3.88	0.44834	1.4701	0.24574	1	0	0	0	1	0	0	0	1
3.885	0.44905	1.4701	0.24553	1	0	0	0	1	0	0	0	1
3.89	0.44976	1.4701	0.24533	1	0	0	0	1	0	0	0	1
3.895	0.45037	1.47	0.24513	1	0	0	0	1	0	0	0	1
3.9	0.45093	1.4699	0.24493	1	0	0	0	1	0	0	0	1
3.905	0.45152	1.4699	0.24473	1	0	0	0	1	0	0	0	1
3.91	0.4522	1.4698	0.24452	1	0	0	0	1	0	0	0	1
3.915	0.45287	1.4697	0.24432	1	0	0	0	1	0	0	0	1
3.92	0.45353	1.4696	0.24412	1	0	0	0	1	0	0	0	1
3.925	0.45414	1.4695	0.24392	1	0	0	0	1	0	0	0	1
3.93	0.45479	1.4694	0.24372	1	0	0	0	1	0	0	0	1
3.935	0.4555	1.4693	0.24352	1	0	0	0	1	0	0	0	1
3.94	0.45619	1.4692	0.24333	1	0	0	0	1	0	0	0	1
3.945	0.45683	1.4691	0.24314	1	0	0	0	1	0	0	0	1
3.95	0.45744	1.469	0.24296	1	0	0	0	1	0	0	0	1
3.955	0.45804	1.4689	0.24277	1	0	0	0	1	0	0	0	1
3.96	0.45861	1.4688	0.24258	1	0	0	0	1	0	0	0	1
3.965	0.45914	1.4686	0.24239	1	0	0	0	1	0	0	0	1
3.97	0.45964	1.4685	0.24222	1	0	0	0	1	0	0	0	1
3.975	0.46012	1.4685	0.24205	1	0	0	0	1	0	0	0	1
3.98	0.46065	1.4684	0.24189	1	0	0	0	1	0	0	0	1
3.985	0.4612	1.4683	0.24173	1	0	0	0	1	0	0	0	1
3.99	0.46176	1.4682	0.24157	1	0	0	0	1	0	0	0	1
3.995	0.46231	1.4681	0.24143	1	0	0	0	1	0	0	0	1
4	0.46284	1.468	0.24129	1	0	0	0	1	0	0	0	1
4.005	0.46337	1.4679	0.24116	1	0	0	0	1	0	0	0	1
4.01	0.4639	1.4677	0.24103	1	0	0	0	1	0	0	0	1
4.015	0.46447	1.4676	0.24091	1	0	0	0	1	0	0	0	1
4.02	0.46504	1.4675	0.24079	1	0	0	0	1	0	0	0	1
4.025	0.46561	1.4673	0.24067	1	0	0	0	1	0	0	0	1
4.03	0.46617	1.4672	0.24055	1	0	0	0	1	0	0	0	1
4.035	0.46668	1.4671	0.24044	1	0	0	0	1	0	0	0	1
4.04	0.46719	1.467	0.24034	1	0	0	0	1	0	0	0	1
4.045	0.4677	1.4668	0.24024	1	0	0	0	1	0	0	0	1
4.05	0.46821	1.4666	0.24015	1	0	0	0	1	0	0	0	1
4.055	0.4687	1.4665	0.24006	1	0	0	0	1	0	0	0	1
4.06	0.46919	1.4664	0.23996	1	0	0	0	1	0	0	0	1
4.065	0.4697	1.4662	0.23987	1	0	0	0	1	0	0	0	1
4.07	0.47016	1.4661	0.23979	1	0	0	0	1	0	0	0	1
4.075	0.47064	1.466	0.23972	1	0	0	0	1	0	0	0	1
4.08	0.47105	1.4658	0.23964	1	0	0	0	1	0	0	0	1
4.085	0.47149	1.4656	0.23958	1	0	0	0	1	0	0	0	1
4.09	0.4719	1.4655	0.23952	1	0	0	0	1	0	0	0	1
4.095	0.47227	1.4653	0.23946	1	0	0	0	1	0	0	0	1
4.1	0.47265	1.4652	0.23941	1	0	0	0	1	0	0	0	1
4.105	0.47302	1.4651	0.23936	1	0	0	0	1	0	0	0	1
4.11	0.47336	1.465	0.23932	1	0	0	0	1	0	0	0	1
4.115	0.47369	1.4648	0.23927	1	0	0	0	1	0	0	0	1
4.12	0.47401	1.4647	0.23924	1	0	0	0	1	0	0	0	1
4.125	0.47433	1.4646	0.23921	1	0	0	0	1	0	0	0	1
4.13	0.47464	1.4645	0.23918	1	0	0	0	1	0	0	0	1
4.135	0.47492	1.4644	0.23916	1	0	0	0	1	0	0	0	1
4.14	0.4752	1.4643	0.23914	1	0	0	0	1	0	0	0	1
4.145	0.47548	1.4643	0.23913	1	0	0	0	1	0	0	0	1
4.15	0.47573	1.4642	0.23913	1	0	0	0	1	0	0	0	1
4.155	0.47598	1.4642	0.23914	1	0	0	0	1	0	0	0	1
4.16	0.47625	1.4642	0.23914	1	0	0	0	1	0	0	0	1
4.165	0.47647	1.4641	0.23915	1	0	0	0	1	0	0	0	1
4.17	0.47671	1.4641	0.23916	1	0	0	0	1	0	0	0	1
4.175	0.47693	1.4641	0.23918	1	0	0	0	1	0	0	0	1
4.18	0.47715	1.4641	0.23919	1	0	0	0	1	0	0	0	1
4.185	0.47736	1.4642	0.23921	1	0	0	0	1	0	0	0	1
4.19	0.47756	1.4642	0.23923	1	0	0	0	1	0	0	0	1
4.195	0.47775	1.4642	0.23924	1	0	0	0	1	0	0	0	1
4.2	0.47793	1.4642	0.23927	1	0	0	0	1	0	0	0	1
4.205	0.4781	1.4642	0.2393	1	0	0	0	1	0	0	0	1
4.21	0.47828	1.4642	0.23933	1	0	0	0	1	0	0	0	1
4.215	0.47842	1.4642	0.23936	1	0	0	0	1	0	0	0	1
4.22	0.47855	1.4642	0.2394	1	0	0	0	1	0	0	0	1
4.225	0.47869	1.4642	0.23944	1	0	0	0	1	0	0	0	1
4.23	0.47881	1.4642	0.23947	1	0	0	0	1	0	0	0	1
4.235	0.47891	1.4641	0.23952	1	0	0	0	1	0	0	0	1
4.24	0.47897	1.4641	0.23956	1	0	0	0	1	0	0	0	1
4.245	0.47906	1.464	0.2396	1	0	0	0	1	0	0	0	1
4.25	0.47913	1.464	0.23965	1	0	0	0	1	0	0	0	1
4.255	0.47919	1.4639	0.23971	1	0	0	0	1	0	0	0	1
4.26	0.47929	1.4638	0.23977	1	0	0	0	1	0	0	0	1
4.265	0.47942	1.4637	0.23984	1	0	0	0	1	0	0	0	1
4.27	0.47957	1.4636	0.23991	1	0	0	0	1	0	0	0	1
4.275	0.47971	1.4635	0.24	1	0	0	0	1	0	0	0	1
4.28	0.47984	1.4633	0.24009	1	0	0	0	1	0	0	0	1
4.285	0.47997	1.4632	0.24018	1	0	0	0	1	0	0	0	1
4.29	0.4801	1.4631	0.24028	1	0	0	0	1	0	0	0	1
4.295	0.48019	1.463	0.24038	1	0	0	0	1	0	0	0	1
4.3	0.48025	1.4629	0.24048	1	0	0	0	1	0	0	0	1
4.305	0.48029	1.4628	0.2406	1	0	0	0	1	0	0	0	1
4.31	0.4803	1.4626	0.24071	1	0	0	0	1	0	0	0	1
4.315	0.48038	1.4625	0.24083	1	0	0	0	1	0	0	0	1
4.32	0.4805	1.4624	0.24096	1	0	0	0	1	0	0	0	1
4.325	0.48062	1.4622	0.24109	1	0	0	0	1	0	0	0	1
4.33	0.48075	1.4621	0.24124	1	0	0	0	1	0	0	0	1
4.335	0.48085	1.462	0.24139	1	0	0	0	1	0	0	0	1
4.34	0.48088	1.4618	0.24154	1	0	0	0	1	0	0	0	1
4.345	0.48083	1.4617	0.2417	1	0	0	0	1	0	0	0	1
4.35	0.48079	1.4615	0.24187	1	0	0	0	1	0	0	0	1
4.355	0.48082	1.4613	0.24205	1	0	0	0	1	0	0	0	1
4.36	0.48089	1.4612	0.24223	1	0	0	0	1	0	0	0	1
4.365	0.48101	1.461	0.24243	1	0	0	0	1	0	0	0	1
4.37	0.48109	1.4609	0.24262	1	0	0	0	1	0	0	0	1
4.375	0.48105	1.4607	0.24282	1	0	0	0	1	0	0	0	1
4.38	0.48093	1.4605	0.24303	1	0	0	0	1	0	0	0	1
4.385	0.48094	1.4603	0.24324	1	0	0	0	1	0	0	0	1
4.39	0.48104	1.4601	0.24345	1	0	0	0	1	0	0	0	1
4.395	0.48113	1.4599	0.24368	1	0	0	0	1	0	0	0	1
4.4	0.48111	1.4597	0.24391	1	0	0	0	1	0	0	0	1
4.405	0.48096	1.4595	0.24416	1	0	0	0	1	0	0	0	1
4.41	0.48088	1.4593	0.24443	1	0	0	0	1	0	0	0	1
4.415	0.48092	1.4591	0.24472	1	0	0	0	1	0	0	0	1
4.42	0.48088	1.4589	0.24503	1	0	0	0	1	0	0	0	1
4.425	0.48066	1.4587	0.24536	1	0	0	0	1	0	0	0	1
4.43	0.48048	1.4585	0.24571	1	0	0	0	1	0	0	0	1
4.435	0.48039	1.4583	0.24608	1	0	0	0	1	0	0	0	1
4.44	0.48018	1.458	0.24648	1	0	0	0	1	0	0	0	1
4.445	0.47992	1.4577	0.24688	1	0	0	0	1	0	0	0	1
4.45	0.47963	1.4575	0.24731	1	0	0	0	1	0	0	0	1
4.455	0.47931	1.4572	0.24777	1	0	0	0	1	0	0	0	1
4.46	0.47892	1.4569	0.24825	1	0	0	0	1	0	0	0	1
4.465	0.47863	1.4566	0.24879	1	0	0	0	1	0	0	0	1
4.47	0.47827	1.4563	0.24935	1	0	0	0	1	0	0	0	1
4.475	0.47793	1.4559	0.24993	1	0	0	0	1	0	0	0	1
4.48	0.4775	1.4555	0.25053	1	0	0	0	1	0	0	0	1
4.485	0.47706	1.4551	0.25114	1	0	0	0	1	0	0	0	1
4.49	0.47671	1.4547	0.25178	1	0	0	0	1	0	0	0	1
4.495	0.47638	1.4543	0.25243	1	0	0	0	1	0	0	0	1
4.5	0.47598	1.4539	0.25311	1	0	0	0	1	0	0	0	1
4.505	0.47532	1.4534	0.25382	1	0	0	0	1	0	0	0	1
4.51	0.47478	1.4529	0.25453	1	0	0	0	1	0	0	0	1
4.515	0.47428	1.4524	0.25526	1	0	0	0	1	0	0	0	1
4.52	0.47374	1.4519	0.25601	1	0	0	0	1	0	0	0	1
4.525	0.4732	1.4514	0.25679	1	0	0	0	1	0	0	0	1
4.53	0.47253	1.4509	0.25757	1	0	0	0	1	0	0	0	1
4.535	0.47189	1.4503	0.25839	1	0	0	0	1	0	0	0	1
4.54	0.47116	1.4497	0.25923	1	0	0	0	1	0	0	0	1
4.545	0.47062	1.4491	0.26007	1	0	0	0	1	0	0	0	1
4.55	0.47024	1.4486	0.2609	1	0	0	0	1	0	0	0	1
4.555	0.46947	1.448	0.26174	1	0	0	0	1	0	0	0	1
4.56	0.4685	1.4473	0.26262	1	0	0	0	1	0	0	0	1
4.565	0.46763	1.4467	0.26349	1	0	0	0	1	0	0	0	1
4.57	0.46686	1.4461	0.26437	1	0	0	0	1	0	0	0	1
4.575	0.46626	1.4454	0.26526	1	0	0	0	1	0	0	0	1
4.58	0.46544	1.4448	0.26613	1	0	0	0	1	0	0	0	1
4.585	0.46452	1.4442	0.26702	1	0	0	0	1	0	0	0	1
4.59	0.46351	1.4436	0.26793	1	0	0	0	1	0	0	0	1
4.595	0.46261	1.443	0.26882	1	0	0	0	1	0	0	0	1
4.6	0.46174	1.4424	0.26973	1	0	0	0	1	0	0	0	1
4.605	0.46057	1.4417	0.27066	1	0	0	0	1	0	0	0	1
4.61	0.45945	1.4411	0.27159	1	0	0	0	1	0	0	0	1
4.615	0.45837	1.4405	0.27251	1	0	0	0	1	0	0	0	1
4.62	0.45717	1.4398	0.27343	1	0	0	0	1	0	0	0	1
4.625	0.4561	1.4392	0.27436	1	0	0	0	1	0	0	0	1
4.63	0.4549	1.4386	0.27529	1	0	0	0	1	0	0	0	1
4.635	0.45367	1.438	0.27624	1	0	0	0	1	0	0	0	1
4.64	0.45244	1.4374	0.27719	1	0	0	0	1	0	0	0	1
4.645	0.45112	1.4368	0.27811	1	0	0	0	1	0	0	0	1
4.65	0.4499	1.4362	0.27905	1	0	0	0	1	0	0	0	1
4.655	0.44849	1.4356	0.27998	1	0	0	0	1	0	0	0	1
4.66	0.44712	1.435	0.28093	1	0	0	0	1	0	0	0	1
4.665	0.44583	1.4344	0.28184	1	0	0	0	1	0	0	0	1
4.67	0.44443	1.4339	0.28276	1	0	0	0	1	0	0	0	1
4.675	0.44292	1.4332	0.28369	1	0	0	0	1	0	0	0	1
4.68	0.44144	1.4326	0.28459	1	0	0	0	1	0	0	0	1
4.685	0.44005	1.432	0.28549	1	0	0	0	1	0	0	0	1
4.69	0.43848	1.4315	0.28638	1	0	0	0	1	0	0	0	1
4.695	0.43705	1.4309	0.28727	1	0	0	0	1	0	0	0	1
4.7	0.43557	1.4303	0.28815	1	0	0	0	1	0	0	0	1
4.705	0.43411	1.4297	0.28903	1	0	0	0	1	0	0	0	1
4.71	0.43245	1.4291	0.2899	1	0	0	0	1	0	0	0	1
4.715	0.43082	1.4285	0.29078	1	0	0	0	1	0	0	0	1
4.72	0.42923	1.4279	0.29162	1	0	0	0	1	0	0	0	1
4.725	0.42771	1.4274	0.29247	1	0	0	0	1	0	0	0	1
4.73	0.42613	1.4268	0.29332	1	0	0	0	1	0	0	0	1
4.735	0.42449	1.4262	0.29417	1	0	0	0	1	0	0	0	1
4.74	0.42289	1.4256	0.295	1	0	0	0	1	0	0	0	1
4.745	0.42129	1.425	0.2958	1	0	0	0	1	0	0	0	1
4.75	0.41973	1.4245	0.2966	1	0	0	0	1	0	0	0	1
4.755	0.41794	1.4239	0.29741	1	0	0	0	1	0	0	0	1
4.76	0.41623	1.4234	0.29822	1	0	0	0	1	0	0	0	1
4.765	0.41458	1.4228	0.299	1	0	0	0	1	0	0	0	1
4.77	0.41294	1.4223	0.29975	1	0	0	0	1	0	0	0	1
4.775	0.41142	1.4218	0.30049	1	0	0	0	1	0	0	0	1
4.78	0.40975	1.4213	0.30122	1	0	0	0	1	0	0	0	1
4.785	0.40812	1.4208	0.30193	1	0	0	0	1	0	0	0	1
4.79	0.40715	1.4203	0.30266	1	0	0	0	1	0	0	0	1
4.795	0.40617	1.4198	0.30336	1	0	0	0	1	0	0	0	1
4.8	0.40514	1.4193	0.30398	1	0	0	0	1	0	0	0	1
4.805	0.40408	1.4188	0.30453	1	0	0	0	1	0	0	0	1
4.81	0.40298	1.4183	0.30502	1	0	0	0	1	0	0	0	1
4.815	0.40184	1.4178	0.30544	1	0	0	0	1	0	0	0	1
4.82	0.40065	1.4173	0.30581	1	0	0	0	1	0	0	0	1
4.825	0.39943	1.4169	0.30613	1	0	0	0	1	0	0	0	1
4.83	0.39816	1.4164	0.30641	1	0	0	0	1	0	0	0	1
4.835	0.39685	1.4159	0.30664	1	0	0	0	1	0	0	0	1
4.84	0.39549	1.4155	0.30684	1	0	0	0	1	0	0	0	1
4.845	0.39409	1.415	0.30701	1	0	0	0	1	0	0	0	1
4.85	0.39264	1.4145	0.30715	1	0	0	0	1	0	0	0	1
4.855	0.39114	1.4141	0.30726	1	0	0	0	1	0	0	0	1
4.86	0.38959	1.4137	0.30736	1	0	0	0	1	0	0	0	1
4.865	0.38799	1.4132	0.30745	1	0	0	0	1	0	0	0	1
4.87	0.38634	1.4128	0.30754	1	0	0	0	1	0	0	0	1
4.875	0.38464	1.4124	0.30762	1	0	0	0	1	0	0	0	1
4.88	0.38289	1.412	0.3077	1	0	0	0	1	0	0	0	1
4.885	0.38108	1.4117	0.30779	1	0	0	0	1	0	0	0	1
4.89	0.37922	1.4113	0.30789	1	0	0	0	1	0	0	0	1
4.895	0.3773	1.411	0.30801	1	0	0	0	1	0	0	0	1
4.9	0.37533	1.4106	0.30815	1	0	0	0	1	0	0	0	1
4.905	0.3733	1.4103	0.30831	1	0	0	0	1	0	0	0	1
4.91	0.37121	1.41	0.30851	1	0	0	0	1	0	0	0	1
4.915	0.36906	1.4097	0.30874	1	0	0	0	1	0	0	0	1
4.92	0.36685	1.4095	0.30902	1	0	0	0	1	0	0	0	1
4.925	0.36458	1.4092	0.30934	1	0	0	0	1	0	0	0	1
4.93	0.36224	1.409	0.30971	1	0	0	0	1	0	0	0	1
4.935	0.35985	1.4088	0.31014	1	0	0	0	1	0	0	0	1
4.94	0.35738	1.4086	0.31062	1	0	0	0	1	0	0	0	1
4.945	0.35486	1.4085	0.31118	1	0	0	0	1	0	0	0	1
4.95	0.35226	1.4083	0.3118	1	0	0	0	1	0	0	0	1
4.955	0.3496	1.4082	0.3125	1	0	0	0	1	0	0	0	1
4.96	0.34688	1.4081	0.31327	1	0	0	0	1	0	0	0	1
4.965	0.34408	1.4081	0.31413	1	0	0	0	1	0	0	0	1
4.97	0.34121	1.4081	0.31508	1	0	0	0	1	0	0	0	1
4.975	0.33827	1.4081	0.31612	1	0	0	0	1	0	0	0	1
4.98	0.33526	1.4081	0.31727	1	0	0	0	1	0	0	0	1
4.985	0.33221	1.4081	0.31846	1	0	0	0	1	0	0	0	1
4.99	0.3298	1.408	0.31905	1	0	0	0	1	0	0	0	1
4.995	0.3279	1.4079	0.31919	1	0	0	0	1	0	0	0	1
