0.005	-0.45891	0.018492	-0.21241	1	0	0	0	1	0	0	0	1
0.01	-0.45888	0.018506	-0.21242	1	0	0	0	1	0	0	0	1
0.015	-0.45883	0.018519	-0.21244	1	0	0	0	1	0	0	0	1
0.02	-0.45887	0.018502	-0.21242	1	0	0	0	1	0	0	0	1
0.025	-0.45889	0.018498	-0.21241	1	0	0	0	1	0	0	0	1
0.03	-0.45887	0.018508	-0.21241	1	0	0	0	1	0	0	0	1
0.035	-0.45885	0.018521	-0.21243	1	0	0	0	1	0	0	0	1
0.04	-0.45885	0.018524	-0.21242	1	0	0	0	1	0	0	0	1
0.045	-0.45884	0.018527	-0.21242	1	0	0	0	1	0	0	0	1
0.05	-0.45884	0.018523	-0.21242	1	0	0	0	1	0	0	0	1
0.055	-0.45883	0.018521	-0.21243	1	0	0	0	1	0	0	0	1
0.06	-0.45883	0.018525	-0.21242	1	0	0	0	1	0	0	0	1
0.065	-0.45887	0.018513	-0.21239	1	0	0	0	1	0	0	0	1
0.07	-0.45886	0.018524	-0.21239	1	0	0	0	1	0	0	0	1
0.075	-0.45884	0.01853	-0.21239	1	0	0	0	1	0	0	0	1
0.08	-0.45885	0.018526	-0.21239	1	0	0	0	1	0	0	0	1
0.085	-0.45885	0.018532	-0.21238	1	0	0	0	1	0	0	0	1
0.09	-0.45884	0.018535	-0.21238	1	0	0	0	1	0	0	0	1
0.095	-0.45888	0.018535	-0.21235	1	0	0	0	1	0	0	0	1
0.1	-0.45891	0.018526	-0.21235	1	0	0	0	1	0	0	0	1
0.105	-0.45885	0.018537	-0.21237	1	0	0	0	1	0	0	0	1
0.11	-0.45885	0.018548	-0.21236	1	0	0	0	1	0	0	0	1
0.115	-0.45884	0.018551	-0.21236	1	0	0	0	1	0	0	0	1
0.12	-0.45883	0.018553	-0.21237	1	0	0	0	1	0	0	0	1
0.125	-0.45887	0.018544	-0.21235	1	0	0	0	1	0	0	0	1
0.13	-0.45887	0.018544	-0.21234	1	0	0	0	1	0	0	0	1
0.135	-0.45886	0.018542	-0.21234	1	0	0	0	1	0	0	0	1
0.14	-0.45882	0.018555	-0.21238	1	0	0	0	1	0	0	0	1
0.145	-0.45882	0.018563	-0.21236	1	0	0	0	1	0	0	0	1
0.15	-0.45885	0.018562	-0.21235	1	0	0	0	1	0	0	0	1
0.155	-0.45887	0.018554	-0.21233	1	0	0	0	1	0	0	0	1
0.16	-0.45885	0.018556	-0.21234	1	0	0	0	1	0	0	0	1
0.165	-0.45882	0.018568	-0.21235	1	0	0	0	1	0	0	0	1
0.17	-0.45884	0.018565	-0.21235	1	0	0	0	1	0	0	0	1
0.175	-0.45888	0.018556	-0.21233	1	0	0	0	1	0	0	0	1
0.18	-0.45891	0.018547	-0.21231	1	0	0	0	1	0	0	0	1
0.185	-0.45889	0.018542	-0.21232	1	0	0	0	1	0	0	0	1
0.19	-0.45885	0.018571	-0.21234	1	0	0	0	1	0	0	0	1
0.195	-0.45887	0.018581	-0.21233	1	0	0	0	1	0	0	0	1
0.2	-0.45887	0.018579	-0.21231	1	0	0	0	1	0	0	0	1
0.205	-0.45888	0.018576	-0.21232	1	0	0	0	1	0	0	0	1
0.21	-0.45887	0.018579	-0.21233	1	0	0	0	1	0	0	0	1
0.215	-0.45887	0.018592	-0.21233	1	0	0	0	1	0	0	0	1
0.22	-0.45886	0.018609	-0.21234	1	0	0	0	1	0	0	0	1
0.225	-0.45884	0.018615	-0.21235	1	0	0	0	1	0	0	0	1
0.23	-0.45885	0.018608	-0.21234	1	0	0	0	1	0	0	0	1
0.235	-0.45888	0.018599	-0.21233	1	0	0	0	1	0	0	0	1
0.24	-0.45889	0.018609	-0.21233	1	0	0	0	1	0	0	0	1
0.245	-0.45885	0.018629	-0.21236	1	0	0	0	1	0	0	0	1
0.25	-0.45888	0.018621	-0.21235	1	0	0	0	1	0	0	0	1
0.255	-0.45893	0.018609	-0.21232	1	0	0	0	1	0	0	0	1
0.26	-0.4589	0.018619	-0.21234	1	0	0	0	1	0	0	0	1
0.265	-0.45888	0.018629	-0.21236	1	0	0	0	1	0	0	0	1
0.27	-0.45889	0.018631	-0.21234	1	0	0	0	1	0	0	0	1
0.275	-0.45895	0.018621	-0.21231	1	0	0	0	1	0	0	0	1
0.28	-0.45892	0.018634	-0.21233	1	0	0	0	1	0	0	0	1
0.285	-0.45891	0.018636	-0.21233	1	0	0	0	1	0	0	0	1
0.29	-0.45893	0.018637	-0.21231	1	0	0	0	1	0	0	0	1
0.295	-0.45895	0.018643	-0.21231	1	0	0	0	1	0	0	0	1
0.3	-0.45895	0.01865	-0.21231	1	0	0	0	1	0	0	0	1
0.305	-0.45893	0.018658	-0.21231	1	0	0	0	1	0	0	0	1
0.31	-0.45892	0.018657	-0.21232	1	0	0	0	1	0	0	0	1
0.315	-0.4589	0.018665	-0.21233	1	0	0	0	1	0	0	0	1
0.32	-0.45891	0.018673	-0.21233	1	0	0	0	1	0	0	0	1
0.325	-0.45893	0.018676	-0.21231	1	0	0	0	1	0	0	0	1
0.33	-0.45892	0.018683	-0.21232	1	0	0	0	1	0	0	0	1
0.335	-0.45891	0.018683	-0.21232	1	0	0	0	1	0	0	0	1
0.34	-0.45892	0.018681	-0.21232	1	0	0	0	1	0	0	0	1
0.345	-0.45892	0.018684	-0.21232	1	0	0	0	1	0	0	0	1
0.35	-0.45889	0.018695	-0.21234	1	0	0	0	1	0	0	0	1
0.355	-0.45891	0.018692	-0.21232	1	0	0	0	1	0	0	0	1
0.36	-0.45894	0.0187	-0.21231	1	0	0	0	1	0	0	0	1
0.365	-0.4589	0.018717	-0.21233	1	0	0	0	1	0	0	0	1
0.37	-0.45893	0.01871	-0.21231	1	0	0	0	1	0	0	0	1
0.375	-0.45896	0.018716	-0.2123	1	0	0	0	1	0	0	0	1
0.38	-0.45892	0.018736	-0.21232	1	0	0	0	1	0	0	0	1
0.385	-0.45889	0.018731	-0.21234	1	0	0	0	1	0	0	0	1
0.39	-0.45889	0.018733	-0.21233	1	0	0	0	1	0	0	0	1
0.395	-0.45889	0.018734	-0.21232	1	0	0	0	1	0	0	0	1
0.4	-0.4589	0.018732	-0.21233	1	0	0	0	1	0	0	0	1
0.405	-0.4589	0.018737	-0.21233	1	0	0	0	1	0	0	0	1
0.41	-0.4589	0.018738	-0.21232	1	0	0	0	1	0	0	0	1
0.415	-0.45891	0.018739	-0.21232	1	0	0	0	1	0	0	0	1
0.42	-0.4589	0.01874	-0.21231	1	0	0	0	1	0	0	0	1
0.425	-0.45893	0.018736	-0.21229	1	0	0	0	1	0	0	0	1
0.43	-0.45892	0.01874	-0.2123	1	0	0	0	1	0	0	0	1
0.435	-0.45891	0.018751	-0.2123	1	0	0	0	1	0	0	0	1
0.44	-0.45892	0.018742	-0.21229	1	0	0	0	1	0	0	0	1
0.445	-0.45891	0.018736	-0.21229	1	0	0	0	1	0	0	0	1
0.45	-0.45892	0.018738	-0.21229	1	0	0	0	1	0	0	0	1
0.455	-0.45891	0.018738	-0.2123	1	0	0	0	1	0	0	0	1
0.46	-0.45891	0.018745	-0.2123	1	0	0	0	1	0	0	0	1
0.465	-0.45891	0.018747	-0.2123	1	0	0	0	1	0	0	0	1
0.47	-0.4589	0.01875	-0.21231	1	0	0	0	1	0	0	0	1
0.475	-0.45889	0.018753	-0.21231	1	0	0	0	1	0	0	0	1
0.48	-0.45887	0.018757	-0.21233	1	0	0	0	1	0	0	0	1
0.485	-0.45888	0.018753	-0.21232	1	0	0	0	1	0	0	0	1
0.49	-0.45888	0.018759	-0.21232	1	0	0	0	1	0	0	0	1
0.495	-0.45883	0.018771	-0.21235	1	0	0	0	1	0	0	0	1
0.5	-0.45889	0.01875	-0.21233	1	0	0	0	1	0	0	0	1
0.505	-0.45891	0.018741	-0.21231	1	0	0	0	1	0	0	0	1
0.51	-0.4589	0.018737	-0.21232	1	0	0	0	1	0	0	0	1
0.515	-0.4589	0.018741	-0.21233	1	0	0	0	1	0	0	0	1
0.52	-0.45888	0.018754	-0.21234	1	0	0	0	1	0	0	0	1
0.525	-0.45889	0.01876	-0.21234	1	0	0	0	1	0	0	0	1
0.53	-0.45886	0.018763	-0.21236	1	0	0	0	1	0	0	0	1
0.535	-0.45886	0.018754	-0.21236	1	0	0	0	1	0	0	0	1
0.54	-0.45888	0.018739	-0.21235	1	0	0	0	1	0	0	0	1
0.545	-0.4589	0.018737	-0.21234	1	0	0	0	1	0	0	0	1
0.55	-0.45891	0.018731	-0.21233	1	0	0	0	1	0	0	0	1
0.555	-0.4589	0.018725	-0.21235	1	0	0	0	1	0	0	0	1
0.56	-0.45889	0.018734	-0.21236	1	0	0	0	1	0	0	0	1
0.565	-0.45891	0.01873	-0.21235	1	0	0	0	1	0	0	0	1
0.57	-0.45892	0.018729	-0.21236	1	0	0	0	1	0	0	0	1
0.575	-0.45893	0.018723	-0.21236	1	0	0	0	1	0	0	0	1
0.58	-0.45893	0.018729	-0.21236	1	0	0	0	1	0	0	0	1
0.585	-0.45892	0.018732	-0.21237	1	0	0	0	1	0	0	0	1
0.59	-0.45891	0.018736	-0.21238	1	0	0	0	1	0	0	0	1
0.595	-0.4589	0.018742	-0.21238	1	0	0	0	1	0	0	0	1
0.6	-0.45892	0.018741	-0.21237	1	0	0	0	1	0	0	0	1
0.605	-0.45894	0.018741	-0.21236	1	0	0	0	1	0	0	0	1
0.61	-0.45896	0.018752	-0.21236	1	0	0	0	1	0	0	0	1
0.615	-0.45892	0.018765	-0.21237	1	0	0	0	1	0	0	0	1
0.62	-0.45891	0.018766	-0.21237	1	0	0	0	1	0	0	0	1
0.625	-0.45892	0.018767	-0.21236	1	0	0	0	1	0	0	0	1
0.63	-0.45892	0.018775	-0.21237	1	0	0	0	1	0	0	0	1
0.635	-0.45891	0.018778	-0.21237	1	0	0	0	1	0	0	0	1
0.64	-0.45891	0.018782	-0.21236	1	0	0	0	1	0	0	0	1
0.645	-0.45891	0.018794	-0.21235	1	0	0	0	1	0	0	0	1
0.65	-0.45895	0.0188	-0.21234	1	0	0	0	1	0	0	0	1
0.655	-0.45891	0.018809	-0.21235	1	0	0	0	1	0	0	0	1
0.66	-0.45894	0.018805	-0.21234	1	0	0	0	1	0	0	0	1
0.665	-0.45892	0.018813	-0.21234	1	0	0	0	1	0	0	0	1
0.67	-0.45891	0.018814	-0.21235	1	0	0	0	1	0	0	0	1
0.675	-0.45893	0.018811	-0.21234	1	0	0	0	1	0	0	0	1
0.68	-0.45895	0.018805	-0.21233	1	0	0	0	1	0	0	0	1
0.685	-0.45897	0.018791	-0.21233	1	0	0	0	1	0	0	0	1
0.69	-0.45895	0.018801	-0.21235	1	0	0	0	1	0	0	0	1
0.695	-0.45895	0.018805	-0.21235	1	0	0	0	1	0	0	0	1
0.7	-0.45899	0.018786	-0.21233	1	0	0	0	1	0	0	0	1
0.705	-0.45898	0.018788	-0.21235	1	0	0	0	1	0	0	0	1
0.71	-0.45895	0.018801	-0.21237	1	0	0	0	1	0	0	0	1
0.715	-0.45898	0.018789	-0.21236	1	0	0	0	1	0	0	0	1
0.72	-0.45899	0.018785	-0.21235	1	0	0	0	1	0	0	0	1
0.725	-0.45897	0.018787	-0.21237	1	0	0	0	1	0	0	0	1
0.73	-0.45899	0.018778	-0.21237	1	0	0	0	1	0	0	0	1
0.735	-0.45897	0.018786	-0.21238	1	0	0	0	1	0	0	0	1
0.74	-0.45896	0.018785	-0.21238	1	0	0	0	1	0	0	0	1
0.745	-0.45896	0.018794	-0.21238	1	0	0	0	1	0	0	0	1
0.75	-0.45895	0.018799	-0.21239	1	0	0	0	1	0	0	0	1
0.755	-0.45892	0.018808	-0.2124	1	0	0	0	1	0	0	0	1
0.76	-0.45888	0.018816	-0.21243	1	0	0	0	1	0	0	0	1
0.765	-0.45892	0.018792	-0.21241	1	0	0	0	1	0	0	0	1
0.77	-0.45892	0.018793	-0.21242	1	0	0	0	1	0	0	0	1
0.775	-0.45895	0.018785	-0.21241	1	0	0	0	1	0	0	0	1
0.78	-0.45898	0.018777	-0.2124	1	0	0	0	1	0	0	0	1
0.785	-0.45894	0.018786	-0.21242	1	0	0	0	1	0	0	0	1
0.79	-0.45893	0.018791	-0.21244	1	0	0	0	1	0	0	0	1
0.795	-0.45895	0.018785	-0.21243	1	0	0	0	1	0	0	0	1
0.8	-0.45898	0.01877	-0.21243	1	0	0	0	1	0	0	0	1
0.805	-0.45897	0.018768	-0.21243	1	0	0	0	1	0	0	0	1
0.81	-0.45897	0.018767	-0.21244	1	0	0	0	1	0	0	0	1
0.815	-0.45899	0.018761	-0.21243	1	0	0	0	1	0	0	0	1
0.82	-0.45896	0.018762	-0.21245	1	0	0	0	1	0	0	0	1
0.825	-0.45897	0.018757	-0.21243	1	0	0	0	1	0	0	0	1
0.83	-0.45897	0.018761	-0.21244	1	0	0	0	1	0	0	0	1
0.835	-0.45898	0.018759	-0.21243	1	0	0	0	1	0	0	0	1
0.84	-0.45897	0.018762	-0.21244	1	0	0	0	1	0	0	0	1
0.845	-0.45896	0.018757	-0.21245	1	0	0	0	1	0	0	0	1
0.85	-0.45895	0.01876	-0.21245	1	0	0	0	1	0	0	0	1
0.855	-0.45895	0.018765	-0.21246	1	0	0	0	1	0	0	0	1
0.86	-0.45895	0.018762	-0.21246	1	0	0	0	1	0	0	0	1
0.865	-0.45897	0.018752	-0.21245	1	0	0	0	1	0	0	0	1
0.87	-0.45896	0.018754	-0.21245	1	0	0	0	1	0	0	0	1
0.875	-0.45893	0.018766	-0.21247	1	0	0	0	1	0	0	0	1
0.88	-0.45894	0.018759	-0.21247	1	0	0	0	1	0	0	0	1
0.885	-0.45898	0.018739	-0.21244	1	0	0	0	1	0	0	0	1
0.89	-0.45902	0.01872	-0.21242	1	0	0	0	1	0	0	0	1
0.895	-0.45902	0.018728	-0.21241	1	0	0	0	1	0	0	0	1
0.9	-0.45901	0.018741	-0.21243	1	0	0	0	1	0	0	0	1
0.905	-0.45897	0.018745	-0.21244	1	0	0	0	1	0	0	0	1
0.91	-0.45899	0.018735	-0.21244	1	0	0	0	1	0	0	0	1
0.915	-0.45898	0.018739	-0.21245	1	0	0	0	1	0	0	0	1
0.92	-0.45897	0.018742	-0.21246	1	0	0	0	1	0	0	0	1
0.925	-0.45896	0.018744	-0.21247	1	0	0	0	1	0	0	0	1
0.93	-0.459	0.018728	-0.21246	1	0	0	0	1	0	0	0	1
0.935	-0.45902	0.018722	-0.21245	1	0	0	0	1	0	0	0	1
0.94	-0.45901	0.018719	-0.21246	1	0	0	0	1	0	0	0	1
0.945	-0.45899	0.01872	-0.21247	1	0	0	0	1	0	0	0	1
0.95	-0.45899	0.018718	-0.21247	1	0	0	0	1	0	0	0	1
0.955	-0.45902	0.018713	-0.21246	1	0	0	0	1	0	0	0	1
0.96	-0.45901	0.018725	-0.21247	1	0	0	0	1	0	0	0	1
0.965	-0.459	0.018731	-0.21248	1	0	0	0	1	0	0	0	1
0.97	-0.45901	0.018721	-0.21247	1	0	0	0	1	0	0	0	1
0.975	-0.45898	0.018726	-0.21248	1	0	0	0	1	0	0	0	1
0.98	-0.45898	0.018741	-0.21247	1	0	0	0	1	0	0	0	1
0.985	-0.45897	0.018756	-0.21247	1	0	0	0	1	0	0	0	1
0.99	-0.45899	0.018759	-0.21246	1	0	0	0	1	0	0	0	1
0.995	-0.459	0.018768	-0.21245	1	0	0	0	1	0	0	0	1
1	-0.45901	0.018778	-0.21244	1	0	0	0	1	0	0	0	1
1.005	-0.45902	0.018795	-0.21242	1	0	0	0	1	0	0	0	1
1.01	-0.45901	0.018809	-0.21241	1	0	0	0	1	0	0	0	1
1.015	-0.45902	0.018821	-0.21238	1	0	0	0	1	0	0	0	1
1.02	-0.45904	0.018834	-0.21235	1	0	0	0	1	0	0	0	1
1.025	-0.45903	0.018859	-0.21234	1	0	0	0	1	0	0	0	1
1.03	-0.45903	0.018877	-0.21233	1	0	0	0	1	0	0	0	1
1.035	-0.45905	0.018879	-0.2123	1	0	0	0	1	0	0	0	1
1.04	-0.45903	0.018905	-0.21229	1	0	0	0	1	0	0	0	1
1.045	-0.45899	0.018939	-0.21228	1	0	0	0	1	0	0	0	1
1.05	-0.459	0.018962	-0.21225	1	0	0	0	1	0	0	0	1
1.055	-0.45899	0.018985	-0.21223	1	0	0	0	1	0	0	0	1
1.06	-0.459	0.019004	-0.21221	1	0	0	0	1	0	0	0	1
1.065	-0.45902	0.019011	-0.21218	1	0	0	0	1	0	0	0	1
1.07	-0.45902	0.019015	-0.21215	1	0	0	0	1	0	0	0	1
1.075	-0.459	0.01903	-0.21214	1	0	0	0	1	0	0	0	1
1.08	-0.45901	0.019043	-0.21213	1	0	0	0	1	0	0	0	1
1.085	-0.45903	0.019047	-0.2121	1	0	0	0	1	0	0	0	1
1.09	-0.45902	0.019054	-0.21209	1	0	0	0	1	0	0	0	1
1.095	-0.45899	0.019069	-0.2121	1	0	0	0	1	0	0	0	1
1.1	-0.45899	0.019067	-0.21209	1	0	0	0	1	0	0	0	1
1.105	-0.459	0.019064	-0.21208	1	0	0	0	1	0	0	0	1
1.11	-0.45903	0.019065	-0.21206	1	0	0	0	1	0	0	0	1
1.115	-0.45901	0.019075	-0.21206	1	0	0	0	1	0	0	0	1
1.12	-0.45902	0.019074	-0.21204	1	0	0	0	1	0	0	0	1
1.125	-0.459	0.019078	-0.21205	1	0	0	0	1	0	0	0	1
1.13	-0.459	0.019078	-0.21205	1	0	0	0	1	0	0	0	1
1.135	-0.45904	0.019071	-0.21205	1	0	0	0	1	0	0	0	1
1.14	-0.45903	0.019078	-0.21207	1	0	0	0	1	0	0	0	1
1.145	-0.45903	0.019061	-0.21208	1	0	0	0	1	0	0	0	1
1.15	-0.45904	0.019059	-0.21208	1	0	0	0	1	0	0	0	1
1.155	-0.45902	0.019063	-0.2121	1	0	0	0	1	0	0	0	1
1.16	-0.45905	0.019047	-0.2121	1	0	0	0	1	0	0	0	1
1.165	-0.45902	0.019061	-0.21213	1	0	0	0	1	0	0	0	1
1.17	-0.45903	0.019056	-0.21215	1	0	0	0	1	0	0	0	1
1.175	-0.45905	0.019033	-0.21215	1	0	0	0	1	0	0	0	1
1.18	-0.45901	0.01904	-0.21217	1	0	0	0	1	0	0	0	1
1.185	-0.459	0.019036	-0.21218	1	0	0	0	1	0	0	0	1
1.19	-0.45902	0.01903	-0.21218	1	0	0	0	1	0	0	0	1
1.195	-0.459	0.019034	-0.21219	1	0	0	0	1	0	0	0	1
1.2	-0.45897	0.019032	-0.21219	1	0	0	0	1	0	0	0	1
1.205	-0.45899	0.019024	-0.21217	1	0	0	0	1	0	0	0	1
1.21	-0.45901	0.01902	-0.21215	1	0	0	0	1	0	0	0	1
1.215	-0.45903	0.019005	-0.21215	1	0	0	0	1	0	0	0	1
1.22	-0.45901	0.019007	-0.21215	1	0	0	0	1	0	0	0	1
1.225	-0.45897	0.019017	-0.21217	1	0	0	0	1	0	0	0	1
1.23	-0.45898	0.019008	-0.21218	1	0	0	0	1	0	0	0	1
1.235	-0.45902	0.018998	-0.21215	1	0	0	0	1	0	0	0	1
1.24	-0.45899	0.019005	-0.21217	1	0	0	0	1	0	0	0	1
1.245	-0.45899	0.019002	-0.21217	1	0	0	0	1	0	0	0	1
1.25	-0.45896	0.019018	-0.21219	1	0	0	0	1	0	0	0	1
1.255	-0.45899	0.019009	-0.21216	1	0	0	0	1	0	0	0	1
1.26	-0.45898	0.019007	-0.21214	1	0	0	0	1	0	0	0	1
1.265	-0.45898	0.019008	-0.21214	1	0	0	0	1	0	0	0	1
1.27	-0.45898	0.019008	-0.21212	1	0	0	0	1	0	0	0	1
1.275	-0.45901	0.019014	-0.21209	1	0	0	0	1	0	0	0	1
1.28	-0.45904	0.019015	-0.21206	1	0	0	0	1	0	0	0	1
1.285	-0.45903	0.019018	-0.21205	1	0	0	0	1	0	0	0	1
1.29	-0.45903	0.019033	-0.21204	1	0	0	0	1	0	0	0	1
1.295	-0.45904	0.019045	-0.21202	1	0	0	0	1	0	0	0	1
1.3	-0.45904	0.01905	-0.21199	1	0	0	0	1	0	0	0	1
1.305	-0.45905	0.019048	-0.21197	1	0	0	0	1	0	0	0	1
1.31	-0.45904	0.01906	-0.21195	1	0	0	0	1	0	0	0	1
1.315	-0.45903	0.019066	-0.21193	1	0	0	0	1	0	0	0	1
1.32	-0.459	0.019083	-0.21191	1	0	0	0	1	0	0	0	1
1.325	-0.45897	0.019105	-0.21191	1	0	0	0	1	0	0	0	1
1.33	-0.45899	0.019106	-0.21187	1	0	0	0	1	0	0	0	1
1.335	-0.459	0.019116	-0.21182	1	0	0	0	1	0	0	0	1
1.34	-0.45899	0.019139	-0.2118	1	0	0	0	1	0	0	0	1
1.345	-0.45895	0.019164	-0.21177	1	0	0	0	1	0	0	0	1
1.35	-0.45891	0.019195	-0.21175	1	0	0	0	1	0	0	0	1
1.355	-0.45891	0.01922	-0.21171	1	0	0	0	1	0	0	0	1
1.36	-0.45889	0.019237	-0.21166	1	0	0	0	1	0	0	0	1
1.365	-0.45888	0.019259	-0.21162	1	0	0	0	1	0	0	0	1
1.37	-0.45884	0.019289	-0.2116	1	0	0	0	1	0	0	0	1
1.375	-0.45882	0.019316	-0.21156	1	0	0	0	1	0	0	0	1
1.38	-0.45881	0.019339	-0.21151	1	0	0	0	1	0	0	0	1
1.385	-0.4588	0.019361	-0.21147	1	0	0	0	1	0	0	0	1
1.39	-0.45878	0.019387	-0.21143	1	0	0	0	1	0	0	0	1
1.395	-0.45879	0.019409	-0.21138	1	0	0	0	1	0	0	0	1
1.4	-0.45878	0.019443	-0.21133	1	0	0	0	1	0	0	0	1
1.405	-0.45878	0.019463	-0.21128	1	0	0	0	1	0	0	0	1
1.41	-0.45874	0.019487	-0.21126	1	0	0	0	1	0	0	0	1
1.415	-0.45873	0.019507	-0.21123	1	0	0	0	1	0	0	0	1
1.42	-0.45877	0.019515	-0.21118	1	0	0	0	1	0	0	0	1
1.425	-0.45877	0.01953	-0.21115	1	0	0	0	1	0	0	0	1
1.43	-0.45876	0.019537	-0.21113	1	0	0	0	1	0	0	0	1
1.435	-0.45877	0.019535	-0.21112	1	0	0	0	1	0	0	0	1
1.44	-0.45876	0.019536	-0.2111	1	0	0	0	1	0	0	0	1
1.445	-0.45878	0.019533	-0.21109	1	0	0	0	1	0	0	0	1
1.45	-0.4588	0.019525	-0.21107	1	0	0	0	1	0	0	0	1
1.455	-0.4588	0.019523	-0.21107	1	0	0	0	1	0	0	0	1
1.46	-0.45878	0.019522	-0.21107	1	0	0	0	1	0	0	0	1
1.465	-0.45879	0.019515	-0.21106	1	0	0	0	1	0	0	0	1
1.47	-0.4588	0.019515	-0.21105	1	0	0	0	1	0	0	0	1
1.475	-0.45878	0.019519	-0.21105	1	0	0	0	1	0	0	0	1
1.48	-0.45878	0.019517	-0.21102	1	0	0	0	1	0	0	0	1
1.485	-0.45878	0.019519	-0.21101	1	0	0	0	1	0	0	0	1
1.49	-0.45877	0.019522	-0.211	1	0	0	0	1	0	0	0	1
1.495	-0.4588	0.01951	-0.21096	1	0	0	0	1	0	0	0	1
1.5	-0.4588	0.019509	-0.21095	1	0	0	0	1	0	0	0	1
1.505	-0.45878	0.019518	-0.21095	1	0	0	0	1	0	0	0	1
1.51	-0.45878	0.019518	-0.21094	1	0	0	0	1	0	0	0	1
1.515	-0.45879	0.019519	-0.21093	1	0	0	0	1	0	0	0	1
1.52	-0.4588	0.01951	-0.21093	1	0	0	0	1	0	0	0	1
1.525	-0.4588	0.019496	-0.21094	1	0	0	0	1	0	0	0	1
1.53	-0.45882	0.01948	-0.21095	1	0	0	0	1	0	0	0	1
1.535	-0.45882	0.019475	-0.21095	1	0	0	0	1	0	0	0	1
1.54	-0.45882	0.01947	-0.21096	1	0	0	0	1	0	0	0	1
1.545	-0.45883	0.019453	-0.21098	1	0	0	0	1	0	0	0	1
1.55	-0.45885	0.019437	-0.21099	1	0	0	0	1	0	0	0	1
1.555	-0.45884	0.019422	-0.21101	1	0	0	0	1	0	0	0	1
1.56	-0.45884	0.019412	-0.21104	1	0	0	0	1	0	0	0	1
1.565	-0.45887	0.019396	-0.21106	1	0	0	0	1	0	0	0	1
1.57	-0.45889	0.019374	-0.21107	1	0	0	0	1	0	0	0	1
1.575	-0.45892	0.019358	-0.21108	1	0	0	0	1	0	0	0	1
1.58	-0.45895	0.019344	-0.21108	1	0	0	0	1	0	0	0	1
1.585	-0.459	0.019329	-0.21108	1	0	0	0	1	0	0	0	1
1.59	-0.459	0.019329	-0.21108	1	0	0	0	1	0	0	0	1
1.595	-0.459	0.019324	-0.21109	1	0	0	0	1	0	0	0	1
1.6	-0.45903	0.019324	-0.21109	1	0	0	0	1	0	0	0	1
1.605	-0.45906	0.019325	-0.21107	1	0	0	0	1	0	0	0	1
1.61	-0.45904	0.019334	-0.21108	1	0	0	0	1	0	0	0	1
1.615	-0.45905	0.019331	-0.21107	1	0	0	0	1	0	0	0	1
1.62	-0.45912	0.019322	-0.21104	1	0	0	0	1	0	0	0	1
1.625	-0.45912	0.01933	-0.21104	1	0	0	0	1	0	0	0	1
1.63	-0.45914	0.019335	-0.21103	1	0	0	0	1	0	0	0	1
1.635	-0.45916	0.019341	-0.21102	1	0	0	0	1	0	0	0	1
1.64	-0.45918	0.019347	-0.21101	1	0	0	0	1	0	0	0	1
1.645	-0.45921	0.01935	-0.211	1	0	0	0	1	0	0	0	1
1.65	-0.45925	0.019344	-0.21097	1	0	0	0	1	0	0	0	1
1.655	-0.45927	0.019344	-0.21095	1	0	0	0	1	0	0	0	1
1.66	-0.45929	0.01935	-0.21093	1	0	0	0	1	0	0	0	1
1.665	-0.45928	0.019361	-0.21092	1	0	0	0	1	0	0	0	1
1.67	-0.45928	0.019373	-0.21091	1	0	0	0	1	0	0	0	1
1.675	-0.4593	0.019379	-0.21088	1	0	0	0	1	0	0	0	1
1.68	-0.45934	0.019375	-0.21083	1	0	0	0	1	0	0	0	1
1.685	-0.45933	0.019391	-0.21081	1	0	0	0	1	0	0	0	1
1.69	-0.45933	0.019407	-0.2108	1	0	0	0	1	0	0	0	1
1.695	-0.45936	0.019413	-0.21076	1	0	0	0	1	0	0	0	1
1.7	-0.45939	0.019411	-0.2107	1	0	0	0	1	0	0	0	1
1.705	-0.45942	0.019408	-0.21066	1	0	0	0	1	0	0	0	1
1.71	-0.45945	0.019413	-0.21063	1	0	0	0	1	0	0	0	1
1.715	-0.45945	0.019424	-0.2106	1	0	0	0	1	0	0	0	1
1.72	-0.45944	0.019438	-0.21059	1	0	0	0	1	0	0	0	1
1.725	-0.45948	0.01944	-0.21054	1	0	0	0	1	0	0	0	1
1.73	-0.45948	0.019443	-0.2105	1	0	0	0	1	0	0	0	1
1.735	-0.45948	0.019449	-0.21047	1	0	0	0	1	0	0	0	1
1.74	-0.45948	0.019448	-0.21044	1	0	0	0	1	0	0	0	1
1.745	-0.45953	0.01944	-0.21038	1	0	0	0	1	0	0	0	1
1.75	-0.45952	0.019443	-0.21034	1	0	0	0	1	0	0	0	1
1.755	-0.45952	0.019435	-0.21031	1	0	0	0	1	0	0	0	1
1.76	-0.45954	0.019425	-0.21027	1	0	0	0	1	0	0	0	1
1.765	-0.45953	0.019417	-0.21024	1	0	0	0	1	0	0	0	1
1.77	-0.45953	0.019394	-0.21022	1	0	0	0	1	0	0	0	1
1.775	-0.45952	0.019383	-0.21019	1	0	0	0	1	0	0	0	1
1.78	-0.45948	0.019379	-0.21018	1	0	0	0	1	0	0	0	1
1.785	-0.45942	0.019378	-0.21018	1	0	0	0	1	0	0	0	1
1.79	-0.45939	0.019373	-0.21015	1	0	0	0	1	0	0	0	1
1.795	-0.45934	0.019382	-0.21012	1	0	0	0	1	0	0	0	1
1.8	-0.4593	0.019397	-0.21008	1	0	0	0	1	0	0	0	1
1.805	-0.45924	0.019427	-0.21003	1	0	0	0	1	0	0	0	1
1.81	-0.45922	0.019466	-0.20996	1	0	0	0	1	0	0	0	1
1.815	-0.45923	0.019521	-0.20984	1	0	0	0	1	0	0	0	1
1.82	-0.45922	0.019611	-0.20968	1	0	0	0	1	0	0	0	1
1.825	-0.45919	0.019724	-0.20953	1	0	0	0	1	0	0	0	1
1.83	-0.45917	0.019848	-0.20935	1	0	0	0	1	0	0	0	1
1.835	-0.45914	0.020005	-0.20914	1	0	0	0	1	0	0	0	1
1.84	-0.45898	0.020216	-0.20896	1	0	0	0	1	0	0	0	1
1.845	-0.45878	0.020449	-0.2088	1	0	0	0	1	0	0	0	1
1.85	-0.45858	0.020706	-0.20865	1	0	0	0	1	0	0	0	1
1.855	-0.45834	0.020994	-0.20855	1	0	0	0	1	0	0	0	1
1.86	-0.45805	0.021303	-0.20851	1	0	0	0	1	0	0	0	1
1.865	-0.45775	0.021601	-0.20851	1	0	0	0	1	0	0	0	1
1.87	-0.45735	0.021916	-0.2086	1	0	0	0	1	0	0	0	1
1.875	-0.45693	0.022243	-0.20873	1	0	0	0	1	0	0	0	1
1.88	-0.45651	0.022592	-0.20889	1	0	0	0	1	0	0	0	1
1.885	-0.45607	0.022952	-0.2091	1	0	0	0	1	0	0	0	1
1.89	-0.4556	0.023317	-0.20935	1	0	0	0	1	0	0	0	1
1.895	-0.45503	0.023624	-0.20968	1	0	0	0	1	0	0	0	1
1.9	-0.45464	0.023862	-0.20994	1	0	0	0	1	0	0	0	1
1.905	-0.45426	0.024316	-0.21016	1	0	0	0	1	0	0	0	1
1.91	-0.45385	0.024615	-0.2104	1	0	0	0	1	0	0	0	1
1.915	-0.45331	0.024887	-0.21069	1	0	0	0	1	0	0	0	1
1.92	-0.45313	0.025103	-0.21085	1	0	0	0	1	0	0	0	1
1.925	-0.45288	0.025293	-0.21099	1	0	0	0	1	0	0	0	1
1.93	-0.45257	0.025485	-0.21111	1	0	0	0	1	0	0	0	1
1.935	-0.45236	0.025636	-0.21118	1	0	0	0	1	0	0	0	1
1.94	-0.45227	0.025737	-0.21118	1	0	0	0	1	0	0	0	1
1.945	-0.4523	0.025781	-0.21112	1	0	0	0	1	0	0	0	1
1.95	-0.45243	0.025798	-0.21101	1	0	0	0	1	0	0	0	1
1.955	-0.45261	0.025793	-0.21085	1	0	0	0	1	0	0	0	1
1.96	-0.45275	0.025805	-0.21068	1	0	0	0	1	0	0	0	1
1.965	-0.4528	0.025849	-0.21051	1	0	0	0	1	0	0	0	1
1.97	-0.45289	0.025905	-0.2103	1	0	0	0	1	0	0	0	1
1.975	-0.45311	0.025952	-0.21005	1	0	0	0	1	0	0	0	1
1.98	-0.45334	0.026004	-0.20981	1	0	0	0	1	0	0	0	1
1.985	-0.45342	0.026096	-0.20964	1	0	0	0	1	0	0	0	1
1.99	-0.45341	0.026215	-0.20951	1	0	0	0	1	0	0	0	1
1.995	-0.45338	0.026346	-0.20943	1	0	0	0	1	0	0	0	1
2	-0.45332	0.02649	-0.2094	1	0	0	0	1	0	0	0	1
2.005	-0.45327	0.026625	-0.2094	1	0	0	0	1	0	0	0	1
2.01	-0.45317	0.026765	-0.20943	1	0	0	0	1	0	0	0	1
2.015	-0.45302	0.026913	-0.20949	1	0	0	0	1	0	0	0	1
2.02	-0.45286	0.027033	-0.20957	1	0	0	0	1	0	0	0	1
2.025	-0.45267	0.027175	-0.20965	1	0	0	0	1	0	0	0	1
2.03	-0.45247	0.027343	-0.20972	1	0	0	0	1	0	0	0	1
2.035	-0.45229	0.027528	-0.20975	1	0	0	0	1	0	0	0	1
2.04	-0.45211	0.027788	-0.20976	1	0	0	0	1	0	0	0	1
2.045	-0.45188	0.028187	-0.20975	1	0	0	0	1	0	0	0	1
2.05	-0.45155	0.02868	-0.2097	1	0	0	0	1	0	0	0	1
2.055	-0.45119	0.029213	-0.20962	1	0	0	0	1	0	0	0	1
2.06	-0.45076	0.029977	-0.20951	1	0	0	0	1	0	0	0	1
2.065	-0.45021	0.030856	-0.20939	1	0	0	0	1	0	0	0	1
2.07	-0.4495	0.031854	-0.20925	1	0	0	0	1	0	0	0	1
2.075	-0.44847	0.033157	-0.20915	1	0	0	0	1	0	0	0	1
2.08	-0.4473	0.03464	-0.20902	1	0	0	0	1	0	0	0	1
2.085	-0.44587	0.036332	-0.20887	1	0	0	0	1	0	0	0	1
2.09	-0.44413	0.038175	-0.20872	1	0	0	0	1	0	0	0	1
2.095	-0.44202	0.040186	-0.20859	1	0	0	0	1	0	0	0	1
2.1	-0.43971	0.042281	-0.20839	1	0	0	0	1	0	0	0	1
2.105	-0.43709	0.044524	-0.20817	1	0	0	0	1	0	0	0	1
2.11	-0.43404	0.047043	-0.20809	1	0	0	0	1	0	0	0	1
2.115	-0.43084	0.049491	-0.20809	1	0	0	0	1	0	0	0	1
2.12	-0.42752	0.052059	-0.20821	1	0	0	0	1	0	0	0	1
2.125	-0.42396	0.054837	-0.20842	1	0	0	0	1	0	0	0	1
2.13	-0.42039	0.058257	-0.20833	1	0	0	0	1	0	0	0	1
2.135	-0.41531	0.062263	-0.20843	1	0	0	0	1	0	0	0	1
2.14	-0.4097	0.066853	-0.20835	1	0	0	0	1	0	0	0	1
2.145	-0.40343	0.071977	-0.2085	1	0	0	0	1	0	0	0	1
2.15	-0.3969	0.077453	-0.20876	1	0	0	0	1	0	0	0	1
2.155	-0.39015	0.083177	-0.20906	1	0	0	0	1	0	0	0	1
2.16	-0.38295	0.089199	-0.20946	1	0	0	0	1	0	0	0	1
2.165	-0.37579	0.095296	-0.20969	1	0	0	0	1	0	0	0	1
2.17	-0.36774	0.10147	-0.21012	1	0	0	0	1	0	0	0	1
2.175	-0.35923	0.10761	-0.21056	1	0	0	0	1	0	0	0	1
2.18	-0.35026	0.11371	-0.21098	1	0	0	0	1	0	0	0	1
2.185	-0.34092	0.11958	-0.21114	1	0	0	0	1	0	0	0	1
2.19	-0.3309	0.12508	-0.21125	1	0	0	0	1	0	0	0	1
2.195	-0.3204	0.13023	-0.21121	1	0	0	0	1	0	0	0	1
2.2	-0.30904	0.13513	-0.21119	1	0	0	0	1	0	0	0	1
2.205	-0.29713	0.13933	-0.21088	1	0	0	0	1	0	0	0	1
2.21	-0.2844	0.14299	-0.21055	1	0	0	0	1	0	0	0	1
2.215	-0.271	0.14625	-0.21032	1	0	0	0	1	0	0	0	1
2.22	-0.25741	0.14882	-0.20987	1	0	0	0	1	0	0	0	1
2.225	-0.2432	0.1509	-0.20955	1	0	0	0	1	0	0	0	1
2.23	-0.22858	0.15251	-0.20918	1	0	0	0	1	0	0	0	1
2.235	-0.21335	0.15375	-0.20878	1	0	0	0	1	0	0	0	1
2.24	-0.19763	0.15463	-0.20826	1	0	0	0	1	0	0	0	1
2.245	-0.18109	0.1553	-0.20791	1	0	0	0	1	0	0	0	1
2.25	-0.16413	0.15571	-0.20751	1	0	0	0	1	0	0	0	1
2.255	-0.14682	0.15598	-0.20708	1	0	0	0	1	0	0	0	1
2.26	-0.12814	0.15614	-0.20729	1	0	0	0	1	0	0	0	1
2.265	-0.1102	0.1562	-0.20701	1	0	0	0	1	0	0	0	1
2.27	-0.092234	0.15625	-0.20675	1	0	0	0	1	0	0	0	1
2.275	-0.074127	0.15616	-0.20662	1	0	0	0	1	0	0	0	1
2.28	-0.056077	0.15589	-0.20649	1	0	0	0	1	0	0	0	1
2.285	-0.03836	0.15547	-0.20628	1	0	0	0	1	0	0	0	1
2.29	-0.020874	0.15481	-0.20604	1	0	0	0	1	0	0	0	1
2.295	-0.0033596	0.15409	-0.20595	1	0	0	0	1	0	0	0	1
2.3	0.014187	0.15331	-0.20597	1	0	0	0	1	0	0	0	1
2.305	0.031592	0.15251	-0.206	1	0	0	0	1	0	0	0	1
2.31	0.04889	0.15161	-0.20609	1	0	0	0	1	0	0	0	1
2.315	0.066167	0.15065	-0.20625	1	0	0	0	1	0	0	0	1
2.32	0.083345	0.14968	-0.20643	1	0	0	0	1	0	0	0	1
2.325	0.10057	0.14868	-0.20672	1	0	0	0	1	0	0	0	1
2.33	0.11773	0.14761	-0.20706	1	0	0	0	1	0	0	0	1
2.335	0.13473	0.14648	-0.2074	1	0	0	0	1	0	0	0	1
2.34	0.1517	0.14533	-0.20778	1	0	0	0	1	0	0	0	1
2.345	0.16861	0.14416	-0.2082	1	0	0	0	1	0	0	0	1
2.35	0.18531	0.14298	-0.20862	1	0	0	0	1	0	0	0	1
2.355	0.20186	0.14184	-0.20908	1	0	0	0	1	0	0	0	1
2.36	0.21807	0.14066	-0.2095	1	0	0	0	1	0	0	0	1
2.365	0.23392	0.13945	-0.20994	1	0	0	0	1	0	0	0	1
2.37	0.24939	0.13821	-0.21044	1	0	0	0	1	0	0	0	1
2.375	0.26425	0.13678	-0.21089	1	0	0	0	1	0	0	0	1
2.38	0.27855	0.13511	-0.21134	1	0	0	0	1	0	0	0	1
2.385	0.29215	0.13311	-0.21174	1	0	0	0	1	0	0	0	1
2.39	0.30505	0.13078	-0.21204	1	0	0	0	1	0	0	0	1
2.395	0.31732	0.1281	-0.21226	1	0	0	0	1	0	0	0	1
2.4	0.32888	0.12493	-0.21231	1	0	0	0	1	0	0	0	1
2.405	0.3398	0.12133	-0.21218	1	0	0	0	1	0	0	0	1
2.41	0.35008	0.1173	-0.2118	1	0	0	0	1	0	0	0	1
2.415	0.35968	0.11281	-0.21122	1	0	0	0	1	0	0	0	1
2.42	0.36865	0.10787	-0.21049	1	0	0	0	1	0	0	0	1
2.425	0.3768	0.10243	-0.20956	1	0	0	0	1	0	0	0	1
2.43	0.38412	0.0965	-0.20847	1	0	0	0	1	0	0	0	1
2.435	0.39062	0.090131	-0.20725	1	0	0	0	1	0	0	0	1
2.44	0.39626	0.083337	-0.20592	1	0	0	0	1	0	0	0	1
2.445	0.40113	0.076193	-0.20452	1	0	0	0	1	0	0	0	1
2.45	0.40526	0.068738	-0.203	1	0	0	0	1	0	0	0	1
2.455	0.40878	0.060987	-0.20137	1	0	0	0	1	0	0	0	1
2.46	0.41184	0.052994	-0.19967	1	0	0	0	1	0	0	0	1
2.465	0.41444	0.04477	-0.19774	1	0	0	0	1	0	0	0	1
2.47	0.41595	0.037023	-0.19611	1	0	0	0	1	0	0	0	1
2.475	0.41636	0.032132	-0.19594	1	0	0	0	1	0	0	0	1
2.48	0.41443	0.028698	-0.19603	1	0	0	0	1	0	0	0	1
2.485	0.41059	0.025737	-0.19591	1	0	0	0	1	0	0	0	1
2.49	0.40732	0.024269	-0.19557	1	0	0	0	1	0	0	0	1
2.495	0.40572	0.023298	-0.19542	1	0	0	0	1	0	0	0	1
2.5	0.40509	0.022115	-0.19589	1	0	0	0	1	0	0	0	1
2.505	0.40461	0.021093	-0.19645	1	0	0	0	1	0	0	0	1
2.51	0.40393	0.020369	-0.1967	1	0	0	0	1	0	0	0	1
2.515	0.40325	0.020039	-0.19661	1	0	0	0	1	0	0	0	1
2.52	0.4028	0.020026	-0.19622	1	0	0	0	1	0	0	0	1
2.525	0.40257	0.020248	-0.19551	1	0	0	0	1	0	0	0	1
2.53	0.40289	0.020701	-0.19476	1	0	0	0	1	0	0	0	1
2.535	0.40394	0.021061	-0.19418	1	0	0	0	1	0	0	0	1
2.54	0.40492	0.021404	-0.19353	1	0	0	0	1	0	0	0	1
2.545	0.4054	0.02176	-0.19289	1	0	0	0	1	0	0	0	1
2.55	0.40558	0.021948	-0.19255	1	0	0	0	1	0	0	0	1
2.555	0.40554	0.02192	-0.19255	1	0	0	0	1	0	0	0	1
2.56	0.40541	0.021831	-0.19267	1	0	0	0	1	0	0	0	1
2.565	0.40522	0.021724	-0.19284	1	0	0	0	1	0	0	0	1
2.57	0.40505	0.021589	-0.1931	1	0	0	0	1	0	0	0	1
2.575	0.40492	0.021497	-0.19326	1	0	0	0	1	0	0	0	1
2.58	0.40488	0.0215	-0.19323	1	0	0	0	1	0	0	0	1
2.585	0.40491	0.021563	-0.19307	1	0	0	0	1	0	0	0	1
2.59	0.40497	0.021639	-0.19291	1	0	0	0	1	0	0	0	1
2.595	0.40501	0.021701	-0.19279	1	0	0	0	1	0	0	0	1
2.6	0.40501	0.021753	-0.19272	1	0	0	0	1	0	0	0	1
2.605	0.405	0.0218	-0.19269	1	0	0	0	1	0	0	0	1
2.61	0.40496	0.021833	-0.1927	1	0	0	0	1	0	0	0	1
2.615	0.40491	0.021856	-0.19275	1	0	0	0	1	0	0	0	1
2.62	0.40485	0.021876	-0.19281	1	0	0	0	1	0	0	0	1
2.625	0.40479	0.021902	-0.19284	1	0	0	0	1	0	0	0	1
2.63	0.40476	0.021944	-0.19285	1	0	0	0	1	0	0	0	1
2.635	0.40475	0.021999	-0.19284	1	0	0	0	1	0	0	0	1
2.64	0.40475	0.022066	-0.1928	1	0	0	0	1	0	0	0	1
2.645	0.40477	0.022147	-0.19274	1	0	0	0	1	0	0	0	1
2.65	0.40478	0.02223	-0.19267	1	0	0	0	1	0	0	0	1
2.655	0.40477	0.022305	-0.19258	1	0	0	0	1	0	0	0	1
2.66	0.40476	0.022373	-0.19252	1	0	0	0	1	0	0	0	1
2.665	0.40476	0.022441	-0.19246	1	0	0	0	1	0	0	0	1
2.67	0.40476	0.022498	-0.1924	1	0	0	0	1	0	0	0	1
2.675	0.40477	0.022548	-0.19233	1	0	0	0	1	0	0	0	1
2.68	0.40481	0.022601	-0.19225	1	0	0	0	1	0	0	0	1
2.685	0.40486	0.022655	-0.19218	1	0	0	0	1	0	0	0	1
2.69	0.40491	0.022709	-0.19208	1	0	0	0	1	0	0	0	1
2.695	0.40495	0.022761	-0.19198	1	0	0	0	1	0	0	0	1
2.7	0.40498	0.02281	-0.19189	1	0	0	0	1	0	0	0	1
2.705	0.405	0.022856	-0.19183	1	0	0	0	1	0	0	0	1
2.71	0.40502	0.0229	-0.19178	1	0	0	0	1	0	0	0	1
2.715	0.40503	0.022938	-0.19174	1	0	0	0	1	0	0	0	1
2.72	0.40504	0.022972	-0.19172	1	0	0	0	1	0	0	0	1
2.725	0.40505	0.023001	-0.1917	1	0	0	0	1	0	0	0	1
2.73	0.40504	0.023022	-0.19169	1	0	0	0	1	0	0	0	1
2.735	0.40503	0.023038	-0.1917	1	0	0	0	1	0	0	0	1
2.74	0.40501	0.02305	-0.19173	1	0	0	0	1	0	0	0	1
2.745	0.40501	0.02307	-0.19176	1	0	0	0	1	0	0	0	1
2.75	0.405	0.023087	-0.1918	1	0	0	0	1	0	0	0	1
2.755	0.40498	0.0231	-0.19184	1	0	0	0	1	0	0	0	1
2.76	0.40496	0.023115	-0.19188	1	0	0	0	1	0	0	0	1
2.765	0.40494	0.023125	-0.19192	1	0	0	0	1	0	0	0	1
2.77	0.40492	0.023137	-0.19196	1	0	0	0	1	0	0	0	1
2.775	0.40492	0.023154	-0.192	1	0	0	0	1	0	0	0	1
2.78	0.40492	0.023166	-0.19204	1	0	0	0	1	0	0	0	1
2.785	0.40489	0.023179	-0.19207	1	0	0	0	1	0	0	0	1
2.79	0.40487	0.023209	-0.1921	1	0	0	0	1	0	0	0	1
2.795	0.40486	0.023238	-0.19213	1	0	0	0	1	0	0	0	1
2.8	0.40483	0.023265	-0.19216	1	0	0	0	1	0	0	0	1
2.805	0.40481	0.023294	-0.19218	1	0	0	0	1	0	0	0	1
2.81	0.4048	0.023328	-0.19219	1	0	0	0	1	0	0	0	1
2.815	0.40478	0.023363	-0.1922	1	0	0	0	1	0	0	0	1
2.82	0.40478	0.023408	-0.19219	1	0	0	0	1	0	0	0	1
2.825	0.40479	0.023461	-0.19217	1	0	0	0	1	0	0	0	1
2.83	0.4048	0.023516	-0.19214	1	0	0	0	1	0	0	0	1
2.835	0.40481	0.023581	-0.1921	1	0	0	0	1	0	0	0	1
2.84	0.40483	0.023651	-0.19206	1	0	0	0	1	0	0	0	1
2.845	0.40483	0.023725	-0.19201	1	0	0	0	1	0	0	0	1
2.85	0.40485	0.023804	-0.19196	1	0	0	0	1	0	0	0	1
2.855	0.40484	0.023871	-0.19191	1	0	0	0	1	0	0	0	1
2.86	0.40482	0.023926	-0.19188	1	0	0	0	1	0	0	0	1
2.865	0.40481	0.023977	-0.19185	1	0	0	0	1	0	0	0	1
2.87	0.40479	0.024026	-0.19185	1	0	0	0	1	0	0	0	1
2.875	0.40476	0.024067	-0.19186	1	0	0	0	1	0	0	0	1
2.88	0.40473	0.0241	-0.19186	1	0	0	0	1	0	0	0	1
2.885	0.40469	0.024133	-0.19186	1	0	0	0	1	0	0	0	1
2.89	0.40467	0.024178	-0.19185	1	0	0	0	1	0	0	0	1
2.895	0.40466	0.024239	-0.19183	1	0	0	0	1	0	0	0	1
2.9	0.40466	0.024311	-0.19179	1	0	0	0	1	0	0	0	1
2.905	0.40466	0.024377	-0.19172	1	0	0	0	1	0	0	0	1
2.91	0.40467	0.024447	-0.19165	1	0	0	0	1	0	0	0	1
2.915	0.40467	0.024526	-0.19156	1	0	0	0	1	0	0	0	1
2.92	0.40468	0.024608	-0.19147	1	0	0	0	1	0	0	0	1
2.925	0.40471	0.024701	-0.19139	1	0	0	0	1	0	0	0	1
2.93	0.40473	0.0248	-0.1913	1	0	0	0	1	0	0	0	1
2.935	0.40475	0.024899	-0.19122	1	0	0	0	1	0	0	0	1
2.94	0.40476	0.024988	-0.19113	1	0	0	0	1	0	0	0	1
2.945	0.40475	0.02507	-0.19105	1	0	0	0	1	0	0	0	1
2.95	0.40475	0.025154	-0.19096	1	0	0	0	1	0	0	0	1
2.955	0.40475	0.025238	-0.19089	1	0	0	0	1	0	0	0	1
2.96	0.40475	0.02531	-0.19083	1	0	0	0	1	0	0	0	1
2.965	0.40474	0.025378	-0.19076	1	0	0	0	1	0	0	0	1
2.97	0.40473	0.025448	-0.19069	1	0	0	0	1	0	0	0	1
2.975	0.40471	0.025519	-0.19061	1	0	0	0	1	0	0	0	1
2.98	0.4047	0.025591	-0.19052	1	0	0	0	1	0	0	0	1
2.985	0.4047	0.025666	-0.19043	1	0	0	0	1	0	0	0	1
2.99	0.4047	0.025738	-0.19034	1	0	0	0	1	0	0	0	1
2.995	0.4047	0.025806	-0.19025	1	0	0	0	1	0	0	0	1
3	0.40471	0.025867	-0.19017	1	0	0	0	1	0	0	0	1
3.005	0.40472	0.025918	-0.1901	1	0	0	0	1	0	0	0	1
3.01	0.40472	0.025962	-0.19003	1	0	0	0	1	0	0	0	1
3.015	0.40473	0.026002	-0.18998	1	0	0	0	1	0	0	0	1
3.02	0.40472	0.026026	-0.18994	1	0	0	0	1	0	0	0	1
3.025	0.40472	0.026047	-0.18991	1	0	0	0	1	0	0	0	1
3.03	0.40472	0.026061	-0.18988	1	0	0	0	1	0	0	0	1
3.035	0.40472	0.026076	-0.18986	1	0	0	0	1	0	0	0	1
3.04	0.40472	0.026088	-0.18983	1	0	0	0	1	0	0	0	1
3.045	0.4047	0.026097	-0.1898	1	0	0	0	1	0	0	0	1
3.05	0.40471	0.026112	-0.18978	1	0	0	0	1	0	0	0	1
3.055	0.40471	0.026128	-0.18975	1	0	0	0	1	0	0	0	1
3.06	0.40471	0.02615	-0.18972	1	0	0	0	1	0	0	0	1
3.065	0.40472	0.026175	-0.18968	1	0	0	0	1	0	0	0	1
3.07	0.40473	0.026196	-0.18963	1	0	0	0	1	0	0	0	1
3.075	0.40474	0.026217	-0.18958	1	0	0	0	1	0	0	0	1
3.08	0.40475	0.026236	-0.18955	1	0	0	0	1	0	0	0	1
3.085	0.40476	0.02625	-0.18952	1	0	0	0	1	0	0	0	1
3.09	0.40476	0.026256	-0.18949	1	0	0	0	1	0	0	0	1
3.095	0.40476	0.026255	-0.18947	1	0	0	0	1	0	0	0	1
3.1	0.40477	0.026255	-0.18946	1	0	0	0	1	0	0	0	1
3.105	0.40477	0.026248	-0.18945	1	0	0	0	1	0	0	0	1
3.11	0.40477	0.026233	-0.18945	1	0	0	0	1	0	0	0	1
3.115	0.40476	0.026219	-0.18945	1	0	0	0	1	0	0	0	1
3.12	0.40475	0.026204	-0.18947	1	0	0	0	1	0	0	0	1
3.125	0.40474	0.026188	-0.18949	1	0	0	0	1	0	0	0	1
3.13	0.40474	0.026176	-0.18953	1	0	0	0	1	0	0	0	1
3.135	0.40473	0.026164	-0.18956	1	0	0	0	1	0	0	0	1
3.14	0.40472	0.026154	-0.18959	1	0	0	0	1	0	0	0	1
3.145	0.4047	0.026142	-0.18961	1	0	0	0	1	0	0	0	1
3.15	0.40468	0.026127	-0.18963	1	0	0	0	1	0	0	0	1
3.155	0.40467	0.026116	-0.18965	1	0	0	0	1	0	0	0	1
3.16	0.40465	0.026116	-0.18967	1	0	0	0	1	0	0	0	1
3.165	0.40465	0.026126	-0.18968	1	0	0	0	1	0	0	0	1
3.17	0.40464	0.026139	-0.18969	1	0	0	0	1	0	0	0	1
3.175	0.40462	0.02615	-0.18967	1	0	0	0	1	0	0	0	1
3.18	0.4046	0.026164	-0.18964	1	0	0	0	1	0	0	0	1
3.185	0.40459	0.026188	-0.18961	1	0	0	0	1	0	0	0	1
3.19	0.40459	0.026214	-0.18956	1	0	0	0	1	0	0	0	1
3.195	0.40459	0.02624	-0.1895	1	0	0	0	1	0	0	0	1
3.2	0.40461	0.02628	-0.18944	1	0	0	0	1	0	0	0	1
3.205	0.40463	0.026335	-0.18934	1	0	0	0	1	0	0	0	1
3.21	0.40466	0.026399	-0.18923	1	0	0	0	1	0	0	0	1
3.215	0.40469	0.026476	-0.18909	1	0	0	0	1	0	0	0	1
3.22	0.40474	0.026566	-0.18895	1	0	0	0	1	0	0	0	1
3.225	0.4048	0.026667	-0.18881	1	0	0	0	1	0	0	0	1
3.23	0.40487	0.026778	-0.18865	1	0	0	0	1	0	0	0	1
3.235	0.40492	0.02691	-0.18846	1	0	0	0	1	0	0	0	1
3.24	0.40496	0.027072	-0.18823	1	0	0	0	1	0	0	0	1
3.245	0.40497	0.027257	-0.18795	1	0	0	0	1	0	0	0	1
3.25	0.40496	0.027461	-0.18766	1	0	0	0	1	0	0	0	1
3.255	0.40495	0.027689	-0.18735	1	0	0	0	1	0	0	0	1
3.26	0.40492	0.027936	-0.187	1	0	0	0	1	0	0	0	1
3.265	0.40487	0.028198	-0.18663	1	0	0	0	1	0	0	0	1
3.27	0.40498	0.02857	-0.18634	1	0	0	0	1	0	0	0	1
3.275	0.4048	0.028767	-0.18596	1	0	0	0	1	0	0	0	1
3.28	0.40479	0.029107	-0.18563	1	0	0	0	1	0	0	0	1
3.285	0.40484	0.029501	-0.18533	1	0	0	0	1	0	0	0	1
3.29	0.40473	0.029773	-0.18498	1	0	0	0	1	0	0	0	1
3.295	0.40463	0.030015	-0.18464	1	0	0	0	1	0	0	0	1
3.3	0.4047	0.030326	-0.18436	1	0	0	0	1	0	0	0	1
3.305	0.40477	0.030643	-0.1841	1	0	0	0	1	0	0	0	1
3.31	0.40475	0.030877	-0.18382	1	0	0	0	1	0	0	0	1
3.315	0.40471	0.031032	-0.18354	1	0	0	0	1	0	0	0	1
3.32	0.40474	0.031183	-0.18328	1	0	0	0	1	0	0	0	1
3.325	0.40486	0.031361	-0.18308	1	0	0	0	1	0	0	0	1
3.33	0.405	0.031523	-0.1829	1	0	0	0	1	0	0	0	1
3.335	0.40513	0.031664	-0.18273	1	0	0	0	1	0	0	0	1
3.34	0.40525	0.031793	-0.18256	1	0	0	0	1	0	0	0	1
3.345	0.40532	0.031903	-0.18239	1	0	0	0	1	0	0	0	1
3.35	0.40536	0.031989	-0.18222	1	0	0	0	1	0	0	0	1
3.355	0.40536	0.032046	-0.18204	1	0	0	0	1	0	0	0	1
3.36	0.40536	0.032097	-0.18186	1	0	0	0	1	0	0	0	1
3.365	0.40538	0.032136	-0.18169	1	0	0	0	1	0	0	0	1
3.37	0.40543	0.03216	-0.18154	1	0	0	0	1	0	0	0	1
3.375	0.40552	0.03218	-0.1814	1	0	0	0	1	0	0	0	1
3.38	0.40563	0.032183	-0.18127	1	0	0	0	1	0	0	0	1
3.385	0.40574	0.032174	-0.18116	1	0	0	0	1	0	0	0	1
3.39	0.40584	0.032157	-0.18106	1	0	0	0	1	0	0	0	1
3.395	0.40591	0.032131	-0.18101	1	0	0	0	1	0	0	0	1
3.4	0.40594	0.032105	-0.18099	1	0	0	0	1	0	0	0	1
3.405	0.40593	0.032086	-0.18103	1	0	0	0	1	0	0	0	1
3.41	0.40591	0.032068	-0.18108	1	0	0	0	1	0	0	0	1
3.415	0.40588	0.032043	-0.18113	1	0	0	0	1	0	0	0	1
3.42	0.40587	0.032023	-0.18116	1	0	0	0	1	0	0	0	1
3.425	0.40587	0.03201	-0.18117	1	0	0	0	1	0	0	0	1
3.43	0.40588	0.032005	-0.18117	1	0	0	0	1	0	0	0	1
3.435	0.40589	0.031988	-0.18117	1	0	0	0	1	0	0	0	1
3.44	0.40588	0.031958	-0.18118	1	0	0	0	1	0	0	0	1
3.445	0.40588	0.031911	-0.18121	1	0	0	0	1	0	0	0	1
3.45	0.40587	0.031849	-0.18126	1	0	0	0	1	0	0	0	1
3.455	0.40586	0.03174	-0.18132	1	0	0	0	1	0	0	0	1
3.46	0.40586	0.031581	-0.18141	1	0	0	0	1	0	0	0	1
3.465	0.40592	0.031399	-0.18154	1	0	0	0	1	0	0	0	1
3.47	0.40601	0.031219	-0.1817	1	0	0	0	1	0	0	0	1
3.475	0.40612	0.031059	-0.18189	1	0	0	0	1	0	0	0	1
3.48	0.40616	0.030865	-0.18207	1	0	0	0	1	0	0	0	1
3.485	0.40615	0.030624	-0.18223	1	0	0	0	1	0	0	0	1
3.49	0.40615	0.030371	-0.18239	1	0	0	0	1	0	0	0	1
3.495	0.40624	0.03019	-0.18257	1	0	0	0	1	0	0	0	1
3.5	0.40638	0.030067	-0.18276	1	0	0	0	1	0	0	0	1
3.505	0.4065	0.029972	-0.18293	1	0	0	0	1	0	0	0	1
3.51	0.40654	0.029877	-0.18306	1	0	0	0	1	0	0	0	1
3.515	0.40653	0.029767	-0.18316	1	0	0	0	1	0	0	0	1
3.52	0.40649	0.029636	-0.18325	1	0	0	0	1	0	0	0	1
3.525	0.40646	0.029505	-0.18333	1	0	0	0	1	0	0	0	1
3.53	0.40643	0.02938	-0.18341	1	0	0	0	1	0	0	0	1
3.535	0.40642	0.029267	-0.1835	1	0	0	0	1	0	0	0	1
3.54	0.40644	0.029153	-0.1836	1	0	0	0	1	0	0	0	1
3.545	0.4065	0.029045	-0.18373	1	0	0	0	1	0	0	0	1
3.55	0.40659	0.028949	-0.18388	1	0	0	0	1	0	0	0	1
3.555	0.40665	0.028843	-0.18403	1	0	0	0	1	0	0	0	1
3.56	0.40669	0.028719	-0.18417	1	0	0	0	1	0	0	0	1
3.565	0.40643	0.028521	-0.18419	1	0	0	0	1	0	0	0	1
3.57	0.40643	0.028398	-0.18433	1	0	0	0	1	0	0	0	1
3.575	0.40654	0.028308	-0.18451	1	0	0	0	1	0	0	0	1
3.58	0.40643	0.028174	-0.18459	1	0	0	0	1	0	0	0	1
3.585	0.40643	0.028074	-0.18472	1	0	0	0	1	0	0	0	1
3.59	0.40645	0.028011	-0.18486	1	0	0	0	1	0	0	0	1
3.595	0.4065	0.027954	-0.18499	1	0	0	0	1	0	0	0	1
3.6	0.40656	0.027895	-0.18512	1	0	0	0	1	0	0	0	1
3.605	0.40663	0.027848	-0.18525	1	0	0	0	1	0	0	0	1
3.61	0.40646	0.027648	-0.18526	1	0	0	0	1	0	0	0	1
3.615	0.40646	0.027574	-0.18536	1	0	0	0	1	0	0	0	1
3.62	0.40647	0.02751	-0.18545	1	0	0	0	1	0	0	0	1
3.625	0.40647	0.027453	-0.18553	1	0	0	0	1	0	0	0	1
3.63	0.40648	0.027402	-0.18559	1	0	0	0	1	0	0	0	1
3.635	0.4065	0.027365	-0.18564	1	0	0	0	1	0	0	0	1
3.64	0.40651	0.027333	-0.18567	1	0	0	0	1	0	0	0	1
3.645	0.4065	0.027303	-0.18569	1	0	0	0	1	0	0	0	1
3.65	0.4065	0.027273	-0.18571	1	0	0	0	1	0	0	0	1
3.655	0.4065	0.027249	-0.18572	1	0	0	0	1	0	0	0	1
3.66	0.40649	0.027228	-0.18574	1	0	0	0	1	0	0	0	1
3.665	0.40648	0.027209	-0.18576	1	0	0	0	1	0	0	0	1
3.67	0.40647	0.027192	-0.18578	1	0	0	0	1	0	0	0	1
3.675	0.40646	0.027173	-0.18579	1	0	0	0	1	0	0	0	1
3.68	0.40645	0.027155	-0.18581	1	0	0	0	1	0	0	0	1
3.685	0.40643	0.027128	-0.18584	1	0	0	0	1	0	0	0	1
3.69	0.40641	0.027096	-0.18587	1	0	0	0	1	0	0	0	1
3.695	0.4064	0.027062	-0.18591	1	0	0	0	1	0	0	0	1
3.7	0.40638	0.027027	-0.18596	1	0	0	0	1	0	0	0	1
3.705	0.40637	0.026988	-0.18601	1	0	0	0	1	0	0	0	1
3.71	0.40636	0.026944	-0.18606	1	0	0	0	1	0	0	0	1
3.715	0.40636	0.026896	-0.18611	1	0	0	0	1	0	0	0	1
3.72	0.40635	0.026853	-0.18617	1	0	0	0	1	0	0	0	1
3.725	0.40633	0.026813	-0.18622	1	0	0	0	1	0	0	0	1
3.73	0.40631	0.026777	-0.18627	1	0	0	0	1	0	0	0	1
3.735	0.4063	0.026753	-0.18632	1	0	0	0	1	0	0	0	1
3.74	0.40629	0.026731	-0.18636	1	0	0	0	1	0	0	0	1
3.745	0.40628	0.026718	-0.18639	1	0	0	0	1	0	0	0	1
3.75	0.40627	0.02671	-0.18642	1	0	0	0	1	0	0	0	1
3.755	0.40625	0.026698	-0.18643	1	0	0	0	1	0	0	0	1
3.76	0.40624	0.026695	-0.18644	1	0	0	0	1	0	0	0	1
3.765	0.40624	0.026695	-0.18644	1	0	0	0	1	0	0	0	1
3.77	0.40624	0.0267	-0.18644	1	0	0	0	1	0	0	0	1
3.775	0.40623	0.026707	-0.18643	1	0	0	0	1	0	0	0	1
3.78	0.40623	0.026716	-0.18641	1	0	0	0	1	0	0	0	1
3.785	0.40624	0.026724	-0.1864	1	0	0	0	1	0	0	0	1
3.79	0.40623	0.026729	-0.18638	1	0	0	0	1	0	0	0	1
3.795	0.40623	0.02673	-0.18637	1	0	0	0	1	0	0	0	1
3.8	0.40624	0.026728	-0.18636	1	0	0	0	1	0	0	0	1
3.805	0.40623	0.026723	-0.18636	1	0	0	0	1	0	0	0	1
3.81	0.40623	0.026714	-0.18637	1	0	0	0	1	0	0	0	1
3.815	0.40622	0.026695	-0.18637	1	0	0	0	1	0	0	0	1
3.82	0.40621	0.026682	-0.18638	1	0	0	0	1	0	0	0	1
3.825	0.4062	0.026683	-0.18639	1	0	0	0	1	0	0	0	1
3.83	0.4062	0.026696	-0.18639	1	0	0	0	1	0	0	0	1
3.835	0.40619	0.026715	-0.18639	1	0	0	0	1	0	0	0	1
3.84	0.40617	0.026737	-0.18637	1	0	0	0	1	0	0	0	1
3.845	0.40615	0.026771	-0.18636	1	0	0	0	1	0	0	0	1
3.85	0.40614	0.02681	-0.18634	1	0	0	0	1	0	0	0	1
3.855	0.40613	0.026846	-0.18632	1	0	0	0	1	0	0	0	1
3.86	0.40613	0.026873	-0.1863	1	0	0	0	1	0	0	0	1
3.865	0.40612	0.026895	-0.18629	1	0	0	0	1	0	0	0	1
3.87	0.40611	0.026916	-0.18628	1	0	0	0	1	0	0	0	1
3.875	0.40611	0.02693	-0.18628	1	0	0	0	1	0	0	0	1
3.88	0.4061	0.026936	-0.18628	1	0	0	0	1	0	0	0	1
3.885	0.40609	0.026937	-0.18628	1	0	0	0	1	0	0	0	1
3.89	0.40608	0.026928	-0.18629	1	0	0	0	1	0	0	0	1
3.895	0.40607	0.02691	-0.1863	1	0	0	0	1	0	0	0	1
3.9	0.40605	0.026889	-0.18632	1	0	0	0	1	0	0	0	1
3.905	0.40605	0.026866	-0.18634	1	0	0	0	1	0	0	0	1
3.91	0.40603	0.026839	-0.18637	1	0	0	0	1	0	0	0	1
3.915	0.40601	0.026805	-0.1864	1	0	0	0	1	0	0	0	1
3.92	0.406	0.026769	-0.18645	1	0	0	0	1	0	0	0	1
3.925	0.40598	0.026727	-0.18649	1	0	0	0	1	0	0	0	1
3.93	0.40598	0.026684	-0.18655	1	0	0	0	1	0	0	0	1
3.935	0.40598	0.026637	-0.18662	1	0	0	0	1	0	0	0	1
3.94	0.40598	0.026587	-0.18668	1	0	0	0	1	0	0	0	1
3.945	0.40598	0.026531	-0.18674	1	0	0	0	1	0	0	0	1
3.95	0.40597	0.026472	-0.18681	1	0	0	0	1	0	0	0	1
3.955	0.40597	0.026419	-0.18689	1	0	0	0	1	0	0	0	1
3.96	0.40596	0.026363	-0.18696	1	0	0	0	1	0	0	0	1
3.965	0.40595	0.026306	-0.18705	1	0	0	0	1	0	0	0	1
3.97	0.40593	0.026248	-0.18713	1	0	0	0	1	0	0	0	1
3.975	0.40592	0.026195	-0.18722	1	0	0	0	1	0	0	0	1
3.98	0.40591	0.02614	-0.1873	1	0	0	0	1	0	0	0	1
3.985	0.40589	0.026077	-0.18738	1	0	0	0	1	0	0	0	1
3.99	0.40586	0.026012	-0.18745	1	0	0	0	1	0	0	0	1
3.995	0.40584	0.025953	-0.18752	1	0	0	0	1	0	0	0	1
4	0.40582	0.025899	-0.18758	1	0	0	0	1	0	0	0	1
4.005	0.40582	0.025857	-0.18764	1	0	0	0	1	0	0	0	1
4.01	0.40581	0.025817	-0.18768	1	0	0	0	1	0	0	0	1
4.015	0.40582	0.025786	-0.18772	1	0	0	0	1	0	0	0	1
4.02	0.40581	0.025755	-0.18775	1	0	0	0	1	0	0	0	1
4.025	0.40581	0.025724	-0.18778	1	0	0	0	1	0	0	0	1
4.03	0.40581	0.025696	-0.1878	1	0	0	0	1	0	0	0	1
4.035	0.4058	0.025666	-0.18782	1	0	0	0	1	0	0	0	1
4.04	0.4058	0.025629	-0.18785	1	0	0	0	1	0	0	0	1
4.045	0.4058	0.025591	-0.18788	1	0	0	0	1	0	0	0	1
4.05	0.4058	0.025551	-0.18792	1	0	0	0	1	0	0	0	1
4.055	0.40581	0.025507	-0.18796	1	0	0	0	1	0	0	0	1
4.06	0.40582	0.025462	-0.18803	1	0	0	0	1	0	0	0	1
4.065	0.40582	0.025405	-0.18809	1	0	0	0	1	0	0	0	1
4.07	0.40581	0.025339	-0.18816	1	0	0	0	1	0	0	0	1
4.075	0.40581	0.02528	-0.18824	1	0	0	0	1	0	0	0	1
4.08	0.4058	0.02522	-0.18833	1	0	0	0	1	0	0	0	1
4.085	0.40579	0.025155	-0.18842	1	0	0	0	1	0	0	0	1
4.09	0.40576	0.025078	-0.1885	1	0	0	0	1	0	0	0	1
4.095	0.40574	0.025006	-0.1886	1	0	0	0	1	0	0	0	1
4.1	0.40571	0.024933	-0.18868	1	0	0	0	1	0	0	0	1
4.105	0.40566	0.024858	-0.18876	1	0	0	0	1	0	0	0	1
4.11	0.40564	0.024795	-0.18885	1	0	0	0	1	0	0	0	1
4.115	0.40564	0.024742	-0.18894	1	0	0	0	1	0	0	0	1
4.12	0.40562	0.024685	-0.18902	1	0	0	0	1	0	0	0	1
4.125	0.40562	0.024638	-0.18909	1	0	0	0	1	0	0	0	1
4.13	0.40562	0.024599	-0.18916	1	0	0	0	1	0	0	0	1
4.135	0.40562	0.024565	-0.18921	1	0	0	0	1	0	0	0	1
4.14	0.40562	0.024539	-0.18924	1	0	0	0	1	0	0	0	1
4.145	0.40562	0.024519	-0.18927	1	0	0	0	1	0	0	0	1
4.15	0.40562	0.024501	-0.18929	1	0	0	0	1	0	0	0	1
4.155	0.40563	0.024489	-0.18931	1	0	0	0	1	0	0	0	1
4.16	0.40562	0.024474	-0.18933	1	0	0	0	1	0	0	0	1
4.165	0.40562	0.024461	-0.18934	1	0	0	0	1	0	0	0	1
4.17	0.40562	0.024452	-0.18934	1	0	0	0	1	0	0	0	1
4.175	0.40563	0.024438	-0.18934	1	0	0	0	1	0	0	0	1
4.18	0.40563	0.024429	-0.18935	1	0	0	0	1	0	0	0	1
4.185	0.40564	0.024421	-0.18936	1	0	0	0	1	0	0	0	1
4.19	0.40565	0.024408	-0.18937	1	0	0	0	1	0	0	0	1
4.195	0.40565	0.024392	-0.18938	1	0	0	0	1	0	0	0	1
4.2	0.40565	0.024379	-0.1894	1	0	0	0	1	0	0	0	1
4.205	0.40566	0.024367	-0.18941	1	0	0	0	1	0	0	0	1
4.21	0.40566	0.024354	-0.18944	1	0	0	0	1	0	0	0	1
4.215	0.40566	0.024341	-0.18946	1	0	0	0	1	0	0	0	1
4.22	0.40567	0.02433	-0.18949	1	0	0	0	1	0	0	0	1
4.225	0.40567	0.024319	-0.18952	1	0	0	0	1	0	0	0	1
4.23	0.40568	0.024307	-0.18955	1	0	0	0	1	0	0	0	1
4.235	0.40567	0.024286	-0.18956	1	0	0	0	1	0	0	0	1
4.24	0.40567	0.024269	-0.18959	1	0	0	0	1	0	0	0	1
4.245	0.40566	0.024254	-0.18963	1	0	0	0	1	0	0	0	1
4.25	0.40567	0.024241	-0.18966	1	0	0	0	1	0	0	0	1
4.255	0.40566	0.024225	-0.18968	1	0	0	0	1	0	0	0	1
4.26	0.40566	0.024211	-0.18971	1	0	0	0	1	0	0	0	1
4.265	0.40566	0.024201	-0.18973	1	0	0	0	1	0	0	0	1
4.27	0.40567	0.024194	-0.18976	1	0	0	0	1	0	0	0	1
4.275	0.40567	0.024186	-0.18978	1	0	0	0	1	0	0	0	1
4.28	0.40567	0.024174	-0.18979	1	0	0	0	1	0	0	0	1
4.285	0.40567	0.024163	-0.1898	1	0	0	0	1	0	0	0	1
4.29	0.40567	0.024156	-0.1898	1	0	0	0	1	0	0	0	1
4.295	0.40567	0.024148	-0.18981	1	0	0	0	1	0	0	0	1
4.3	0.40568	0.024143	-0.18981	1	0	0	0	1	0	0	0	1
4.305	0.40567	0.024138	-0.18981	1	0	0	0	1	0	0	0	1
4.31	0.40567	0.024133	-0.18981	1	0	0	0	1	0	0	0	1
4.315	0.40567	0.024125	-0.18981	1	0	0	0	1	0	0	0	1
4.32	0.40567	0.024116	-0.18982	1	0	0	0	1	0	0	0	1
4.325	0.40567	0.02411	-0.18983	1	0	0	0	1	0	0	0	1
4.33	0.40566	0.024095	-0.18984	1	0	0	0	1	0	0	0	1
4.335	0.40564	0.024073	-0.18985	1	0	0	0	1	0	0	0	1
4.34	0.40562	0.024055	-0.18986	1	0	0	0	1	0	0	0	1
4.345	0.40561	0.024041	-0.18988	1	0	0	0	1	0	0	0	1
4.35	0.40561	0.024033	-0.18991	1	0	0	0	1	0	0	0	1
4.355	0.4056	0.024016	-0.18993	1	0	0	0	1	0	0	0	1
4.36	0.40558	0.023999	-0.18994	1	0	0	0	1	0	0	0	1
4.365	0.40557	0.023985	-0.18995	1	0	0	0	1	0	0	0	1
4.37	0.40556	0.023976	-0.18996	1	0	0	0	1	0	0	0	1
4.375	0.40555	0.023971	-0.18997	1	0	0	0	1	0	0	0	1
4.38	0.40555	0.023964	-0.18998	1	0	0	0	1	0	0	0	1
4.385	0.40553	0.023956	-0.18998	1	0	0	0	1	0	0	0	1
4.39	0.40551	0.023943	-0.18997	1	0	0	0	1	0	0	0	1
4.395	0.40549	0.023935	-0.18997	1	0	0	0	1	0	0	0	1
4.4	0.40548	0.023932	-0.18997	1	0	0	0	1	0	0	0	1
4.405	0.40548	0.02393	-0.18997	1	0	0	0	1	0	0	0	1
4.41	0.40547	0.023924	-0.18998	1	0	0	0	1	0	0	0	1
4.415	0.40546	0.023917	-0.18999	1	0	0	0	1	0	0	0	1
4.42	0.40544	0.023905	-0.18999	1	0	0	0	1	0	0	0	1
4.425	0.40542	0.023894	-0.18999	1	0	0	0	1	0	0	0	1
4.43	0.40541	0.023892	-0.18999	1	0	0	0	1	0	0	0	1
4.435	0.4054	0.023887	-0.18999	1	0	0	0	1	0	0	0	1
4.44	0.40539	0.023881	-0.18999	1	0	0	0	1	0	0	0	1
4.445	0.40537	0.023872	-0.18998	1	0	0	0	1	0	0	0	1
4.45	0.40536	0.023867	-0.18998	1	0	0	0	1	0	0	0	1
4.455	0.40537	0.023867	-0.18998	1	0	0	0	1	0	0	0	1
4.46	0.40536	0.023864	-0.18998	1	0	0	0	1	0	0	0	1
4.465	0.40535	0.023863	-0.18997	1	0	0	0	1	0	0	0	1
4.47	0.40534	0.023858	-0.18996	1	0	0	0	1	0	0	0	1
4.475	0.40532	0.023852	-0.18996	1	0	0	0	1	0	0	0	1
4.48	0.40531	0.023848	-0.18997	1	0	0	0	1	0	0	0	1
4.485	0.4053	0.02384	-0.18998	1	0	0	0	1	0	0	0	1
4.49	0.40529	0.023827	-0.19	1	0	0	0	1	0	0	0	1
4.495	0.40527	0.023814	-0.19002	1	0	0	0	1	0	0	0	1
4.5	0.40525	0.023801	-0.19005	1	0	0	0	1	0	0	0	1
4.505	0.40523	0.023786	-0.19007	1	0	0	0	1	0	0	0	1
4.51	0.40522	0.023781	-0.1901	1	0	0	0	1	0	0	0	1
4.515	0.40521	0.023774	-0.19012	1	0	0	0	1	0	0	0	1
4.52	0.4052	0.023766	-0.19014	1	0	0	0	1	0	0	0	1
4.525	0.4052	0.023761	-0.19015	1	0	0	0	1	0	0	0	1
4.53	0.40521	0.023756	-0.19016	1	0	0	0	1	0	0	0	1
4.535	0.40522	0.023754	-0.19017	1	0	0	0	1	0	0	0	1
4.54	0.40522	0.023754	-0.19018	1	0	0	0	1	0	0	0	1
4.545	0.40521	0.023746	-0.19018	1	0	0	0	1	0	0	0	1
4.55	0.40521	0.02374	-0.19019	1	0	0	0	1	0	0	0	1
4.555	0.40521	0.023736	-0.1902	1	0	0	0	1	0	0	0	1
4.56	0.4052	0.02373	-0.1902	1	0	0	0	1	0	0	0	1
4.565	0.4052	0.023726	-0.19022	1	0	0	0	1	0	0	0	1
4.57	0.4052	0.02372	-0.19023	1	0	0	0	1	0	0	0	1
4.575	0.40518	0.02371	-0.19023	1	0	0	0	1	0	0	0	1
4.58	0.40519	0.023706	-0.19025	1	0	0	0	1	0	0	0	1
4.585	0.40519	0.0237	-0.19026	1	0	0	0	1	0	0	0	1
4.59	0.4052	0.023699	-0.19028	1	0	0	0	1	0	0	0	1
4.595	0.40521	0.023698	-0.1903	1	0	0	0	1	0	0	0	1
4.6	0.40521	0.023691	-0.19031	1	0	0	0	1	0	0	0	1
4.605	0.4052	0.023682	-0.19032	1	0	0	0	1	0	0	0	1
4.61	0.40521	0.023677	-0.19035	1	0	0	0	1	0	0	0	1
4.615	0.40521	0.023672	-0.19037	1	0	0	0	1	0	0	0	1
4.62	0.40521	0.02366	-0.19039	1	0	0	0	1	0	0	0	1
4.625	0.40521	0.023645	-0.1904	1	0	0	0	1	0	0	0	1
4.63	0.40521	0.023635	-0.19043	1	0	0	0	1	0	0	0	1
4.635	0.40522	0.023627	-0.19045	1	0	0	0	1	0	0	0	1
4.64	0.40523	0.023625	-0.19046	1	0	0	0	1	0	0	0	1
4.645	0.40524	0.023623	-0.19047	1	0	0	0	1	0	0	0	1
4.65	0.40525	0.023623	-0.19049	1	0	0	0	1	0	0	0	1
4.655	0.40527	0.023621	-0.1905	1	0	0	0	1	0	0	0	1
4.66	0.40529	0.023619	-0.19052	1	0	0	0	1	0	0	0	1
4.665	0.40529	0.023616	-0.19053	1	0	0	0	1	0	0	0	1
4.67	0.40529	0.023609	-0.19053	1	0	0	0	1	0	0	0	1
4.675	0.4053	0.023605	-0.19055	1	0	0	0	1	0	0	0	1
4.68	0.40531	0.023604	-0.19056	1	0	0	0	1	0	0	0	1
4.685	0.40531	0.0236	-0.19057	1	0	0	0	1	0	0	0	1
4.69	0.40531	0.023596	-0.19059	1	0	0	0	1	0	0	0	1
4.695	0.40533	0.023602	-0.19061	1	0	0	0	1	0	0	0	1
4.7	0.40534	0.023602	-0.19062	1	0	0	0	1	0	0	0	1
4.705	0.40533	0.023595	-0.19063	1	0	0	0	1	0	0	0	1
4.71	0.40533	0.02359	-0.19064	1	0	0	0	1	0	0	0	1
4.715	0.40535	0.023588	-0.19066	1	0	0	0	1	0	0	0	1
4.72	0.40537	0.023591	-0.19068	1	0	0	0	1	0	0	0	1
4.725	0.40539	0.023591	-0.19069	1	0	0	0	1	0	0	0	1
4.73	0.40538	0.023583	-0.19069	1	0	0	0	1	0	0	0	1
4.735	0.40539	0.023577	-0.1907	1	0	0	0	1	0	0	0	1
4.74	0.40541	0.023582	-0.19071	1	0	0	0	1	0	0	0	1
4.745	0.40542	0.023588	-0.19073	1	0	0	0	1	0	0	0	1
4.75	0.40543	0.02359	-0.19073	1	0	0	0	1	0	0	0	1
4.755	0.40544	0.02359	-0.19074	1	0	0	0	1	0	0	0	1
4.76	0.40545	0.023588	-0.19075	1	0	0	0	1	0	0	0	1
4.765	0.40547	0.023592	-0.19076	1	0	0	0	1	0	0	0	1
4.77	0.40548	0.023593	-0.19076	1	0	0	0	1	0	0	0	1
4.775	0.40548	0.023596	-0.19077	1	0	0	0	1	0	0	0	1
4.78	0.40549	0.023598	-0.19077	1	0	0	0	1	0	0	0	1
4.785	0.4055	0.023601	-0.19078	1	0	0	0	1	0	0	0	1
4.79	0.40551	0.023602	-0.19079	1	0	0	0	1	0	0	0	1
4.795	0.40552	0.023602	-0.1908	1	0	0	0	1	0	0	0	1
4.8	0.40553	0.023607	-0.19082	1	0	0	0	1	0	0	0	1
4.805	0.40553	0.023613	-0.19083	1	0	0	0	1	0	0	0	1
4.81	0.40553	0.023614	-0.19085	1	0	0	0	1	0	0	0	1
4.815	0.40553	0.023608	-0.19086	1	0	0	0	1	0	0	0	1
4.82	0.40554	0.023612	-0.19088	1	0	0	0	1	0	0	0	1
4.825	0.40555	0.023622	-0.19089	1	0	0	0	1	0	0	0	1
4.83	0.40555	0.023628	-0.19091	1	0	0	0	1	0	0	0	1
4.835	0.40555	0.023633	-0.19092	1	0	0	0	1	0	0	0	1
4.84	0.40555	0.023632	-0.19092	1	0	0	0	1	0	0	0	1
4.845	0.40556	0.023637	-0.19093	1	0	0	0	1	0	0	0	1
4.85	0.40557	0.023648	-0.19093	1	0	0	0	1	0	0	0	1
4.855	0.40557	0.023656	-0.19093	1	0	0	0	1	0	0	0	1
4.86	0.40557	0.023665	-0.19092	1	0	0	0	1	0	0	0	1
4.865	0.40558	0.023678	-0.19092	1	0	0	0	1	0	0	0	1
4.87	0.40558	0.023688	-0.19091	1	0	0	0	1	0	0	0	1
4.875	0.40558	0.023697	-0.1909	1	0	0	0	1	0	0	0	1
4.88	0.40559	0.023708	-0.19089	1	0	0	0	1	0	0	0	1
4.885	0.40559	0.023719	-0.19088	1	0	0	0	1	0	0	0	1
4.89	0.40559	0.023728	-0.19086	1	0	0	0	1	0	0	0	1
4.895	0.40558	0.023734	-0.19084	1	0	0	0	1	0	0	0	1
4.9	0.40558	0.023742	-0.19084	1	0	0	0	1	0	0	0	1
4.905	0.40556	0.023749	-0.19082	1	0	0	0	1	0	0	0	1
4.91	0.40555	0.02376	-0.19081	1	0	0	0	1	0	0	0	1
4.915	0.40557	0.023783	-0.1908	1	0	0	0	1	0	0	0	1
4.92	0.40557	0.023798	-0.19079	1	0	0	0	1	0	0	0	1
4.925	0.40557	0.023811	-0.19077	1	0	0	0	1	0	0	0	1
4.93	0.40557	0.023829	-0.19076	1	0	0	0	1	0	0	0	1
4.935	0.40557	0.023844	-0.19074	1	0	0	0	1	0	0	0	1
4.94	0.40556	0.023858	-0.19073	1	0	0	0	1	0	0	0	1
4.945	0.40556	0.023872	-0.19072	1	0	0	0	1	0	0	0	1
4.95	0.40555	0.023892	-0.19072	1	0	0	0	1	0	0	0	1
4.955	0.40553	0.023905	-0.19072	1	0	0	0	1	0	0	0	1
4.96	0.40552	0.023916	-0.19072	1	0	0	0	1	0	0	0	1
4.965	0.4055	0.023922	-0.19073	1	0	0	0	1	0	0	0	1
4.97	0.40549	0.023923	-0.19075	1	0	0	0	1	0	0	0	1
4.975	0.40547	0.023923	-0.19077	1	0	0	0	1	0	0	0	1
4.98	0.40544	0.023914	-0.19079	1	0	0	0	1	0	0	0	1
4.985	0.40543	0.023904	-0.19082	1	0	0	0	1	0	0	0	1
4.99	0.40542	0.023895	-0.19086	1	0	0	0	1	0	0	0	1
4.995	0.40541	0.023878	-0.19088	1	0	0	0	1	0	0	0	1
