0.005	-0.54456	0.025556	-0.1914	1	0	0	0	1	0	0	0	1
0.01	-0.54455	0.025562	-0.1914	1	0	0	0	1	0	0	0	1
0.015	-0.54454	0.025567	-0.1914	1	0	0	0	1	0	0	0	1
0.02	-0.54456	0.025559	-0.19139	1	0	0	0	1	0	0	0	1
0.025	-0.54457	0.025558	-0.19138	1	0	0	0	1	0	0	0	1
0.03	-0.54454	0.02556	-0.19139	1	0	0	0	1	0	0	0	1
0.035	-0.54458	0.025555	-0.19138	1	0	0	0	1	0	0	0	1
0.04	-0.54457	0.025563	-0.19138	1	0	0	0	1	0	0	0	1
0.045	-0.54454	0.025556	-0.1914	1	0	0	0	1	0	0	0	1
0.05	-0.54456	0.025547	-0.19139	1	0	0	0	1	0	0	0	1
0.055	-0.54455	0.025562	-0.19139	1	0	0	0	1	0	0	0	1
0.06	-0.54455	0.025566	-0.19139	1	0	0	0	1	0	0	0	1
0.065	-0.54455	0.025562	-0.19138	1	0	0	0	1	0	0	0	1
0.07	-0.54456	0.025561	-0.19137	1	0	0	0	1	0	0	0	1
0.075	-0.54456	0.025565	-0.19137	1	0	0	0	1	0	0	0	1
0.08	-0.54457	0.025556	-0.19136	1	0	0	0	1	0	0	0	1
0.085	-0.54458	0.025559	-0.19135	1	0	0	0	1	0	0	0	1
0.09	-0.54456	0.025575	-0.19136	1	0	0	0	1	0	0	0	1
0.095	-0.54456	0.025578	-0.19135	1	0	0	0	1	0	0	0	1
0.1	-0.54457	0.02558	-0.19134	1	0	0	0	1	0	0	0	1
0.105	-0.54457	0.025582	-0.19134	1	0	0	0	1	0	0	0	1
0.11	-0.54456	0.02558	-0.19134	1	0	0	0	1	0	0	0	1
0.115	-0.54456	0.02558	-0.19135	1	0	0	0	1	0	0	0	1
0.12	-0.54457	0.025572	-0.19133	1	0	0	0	1	0	0	0	1
0.125	-0.54456	0.025575	-0.19134	1	0	0	0	1	0	0	0	1
0.13	-0.54456	0.025576	-0.19134	1	0	0	0	1	0	0	0	1
0.135	-0.54456	0.025573	-0.19135	1	0	0	0	1	0	0	0	1
0.14	-0.54457	0.025569	-0.19134	1	0	0	0	1	0	0	0	1
0.145	-0.54459	0.02557	-0.19134	1	0	0	0	1	0	0	0	1
0.15	-0.54455	0.025582	-0.19136	1	0	0	0	1	0	0	0	1
0.155	-0.54456	0.025578	-0.19136	1	0	0	0	1	0	0	0	1
0.16	-0.54458	0.025576	-0.19135	1	0	0	0	1	0	0	0	1
0.165	-0.54458	0.025578	-0.19135	1	0	0	0	1	0	0	0	1
0.17	-0.54458	0.025574	-0.19136	1	0	0	0	1	0	0	0	1
0.175	-0.54459	0.025572	-0.19135	1	0	0	0	1	0	0	0	1
0.18	-0.54459	0.025577	-0.19135	1	0	0	0	1	0	0	0	1
0.185	-0.54462	0.025572	-0.19134	1	0	0	0	1	0	0	0	1
0.19	-0.54466	0.025571	-0.19132	1	0	0	0	1	0	0	0	1
0.195	-0.54463	0.025588	-0.19134	1	0	0	0	1	0	0	0	1
0.2	-0.54462	0.02559	-0.19135	1	0	0	0	1	0	0	0	1
0.205	-0.54461	0.025583	-0.19136	1	0	0	0	1	0	0	0	1
0.21	-0.54463	0.025577	-0.19136	1	0	0	0	1	0	0	0	1
0.215	-0.54466	0.025571	-0.19135	1	0	0	0	1	0	0	0	1
0.22	-0.54468	0.025569	-0.19136	1	0	0	0	1	0	0	0	1
0.225	-0.54468	0.02557	-0.19136	1	0	0	0	1	0	0	0	1
0.23	-0.54465	0.025569	-0.19139	1	0	0	0	1	0	0	0	1
0.235	-0.54465	0.025568	-0.1914	1	0	0	0	1	0	0	0	1
0.24	-0.54464	0.025571	-0.19142	1	0	0	0	1	0	0	0	1
0.245	-0.54467	0.025563	-0.19142	1	0	0	0	1	0	0	0	1
0.25	-0.54471	0.025553	-0.1914	1	0	0	0	1	0	0	0	1
0.255	-0.54471	0.025553	-0.19141	1	0	0	0	1	0	0	0	1
0.26	-0.5447	0.025549	-0.19143	1	0	0	0	1	0	0	0	1
0.265	-0.5447	0.025539	-0.19143	1	0	0	0	1	0	0	0	1
0.27	-0.54469	0.025536	-0.19144	1	0	0	0	1	0	0	0	1
0.275	-0.54469	0.025541	-0.19144	1	0	0	0	1	0	0	0	1
0.28	-0.54473	0.025542	-0.19143	1	0	0	0	1	0	0	0	1
0.285	-0.54475	0.025539	-0.19143	1	0	0	0	1	0	0	0	1
0.29	-0.54472	0.025545	-0.19144	1	0	0	0	1	0	0	0	1
0.295	-0.5447	0.02555	-0.19146	1	0	0	0	1	0	0	0	1
0.3	-0.54475	0.025542	-0.19144	1	0	0	0	1	0	0	0	1
0.305	-0.54475	0.025545	-0.19144	1	0	0	0	1	0	0	0	1
0.31	-0.54473	0.025553	-0.19146	1	0	0	0	1	0	0	0	1
0.315	-0.54476	0.025543	-0.19146	1	0	0	0	1	0	0	0	1
0.32	-0.54478	0.025535	-0.19145	1	0	0	0	1	0	0	0	1
0.325	-0.54476	0.025545	-0.19146	1	0	0	0	1	0	0	0	1
0.33	-0.54475	0.02555	-0.19148	1	0	0	0	1	0	0	0	1
0.335	-0.54479	0.025539	-0.19146	1	0	0	0	1	0	0	0	1
0.34	-0.54479	0.025532	-0.19147	1	0	0	0	1	0	0	0	1
0.345	-0.54479	0.025529	-0.19148	1	0	0	0	1	0	0	0	1
0.35	-0.54479	0.025531	-0.19149	1	0	0	0	1	0	0	0	1
0.355	-0.54479	0.025527	-0.19149	1	0	0	0	1	0	0	0	1
0.36	-0.54481	0.025526	-0.19149	1	0	0	0	1	0	0	0	1
0.365	-0.5448	0.02553	-0.1915	1	0	0	0	1	0	0	0	1
0.37	-0.5448	0.025528	-0.1915	1	0	0	0	1	0	0	0	1
0.375	-0.54477	0.025534	-0.19152	1	0	0	0	1	0	0	0	1
0.38	-0.54477	0.025533	-0.19152	1	0	0	0	1	0	0	0	1
0.385	-0.54483	0.025517	-0.19149	1	0	0	0	1	0	0	0	1
0.39	-0.54484	0.025517	-0.19148	1	0	0	0	1	0	0	0	1
0.395	-0.54478	0.025532	-0.1915	1	0	0	0	1	0	0	0	1
0.4	-0.54476	0.025528	-0.19151	1	0	0	0	1	0	0	0	1
0.405	-0.5448	0.025519	-0.19148	1	0	0	0	1	0	0	0	1
0.41	-0.54481	0.025526	-0.19147	1	0	0	0	1	0	0	0	1
0.415	-0.54478	0.025539	-0.19149	1	0	0	0	1	0	0	0	1
0.42	-0.54476	0.025541	-0.1915	1	0	0	0	1	0	0	0	1
0.425	-0.54478	0.025532	-0.19149	1	0	0	0	1	0	0	0	1
0.43	-0.5448	0.025528	-0.19147	1	0	0	0	1	0	0	0	1
0.435	-0.5448	0.025538	-0.19146	1	0	0	0	1	0	0	0	1
0.44	-0.54482	0.025534	-0.19145	1	0	0	0	1	0	0	0	1
0.445	-0.54482	0.02553	-0.19145	1	0	0	0	1	0	0	0	1
0.45	-0.54479	0.025536	-0.19147	1	0	0	0	1	0	0	0	1
0.455	-0.5448	0.025536	-0.19146	1	0	0	0	1	0	0	0	1
0.46	-0.5448	0.025539	-0.19146	1	0	0	0	1	0	0	0	1
0.465	-0.54479	0.025541	-0.19147	1	0	0	0	1	0	0	0	1
0.47	-0.54478	0.025543	-0.19148	1	0	0	0	1	0	0	0	1
0.475	-0.54476	0.025538	-0.19149	1	0	0	0	1	0	0	0	1
0.48	-0.54476	0.025536	-0.1915	1	0	0	0	1	0	0	0	1
0.485	-0.54477	0.025536	-0.19149	1	0	0	0	1	0	0	0	1
0.49	-0.54474	0.025536	-0.19151	1	0	0	0	1	0	0	0	1
0.495	-0.54474	0.025529	-0.19151	1	0	0	0	1	0	0	0	1
0.5	-0.54477	0.025516	-0.1915	1	0	0	0	1	0	0	0	1
0.505	-0.54475	0.025518	-0.19152	1	0	0	0	1	0	0	0	1
0.51	-0.54475	0.025514	-0.19152	1	0	0	0	1	0	0	0	1
0.515	-0.54479	0.025509	-0.1915	1	0	0	0	1	0	0	0	1
0.52	-0.54481	0.025509	-0.19149	1	0	0	0	1	0	0	0	1
0.525	-0.5448	0.025509	-0.19152	1	0	0	0	1	0	0	0	1
0.53	-0.54478	0.025509	-0.19153	1	0	0	0	1	0	0	0	1
0.535	-0.54477	0.025501	-0.19155	1	0	0	0	1	0	0	0	1
0.54	-0.54476	0.025488	-0.19156	1	0	0	0	1	0	0	0	1
0.545	-0.54477	0.025479	-0.19156	1	0	0	0	1	0	0	0	1
0.55	-0.54476	0.025483	-0.19157	1	0	0	0	1	0	0	0	1
0.555	-0.54476	0.025483	-0.19157	1	0	0	0	1	0	0	0	1
0.56	-0.54475	0.025478	-0.19158	1	0	0	0	1	0	0	0	1
0.565	-0.54474	0.025485	-0.1916	1	0	0	0	1	0	0	0	1
0.57	-0.54478	0.02548	-0.19159	1	0	0	0	1	0	0	0	1
0.575	-0.54479	0.025473	-0.1916	1	0	0	0	1	0	0	0	1
0.58	-0.54479	0.025469	-0.19161	1	0	0	0	1	0	0	0	1
0.585	-0.5448	0.025455	-0.19161	1	0	0	0	1	0	0	0	1
0.59	-0.54482	0.025446	-0.19161	1	0	0	0	1	0	0	0	1
0.595	-0.54482	0.025449	-0.19162	1	0	0	0	1	0	0	0	1
0.6	-0.54481	0.02545	-0.19164	1	0	0	0	1	0	0	0	1
0.605	-0.5448	0.02545	-0.19165	1	0	0	0	1	0	0	0	1
0.61	-0.5448	0.025456	-0.19166	1	0	0	0	1	0	0	0	1
0.615	-0.54481	0.025461	-0.19166	1	0	0	0	1	0	0	0	1
0.62	-0.54482	0.025454	-0.19166	1	0	0	0	1	0	0	0	1
0.625	-0.54482	0.02545	-0.19167	1	0	0	0	1	0	0	0	1
0.63	-0.54482	0.025451	-0.19168	1	0	0	0	1	0	0	0	1
0.635	-0.54484	0.025441	-0.19167	1	0	0	0	1	0	0	0	1
0.64	-0.54484	0.025439	-0.19168	1	0	0	0	1	0	0	0	1
0.645	-0.54484	0.025441	-0.19168	1	0	0	0	1	0	0	0	1
0.65	-0.54484	0.025454	-0.19169	1	0	0	0	1	0	0	0	1
0.655	-0.54485	0.025464	-0.19168	1	0	0	0	1	0	0	0	1
0.66	-0.54489	0.025453	-0.19167	1	0	0	0	1	0	0	0	1
0.665	-0.54489	0.025452	-0.19167	1	0	0	0	1	0	0	0	1
0.67	-0.54489	0.025453	-0.19168	1	0	0	0	1	0	0	0	1
0.675	-0.54488	0.025455	-0.19169	1	0	0	0	1	0	0	0	1
0.68	-0.54488	0.025451	-0.1917	1	0	0	0	1	0	0	0	1
0.685	-0.54487	0.025451	-0.19171	1	0	0	0	1	0	0	0	1
0.69	-0.54485	0.025447	-0.19173	1	0	0	0	1	0	0	0	1
0.695	-0.54486	0.025439	-0.19173	1	0	0	0	1	0	0	0	1
0.7	-0.54488	0.025446	-0.19173	1	0	0	0	1	0	0	0	1
0.705	-0.54487	0.025449	-0.19174	1	0	0	0	1	0	0	0	1
0.71	-0.54488	0.025447	-0.19175	1	0	0	0	1	0	0	0	1
0.715	-0.54489	0.025436	-0.19175	1	0	0	0	1	0	0	0	1
0.72	-0.54488	0.025431	-0.19176	1	0	0	0	1	0	0	0	1
0.725	-0.54488	0.025428	-0.19176	1	0	0	0	1	0	0	0	1
0.73	-0.54489	0.025423	-0.19176	1	0	0	0	1	0	0	0	1
0.735	-0.54492	0.025424	-0.19174	1	0	0	0	1	0	0	0	1
0.74	-0.5449	0.02543	-0.19174	1	0	0	0	1	0	0	0	1
0.745	-0.54489	0.025434	-0.19175	1	0	0	0	1	0	0	0	1
0.75	-0.54492	0.025433	-0.19173	1	0	0	0	1	0	0	0	1
0.755	-0.54492	0.025433	-0.19173	1	0	0	0	1	0	0	0	1
0.76	-0.54491	0.02544	-0.19173	1	0	0	0	1	0	0	0	1
0.765	-0.54492	0.025444	-0.19173	1	0	0	0	1	0	0	0	1
0.77	-0.54492	0.025444	-0.19173	1	0	0	0	1	0	0	0	1
0.775	-0.54493	0.025445	-0.19173	1	0	0	0	1	0	0	0	1
0.78	-0.54492	0.025444	-0.19173	1	0	0	0	1	0	0	0	1
0.785	-0.54491	0.025452	-0.19174	1	0	0	0	1	0	0	0	1
0.79	-0.54489	0.025457	-0.19175	1	0	0	0	1	0	0	0	1
0.795	-0.54489	0.025462	-0.19175	1	0	0	0	1	0	0	0	1
0.8	-0.54491	0.02546	-0.19174	1	0	0	0	1	0	0	0	1
0.805	-0.54494	0.025459	-0.19173	1	0	0	0	1	0	0	0	1
0.81	-0.54492	0.025465	-0.19172	1	0	0	0	1	0	0	0	1
0.815	-0.54491	0.025467	-0.19173	1	0	0	0	1	0	0	0	1
0.82	-0.54491	0.025468	-0.19172	1	0	0	0	1	0	0	0	1
0.825	-0.54492	0.025464	-0.1917	1	0	0	0	1	0	0	0	1
0.83	-0.54492	0.025472	-0.1917	1	0	0	0	1	0	0	0	1
0.835	-0.54489	0.025486	-0.19171	1	0	0	0	1	0	0	0	1
0.84	-0.5449	0.025486	-0.19169	1	0	0	0	1	0	0	0	1
0.845	-0.5449	0.02549	-0.19168	1	0	0	0	1	0	0	0	1
0.85	-0.54488	0.025493	-0.19169	1	0	0	0	1	0	0	0	1
0.855	-0.5449	0.025496	-0.19167	1	0	0	0	1	0	0	0	1
0.86	-0.54489	0.025502	-0.19166	1	0	0	0	1	0	0	0	1
0.865	-0.54489	0.025512	-0.19165	1	0	0	0	1	0	0	0	1
0.87	-0.54489	0.025516	-0.19163	1	0	0	0	1	0	0	0	1
0.875	-0.54488	0.025519	-0.19162	1	0	0	0	1	0	0	0	1
0.88	-0.54489	0.025526	-0.19161	1	0	0	0	1	0	0	0	1
0.885	-0.5449	0.025532	-0.19159	1	0	0	0	1	0	0	0	1
0.89	-0.54488	0.025543	-0.19158	1	0	0	0	1	0	0	0	1
0.895	-0.54486	0.025562	-0.19158	1	0	0	0	1	0	0	0	1
0.9	-0.54486	0.025569	-0.19157	1	0	0	0	1	0	0	0	1
0.905	-0.54486	0.02558	-0.19156	1	0	0	0	1	0	0	0	1
0.91	-0.54486	0.025587	-0.19156	1	0	0	0	1	0	0	0	1
0.915	-0.54487	0.025581	-0.19155	1	0	0	0	1	0	0	0	1
0.92	-0.54488	0.02558	-0.19155	1	0	0	0	1	0	0	0	1
0.925	-0.54489	0.025575	-0.19154	1	0	0	0	1	0	0	0	1
0.93	-0.5449	0.025569	-0.19153	1	0	0	0	1	0	0	0	1
0.935	-0.54489	0.025572	-0.19154	1	0	0	0	1	0	0	0	1
0.94	-0.54488	0.025574	-0.19156	1	0	0	0	1	0	0	0	1
0.945	-0.5449	0.025567	-0.19155	1	0	0	0	1	0	0	0	1
0.95	-0.54488	0.025562	-0.19156	1	0	0	0	1	0	0	0	1
0.955	-0.54487	0.025571	-0.19156	1	0	0	0	1	0	0	0	1
0.96	-0.5449	0.025565	-0.19154	1	0	0	0	1	0	0	0	1
0.965	-0.54489	0.025559	-0.19155	1	0	0	0	1	0	0	0	1
0.97	-0.54485	0.025571	-0.19157	1	0	0	0	1	0	0	0	1
0.975	-0.54488	0.025571	-0.19156	1	0	0	0	1	0	0	0	1
0.98	-0.54491	0.025563	-0.19154	1	0	0	0	1	0	0	0	1
0.985	-0.54487	0.02557	-0.19155	1	0	0	0	1	0	0	0	1
0.99	-0.54488	0.025576	-0.19155	1	0	0	0	1	0	0	0	1
0.995	-0.54488	0.025574	-0.19155	1	0	0	0	1	0	0	0	1
1	-0.54488	0.025569	-0.19154	1	0	0	0	1	0	0	0	1
1.005	-0.54489	0.025569	-0.19153	1	0	0	0	1	0	0	0	1
1.01	-0.54487	0.025573	-0.19153	1	0	0	0	1	0	0	0	1
1.015	-0.54486	0.025579	-0.19152	1	0	0	0	1	0	0	0	1
1.02	-0.54488	0.025586	-0.1915	1	0	0	0	1	0	0	0	1
1.025	-0.54488	0.025594	-0.19148	1	0	0	0	1	0	0	0	1
1.03	-0.54486	0.025603	-0.19148	1	0	0	0	1	0	0	0	1
1.035	-0.54488	0.025602	-0.19146	1	0	0	0	1	0	0	0	1
1.04	-0.54488	0.025599	-0.19144	1	0	0	0	1	0	0	0	1
1.045	-0.54485	0.025615	-0.19145	1	0	0	0	1	0	0	0	1
1.05	-0.54484	0.025626	-0.19145	1	0	0	0	1	0	0	0	1
1.055	-0.54487	0.025626	-0.19143	1	0	0	0	1	0	0	0	1
1.06	-0.54488	0.025625	-0.19141	1	0	0	0	1	0	0	0	1
1.065	-0.54485	0.025631	-0.19141	1	0	0	0	1	0	0	0	1
1.07	-0.54483	0.025643	-0.19141	1	0	0	0	1	0	0	0	1
1.075	-0.54483	0.025648	-0.19139	1	0	0	0	1	0	0	0	1
1.08	-0.54483	0.025645	-0.19138	1	0	0	0	1	0	0	0	1
1.085	-0.54483	0.025651	-0.19137	1	0	0	0	1	0	0	0	1
1.09	-0.5448	0.025663	-0.19138	1	0	0	0	1	0	0	0	1
1.095	-0.5448	0.025656	-0.19137	1	0	0	0	1	0	0	0	1
1.1	-0.54481	0.025655	-0.19135	1	0	0	0	1	0	0	0	1
1.105	-0.54479	0.025666	-0.19135	1	0	0	0	1	0	0	0	1
1.11	-0.54478	0.025668	-0.19135	1	0	0	0	1	0	0	0	1
1.115	-0.54479	0.025667	-0.19133	1	0	0	0	1	0	0	0	1
1.12	-0.54477	0.025674	-0.19132	1	0	0	0	1	0	0	0	1
1.125	-0.54474	0.025691	-0.19133	1	0	0	0	1	0	0	0	1
1.13	-0.54475	0.025691	-0.19131	1	0	0	0	1	0	0	0	1
1.135	-0.54476	0.02569	-0.1913	1	0	0	0	1	0	0	0	1
1.14	-0.54475	0.025696	-0.19131	1	0	0	0	1	0	0	0	1
1.145	-0.54474	0.025699	-0.19131	1	0	0	0	1	0	0	0	1
1.15	-0.54475	0.025701	-0.1913	1	0	0	0	1	0	0	0	1
1.155	-0.54475	0.025709	-0.19129	1	0	0	0	1	0	0	0	1
1.16	-0.54473	0.025731	-0.19129	1	0	0	0	1	0	0	0	1
1.165	-0.54474	0.025751	-0.19128	1	0	0	0	1	0	0	0	1
1.17	-0.54474	0.02576	-0.19127	1	0	0	0	1	0	0	0	1
1.175	-0.54473	0.02577	-0.19127	1	0	0	0	1	0	0	0	1
1.18	-0.54471	0.02578	-0.19125	1	0	0	0	1	0	0	0	1
1.185	-0.54469	0.025799	-0.19124	1	0	0	0	1	0	0	0	1
1.19	-0.54469	0.025812	-0.19121	1	0	0	0	1	0	0	0	1
1.195	-0.54467	0.02583	-0.1912	1	0	0	0	1	0	0	0	1
1.2	-0.54464	0.025849	-0.19117	1	0	0	0	1	0	0	0	1
1.205	-0.54464	0.025869	-0.19114	1	0	0	0	1	0	0	0	1
1.21	-0.54462	0.025899	-0.19112	1	0	0	0	1	0	0	0	1
1.215	-0.5446	0.025925	-0.1911	1	0	0	0	1	0	0	0	1
1.22	-0.5446	0.025944	-0.19108	1	0	0	0	1	0	0	0	1
1.225	-0.54459	0.025953	-0.19106	1	0	0	0	1	0	0	0	1
1.23	-0.54459	0.02596	-0.19103	1	0	0	0	1	0	0	0	1
1.235	-0.54459	0.025971	-0.19102	1	0	0	0	1	0	0	0	1
1.24	-0.54459	0.025986	-0.19101	1	0	0	0	1	0	0	0	1
1.245	-0.54461	0.025995	-0.19098	1	0	0	0	1	0	0	0	1
1.25	-0.5446	0.026016	-0.19097	1	0	0	0	1	0	0	0	1
1.255	-0.54458	0.026037	-0.19095	1	0	0	0	1	0	0	0	1
1.26	-0.54459	0.026044	-0.19092	1	0	0	0	1	0	0	0	1
1.265	-0.54455	0.026075	-0.19091	1	0	0	0	1	0	0	0	1
1.27	-0.54455	0.026103	-0.19089	1	0	0	0	1	0	0	0	1
1.275	-0.54457	0.026114	-0.19085	1	0	0	0	1	0	0	0	1
1.28	-0.54453	0.026127	-0.19084	1	0	0	0	1	0	0	0	1
1.285	-0.54451	0.026142	-0.19083	1	0	0	0	1	0	0	0	1
1.29	-0.54451	0.026163	-0.19081	1	0	0	0	1	0	0	0	1
1.295	-0.54454	0.026171	-0.19077	1	0	0	0	1	0	0	0	1
1.3	-0.54455	0.026179	-0.19073	1	0	0	0	1	0	0	0	1
1.305	-0.54452	0.026198	-0.19072	1	0	0	0	1	0	0	0	1
1.31	-0.54449	0.026209	-0.1907	1	0	0	0	1	0	0	0	1
1.315	-0.54445	0.026224	-0.19069	1	0	0	0	1	0	0	0	1
1.32	-0.54442	0.026243	-0.19066	1	0	0	0	1	0	0	0	1
1.325	-0.54441	0.02626	-0.19062	1	0	0	0	1	0	0	0	1
1.33	-0.54438	0.026283	-0.19059	1	0	0	0	1	0	0	0	1
1.335	-0.54434	0.026304	-0.19056	1	0	0	0	1	0	0	0	1
1.34	-0.54432	0.02633	-0.19052	1	0	0	0	1	0	0	0	1
1.345	-0.5443	0.026362	-0.19048	1	0	0	0	1	0	0	0	1
1.35	-0.54431	0.026382	-0.19042	1	0	0	0	1	0	0	0	1
1.355	-0.5443	0.026403	-0.19036	1	0	0	0	1	0	0	0	1
1.36	-0.54426	0.026435	-0.19033	1	0	0	0	1	0	0	0	1
1.365	-0.54425	0.026462	-0.19027	1	0	0	0	1	0	0	0	1
1.37	-0.54423	0.026499	-0.19023	1	0	0	0	1	0	0	0	1
1.375	-0.54421	0.026543	-0.19017	1	0	0	0	1	0	0	0	1
1.38	-0.54419	0.026577	-0.19012	1	0	0	0	1	0	0	0	1
1.385	-0.5442	0.026603	-0.19006	1	0	0	0	1	0	0	0	1
1.39	-0.54419	0.026641	-0.18999	1	0	0	0	1	0	0	0	1
1.395	-0.54417	0.026691	-0.18993	1	0	0	0	1	0	0	0	1
1.4	-0.54416	0.026737	-0.18986	1	0	0	0	1	0	0	0	1
1.405	-0.54417	0.026776	-0.18978	1	0	0	0	1	0	0	0	1
1.41	-0.54417	0.026813	-0.1897	1	0	0	0	1	0	0	0	1
1.415	-0.54416	0.026854	-0.18963	1	0	0	0	1	0	0	0	1
1.42	-0.54419	0.02689	-0.18954	1	0	0	0	1	0	0	0	1
1.425	-0.54418	0.026929	-0.18948	1	0	0	0	1	0	0	0	1
1.43	-0.54417	0.026967	-0.18943	1	0	0	0	1	0	0	0	1
1.435	-0.54414	0.027008	-0.18939	1	0	0	0	1	0	0	0	1
1.44	-0.54409	0.027037	-0.18936	1	0	0	0	1	0	0	0	1
1.445	-0.54407	0.027046	-0.18932	1	0	0	0	1	0	0	0	1
1.45	-0.54404	0.027071	-0.1893	1	0	0	0	1	0	0	0	1
1.455	-0.54401	0.027097	-0.18928	1	0	0	0	1	0	0	0	1
1.46	-0.544	0.027107	-0.18925	1	0	0	0	1	0	0	0	1
1.465	-0.544	0.027119	-0.18921	1	0	0	0	1	0	0	0	1
1.47	-0.54398	0.027132	-0.18917	1	0	0	0	1	0	0	0	1
1.475	-0.54395	0.027145	-0.18915	1	0	0	0	1	0	0	0	1
1.48	-0.54395	0.027157	-0.18911	1	0	0	0	1	0	0	0	1
1.485	-0.54393	0.02718	-0.18907	1	0	0	0	1	0	0	0	1
1.49	-0.54389	0.027202	-0.18904	1	0	0	0	1	0	0	0	1
1.495	-0.54387	0.027221	-0.189	1	0	0	0	1	0	0	0	1
1.5	-0.54386	0.02724	-0.18896	1	0	0	0	1	0	0	0	1
1.505	-0.54386	0.027254	-0.18891	1	0	0	0	1	0	0	0	1
1.51	-0.54386	0.027272	-0.18887	1	0	0	0	1	0	0	0	1
1.515	-0.54383	0.027292	-0.18886	1	0	0	0	1	0	0	0	1
1.52	-0.54383	0.027284	-0.18883	1	0	0	0	1	0	0	0	1
1.525	-0.54385	0.02728	-0.1888	1	0	0	0	1	0	0	0	1
1.53	-0.54381	0.027294	-0.1888	1	0	0	0	1	0	0	0	1
1.535	-0.54381	0.027294	-0.18878	1	0	0	0	1	0	0	0	1
1.54	-0.54382	0.027293	-0.18877	1	0	0	0	1	0	0	0	1
1.545	-0.54381	0.027292	-0.18877	1	0	0	0	1	0	0	0	1
1.55	-0.54378	0.027286	-0.18878	1	0	0	0	1	0	0	0	1
1.555	-0.54376	0.027281	-0.18879	1	0	0	0	1	0	0	0	1
1.56	-0.54374	0.027277	-0.1888	1	0	0	0	1	0	0	0	1
1.565	-0.54377	0.027252	-0.1888	1	0	0	0	1	0	0	0	1
1.57	-0.54382	0.027233	-0.18878	1	0	0	0	1	0	0	0	1
1.575	-0.54378	0.027235	-0.1888	1	0	0	0	1	0	0	0	1
1.58	-0.54378	0.02723	-0.1888	1	0	0	0	1	0	0	0	1
1.585	-0.54381	0.02722	-0.18879	1	0	0	0	1	0	0	0	1
1.59	-0.54378	0.027228	-0.1888	1	0	0	0	1	0	0	0	1
1.595	-0.54378	0.027229	-0.18879	1	0	0	0	1	0	0	0	1
1.6	-0.54381	0.027226	-0.18876	1	0	0	0	1	0	0	0	1
1.605	-0.5438	0.027235	-0.18876	1	0	0	0	1	0	0	0	1
1.61	-0.54381	0.027242	-0.18874	1	0	0	0	1	0	0	0	1
1.615	-0.54382	0.027248	-0.18872	1	0	0	0	1	0	0	0	1
1.62	-0.54382	0.027261	-0.18872	1	0	0	0	1	0	0	0	1
1.625	-0.54386	0.027272	-0.18869	1	0	0	0	1	0	0	0	1
1.63	-0.54387	0.027285	-0.18867	1	0	0	0	1	0	0	0	1
1.635	-0.54388	0.027303	-0.18865	1	0	0	0	1	0	0	0	1
1.64	-0.54389	0.027324	-0.18863	1	0	0	0	1	0	0	0	1
1.645	-0.54389	0.027342	-0.18862	1	0	0	0	1	0	0	0	1
1.65	-0.54391	0.027364	-0.1886	1	0	0	0	1	0	0	0	1
1.655	-0.54393	0.027373	-0.18856	1	0	0	0	1	0	0	0	1
1.66	-0.54395	0.027389	-0.18852	1	0	0	0	1	0	0	0	1
1.665	-0.54397	0.027415	-0.18848	1	0	0	0	1	0	0	0	1
1.67	-0.54397	0.027448	-0.18843	1	0	0	0	1	0	0	0	1
1.675	-0.54397	0.027476	-0.18838	1	0	0	0	1	0	0	0	1
1.68	-0.54394	0.027509	-0.18835	1	0	0	0	1	0	0	0	1
1.685	-0.54395	0.02754	-0.18828	1	0	0	0	1	0	0	0	1
1.69	-0.54397	0.027569	-0.18821	1	0	0	0	1	0	0	0	1
1.695	-0.54394	0.027622	-0.18814	1	0	0	0	1	0	0	0	1
1.7	-0.54394	0.02767	-0.18807	1	0	0	0	1	0	0	0	1
1.705	-0.54392	0.027721	-0.188	1	0	0	0	1	0	0	0	1
1.71	-0.54391	0.027781	-0.18792	1	0	0	0	1	0	0	0	1
1.715	-0.54392	0.027842	-0.18784	1	0	0	0	1	0	0	0	1
1.72	-0.5439	0.027909	-0.18776	1	0	0	0	1	0	0	0	1
1.725	-0.54386	0.027988	-0.1877	1	0	0	0	1	0	0	0	1
1.73	-0.54385	0.028058	-0.18761	1	0	0	0	1	0	0	0	1
1.735	-0.54383	0.028136	-0.18752	1	0	0	0	1	0	0	0	1
1.74	-0.54381	0.028222	-0.18744	1	0	0	0	1	0	0	0	1
1.745	-0.54379	0.028314	-0.18735	1	0	0	0	1	0	0	0	1
1.75	-0.54374	0.028434	-0.18726	1	0	0	0	1	0	0	0	1
1.755	-0.54371	0.028561	-0.18717	1	0	0	0	1	0	0	0	1
1.76	-0.54372	0.028672	-0.18705	1	0	0	0	1	0	0	0	1
1.765	-0.54367	0.028781	-0.18695	1	0	0	0	1	0	0	0	1
1.77	-0.54356	0.028897	-0.18687	1	0	0	0	1	0	0	0	1
1.775	-0.54347	0.02902	-0.1868	1	0	0	0	1	0	0	0	1
1.78	-0.54334	0.029178	-0.18676	1	0	0	0	1	0	0	0	1
1.785	-0.54322	0.02937	-0.18673	1	0	0	0	1	0	0	0	1
1.79	-0.54313	0.029572	-0.1867	1	0	0	0	1	0	0	0	1
1.795	-0.54306	0.029796	-0.18666	1	0	0	0	1	0	0	0	1
1.8	-0.54296	0.030067	-0.18665	1	0	0	0	1	0	0	0	1
1.805	-0.54289	0.030348	-0.18663	1	0	0	0	1	0	0	0	1
1.81	-0.54284	0.030618	-0.18657	1	0	0	0	1	0	0	0	1
1.815	-0.54275	0.031012	-0.18652	1	0	0	0	1	0	0	0	1
1.82	-0.54271	0.031551	-0.18645	1	0	0	0	1	0	0	0	1
1.825	-0.54267	0.032182	-0.18637	1	0	0	0	1	0	0	0	1
1.83	-0.54253	0.032903	-0.18632	1	0	0	0	1	0	0	0	1
1.835	-0.54234	0.033712	-0.1863	1	0	0	0	1	0	0	0	1
1.84	-0.54213	0.034579	-0.18631	1	0	0	0	1	0	0	0	1
1.845	-0.54192	0.03549	-0.18635	1	0	0	0	1	0	0	0	1
1.85	-0.54172	0.036483	-0.18643	1	0	0	0	1	0	0	0	1
1.855	-0.54147	0.037545	-0.1866	1	0	0	0	1	0	0	0	1
1.86	-0.54121	0.038632	-0.18687	1	0	0	0	1	0	0	0	1
1.865	-0.54086	0.039738	-0.18725	1	0	0	0	1	0	0	0	1
1.87	-0.54038	0.040907	-0.18776	1	0	0	0	1	0	0	0	1
1.875	-0.53998	0.042091	-0.18831	1	0	0	0	1	0	0	0	1
1.88	-0.53955	0.043262	-0.18893	1	0	0	0	1	0	0	0	1
1.885	-0.53892	0.044456	-0.18968	1	0	0	0	1	0	0	0	1
1.89	-0.5382	0.045675	-0.19048	1	0	0	0	1	0	0	0	1
1.895	-0.53745	0.046897	-0.19129	1	0	0	0	1	0	0	0	1
1.9	-0.53682	0.048043	-0.19203	1	0	0	0	1	0	0	0	1
1.905	-0.53628	0.04909	-0.19267	1	0	0	0	1	0	0	0	1
1.91	-0.53619	0.049983	-0.19311	1	0	0	0	1	0	0	0	1
1.915	-0.5363	0.050707	-0.19342	1	0	0	0	1	0	0	0	1
1.92	-0.53424	0.051726	-0.19469	1	0	0	0	1	0	0	0	1
1.925	-0.53389	0.05238	-0.19502	1	0	0	0	1	0	0	0	1
1.93	-0.53359	0.052845	-0.19526	1	0	0	0	1	0	0	0	1
1.935	-0.53344	0.053135	-0.19539	1	0	0	0	1	0	0	0	1
1.94	-0.53333	0.053465	-0.19542	1	0	0	0	1	0	0	0	1
1.945	-0.53236	0.054086	-0.19532	1	0	0	0	1	0	0	0	1
1.95	-0.53243	0.054192	-0.19517	1	0	0	0	1	0	0	0	1
1.955	-0.53317	0.054502	-0.19496	1	0	0	0	1	0	0	0	1
1.96	-0.53329	0.0546	-0.19462	1	0	0	0	1	0	0	0	1
1.965	-0.53342	0.054639	-0.19422	1	0	0	0	1	0	0	0	1
1.97	-0.53349	0.054733	-0.19382	1	0	0	0	1	0	0	0	1
1.975	-0.53357	0.054857	-0.19341	1	0	0	0	1	0	0	0	1
1.98	-0.53369	0.05498	-0.19304	1	0	0	0	1	0	0	0	1
1.985	-0.53374	0.055133	-0.19276	1	0	0	0	1	0	0	0	1
1.99	-0.53374	0.055351	-0.19255	1	0	0	0	1	0	0	0	1
1.995	-0.53367	0.055633	-0.19245	1	0	0	0	1	0	0	0	1
2	-0.53351	0.055966	-0.19247	1	0	0	0	1	0	0	0	1
2.005	-0.53336	0.056278	-0.19255	1	0	0	0	1	0	0	0	1
2.01	-0.53322	0.056566	-0.19266	1	0	0	0	1	0	0	0	1
2.015	-0.53304	0.056893	-0.19283	1	0	0	0	1	0	0	0	1
2.02	-0.53283	0.057268	-0.193	1	0	0	0	1	0	0	0	1
2.025	-0.53261	0.057715	-0.19315	1	0	0	0	1	0	0	0	1
2.03	-0.53237	0.058268	-0.1933	1	0	0	0	1	0	0	0	1
2.035	-0.53209	0.058968	-0.19341	1	0	0	0	1	0	0	0	1
2.04	-0.53169	0.059846	-0.19347	1	0	0	0	1	0	0	0	1
2.045	-0.53116	0.060918	-0.1935	1	0	0	0	1	0	0	0	1
2.05	-0.53049	0.062266	-0.19351	1	0	0	0	1	0	0	0	1
2.055	-0.52967	0.063983	-0.19349	1	0	0	0	1	0	0	0	1
2.06	-0.52856	0.066077	-0.19348	1	0	0	0	1	0	0	0	1
2.065	-0.52723	0.068503	-0.19349	1	0	0	0	1	0	0	0	1
2.07	-0.5257	0.071341	-0.19351	1	0	0	0	1	0	0	0	1
2.075	-0.52378	0.074704	-0.19358	1	0	0	0	1	0	0	0	1
2.08	-0.52217	0.077668	-0.1937	1	0	0	0	1	0	0	0	1
2.085	-0.51949	0.081705	-0.19375	1	0	0	0	1	0	0	0	1
2.09	-0.51586	0.08626	-0.19374	1	0	0	0	1	0	0	0	1
2.095	-0.51224	0.091136	-0.19373	1	0	0	0	1	0	0	0	1
2.1	-0.50783	0.096291	-0.19366	1	0	0	0	1	0	0	0	1
2.105	-0.50259	0.10175	-0.19349	1	0	0	0	1	0	0	0	1
2.11	-0.49692	0.10733	-0.19329	1	0	0	0	1	0	0	0	1
2.115	-0.49079	0.11302	-0.19312	1	0	0	0	1	0	0	0	1
2.12	-0.48403	0.11889	-0.19296	1	0	0	0	1	0	0	0	1
2.125	-0.47665	0.12489	-0.19288	1	0	0	0	1	0	0	0	1
2.13	-0.46859	0.13097	-0.19299	1	0	0	0	1	0	0	0	1
2.135	-0.46129	0.13703	-0.19268	1	0	0	0	1	0	0	0	1
2.14	-0.45256	0.14328	-0.19301	1	0	0	0	1	0	0	0	1
2.145	-0.44361	0.14983	-0.19337	1	0	0	0	1	0	0	0	1
2.15	-0.43443	0.15663	-0.1938	1	0	0	0	1	0	0	0	1
2.155	-0.42467	0.16359	-0.19439	1	0	0	0	1	0	0	0	1
2.16	-0.41675	0.17009	-0.19409	1	0	0	0	1	0	0	0	1
2.165	-0.40848	0.17647	-0.19366	1	0	0	0	1	0	0	0	1
2.17	-0.39893	0.18277	-0.19335	1	0	0	0	1	0	0	0	1
2.175	-0.38966	0.1887	-0.19266	1	0	0	0	1	0	0	0	1
2.18	-0.38014	0.19442	-0.19189	1	0	0	0	1	0	0	0	1
2.185	-0.37053	0.19986	-0.19115	1	0	0	0	1	0	0	0	1
2.19	-0.3608	0.20504	-0.19047	1	0	0	0	1	0	0	0	1
2.195	-0.35092	0.20991	-0.18978	1	0	0	0	1	0	0	0	1
2.2	-0.34062	0.21424	-0.18911	1	0	0	0	1	0	0	0	1
2.205	-0.33025	0.2178	-0.18819	1	0	0	0	1	0	0	0	1
2.21	-0.31853	0.22091	-0.18758	1	0	0	0	1	0	0	0	1
2.215	-0.30612	0.22351	-0.18714	1	0	0	0	1	0	0	0	1
2.22	-0.29387	0.22544	-0.18657	1	0	0	0	1	0	0	0	1
2.225	-0.28113	0.22685	-0.18612	1	0	0	0	1	0	0	0	1
2.23	-0.26819	0.22761	-0.18559	1	0	0	0	1	0	0	0	1
2.235	-0.25481	0.22787	-0.18517	1	0	0	0	1	0	0	0	1
2.24	-0.24091	0.2277	-0.18488	1	0	0	0	1	0	0	0	1
2.245	-0.22651	0.22713	-0.18469	1	0	0	0	1	0	0	0	1
2.25	-0.21162	0.2262	-0.18466	1	0	0	0	1	0	0	0	1
2.255	-0.19653	0.22493	-0.18461	1	0	0	0	1	0	0	0	1
2.26	-0.18111	0.2234	-0.18459	1	0	0	0	1	0	0	0	1
2.265	-0.16436	0.22176	-0.18511	1	0	0	0	1	0	0	0	1
2.27	-0.14857	0.21989	-0.18497	1	0	0	0	1	0	0	0	1
2.275	-0.13254	0.21793	-0.18484	1	0	0	0	1	0	0	0	1
2.28	-0.11634	0.21595	-0.18468	1	0	0	0	1	0	0	0	1
2.285	-0.099964	0.21399	-0.1845	1	0	0	0	1	0	0	0	1
2.29	-0.08352	0.212	-0.18427	1	0	0	0	1	0	0	0	1
2.295	-0.067014	0.21003	-0.18401	1	0	0	0	1	0	0	0	1
2.3	-0.050329	0.2081	-0.18384	1	0	0	0	1	0	0	0	1
2.305	-0.033672	0.20618	-0.18369	1	0	0	0	1	0	0	0	1
2.31	-0.01705	0.20428	-0.18357	1	0	0	0	1	0	0	0	1
2.315	-0.0003259	0.2024	-0.18358	1	0	0	0	1	0	0	0	1
2.32	0.015262	0.20036	-0.18304	1	0	0	0	1	0	0	0	1
2.325	0.031808	0.19837	-0.18315	1	0	0	0	1	0	0	0	1
2.33	0.04812	0.19628	-0.18327	1	0	0	0	1	0	0	0	1
2.335	0.064505	0.1942	-0.18361	1	0	0	0	1	0	0	0	1
2.34	0.080832	0.19209	-0.18405	1	0	0	0	1	0	0	0	1
2.345	0.096933	0.1899	-0.18453	1	0	0	0	1	0	0	0	1
2.35	0.1129	0.1877	-0.18512	1	0	0	0	1	0	0	0	1
2.355	0.12856	0.18547	-0.18571	1	0	0	0	1	0	0	0	1
2.36	0.14399	0.18316	-0.18632	1	0	0	0	1	0	0	0	1
2.365	0.15921	0.18083	-0.18696	1	0	0	0	1	0	0	0	1
2.37	0.1739	0.17837	-0.18741	1	0	0	0	1	0	0	0	1
2.375	0.18809	0.17576	-0.18772	1	0	0	0	1	0	0	0	1
2.38	0.20187	0.17297	-0.18795	1	0	0	0	1	0	0	0	1
2.385	0.21513	0.16999	-0.18804	1	0	0	0	1	0	0	0	1
2.39	0.2277	0.16676	-0.18797	1	0	0	0	1	0	0	0	1
2.395	0.23962	0.16323	-0.18782	1	0	0	0	1	0	0	0	1
2.4	0.25097	0.15942	-0.18768	1	0	0	0	1	0	0	0	1
2.405	0.26166	0.15529	-0.18751	1	0	0	0	1	0	0	0	1
2.41	0.27167	0.15085	-0.18739	1	0	0	0	1	0	0	0	1
2.415	0.28098	0.14612	-0.18731	1	0	0	0	1	0	0	0	1
2.42	0.28959	0.14112	-0.18718	1	0	0	0	1	0	0	0	1
2.425	0.29745	0.13586	-0.18698	1	0	0	0	1	0	0	0	1
2.43	0.30461	0.1303	-0.18668	1	0	0	0	1	0	0	0	1
2.435	0.31109	0.12443	-0.18623	1	0	0	0	1	0	0	0	1
2.44	0.31686	0.11827	-0.18558	1	0	0	0	1	0	0	0	1
2.445	0.32193	0.11181	-0.18474	1	0	0	0	1	0	0	0	1
2.45	0.32654	0.10512	-0.18383	1	0	0	0	1	0	0	0	1
2.455	0.33059	0.098207	-0.18281	1	0	0	0	1	0	0	0	1
2.46	0.3341	0.091092	-0.1817	1	0	0	0	1	0	0	0	1
2.465	0.33736	0.083822	-0.18066	1	0	0	0	1	0	0	0	1
2.47	0.33957	0.076057	-0.17943	1	0	0	0	1	0	0	0	1
2.475	0.33852	0.067121	-0.17699	1	0	0	0	1	0	0	0	1
2.48	0.33553	0.058636	-0.17425	1	0	0	0	1	0	0	0	1
2.485	0.3315	0.052242	-0.17232	1	0	0	0	1	0	0	0	1
2.49	0.32702	0.047276	-0.17163	1	0	0	0	1	0	0	0	1
2.495	0.3243	0.043123	-0.17206	1	0	0	0	1	0	0	0	1
2.5	0.32387	0.039334	-0.17222	1	0	0	0	1	0	0	0	1
2.505	0.32432	0.03535	-0.17156	1	0	0	0	1	0	0	0	1
2.51	0.32395	0.031247	-0.17053	1	0	0	0	1	0	0	0	1
2.515	0.32279	0.02765	-0.16938	1	0	0	0	1	0	0	0	1
2.52	0.32144	0.02644	-0.16848	1	0	0	0	1	0	0	0	1
2.525	0.32019	0.027562	-0.16782	1	0	0	0	1	0	0	0	1
2.53	0.32019	0.029007	-0.16692	1	0	0	0	1	0	0	0	1
2.535	0.32196	0.029792	-0.16567	1	0	0	0	1	0	0	0	1
2.54	0.32401	0.030016	-0.16417	1	0	0	0	1	0	0	0	1
2.545	0.3248	0.030708	-0.16306	1	0	0	0	1	0	0	0	1
2.55	0.32468	0.031668	-0.16267	1	0	0	0	1	0	0	0	1
2.555	0.3247	0.031891	-0.1625	1	0	0	0	1	0	0	0	1
2.56	0.32487	0.031692	-0.16247	1	0	0	0	1	0	0	0	1
2.565	0.32485	0.031555	-0.16277	1	0	0	0	1	0	0	0	1
2.57	0.3247	0.031288	-0.16309	1	0	0	0	1	0	0	0	1
2.575	0.32465	0.030976	-0.16315	1	0	0	0	1	0	0	0	1
2.58	0.32471	0.030926	-0.16305	1	0	0	0	1	0	0	0	1
2.585	0.32469	0.031095	-0.16278	1	0	0	0	1	0	0	0	1
2.59	0.32465	0.031285	-0.16241	1	0	0	0	1	0	0	0	1
2.595	0.32462	0.031433	-0.16213	1	0	0	0	1	0	0	0	1
2.6	0.32458	0.031528	-0.16202	1	0	0	0	1	0	0	0	1
2.605	0.3245	0.031526	-0.16198	1	0	0	0	1	0	0	0	1
2.61	0.32439	0.031446	-0.16202	1	0	0	0	1	0	0	0	1
2.615	0.32431	0.031356	-0.16215	1	0	0	0	1	0	0	0	1
2.62	0.32424	0.031284	-0.16233	1	0	0	0	1	0	0	0	1
2.625	0.32419	0.031238	-0.16246	1	0	0	0	1	0	0	0	1
2.63	0.32413	0.031223	-0.16253	1	0	0	0	1	0	0	0	1
2.635	0.32406	0.031246	-0.16254	1	0	0	0	1	0	0	0	1
2.64	0.32401	0.031287	-0.16251	1	0	0	0	1	0	0	0	1
2.645	0.32396	0.031332	-0.16244	1	0	0	0	1	0	0	0	1
2.65	0.32387	0.031393	-0.16236	1	0	0	0	1	0	0	0	1
2.655	0.3238	0.031478	-0.16229	1	0	0	0	1	0	0	0	1
2.66	0.32371	0.031565	-0.16221	1	0	0	0	1	0	0	0	1
2.665	0.32363	0.031649	-0.16212	1	0	0	0	1	0	0	0	1
2.67	0.32358	0.031734	-0.16202	1	0	0	0	1	0	0	0	1
2.675	0.32356	0.031818	-0.1619	1	0	0	0	1	0	0	0	1
2.68	0.32355	0.031909	-0.16177	1	0	0	0	1	0	0	0	1
2.685	0.32356	0.032018	-0.16161	1	0	0	0	1	0	0	0	1
2.69	0.3236	0.032148	-0.16146	1	0	0	0	1	0	0	0	1
2.695	0.32366	0.032301	-0.16133	1	0	0	0	1	0	0	0	1
2.7	0.32372	0.032453	-0.16122	1	0	0	0	1	0	0	0	1
2.705	0.32374	0.032576	-0.1611	1	0	0	0	1	0	0	0	1
2.71	0.32374	0.032676	-0.16099	1	0	0	0	1	0	0	0	1
2.715	0.32373	0.032762	-0.16089	1	0	0	0	1	0	0	0	1
2.72	0.32371	0.032829	-0.16083	1	0	0	0	1	0	0	0	1
2.725	0.32369	0.032877	-0.16078	1	0	0	0	1	0	0	0	1
2.73	0.32367	0.032913	-0.16076	1	0	0	0	1	0	0	0	1
2.735	0.32365	0.032939	-0.16077	1	0	0	0	1	0	0	0	1
2.74	0.32362	0.032954	-0.1608	1	0	0	0	1	0	0	0	1
2.745	0.32357	0.032959	-0.16084	1	0	0	0	1	0	0	0	1
2.75	0.32353	0.032958	-0.16089	1	0	0	0	1	0	0	0	1
2.755	0.32347	0.032952	-0.16094	1	0	0	0	1	0	0	0	1
2.76	0.32341	0.032941	-0.16099	1	0	0	0	1	0	0	0	1
2.765	0.32334	0.032926	-0.16104	1	0	0	0	1	0	0	0	1
2.77	0.32327	0.032903	-0.16108	1	0	0	0	1	0	0	0	1
2.775	0.3232	0.032878	-0.16113	1	0	0	0	1	0	0	0	1
2.78	0.32315	0.032848	-0.16121	1	0	0	0	1	0	0	0	1
2.785	0.32311	0.032819	-0.16129	1	0	0	0	1	0	0	0	1
2.79	0.32306	0.032791	-0.16138	1	0	0	0	1	0	0	0	1
2.795	0.323	0.03276	-0.16148	1	0	0	0	1	0	0	0	1
2.8	0.32294	0.032728	-0.16159	1	0	0	0	1	0	0	0	1
2.805	0.32289	0.032694	-0.1617	1	0	0	0	1	0	0	0	1
2.81	0.32282	0.032659	-0.1618	1	0	0	0	1	0	0	0	1
2.815	0.32276	0.032623	-0.1619	1	0	0	0	1	0	0	0	1
2.82	0.3227	0.032588	-0.16197	1	0	0	0	1	0	0	0	1
2.825	0.32264	0.03256	-0.16203	1	0	0	0	1	0	0	0	1
2.83	0.3226	0.032543	-0.16209	1	0	0	0	1	0	0	0	1
2.835	0.32256	0.032536	-0.16213	1	0	0	0	1	0	0	0	1
2.84	0.3225	0.032536	-0.16217	1	0	0	0	1	0	0	0	1
2.845	0.32246	0.032542	-0.16222	1	0	0	0	1	0	0	0	1
2.85	0.32241	0.032541	-0.16227	1	0	0	0	1	0	0	0	1
2.855	0.32235	0.032522	-0.16234	1	0	0	0	1	0	0	0	1
2.86	0.32228	0.032483	-0.16243	1	0	0	0	1	0	0	0	1
2.865	0.32221	0.032433	-0.16254	1	0	0	0	1	0	0	0	1
2.87	0.32213	0.032368	-0.16266	1	0	0	0	1	0	0	0	1
2.875	0.32203	0.032283	-0.16279	1	0	0	0	1	0	0	0	1
2.88	0.32193	0.032185	-0.16291	1	0	0	0	1	0	0	0	1
2.885	0.32183	0.03208	-0.16301	1	0	0	0	1	0	0	0	1
2.89	0.32176	0.031993	-0.16312	1	0	0	0	1	0	0	0	1
2.895	0.32171	0.03194	-0.16321	1	0	0	0	1	0	0	0	1
2.9	0.32166	0.03191	-0.16328	1	0	0	0	1	0	0	0	1
2.905	0.32161	0.031888	-0.16333	1	0	0	0	1	0	0	0	1
2.91	0.32158	0.031875	-0.16335	1	0	0	0	1	0	0	0	1
2.915	0.32157	0.03187	-0.16336	1	0	0	0	1	0	0	0	1
2.92	0.32154	0.031872	-0.16335	1	0	0	0	1	0	0	0	1
2.925	0.32153	0.031892	-0.16334	1	0	0	0	1	0	0	0	1
2.93	0.32151	0.03193	-0.16332	1	0	0	0	1	0	0	0	1
2.935	0.32148	0.031966	-0.16331	1	0	0	0	1	0	0	0	1
2.94	0.32146	0.031995	-0.1633	1	0	0	0	1	0	0	0	1
2.945	0.32141	0.032017	-0.16329	1	0	0	0	1	0	0	0	1
2.95	0.32135	0.032036	-0.16329	1	0	0	0	1	0	0	0	1
2.955	0.32131	0.032051	-0.1633	1	0	0	0	1	0	0	0	1
2.96	0.32127	0.032061	-0.16334	1	0	0	0	1	0	0	0	1
2.965	0.32122	0.032059	-0.16336	1	0	0	0	1	0	0	0	1
2.97	0.32117	0.032058	-0.16339	1	0	0	0	1	0	0	0	1
2.975	0.32113	0.03206	-0.16341	1	0	0	0	1	0	0	0	1
2.98	0.32109	0.032062	-0.16341	1	0	0	0	1	0	0	0	1
2.985	0.32107	0.032074	-0.16342	1	0	0	0	1	0	0	0	1
2.99	0.32104	0.032084	-0.16341	1	0	0	0	1	0	0	0	1
2.995	0.32101	0.032091	-0.1634	1	0	0	0	1	0	0	0	1
3	0.321	0.032097	-0.16339	1	0	0	0	1	0	0	0	1
3.005	0.32098	0.0321	-0.16337	1	0	0	0	1	0	0	0	1
3.01	0.32095	0.032105	-0.16336	1	0	0	0	1	0	0	0	1
3.015	0.32093	0.032111	-0.16336	1	0	0	0	1	0	0	0	1
3.02	0.32091	0.032116	-0.16336	1	0	0	0	1	0	0	0	1
3.025	0.3209	0.032113	-0.16335	1	0	0	0	1	0	0	0	1
3.03	0.32089	0.032107	-0.16335	1	0	0	0	1	0	0	0	1
3.035	0.32087	0.032105	-0.16335	1	0	0	0	1	0	0	0	1
3.04	0.32087	0.032105	-0.16335	1	0	0	0	1	0	0	0	1
3.045	0.32086	0.032107	-0.16335	1	0	0	0	1	0	0	0	1
3.05	0.32085	0.032115	-0.16333	1	0	0	0	1	0	0	0	1
3.055	0.32083	0.032123	-0.16331	1	0	0	0	1	0	0	0	1
3.06	0.32082	0.032132	-0.16329	1	0	0	0	1	0	0	0	1
3.065	0.32082	0.032144	-0.16325	1	0	0	0	1	0	0	0	1
3.07	0.32082	0.032152	-0.16322	1	0	0	0	1	0	0	0	1
3.075	0.32083	0.032158	-0.16319	1	0	0	0	1	0	0	0	1
3.08	0.32085	0.032166	-0.16317	1	0	0	0	1	0	0	0	1
3.085	0.32086	0.032173	-0.16316	1	0	0	0	1	0	0	0	1
3.09	0.32088	0.032169	-0.16316	1	0	0	0	1	0	0	0	1
3.095	0.32088	0.032152	-0.16315	1	0	0	0	1	0	0	0	1
3.1	0.32087	0.032132	-0.16315	1	0	0	0	1	0	0	0	1
3.105	0.32088	0.032115	-0.16317	1	0	0	0	1	0	0	0	1
3.11	0.32089	0.032096	-0.1632	1	0	0	0	1	0	0	0	1
3.115	0.32089	0.032074	-0.16322	1	0	0	0	1	0	0	0	1
3.12	0.3209	0.032051	-0.16326	1	0	0	0	1	0	0	0	1
3.125	0.3209	0.032028	-0.1633	1	0	0	0	1	0	0	0	1
3.13	0.3209	0.032006	-0.16334	1	0	0	0	1	0	0	0	1
3.135	0.32091	0.03198	-0.16338	1	0	0	0	1	0	0	0	1
3.14	0.3209	0.031951	-0.16341	1	0	0	0	1	0	0	0	1
3.145	0.3209	0.031922	-0.16346	1	0	0	0	1	0	0	0	1
3.15	0.32089	0.031888	-0.1635	1	0	0	0	1	0	0	0	1
3.155	0.32087	0.031853	-0.16354	1	0	0	0	1	0	0	0	1
3.16	0.32086	0.031823	-0.16359	1	0	0	0	1	0	0	0	1
3.165	0.32085	0.031796	-0.16362	1	0	0	0	1	0	0	0	1
3.17	0.32082	0.031776	-0.16365	1	0	0	0	1	0	0	0	1
3.175	0.32077	0.031762	-0.16366	1	0	0	0	1	0	0	0	1
3.18	0.32073	0.031743	-0.16368	1	0	0	0	1	0	0	0	1
3.185	0.32069	0.031726	-0.1637	1	0	0	0	1	0	0	0	1
3.19	0.32067	0.031713	-0.16371	1	0	0	0	1	0	0	0	1
3.195	0.32066	0.031694	-0.16373	1	0	0	0	1	0	0	0	1
3.2	0.32066	0.031673	-0.16373	1	0	0	0	1	0	0	0	1
3.205	0.32068	0.031657	-0.16374	1	0	0	0	1	0	0	0	1
3.21	0.32071	0.031641	-0.16374	1	0	0	0	1	0	0	0	1
3.215	0.32075	0.031628	-0.16374	1	0	0	0	1	0	0	0	1
3.22	0.32079	0.031627	-0.16373	1	0	0	0	1	0	0	0	1
3.225	0.32084	0.031626	-0.16371	1	0	0	0	1	0	0	0	1
3.23	0.32086	0.031613	-0.16369	1	0	0	0	1	0	0	0	1
3.235	0.32087	0.031596	-0.16368	1	0	0	0	1	0	0	0	1
3.24	0.32087	0.031578	-0.16368	1	0	0	0	1	0	0	0	1
3.245	0.32082	0.031568	-0.16366	1	0	0	0	1	0	0	0	1
3.25	0.32076	0.031574	-0.16364	1	0	0	0	1	0	0	0	1
3.255	0.32067	0.031587	-0.16361	1	0	0	0	1	0	0	0	1
3.26	0.32055	0.031602	-0.16358	1	0	0	0	1	0	0	0	1
3.265	0.32042	0.031626	-0.16353	1	0	0	0	1	0	0	0	1
3.27	0.32028	0.031664	-0.16349	1	0	0	0	1	0	0	0	1
3.275	0.32014	0.031706	-0.16345	1	0	0	0	1	0	0	0	1
3.28	0.31999	0.031741	-0.1634	1	0	0	0	1	0	0	0	1
3.285	0.31986	0.031782	-0.16336	1	0	0	0	1	0	0	0	1
3.29	0.31972	0.031826	-0.16332	1	0	0	0	1	0	0	0	1
3.295	0.31959	0.031865	-0.16328	1	0	0	0	1	0	0	0	1
3.3	0.31949	0.031905	-0.16324	1	0	0	0	1	0	0	0	1
3.305	0.31944	0.031945	-0.1632	1	0	0	0	1	0	0	0	1
3.31	0.31942	0.031979	-0.16316	1	0	0	0	1	0	0	0	1
3.315	0.31947	0.032016	-0.16312	1	0	0	0	1	0	0	0	1
3.32	0.31955	0.032054	-0.16307	1	0	0	0	1	0	0	0	1
3.325	0.31966	0.032095	-0.16303	1	0	0	0	1	0	0	0	1
3.33	0.31978	0.032137	-0.16298	1	0	0	0	1	0	0	0	1
3.335	0.31986	0.032154	-0.1629	1	0	0	0	1	0	0	0	1
3.34	0.3199	0.032159	-0.16281	1	0	0	0	1	0	0	0	1
3.345	0.31993	0.032168	-0.16273	1	0	0	0	1	0	0	0	1
3.35	0.31994	0.032177	-0.16266	1	0	0	0	1	0	0	0	1
3.355	0.31995	0.032185	-0.1626	1	0	0	0	1	0	0	0	1
3.36	0.31997	0.032195	-0.16256	1	0	0	0	1	0	0	0	1
3.365	0.31998	0.032202	-0.16252	1	0	0	0	1	0	0	0	1
3.37	0.31999	0.032203	-0.16248	1	0	0	0	1	0	0	0	1
3.375	0.32001	0.032202	-0.16245	1	0	0	0	1	0	0	0	1
3.38	0.32003	0.032199	-0.16241	1	0	0	0	1	0	0	0	1
3.385	0.32007	0.032198	-0.16239	1	0	0	0	1	0	0	0	1
3.39	0.32013	0.032191	-0.16238	1	0	0	0	1	0	0	0	1
3.395	0.32018	0.032179	-0.16237	1	0	0	0	1	0	0	0	1
3.4	0.32025	0.03218	-0.16239	1	0	0	0	1	0	0	0	1
3.405	0.32028	0.032182	-0.16239	1	0	0	0	1	0	0	0	1
3.41	0.32029	0.032179	-0.1624	1	0	0	0	1	0	0	0	1
3.415	0.32029	0.032173	-0.16242	1	0	0	0	1	0	0	0	1
3.42	0.3203	0.032166	-0.16244	1	0	0	0	1	0	0	0	1
3.425	0.32031	0.032155	-0.16245	1	0	0	0	1	0	0	0	1
3.43	0.32032	0.032145	-0.16245	1	0	0	0	1	0	0	0	1
3.435	0.32033	0.032142	-0.16245	1	0	0	0	1	0	0	0	1
3.44	0.32034	0.032144	-0.16246	1	0	0	0	1	0	0	0	1
3.445	0.32035	0.032141	-0.16247	1	0	0	0	1	0	0	0	1
3.45	0.32034	0.032133	-0.16248	1	0	0	0	1	0	0	0	1
3.455	0.32033	0.032119	-0.1625	1	0	0	0	1	0	0	0	1
3.46	0.32035	0.032102	-0.16254	1	0	0	0	1	0	0	0	1
3.465	0.32037	0.032067	-0.16257	1	0	0	0	1	0	0	0	1
3.47	0.32042	0.032022	-0.16261	1	0	0	0	1	0	0	0	1
3.475	0.32049	0.031969	-0.16266	1	0	0	0	1	0	0	0	1
3.48	0.32058	0.03191	-0.16271	1	0	0	0	1	0	0	0	1
3.485	0.32068	0.031851	-0.16276	1	0	0	0	1	0	0	0	1
3.49	0.32078	0.031799	-0.16281	1	0	0	0	1	0	0	0	1
3.495	0.32087	0.031754	-0.16284	1	0	0	0	1	0	0	0	1
3.5	0.32096	0.031722	-0.16287	1	0	0	0	1	0	0	0	1
3.505	0.32104	0.031698	-0.1629	1	0	0	0	1	0	0	0	1
3.51	0.32112	0.031679	-0.16291	1	0	0	0	1	0	0	0	1
3.515	0.3212	0.031665	-0.16292	1	0	0	0	1	0	0	0	1
3.52	0.32126	0.031652	-0.16293	1	0	0	0	1	0	0	0	1
3.525	0.32131	0.031643	-0.16293	1	0	0	0	1	0	0	0	1
3.53	0.32135	0.031639	-0.16294	1	0	0	0	1	0	0	0	1
3.535	0.32137	0.031629	-0.16294	1	0	0	0	1	0	0	0	1
3.54	0.32137	0.031615	-0.16295	1	0	0	0	1	0	0	0	1
3.545	0.32139	0.031599	-0.16297	1	0	0	0	1	0	0	0	1
3.55	0.32142	0.031576	-0.16301	1	0	0	0	1	0	0	0	1
3.555	0.32142	0.031537	-0.16304	1	0	0	0	1	0	0	0	1
3.56	0.32142	0.031497	-0.16307	1	0	0	0	1	0	0	0	1
3.565	0.32145	0.031468	-0.16312	1	0	0	0	1	0	0	0	1
3.57	0.32146	0.031437	-0.16317	1	0	0	0	1	0	0	0	1
3.575	0.32148	0.031404	-0.16322	1	0	0	0	1	0	0	0	1
3.58	0.32149	0.031365	-0.16327	1	0	0	0	1	0	0	0	1
3.585	0.32152	0.031328	-0.16333	1	0	0	0	1	0	0	0	1
3.59	0.32155	0.031294	-0.1634	1	0	0	0	1	0	0	0	1
3.595	0.32158	0.031254	-0.16347	1	0	0	0	1	0	0	0	1
3.6	0.32161	0.031215	-0.16353	1	0	0	0	1	0	0	0	1
3.605	0.32163	0.031175	-0.1636	1	0	0	0	1	0	0	0	1
3.61	0.32166	0.031129	-0.16365	1	0	0	0	1	0	0	0	1
3.615	0.32168	0.031087	-0.16371	1	0	0	0	1	0	0	0	1
3.62	0.32172	0.031058	-0.16375	1	0	0	0	1	0	0	0	1
3.625	0.32175	0.031038	-0.16379	1	0	0	0	1	0	0	0	1
3.63	0.32178	0.031021	-0.16382	1	0	0	0	1	0	0	0	1
3.635	0.32181	0.031013	-0.16384	1	0	0	0	1	0	0	0	1
3.64	0.32183	0.03101	-0.16385	1	0	0	0	1	0	0	0	1
3.645	0.32185	0.031009	-0.16385	1	0	0	0	1	0	0	0	1
3.65	0.32185	0.031013	-0.16384	1	0	0	0	1	0	0	0	1
3.655	0.32185	0.03101	-0.16383	1	0	0	0	1	0	0	0	1
3.66	0.32184	0.03101	-0.16383	1	0	0	0	1	0	0	0	1
3.665	0.32184	0.031013	-0.16383	1	0	0	0	1	0	0	0	1
3.67	0.32182	0.031007	-0.16383	1	0	0	0	1	0	0	0	1
3.675	0.3218	0.031002	-0.16383	1	0	0	0	1	0	0	0	1
3.68	0.32178	0.031001	-0.16384	1	0	0	0	1	0	0	0	1
3.685	0.32177	0.030996	-0.16385	1	0	0	0	1	0	0	0	1
3.69	0.32176	0.030978	-0.16387	1	0	0	0	1	0	0	0	1
3.695	0.32176	0.030957	-0.16389	1	0	0	0	1	0	0	0	1
3.7	0.32177	0.030938	-0.16392	1	0	0	0	1	0	0	0	1
3.705	0.32178	0.030916	-0.16395	1	0	0	0	1	0	0	0	1
3.71	0.32177	0.030886	-0.16397	1	0	0	0	1	0	0	0	1
3.715	0.32178	0.030855	-0.16399	1	0	0	0	1	0	0	0	1
3.72	0.32179	0.030825	-0.16403	1	0	0	0	1	0	0	0	1
3.725	0.32179	0.030797	-0.16406	1	0	0	0	1	0	0	0	1
3.73	0.32178	0.030771	-0.16409	1	0	0	0	1	0	0	0	1
3.735	0.32176	0.030748	-0.16411	1	0	0	0	1	0	0	0	1
3.74	0.32176	0.030733	-0.16413	1	0	0	0	1	0	0	0	1
3.745	0.32175	0.030723	-0.16415	1	0	0	0	1	0	0	0	1
3.75	0.32175	0.030719	-0.16415	1	0	0	0	1	0	0	0	1
3.755	0.32174	0.03072	-0.16416	1	0	0	0	1	0	0	0	1
3.76	0.32174	0.030722	-0.16416	1	0	0	0	1	0	0	0	1
3.765	0.32173	0.030725	-0.16415	1	0	0	0	1	0	0	0	1
3.77	0.32174	0.030733	-0.16415	1	0	0	0	1	0	0	0	1
3.775	0.32174	0.030743	-0.16413	1	0	0	0	1	0	0	0	1
3.78	0.32174	0.030756	-0.16412	1	0	0	0	1	0	0	0	1
3.785	0.32176	0.030772	-0.16411	1	0	0	0	1	0	0	0	1
3.79	0.32177	0.030792	-0.1641	1	0	0	0	1	0	0	0	1
3.795	0.32178	0.030807	-0.16408	1	0	0	0	1	0	0	0	1
3.8	0.32178	0.030818	-0.16406	1	0	0	0	1	0	0	0	1
3.805	0.32176	0.030827	-0.16404	1	0	0	0	1	0	0	0	1
3.81	0.32175	0.030834	-0.16402	1	0	0	0	1	0	0	0	1
3.815	0.32175	0.030842	-0.16402	1	0	0	0	1	0	0	0	1
3.82	0.32176	0.030848	-0.16402	1	0	0	0	1	0	0	0	1
3.825	0.32176	0.030848	-0.16402	1	0	0	0	1	0	0	0	1
3.83	0.32175	0.030847	-0.16402	1	0	0	0	1	0	0	0	1
3.835	0.32175	0.030853	-0.16402	1	0	0	0	1	0	0	0	1
3.84	0.32174	0.030861	-0.16401	1	0	0	0	1	0	0	0	1
3.845	0.32173	0.030871	-0.164	1	0	0	0	1	0	0	0	1
3.85	0.32172	0.030883	-0.16399	1	0	0	0	1	0	0	0	1
3.855	0.32172	0.030892	-0.16398	1	0	0	0	1	0	0	0	1
3.86	0.32172	0.030898	-0.16397	1	0	0	0	1	0	0	0	1
3.865	0.32172	0.030908	-0.16395	1	0	0	0	1	0	0	0	1
3.87	0.32172	0.030919	-0.16394	1	0	0	0	1	0	0	0	1
3.875	0.32173	0.030928	-0.16393	1	0	0	0	1	0	0	0	1
3.88	0.32172	0.030937	-0.16391	1	0	0	0	1	0	0	0	1
3.885	0.32171	0.030946	-0.16388	1	0	0	0	1	0	0	0	1
3.89	0.32171	0.030964	-0.16386	1	0	0	0	1	0	0	0	1
3.895	0.3217	0.030984	-0.16384	1	0	0	0	1	0	0	0	1
3.9	0.32169	0.031	-0.16381	1	0	0	0	1	0	0	0	1
3.905	0.32168	0.031006	-0.16379	1	0	0	0	1	0	0	0	1
3.91	0.32165	0.031013	-0.16376	1	0	0	0	1	0	0	0	1
3.915	0.32164	0.031021	-0.16375	1	0	0	0	1	0	0	0	1
3.92	0.32164	0.031023	-0.16375	1	0	0	0	1	0	0	0	1
3.925	0.32163	0.031023	-0.16375	1	0	0	0	1	0	0	0	1
3.93	0.32163	0.031019	-0.16376	1	0	0	0	1	0	0	0	1
3.935	0.32163	0.03101	-0.16377	1	0	0	0	1	0	0	0	1
3.94	0.32163	0.030996	-0.16379	1	0	0	0	1	0	0	0	1
3.945	0.32163	0.030977	-0.16381	1	0	0	0	1	0	0	0	1
3.95	0.32163	0.030951	-0.16384	1	0	0	0	1	0	0	0	1
3.955	0.32163	0.030923	-0.16387	1	0	0	0	1	0	0	0	1
3.96	0.32163	0.030889	-0.16391	1	0	0	0	1	0	0	0	1
3.965	0.32161	0.03085	-0.16395	1	0	0	0	1	0	0	0	1
3.97	0.32159	0.03082	-0.16399	1	0	0	0	1	0	0	0	1
3.975	0.32157	0.030789	-0.16403	1	0	0	0	1	0	0	0	1
3.98	0.32156	0.030757	-0.16407	1	0	0	0	1	0	0	0	1
3.985	0.32154	0.030728	-0.16411	1	0	0	0	1	0	0	0	1
3.99	0.32154	0.030703	-0.16416	1	0	0	0	1	0	0	0	1
3.995	0.32153	0.030679	-0.16419	1	0	0	0	1	0	0	0	1
4	0.32151	0.030657	-0.16422	1	0	0	0	1	0	0	0	1
4.005	0.32152	0.030649	-0.16424	1	0	0	0	1	0	0	0	1
4.01	0.32152	0.030644	-0.16426	1	0	0	0	1	0	0	0	1
4.015	0.32151	0.030641	-0.16426	1	0	0	0	1	0	0	0	1
4.02	0.32152	0.030648	-0.16427	1	0	0	0	1	0	0	0	1
4.025	0.32152	0.030651	-0.16427	1	0	0	0	1	0	0	0	1
4.03	0.32152	0.030653	-0.16427	1	0	0	0	1	0	0	0	1
4.035	0.32152	0.030655	-0.16427	1	0	0	0	1	0	0	0	1
4.04	0.32153	0.030655	-0.16427	1	0	0	0	1	0	0	0	1
4.045	0.32155	0.030648	-0.16428	1	0	0	0	1	0	0	0	1
4.05	0.32155	0.030641	-0.16429	1	0	0	0	1	0	0	0	1
4.055	0.32156	0.030627	-0.1643	1	0	0	0	1	0	0	0	1
4.06	0.32157	0.030608	-0.16432	1	0	0	0	1	0	0	0	1
4.065	0.3216	0.030586	-0.16435	1	0	0	0	1	0	0	0	1
4.07	0.32163	0.030556	-0.16439	1	0	0	0	1	0	0	0	1
4.075	0.32165	0.030525	-0.16443	1	0	0	0	1	0	0	0	1
4.08	0.32166	0.030495	-0.16449	1	0	0	0	1	0	0	0	1
4.085	0.32167	0.030456	-0.16454	1	0	0	0	1	0	0	0	1
4.09	0.32169	0.030417	-0.1646	1	0	0	0	1	0	0	0	1
4.095	0.32172	0.030381	-0.16467	1	0	0	0	1	0	0	0	1
4.1	0.32174	0.030342	-0.16475	1	0	0	0	1	0	0	0	1
4.105	0.32176	0.030301	-0.16482	1	0	0	0	1	0	0	0	1
4.11	0.32177	0.03026	-0.16489	1	0	0	0	1	0	0	0	1
4.115	0.32178	0.03022	-0.16496	1	0	0	0	1	0	0	0	1
4.12	0.32179	0.030178	-0.16502	1	0	0	0	1	0	0	0	1
4.125	0.3218	0.030141	-0.16508	1	0	0	0	1	0	0	0	1
4.13	0.32181	0.030117	-0.16513	1	0	0	0	1	0	0	0	1
4.135	0.32182	0.030095	-0.16517	1	0	0	0	1	0	0	0	1
4.14	0.32182	0.030081	-0.16521	1	0	0	0	1	0	0	0	1
4.145	0.32181	0.030069	-0.16522	1	0	0	0	1	0	0	0	1
4.15	0.3218	0.030063	-0.16523	1	0	0	0	1	0	0	0	1
4.155	0.32181	0.030065	-0.16524	1	0	0	0	1	0	0	0	1
4.16	0.32181	0.030065	-0.16524	1	0	0	0	1	0	0	0	1
4.165	0.32182	0.030067	-0.16524	1	0	0	0	1	0	0	0	1
4.17	0.32183	0.030077	-0.16524	1	0	0	0	1	0	0	0	1
4.175	0.32184	0.030088	-0.16524	1	0	0	0	1	0	0	0	1
4.18	0.32183	0.030096	-0.16523	1	0	0	0	1	0	0	0	1
4.185	0.32185	0.030108	-0.16523	1	0	0	0	1	0	0	0	1
4.19	0.32186	0.030113	-0.16523	1	0	0	0	1	0	0	0	1
4.195	0.32186	0.030106	-0.16523	1	0	0	0	1	0	0	0	1
4.2	0.32189	0.030104	-0.16524	1	0	0	0	1	0	0	0	1
4.205	0.32191	0.030102	-0.16526	1	0	0	0	1	0	0	0	1
4.21	0.32192	0.0301	-0.16528	1	0	0	0	1	0	0	0	1
4.215	0.32193	0.030098	-0.1653	1	0	0	0	1	0	0	0	1
4.22	0.32193	0.030087	-0.16531	1	0	0	0	1	0	0	0	1
4.225	0.32193	0.030077	-0.16533	1	0	0	0	1	0	0	0	1
4.23	0.32193	0.030063	-0.16536	1	0	0	0	1	0	0	0	1
4.235	0.32194	0.030048	-0.16538	1	0	0	0	1	0	0	0	1
4.24	0.32194	0.030031	-0.16541	1	0	0	0	1	0	0	0	1
4.245	0.32194	0.030011	-0.16543	1	0	0	0	1	0	0	0	1
4.25	0.32193	0.029992	-0.16545	1	0	0	0	1	0	0	0	1
4.255	0.32193	0.029972	-0.16547	1	0	0	0	1	0	0	0	1
4.26	0.32193	0.029957	-0.16549	1	0	0	0	1	0	0	0	1
4.265	0.32195	0.029951	-0.16551	1	0	0	0	1	0	0	0	1
4.27	0.32195	0.029946	-0.16553	1	0	0	0	1	0	0	0	1
4.275	0.32196	0.029942	-0.16553	1	0	0	0	1	0	0	0	1
4.28	0.32196	0.029939	-0.16554	1	0	0	0	1	0	0	0	1
4.285	0.32196	0.029934	-0.16554	1	0	0	0	1	0	0	0	1
4.29	0.32197	0.029937	-0.16553	1	0	0	0	1	0	0	0	1
4.295	0.32197	0.029944	-0.16553	1	0	0	0	1	0	0	0	1
4.3	0.32198	0.029952	-0.16553	1	0	0	0	1	0	0	0	1
4.305	0.32199	0.029961	-0.16553	1	0	0	0	1	0	0	0	1
4.31	0.322	0.029969	-0.16552	1	0	0	0	1	0	0	0	1
4.315	0.32201	0.029974	-0.16552	1	0	0	0	1	0	0	0	1
4.32	0.32201	0.029976	-0.16551	1	0	0	0	1	0	0	0	1
4.325	0.32201	0.029978	-0.16551	1	0	0	0	1	0	0	0	1
4.33	0.322	0.029975	-0.16551	1	0	0	0	1	0	0	0	1
4.335	0.322	0.029969	-0.16551	1	0	0	0	1	0	0	0	1
4.34	0.32199	0.029966	-0.16551	1	0	0	0	1	0	0	0	1
4.345	0.32198	0.029966	-0.16552	1	0	0	0	1	0	0	0	1
4.35	0.32197	0.029965	-0.16552	1	0	0	0	1	0	0	0	1
4.355	0.32196	0.029964	-0.16551	1	0	0	0	1	0	0	0	1
4.36	0.32195	0.029967	-0.16551	1	0	0	0	1	0	0	0	1
4.365	0.32193	0.02997	-0.1655	1	0	0	0	1	0	0	0	1
4.37	0.32192	0.029979	-0.16549	1	0	0	0	1	0	0	0	1
4.375	0.3219	0.029992	-0.16548	1	0	0	0	1	0	0	0	1
4.38	0.32188	0.030005	-0.16545	1	0	0	0	1	0	0	0	1
4.385	0.32188	0.030022	-0.16544	1	0	0	0	1	0	0	0	1
4.39	0.32187	0.030044	-0.16542	1	0	0	0	1	0	0	0	1
4.395	0.32186	0.030062	-0.1654	1	0	0	0	1	0	0	0	1
4.4	0.32185	0.03008	-0.16539	1	0	0	0	1	0	0	0	1
4.405	0.32185	0.0301	-0.16538	1	0	0	0	1	0	0	0	1
4.41	0.32183	0.030113	-0.16536	1	0	0	0	1	0	0	0	1
4.415	0.32181	0.03012	-0.16534	1	0	0	0	1	0	0	0	1
4.42	0.32178	0.030131	-0.16531	1	0	0	0	1	0	0	0	1
4.425	0.32177	0.030152	-0.16528	1	0	0	0	1	0	0	0	1
4.43	0.32177	0.030187	-0.16526	1	0	0	0	1	0	0	0	1
4.435	0.32176	0.030227	-0.16522	1	0	0	0	1	0	0	0	1
4.44	0.32175	0.030266	-0.16517	1	0	0	0	1	0	0	0	1
4.445	0.32175	0.030307	-0.16512	1	0	0	0	1	0	0	0	1
4.45	0.32175	0.030347	-0.16506	1	0	0	0	1	0	0	0	1
4.455	0.32176	0.030389	-0.16501	1	0	0	0	1	0	0	0	1
4.46	0.32175	0.030432	-0.16495	1	0	0	0	1	0	0	0	1
4.465	0.32174	0.030474	-0.16489	1	0	0	0	1	0	0	0	1
4.47	0.32173	0.030511	-0.16484	1	0	0	0	1	0	0	0	1
4.475	0.32173	0.030546	-0.16479	1	0	0	0	1	0	0	0	1
4.48	0.32171	0.030573	-0.16474	1	0	0	0	1	0	0	0	1
4.485	0.32169	0.030597	-0.16471	1	0	0	0	1	0	0	0	1
4.49	0.32169	0.030614	-0.16469	1	0	0	0	1	0	0	0	1
4.495	0.32167	0.030623	-0.16467	1	0	0	0	1	0	0	0	1
4.5	0.32166	0.030633	-0.16466	1	0	0	0	1	0	0	0	1
4.505	0.32166	0.030645	-0.16466	1	0	0	0	1	0	0	0	1
4.51	0.32164	0.030657	-0.16465	1	0	0	0	1	0	0	0	1
4.515	0.32164	0.03067	-0.16464	1	0	0	0	1	0	0	0	1
4.52	0.32164	0.030685	-0.16463	1	0	0	0	1	0	0	0	1
4.525	0.32164	0.030699	-0.16461	1	0	0	0	1	0	0	0	1
4.53	0.32165	0.030713	-0.16459	1	0	0	0	1	0	0	0	1
4.535	0.32164	0.030725	-0.16457	1	0	0	0	1	0	0	0	1
4.54	0.32165	0.030739	-0.16454	1	0	0	0	1	0	0	0	1
4.545	0.32165	0.030758	-0.16452	1	0	0	0	1	0	0	0	1
4.55	0.32166	0.030777	-0.1645	1	0	0	0	1	0	0	0	1
4.555	0.32166	0.030798	-0.16447	1	0	0	0	1	0	0	0	1
4.56	0.32166	0.030824	-0.16444	1	0	0	0	1	0	0	0	1
4.565	0.32164	0.03084	-0.16442	1	0	0	0	1	0	0	0	1
4.57	0.32165	0.030853	-0.1644	1	0	0	0	1	0	0	0	1
4.575	0.32165	0.030866	-0.16439	1	0	0	0	1	0	0	0	1
4.58	0.32165	0.030871	-0.16437	1	0	0	0	1	0	0	0	1
4.585	0.32166	0.03088	-0.16437	1	0	0	0	1	0	0	0	1
4.59	0.32168	0.030893	-0.16437	1	0	0	0	1	0	0	0	1
4.595	0.3217	0.030899	-0.16437	1	0	0	0	1	0	0	0	1
4.6	0.3217	0.030899	-0.16437	1	0	0	0	1	0	0	0	1
4.605	0.32171	0.030897	-0.16437	1	0	0	0	1	0	0	0	1
4.61	0.32171	0.030899	-0.16438	1	0	0	0	1	0	0	0	1
4.615	0.32172	0.0309	-0.16439	1	0	0	0	1	0	0	0	1
4.62	0.32174	0.030898	-0.16441	1	0	0	0	1	0	0	0	1
4.625	0.32175	0.030891	-0.16443	1	0	0	0	1	0	0	0	1
4.63	0.32176	0.030883	-0.16445	1	0	0	0	1	0	0	0	1
4.635	0.32177	0.030879	-0.16446	1	0	0	0	1	0	0	0	1
4.64	0.32178	0.03088	-0.16447	1	0	0	0	1	0	0	0	1
4.645	0.32181	0.030884	-0.16448	1	0	0	0	1	0	0	0	1
4.65	0.32182	0.030883	-0.16448	1	0	0	0	1	0	0	0	1
4.655	0.32184	0.030881	-0.16449	1	0	0	0	1	0	0	0	1
4.66	0.32186	0.030879	-0.16451	1	0	0	0	1	0	0	0	1
4.665	0.32188	0.030875	-0.16453	1	0	0	0	1	0	0	0	1
4.67	0.32189	0.030867	-0.16455	1	0	0	0	1	0	0	0	1
4.675	0.3219	0.030863	-0.16457	1	0	0	0	1	0	0	0	1
4.68	0.3219	0.030855	-0.16459	1	0	0	0	1	0	0	0	1
4.685	0.3219	0.030843	-0.16462	1	0	0	0	1	0	0	0	1
4.69	0.32192	0.030835	-0.16465	1	0	0	0	1	0	0	0	1
4.695	0.32192	0.030824	-0.16468	1	0	0	0	1	0	0	0	1
4.7	0.32192	0.03081	-0.1647	1	0	0	0	1	0	0	0	1
4.705	0.32193	0.030796	-0.16474	1	0	0	0	1	0	0	0	1
4.71	0.32195	0.030785	-0.16477	1	0	0	0	1	0	0	0	1
4.715	0.32197	0.030771	-0.16481	1	0	0	0	1	0	0	0	1
4.72	0.32199	0.030751	-0.16484	1	0	0	0	1	0	0	0	1
4.725	0.322	0.030737	-0.16487	1	0	0	0	1	0	0	0	1
4.73	0.32202	0.030727	-0.1649	1	0	0	0	1	0	0	0	1
4.735	0.32204	0.030715	-0.16493	1	0	0	0	1	0	0	0	1
4.74	0.32206	0.030713	-0.16496	1	0	0	0	1	0	0	0	1
4.745	0.32208	0.030713	-0.16498	1	0	0	0	1	0	0	0	1
4.75	0.32209	0.030711	-0.165	1	0	0	0	1	0	0	0	1
4.755	0.32211	0.030713	-0.16502	1	0	0	0	1	0	0	0	1
4.76	0.32212	0.030717	-0.16504	1	0	0	0	1	0	0	0	1
4.765	0.32214	0.030719	-0.16506	1	0	0	0	1	0	0	0	1
4.77	0.32215	0.030723	-0.16508	1	0	0	0	1	0	0	0	1
4.775	0.32216	0.030726	-0.1651	1	0	0	0	1	0	0	0	1
4.78	0.32219	0.030729	-0.16513	1	0	0	0	1	0	0	0	1
4.785	0.32221	0.030726	-0.16516	1	0	0	0	1	0	0	0	1
4.79	0.32221	0.030717	-0.16519	1	0	0	0	1	0	0	0	1
4.795	0.32221	0.030706	-0.16521	1	0	0	0	1	0	0	0	1
4.8	0.32221	0.030699	-0.16524	1	0	0	0	1	0	0	0	1
4.805	0.3222	0.030688	-0.16527	1	0	0	0	1	0	0	0	1
4.81	0.32221	0.030675	-0.1653	1	0	0	0	1	0	0	0	1
4.815	0.32221	0.030666	-0.16533	1	0	0	0	1	0	0	0	1
4.82	0.32219	0.030653	-0.16534	1	0	0	0	1	0	0	0	1
4.825	0.32219	0.03064	-0.16537	1	0	0	0	1	0	0	0	1
4.83	0.32219	0.030629	-0.16539	1	0	0	0	1	0	0	0	1
4.835	0.32218	0.030617	-0.16541	1	0	0	0	1	0	0	0	1
4.84	0.32217	0.030604	-0.16542	1	0	0	0	1	0	0	0	1
4.845	0.32217	0.030588	-0.16543	1	0	0	0	1	0	0	0	1
4.85	0.32217	0.03058	-0.16545	1	0	0	0	1	0	0	0	1
4.855	0.32217	0.030572	-0.16545	1	0	0	0	1	0	0	0	1
4.86	0.32217	0.030566	-0.16545	1	0	0	0	1	0	0	0	1
4.865	0.32216	0.030559	-0.16545	1	0	0	0	1	0	0	0	1
4.87	0.32215	0.030541	-0.16544	1	0	0	0	1	0	0	0	1
4.875	0.32215	0.030532	-0.16545	1	0	0	0	1	0	0	0	1
4.88	0.32214	0.030529	-0.16544	1	0	0	0	1	0	0	0	1
4.885	0.32212	0.030524	-0.16543	1	0	0	0	1	0	0	0	1
4.89	0.32211	0.030524	-0.16544	1	0	0	0	1	0	0	0	1
4.895	0.3221	0.030515	-0.16544	1	0	0	0	1	0	0	0	1
4.9	0.32208	0.030502	-0.16543	1	0	0	0	1	0	0	0	1
4.905	0.32206	0.03049	-0.16543	1	0	0	0	1	0	0	0	1
4.91	0.32204	0.030482	-0.16543	1	0	0	0	1	0	0	0	1
4.915	0.32203	0.030476	-0.16544	1	0	0	0	1	0	0	0	1
4.92	0.32201	0.030463	-0.16544	1	0	0	0	1	0	0	0	1
4.925	0.32199	0.030449	-0.16544	1	0	0	0	1	0	0	0	1
4.93	0.32197	0.030431	-0.16545	1	0	0	0	1	0	0	0	1
4.935	0.32194	0.030409	-0.16545	1	0	0	0	1	0	0	0	1
4.94	0.32192	0.03039	-0.16546	1	0	0	0	1	0	0	0	1
4.945	0.32188	0.030365	-0.16547	1	0	0	0	1	0	0	0	1
4.95	0.32185	0.030335	-0.16549	1	0	0	0	1	0	0	0	1
4.955	0.3218	0.030302	-0.16551	1	0	0	0	1	0	0	0	1
4.96	0.32174	0.03026	-0.16553	1	0	0	0	1	0	0	0	1
4.965	0.3217	0.03022	-0.16557	1	0	0	0	1	0	0	0	1
4.97	0.32167	0.030183	-0.16562	1	0	0	0	1	0	0	0	1
4.975	0.32164	0.030143	-0.16566	1	0	0	0	1	0	0	0	1
4.98	0.32161	0.030104	-0.16571	1	0	0	0	1	0	0	0	1
4.985	0.32159	0.030074	-0.16576	1	0	0	0	1	0	0	0	1
4.99	0.32157	0.030042	-0.16581	1	0	0	0	1	0	0	0	1
4.995	0.32156	0.030013	-0.16585	1	0	0	0	1	0	0	0	1
