0.005	-0.52527	0.071276	-0.19272	1	0	0	0	1	0	0	0	1
0.01	-0.52527	0.071269	-0.19271	1	0	0	0	1	0	0	0	1
0.015	-0.52526	0.071266	-0.19271	1	0	0	0	1	0	0	0	1
0.02	-0.52525	0.071263	-0.1927	1	0	0	0	1	0	0	0	1
0.025	-0.52525	0.071258	-0.19269	1	0	0	0	1	0	0	0	1
0.03	-0.52523	0.071256	-0.19269	1	0	0	0	1	0	0	0	1
0.035	-0.52523	0.071252	-0.19269	1	0	0	0	1	0	0	0	1
0.04	-0.52523	0.071252	-0.19269	1	0	0	0	1	0	0	0	1
0.045	-0.52521	0.071252	-0.19269	1	0	0	0	1	0	0	0	1
0.05	-0.5252	0.071251	-0.19269	1	0	0	0	1	0	0	0	1
0.055	-0.5252	0.071256	-0.19268	1	0	0	0	1	0	0	0	1
0.06	-0.52519	0.071256	-0.19268	1	0	0	0	1	0	0	0	1
0.065	-0.52518	0.071259	-0.19267	1	0	0	0	1	0	0	0	1
0.07	-0.52518	0.07126	-0.19266	1	0	0	0	1	0	0	0	1
0.075	-0.52518	0.07126	-0.19266	1	0	0	0	1	0	0	0	1
0.08	-0.52517	0.071269	-0.19265	1	0	0	0	1	0	0	0	1
0.085	-0.52517	0.071274	-0.19263	1	0	0	0	1	0	0	0	1
0.09	-0.52517	0.071274	-0.19263	1	0	0	0	1	0	0	0	1
0.095	-0.52517	0.071276	-0.19262	1	0	0	0	1	0	0	0	1
0.1	-0.52517	0.071276	-0.19262	1	0	0	0	1	0	0	0	1
0.105	-0.52517	0.07127	-0.19262	1	0	0	0	1	0	0	0	1
0.11	-0.52516	0.071268	-0.19262	1	0	0	0	1	0	0	0	1
0.115	-0.52516	0.071269	-0.19262	1	0	0	0	1	0	0	0	1
0.12	-0.52516	0.071267	-0.19262	1	0	0	0	1	0	0	0	1
0.125	-0.52515	0.071267	-0.19262	1	0	0	0	1	0	0	0	1
0.13	-0.52515	0.071264	-0.19261	1	0	0	0	1	0	0	0	1
0.135	-0.52515	0.071262	-0.19261	1	0	0	0	1	0	0	0	1
0.14	-0.52516	0.071257	-0.19261	1	0	0	0	1	0	0	0	1
0.145	-0.52516	0.071258	-0.19261	1	0	0	0	1	0	0	0	1
0.15	-0.52516	0.07126	-0.19262	1	0	0	0	1	0	0	0	1
0.155	-0.52516	0.071264	-0.19263	1	0	0	0	1	0	0	0	1
0.16	-0.52516	0.071269	-0.19263	1	0	0	0	1	0	0	0	1
0.165	-0.52517	0.071264	-0.19262	1	0	0	0	1	0	0	0	1
0.17	-0.52518	0.071262	-0.19262	1	0	0	0	1	0	0	0	1
0.175	-0.52518	0.071265	-0.19261	1	0	0	0	1	0	0	0	1
0.18	-0.52519	0.071268	-0.19261	1	0	0	0	1	0	0	0	1
0.185	-0.52519	0.071268	-0.19262	1	0	0	0	1	0	0	0	1
0.19	-0.5252	0.071272	-0.19262	1	0	0	0	1	0	0	0	1
0.195	-0.52521	0.071278	-0.19262	1	0	0	0	1	0	0	0	1
0.2	-0.52523	0.071278	-0.19262	1	0	0	0	1	0	0	0	1
0.205	-0.52524	0.071277	-0.19262	1	0	0	0	1	0	0	0	1
0.21	-0.52525	0.071281	-0.19262	1	0	0	0	1	0	0	0	1
0.215	-0.52526	0.071281	-0.19263	1	0	0	0	1	0	0	0	1
0.22	-0.52527	0.071279	-0.19264	1	0	0	0	1	0	0	0	1
0.225	-0.52529	0.071274	-0.19264	1	0	0	0	1	0	0	0	1
0.23	-0.5253	0.071266	-0.19265	1	0	0	0	1	0	0	0	1
0.235	-0.52532	0.071259	-0.19265	1	0	0	0	1	0	0	0	1
0.24	-0.52533	0.071252	-0.19265	1	0	0	0	1	0	0	0	1
0.245	-0.52533	0.071247	-0.19266	1	0	0	0	1	0	0	0	1
0.25	-0.52535	0.071245	-0.19267	1	0	0	0	1	0	0	0	1
0.255	-0.52535	0.071239	-0.19268	1	0	0	0	1	0	0	0	1
0.26	-0.52534	0.071234	-0.1927	1	0	0	0	1	0	0	0	1
0.265	-0.52535	0.07123	-0.19269	1	0	0	0	1	0	0	0	1
0.27	-0.52536	0.071229	-0.19269	1	0	0	0	1	0	0	0	1
0.275	-0.52535	0.07123	-0.19269	1	0	0	0	1	0	0	0	1
0.28	-0.52536	0.071226	-0.19269	1	0	0	0	1	0	0	0	1
0.285	-0.52537	0.071226	-0.19268	1	0	0	0	1	0	0	0	1
0.29	-0.52536	0.071223	-0.19269	1	0	0	0	1	0	0	0	1
0.295	-0.52536	0.071217	-0.19269	1	0	0	0	1	0	0	0	1
0.3	-0.52537	0.071209	-0.19268	1	0	0	0	1	0	0	0	1
0.305	-0.52537	0.071198	-0.19268	1	0	0	0	1	0	0	0	1
0.31	-0.52537	0.071194	-0.19267	1	0	0	0	1	0	0	0	1
0.315	-0.52537	0.071195	-0.19268	1	0	0	0	1	0	0	0	1
0.32	-0.52536	0.071192	-0.19269	1	0	0	0	1	0	0	0	1
0.325	-0.52537	0.071179	-0.19269	1	0	0	0	1	0	0	0	1
0.33	-0.52536	0.071169	-0.19269	1	0	0	0	1	0	0	0	1
0.335	-0.52535	0.071162	-0.1927	1	0	0	0	1	0	0	0	1
0.34	-0.52536	0.071151	-0.19271	1	0	0	0	1	0	0	0	1
0.345	-0.52535	0.07114	-0.19272	1	0	0	0	1	0	0	0	1
0.35	-0.52534	0.071128	-0.19272	1	0	0	0	1	0	0	0	1
0.355	-0.52533	0.07112	-0.19271	1	0	0	0	1	0	0	0	1
0.36	-0.52533	0.071116	-0.19271	1	0	0	0	1	0	0	0	1
0.365	-0.52532	0.071107	-0.19271	1	0	0	0	1	0	0	0	1
0.37	-0.52532	0.0711	-0.1927	1	0	0	0	1	0	0	0	1
0.375	-0.52532	0.071093	-0.1927	1	0	0	0	1	0	0	0	1
0.38	-0.5253	0.071086	-0.1927	1	0	0	0	1	0	0	0	1
0.385	-0.5253	0.071079	-0.19269	1	0	0	0	1	0	0	0	1
0.39	-0.5253	0.071069	-0.19269	1	0	0	0	1	0	0	0	1
0.395	-0.52529	0.071065	-0.19269	1	0	0	0	1	0	0	0	1
0.4	-0.52528	0.071066	-0.19269	1	0	0	0	1	0	0	0	1
0.405	-0.52527	0.071063	-0.19269	1	0	0	0	1	0	0	0	1
0.41	-0.52526	0.07106	-0.19269	1	0	0	0	1	0	0	0	1
0.415	-0.52526	0.071058	-0.19268	1	0	0	0	1	0	0	0	1
0.42	-0.52526	0.071055	-0.19267	1	0	0	0	1	0	0	0	1
0.425	-0.52525	0.071051	-0.19267	1	0	0	0	1	0	0	0	1
0.43	-0.52524	0.071047	-0.19267	1	0	0	0	1	0	0	0	1
0.435	-0.52524	0.071042	-0.19266	1	0	0	0	1	0	0	0	1
0.44	-0.52523	0.071036	-0.19265	1	0	0	0	1	0	0	0	1
0.445	-0.52522	0.071032	-0.19266	1	0	0	0	1	0	0	0	1
0.45	-0.52522	0.071027	-0.19266	1	0	0	0	1	0	0	0	1
0.455	-0.52521	0.071028	-0.19266	1	0	0	0	1	0	0	0	1
0.46	-0.5252	0.071027	-0.19266	1	0	0	0	1	0	0	0	1
0.465	-0.5252	0.071019	-0.19266	1	0	0	0	1	0	0	0	1
0.47	-0.52519	0.071015	-0.19266	1	0	0	0	1	0	0	0	1
0.475	-0.52518	0.071016	-0.19268	1	0	0	0	1	0	0	0	1
0.48	-0.52518	0.07101	-0.19268	1	0	0	0	1	0	0	0	1
0.485	-0.52518	0.071007	-0.19269	1	0	0	0	1	0	0	0	1
0.49	-0.52518	0.071009	-0.19268	1	0	0	0	1	0	0	0	1
0.495	-0.52518	0.071006	-0.19268	1	0	0	0	1	0	0	0	1
0.5	-0.52519	0.070996	-0.19268	1	0	0	0	1	0	0	0	1
0.505	-0.52518	0.070995	-0.1927	1	0	0	0	1	0	0	0	1
0.51	-0.52518	0.070997	-0.19271	1	0	0	0	1	0	0	0	1
0.515	-0.52518	0.070994	-0.19271	1	0	0	0	1	0	0	0	1
0.52	-0.52519	0.070995	-0.19271	1	0	0	0	1	0	0	0	1
0.525	-0.52519	0.071	-0.19272	1	0	0	0	1	0	0	0	1
0.53	-0.5252	0.070996	-0.19273	1	0	0	0	1	0	0	0	1
0.535	-0.52521	0.070986	-0.19274	1	0	0	0	1	0	0	0	1
0.54	-0.52521	0.070981	-0.19275	1	0	0	0	1	0	0	0	1
0.545	-0.52522	0.070976	-0.19274	1	0	0	0	1	0	0	0	1
0.55	-0.52523	0.070972	-0.19275	1	0	0	0	1	0	0	0	1
0.555	-0.52524	0.07097	-0.19276	1	0	0	0	1	0	0	0	1
0.56	-0.52525	0.070969	-0.19276	1	0	0	0	1	0	0	0	1
0.565	-0.52525	0.070972	-0.19276	1	0	0	0	1	0	0	0	1
0.57	-0.52527	0.070968	-0.19276	1	0	0	0	1	0	0	0	1
0.575	-0.52529	0.070964	-0.19277	1	0	0	0	1	0	0	0	1
0.58	-0.5253	0.070962	-0.19278	1	0	0	0	1	0	0	0	1
0.585	-0.5253	0.070964	-0.19279	1	0	0	0	1	0	0	0	1
0.59	-0.5253	0.07097	-0.1928	1	0	0	0	1	0	0	0	1
0.595	-0.52531	0.070969	-0.19281	1	0	0	0	1	0	0	0	1
0.6	-0.52532	0.070966	-0.19281	1	0	0	0	1	0	0	0	1
0.605	-0.52532	0.070963	-0.19281	1	0	0	0	1	0	0	0	1
0.61	-0.52532	0.070962	-0.19281	1	0	0	0	1	0	0	0	1
0.615	-0.52533	0.070968	-0.19281	1	0	0	0	1	0	0	0	1
0.62	-0.52533	0.070969	-0.19283	1	0	0	0	1	0	0	0	1
0.625	-0.52534	0.070966	-0.19283	1	0	0	0	1	0	0	0	1
0.63	-0.52535	0.070964	-0.19283	1	0	0	0	1	0	0	0	1
0.635	-0.52535	0.070962	-0.19283	1	0	0	0	1	0	0	0	1
0.64	-0.52535	0.070958	-0.19283	1	0	0	0	1	0	0	0	1
0.645	-0.52536	0.070959	-0.19283	1	0	0	0	1	0	0	0	1
0.65	-0.52536	0.070963	-0.19283	1	0	0	0	1	0	0	0	1
0.655	-0.52536	0.070967	-0.19282	1	0	0	0	1	0	0	0	1
0.66	-0.52536	0.070967	-0.19283	1	0	0	0	1	0	0	0	1
0.665	-0.52535	0.070965	-0.19284	1	0	0	0	1	0	0	0	1
0.67	-0.52535	0.070963	-0.19283	1	0	0	0	1	0	0	0	1
0.675	-0.52536	0.07096	-0.19284	1	0	0	0	1	0	0	0	1
0.68	-0.52537	0.070959	-0.19285	1	0	0	0	1	0	0	0	1
0.685	-0.52537	0.070954	-0.19286	1	0	0	0	1	0	0	0	1
0.69	-0.52538	0.070946	-0.19287	1	0	0	0	1	0	0	0	1
0.695	-0.5254	0.070945	-0.19288	1	0	0	0	1	0	0	0	1
0.7	-0.52541	0.070949	-0.19289	1	0	0	0	1	0	0	0	1
0.705	-0.52542	0.070948	-0.1929	1	0	0	0	1	0	0	0	1
0.71	-0.52543	0.070947	-0.19291	1	0	0	0	1	0	0	0	1
0.715	-0.52544	0.070947	-0.19291	1	0	0	0	1	0	0	0	1
0.72	-0.52544	0.070949	-0.19292	1	0	0	0	1	0	0	0	1
0.725	-0.52545	0.070944	-0.19293	1	0	0	0	1	0	0	0	1
0.73	-0.52545	0.070938	-0.19292	1	0	0	0	1	0	0	0	1
0.735	-0.52545	0.070935	-0.19293	1	0	0	0	1	0	0	0	1
0.74	-0.52544	0.070936	-0.19293	1	0	0	0	1	0	0	0	1
0.745	-0.52544	0.070935	-0.19294	1	0	0	0	1	0	0	0	1
0.75	-0.52544	0.070928	-0.19294	1	0	0	0	1	0	0	0	1
0.755	-0.52544	0.070928	-0.19293	1	0	0	0	1	0	0	0	1
0.76	-0.52544	0.070927	-0.19293	1	0	0	0	1	0	0	0	1
0.765	-0.52545	0.070925	-0.19293	1	0	0	0	1	0	0	0	1
0.77	-0.52545	0.07093	-0.19294	1	0	0	0	1	0	0	0	1
0.775	-0.52546	0.070928	-0.19294	1	0	0	0	1	0	0	0	1
0.78	-0.52547	0.070924	-0.19294	1	0	0	0	1	0	0	0	1
0.785	-0.52547	0.070926	-0.19294	1	0	0	0	1	0	0	0	1
0.79	-0.52547	0.070929	-0.19296	1	0	0	0	1	0	0	0	1
0.795	-0.52547	0.070927	-0.19297	1	0	0	0	1	0	0	0	1
0.8	-0.52547	0.070924	-0.19298	1	0	0	0	1	0	0	0	1
0.805	-0.52546	0.070925	-0.19297	1	0	0	0	1	0	0	0	1
0.81	-0.52546	0.07092	-0.19297	1	0	0	0	1	0	0	0	1
0.815	-0.52545	0.070916	-0.19297	1	0	0	0	1	0	0	0	1
0.82	-0.52544	0.070911	-0.19297	1	0	0	0	1	0	0	0	1
0.825	-0.52543	0.070909	-0.19296	1	0	0	0	1	0	0	0	1
0.83	-0.52543	0.070903	-0.19295	1	0	0	0	1	0	0	0	1
0.835	-0.52542	0.070893	-0.19294	1	0	0	0	1	0	0	0	1
0.84	-0.52541	0.070892	-0.19294	1	0	0	0	1	0	0	0	1
0.845	-0.52539	0.070893	-0.19294	1	0	0	0	1	0	0	0	1
0.85	-0.52537	0.070891	-0.19294	1	0	0	0	1	0	0	0	1
0.855	-0.52536	0.070884	-0.19294	1	0	0	0	1	0	0	0	1
0.86	-0.52534	0.070873	-0.19293	1	0	0	0	1	0	0	0	1
0.865	-0.52532	0.070874	-0.19292	1	0	0	0	1	0	0	0	1
0.87	-0.52531	0.070874	-0.1929	1	0	0	0	1	0	0	0	1
0.875	-0.52529	0.070868	-0.19289	1	0	0	0	1	0	0	0	1
0.88	-0.52527	0.070863	-0.19289	1	0	0	0	1	0	0	0	1
0.885	-0.52526	0.070855	-0.19288	1	0	0	0	1	0	0	0	1
0.89	-0.52524	0.07085	-0.19286	1	0	0	0	1	0	0	0	1
0.895	-0.52522	0.070845	-0.19285	1	0	0	0	1	0	0	0	1
0.9	-0.52521	0.070841	-0.19284	1	0	0	0	1	0	0	0	1
0.905	-0.52519	0.070838	-0.19283	1	0	0	0	1	0	0	0	1
0.91	-0.52517	0.07083	-0.19282	1	0	0	0	1	0	0	0	1
0.915	-0.52516	0.070821	-0.19281	1	0	0	0	1	0	0	0	1
0.92	-0.52513	0.070815	-0.19281	1	0	0	0	1	0	0	0	1
0.925	-0.52511	0.070811	-0.19281	1	0	0	0	1	0	0	0	1
0.93	-0.52509	0.070806	-0.19281	1	0	0	0	1	0	0	0	1
0.935	-0.52507	0.070798	-0.19281	1	0	0	0	1	0	0	0	1
0.94	-0.52505	0.070789	-0.19281	1	0	0	0	1	0	0	0	1
0.945	-0.52501	0.070782	-0.19282	1	0	0	0	1	0	0	0	1
0.95	-0.52499	0.070767	-0.19281	1	0	0	0	1	0	0	0	1
0.955	-0.52496	0.070752	-0.19281	1	0	0	0	1	0	0	0	1
0.96	-0.52491	0.070737	-0.1928	1	0	0	0	1	0	0	0	1
0.965	-0.52487	0.070718	-0.19279	1	0	0	0	1	0	0	0	1
0.97	-0.52484	0.0707	-0.19278	1	0	0	0	1	0	0	0	1
0.975	-0.5248	0.070682	-0.19277	1	0	0	0	1	0	0	0	1
0.98	-0.52475	0.070666	-0.19276	1	0	0	0	1	0	0	0	1
0.985	-0.52469	0.070647	-0.19275	1	0	0	0	1	0	0	0	1
0.99	-0.52465	0.070622	-0.19273	1	0	0	0	1	0	0	0	1
0.995	-0.52459	0.070589	-0.1927	1	0	0	0	1	0	0	0	1
1	-0.52453	0.070554	-0.19269	1	0	0	0	1	0	0	0	1
1.005	-0.52446	0.07051	-0.19266	1	0	0	0	1	0	0	0	1
1.01	-0.5244	0.070459	-0.19262	1	0	0	0	1	0	0	0	1
1.015	-0.52433	0.070414	-0.19258	1	0	0	0	1	0	0	0	1
1.02	-0.52427	0.070376	-0.19255	1	0	0	0	1	0	0	0	1
1.025	-0.52421	0.070341	-0.19252	1	0	0	0	1	0	0	0	1
1.03	-0.52414	0.070304	-0.19248	1	0	0	0	1	0	0	0	1
1.035	-0.52407	0.070268	-0.19243	1	0	0	0	1	0	0	0	1
1.04	-0.52397	0.07023	-0.19239	1	0	0	0	1	0	0	0	1
1.045	-0.52388	0.070189	-0.19234	1	0	0	0	1	0	0	0	1
1.05	-0.5238	0.070151	-0.19229	1	0	0	0	1	0	0	0	1
1.055	-0.52372	0.070125	-0.19226	1	0	0	0	1	0	0	0	1
1.06	-0.52364	0.070102	-0.19221	1	0	0	0	1	0	0	0	1
1.065	-0.52356	0.070075	-0.19217	1	0	0	0	1	0	0	0	1
1.07	-0.52348	0.070044	-0.19213	1	0	0	0	1	0	0	0	1
1.075	-0.5234	0.070015	-0.1921	1	0	0	0	1	0	0	0	1
1.08	-0.52334	0.069986	-0.19207	1	0	0	0	1	0	0	0	1
1.085	-0.52327	0.069964	-0.19204	1	0	0	0	1	0	0	0	1
1.09	-0.5232	0.069943	-0.19201	1	0	0	0	1	0	0	0	1
1.095	-0.52314	0.069922	-0.19198	1	0	0	0	1	0	0	0	1
1.1	-0.52309	0.069897	-0.19195	1	0	0	0	1	0	0	0	1
1.105	-0.52302	0.069876	-0.19194	1	0	0	0	1	0	0	0	1
1.11	-0.52296	0.069857	-0.19192	1	0	0	0	1	0	0	0	1
1.115	-0.52291	0.069834	-0.19188	1	0	0	0	1	0	0	0	1
1.12	-0.52286	0.069809	-0.19185	1	0	0	0	1	0	0	0	1
1.125	-0.5228	0.069781	-0.19182	1	0	0	0	1	0	0	0	1
1.13	-0.52274	0.069754	-0.1918	1	0	0	0	1	0	0	0	1
1.135	-0.52269	0.069723	-0.19179	1	0	0	0	1	0	0	0	1
1.14	-0.52265	0.06969	-0.19177	1	0	0	0	1	0	0	0	1
1.145	-0.52262	0.069659	-0.19177	1	0	0	0	1	0	0	0	1
1.15	-0.52259	0.069634	-0.19176	1	0	0	0	1	0	0	0	1
1.155	-0.52256	0.069606	-0.19175	1	0	0	0	1	0	0	0	1
1.16	-0.52254	0.069574	-0.19174	1	0	0	0	1	0	0	0	1
1.165	-0.52251	0.069555	-0.19173	1	0	0	0	1	0	0	0	1
1.17	-0.52249	0.069545	-0.19173	1	0	0	0	1	0	0	0	1
1.175	-0.52247	0.069524	-0.19174	1	0	0	0	1	0	0	0	1
1.18	-0.52243	0.069497	-0.19174	1	0	0	0	1	0	0	0	1
1.185	-0.5224	0.069464	-0.19172	1	0	0	0	1	0	0	0	1
1.19	-0.52234	0.069438	-0.1917	1	0	0	0	1	0	0	0	1
1.195	-0.52229	0.069416	-0.19168	1	0	0	0	1	0	0	0	1
1.2	-0.52224	0.069383	-0.19166	1	0	0	0	1	0	0	0	1
1.205	-0.5222	0.06935	-0.19164	1	0	0	0	1	0	0	0	1
1.21	-0.52215	0.069322	-0.19162	1	0	0	0	1	0	0	0	1
1.215	-0.5221	0.069301	-0.19161	1	0	0	0	1	0	0	0	1
1.22	-0.52206	0.069269	-0.1916	1	0	0	0	1	0	0	0	1
1.225	-0.52204	0.069228	-0.19158	1	0	0	0	1	0	0	0	1
1.23	-0.52201	0.069194	-0.19156	1	0	0	0	1	0	0	0	1
1.235	-0.52198	0.069164	-0.19155	1	0	0	0	1	0	0	0	1
1.24	-0.52196	0.069133	-0.19154	1	0	0	0	1	0	0	0	1
1.245	-0.52195	0.069099	-0.19152	1	0	0	0	1	0	0	0	1
1.25	-0.52192	0.069076	-0.1915	1	0	0	0	1	0	0	0	1
1.255	-0.5219	0.069052	-0.19148	1	0	0	0	1	0	0	0	1
1.26	-0.52188	0.069021	-0.19145	1	0	0	0	1	0	0	0	1
1.265	-0.52184	0.068996	-0.19143	1	0	0	0	1	0	0	0	1
1.27	-0.5218	0.068972	-0.1914	1	0	0	0	1	0	0	0	1
1.275	-0.52177	0.068947	-0.19137	1	0	0	0	1	0	0	0	1
1.28	-0.52174	0.068919	-0.19135	1	0	0	0	1	0	0	0	1
1.285	-0.52169	0.068883	-0.19131	1	0	0	0	1	0	0	0	1
1.29	-0.52164	0.068848	-0.19128	1	0	0	0	1	0	0	0	1
1.295	-0.52159	0.068808	-0.19125	1	0	0	0	1	0	0	0	1
1.3	-0.52154	0.068766	-0.19121	1	0	0	0	1	0	0	0	1
1.305	-0.52148	0.068722	-0.19118	1	0	0	0	1	0	0	0	1
1.31	-0.52141	0.068675	-0.19115	1	0	0	0	1	0	0	0	1
1.315	-0.52134	0.068623	-0.1911	1	0	0	0	1	0	0	0	1
1.32	-0.52125	0.068576	-0.19106	1	0	0	0	1	0	0	0	1
1.325	-0.52116	0.068535	-0.19101	1	0	0	0	1	0	0	0	1
1.33	-0.52106	0.068496	-0.19097	1	0	0	0	1	0	0	0	1
1.335	-0.52096	0.068459	-0.19091	1	0	0	0	1	0	0	0	1
1.34	-0.52085	0.068426	-0.19085	1	0	0	0	1	0	0	0	1
1.345	-0.52074	0.068395	-0.19078	1	0	0	0	1	0	0	0	1
1.35	-0.52064	0.068364	-0.19071	1	0	0	0	1	0	0	0	1
1.355	-0.52055	0.068338	-0.19064	1	0	0	0	1	0	0	0	1
1.36	-0.52047	0.068314	-0.19057	1	0	0	0	1	0	0	0	1
1.365	-0.52037	0.068287	-0.19049	1	0	0	0	1	0	0	0	1
1.37	-0.52029	0.068262	-0.1904	1	0	0	0	1	0	0	0	1
1.375	-0.5202	0.068251	-0.19032	1	0	0	0	1	0	0	0	1
1.38	-0.5201	0.068245	-0.19024	1	0	0	0	1	0	0	0	1
1.385	-0.52	0.068237	-0.19014	1	0	0	0	1	0	0	0	1
1.39	-0.5199	0.06822	-0.19005	1	0	0	0	1	0	0	0	1
1.395	-0.5198	0.0682	-0.18995	1	0	0	0	1	0	0	0	1
1.4	-0.51972	0.068184	-0.18985	1	0	0	0	1	0	0	0	1
1.405	-0.51966	0.068164	-0.18975	1	0	0	0	1	0	0	0	1
1.41	-0.51962	0.068137	-0.18966	1	0	0	0	1	0	0	0	1
1.415	-0.51958	0.068108	-0.18957	1	0	0	0	1	0	0	0	1
1.42	-0.51953	0.06808	-0.18949	1	0	0	0	1	0	0	0	1
1.425	-0.51949	0.068051	-0.18941	1	0	0	0	1	0	0	0	1
1.43	-0.51944	0.068015	-0.18934	1	0	0	0	1	0	0	0	1
1.435	-0.51939	0.067978	-0.18928	1	0	0	0	1	0	0	0	1
1.44	-0.51932	0.067945	-0.18922	1	0	0	0	1	0	0	0	1
1.445	-0.51925	0.067903	-0.18917	1	0	0	0	1	0	0	0	1
1.45	-0.51919	0.067854	-0.18912	1	0	0	0	1	0	0	0	1
1.455	-0.51913	0.067809	-0.18907	1	0	0	0	1	0	0	0	1
1.46	-0.51907	0.067766	-0.18902	1	0	0	0	1	0	0	0	1
1.465	-0.519	0.067732	-0.18899	1	0	0	0	1	0	0	0	1
1.47	-0.51893	0.067697	-0.18895	1	0	0	0	1	0	0	0	1
1.475	-0.51886	0.067661	-0.1889	1	0	0	0	1	0	0	0	1
1.48	-0.51879	0.067629	-0.18886	1	0	0	0	1	0	0	0	1
1.485	-0.51872	0.067603	-0.18882	1	0	0	0	1	0	0	0	1
1.49	-0.51866	0.067577	-0.18876	1	0	0	0	1	0	0	0	1
1.495	-0.51861	0.067542	-0.1887	1	0	0	0	1	0	0	0	1
1.5	-0.51856	0.067514	-0.18865	1	0	0	0	1	0	0	0	1
1.505	-0.5185	0.067493	-0.18861	1	0	0	0	1	0	0	0	1
1.51	-0.51845	0.067465	-0.18857	1	0	0	0	1	0	0	0	1
1.515	-0.5184	0.067436	-0.18853	1	0	0	0	1	0	0	0	1
1.52	-0.51835	0.067408	-0.18849	1	0	0	0	1	0	0	0	1
1.525	-0.5183	0.067374	-0.18847	1	0	0	0	1	0	0	0	1
1.53	-0.51824	0.067331	-0.18844	1	0	0	0	1	0	0	0	1
1.535	-0.5182	0.067286	-0.18842	1	0	0	0	1	0	0	0	1
1.54	-0.51815	0.067251	-0.18841	1	0	0	0	1	0	0	0	1
1.545	-0.51811	0.067216	-0.18839	1	0	0	0	1	0	0	0	1
1.55	-0.51807	0.06717	-0.18838	1	0	0	0	1	0	0	0	1
1.555	-0.51802	0.067125	-0.18837	1	0	0	0	1	0	0	0	1
1.56	-0.51799	0.067083	-0.18837	1	0	0	0	1	0	0	0	1
1.565	-0.51796	0.067045	-0.18837	1	0	0	0	1	0	0	0	1
1.57	-0.51793	0.067009	-0.18838	1	0	0	0	1	0	0	0	1
1.575	-0.5179	0.066975	-0.18838	1	0	0	0	1	0	0	0	1
1.58	-0.51787	0.066943	-0.18838	1	0	0	0	1	0	0	0	1
1.585	-0.51784	0.066911	-0.18837	1	0	0	0	1	0	0	0	1
1.59	-0.51782	0.066883	-0.18836	1	0	0	0	1	0	0	0	1
1.595	-0.5178	0.066862	-0.18835	1	0	0	0	1	0	0	0	1
1.6	-0.51777	0.066841	-0.18833	1	0	0	0	1	0	0	0	1
1.605	-0.51775	0.066824	-0.18831	1	0	0	0	1	0	0	0	1
1.61	-0.51773	0.066814	-0.1883	1	0	0	0	1	0	0	0	1
1.615	-0.51772	0.066798	-0.18827	1	0	0	0	1	0	0	0	1
1.62	-0.51772	0.06678	-0.18824	1	0	0	0	1	0	0	0	1
1.625	-0.51771	0.066766	-0.18821	1	0	0	0	1	0	0	0	1
1.63	-0.51772	0.066754	-0.18818	1	0	0	0	1	0	0	0	1
1.635	-0.51773	0.066743	-0.18815	1	0	0	0	1	0	0	0	1
1.64	-0.51773	0.066732	-0.18813	1	0	0	0	1	0	0	0	1
1.645	-0.51773	0.066732	-0.1881	1	0	0	0	1	0	0	0	1
1.65	-0.51772	0.066737	-0.18808	1	0	0	0	1	0	0	0	1
1.655	-0.51771	0.066732	-0.18805	1	0	0	0	1	0	0	0	1
1.66	-0.51769	0.066728	-0.18802	1	0	0	0	1	0	0	0	1
1.665	-0.51768	0.066732	-0.18798	1	0	0	0	1	0	0	0	1
1.67	-0.51766	0.066738	-0.18794	1	0	0	0	1	0	0	0	1
1.675	-0.51764	0.066736	-0.18791	1	0	0	0	1	0	0	0	1
1.68	-0.51761	0.066731	-0.18786	1	0	0	0	1	0	0	0	1
1.685	-0.51758	0.066729	-0.18781	1	0	0	0	1	0	0	0	1
1.69	-0.51755	0.06673	-0.18775	1	0	0	0	1	0	0	0	1
1.695	-0.51752	0.066735	-0.1877	1	0	0	0	1	0	0	0	1
1.7	-0.51749	0.066743	-0.18764	1	0	0	0	1	0	0	0	1
1.705	-0.51746	0.066755	-0.18756	1	0	0	0	1	0	0	0	1
1.71	-0.51743	0.066771	-0.1875	1	0	0	0	1	0	0	0	1
1.715	-0.51739	0.066785	-0.18745	1	0	0	0	1	0	0	0	1
1.72	-0.51735	0.066798	-0.18738	1	0	0	0	1	0	0	0	1
1.725	-0.5173	0.06681	-0.18731	1	0	0	0	1	0	0	0	1
1.73	-0.51725	0.066829	-0.18724	1	0	0	0	1	0	0	0	1
1.735	-0.5172	0.066857	-0.18716	1	0	0	0	1	0	0	0	1
1.74	-0.51714	0.066889	-0.1871	1	0	0	0	1	0	0	0	1
1.745	-0.51708	0.06692	-0.18703	1	0	0	0	1	0	0	0	1
1.75	-0.51702	0.066951	-0.18695	1	0	0	0	1	0	0	0	1
1.755	-0.51696	0.066986	-0.18689	1	0	0	0	1	0	0	0	1
1.76	-0.51688	0.067032	-0.18684	1	0	0	0	1	0	0	0	1
1.765	-0.51677	0.067077	-0.18679	1	0	0	0	1	0	0	0	1
1.77	-0.51665	0.06712	-0.18675	1	0	0	0	1	0	0	0	1
1.775	-0.51649	0.067165	-0.18673	1	0	0	0	1	0	0	0	1
1.78	-0.51633	0.067215	-0.18671	1	0	0	0	1	0	0	0	1
1.785	-0.51617	0.067279	-0.18669	1	0	0	0	1	0	0	0	1
1.79	-0.51599	0.067357	-0.18669	1	0	0	0	1	0	0	0	1
1.795	-0.51579	0.067443	-0.18668	1	0	0	0	1	0	0	0	1
1.8	-0.51559	0.067547	-0.18668	1	0	0	0	1	0	0	0	1
1.805	-0.51539	0.067682	-0.18667	1	0	0	0	1	0	0	0	1
1.81	-0.51517	0.067858	-0.18665	1	0	0	0	1	0	0	0	1
1.815	-0.51493	0.068108	-0.18658	1	0	0	0	1	0	0	0	1
1.82	-0.51467	0.0685	-0.1865	1	0	0	0	1	0	0	0	1
1.825	-0.51436	0.068985	-0.18644	1	0	0	0	1	0	0	0	1
1.83	-0.51398	0.069482	-0.1864	1	0	0	0	1	0	0	0	1
1.835	-0.51351	0.070065	-0.18635	1	0	0	0	1	0	0	0	1
1.84	-0.51297	0.070701	-0.18634	1	0	0	0	1	0	0	0	1
1.845	-0.51243	0.071411	-0.18636	1	0	0	0	1	0	0	0	1
1.85	-0.51187	0.07219	-0.18643	1	0	0	0	1	0	0	0	1
1.855	-0.51119	0.073008	-0.18656	1	0	0	0	1	0	0	0	1
1.86	-0.51074	0.07383	-0.18683	1	0	0	0	1	0	0	0	1
1.865	-0.51054	0.074597	-0.18722	1	0	0	0	1	0	0	0	1
1.87	-0.50986	0.075473	-0.18762	1	0	0	0	1	0	0	0	1
1.875	-0.50887	0.076422	-0.18807	1	0	0	0	1	0	0	0	1
1.88	-0.50797	0.077348	-0.18858	1	0	0	0	1	0	0	0	1
1.885	-0.50712	0.078248	-0.18915	1	0	0	0	1	0	0	0	1
1.89	-0.50623	0.079173	-0.18978	1	0	0	0	1	0	0	0	1
1.895	-0.50538	0.080043	-0.1904	1	0	0	0	1	0	0	0	1
1.9	-0.50455	0.080923	-0.19098	1	0	0	0	1	0	0	0	1
1.905	-0.50369	0.081769	-0.19156	1	0	0	0	1	0	0	0	1
1.91	-0.50285	0.082557	-0.19209	1	0	0	0	1	0	0	0	1
1.915	-0.50211	0.08327	-0.19256	1	0	0	0	1	0	0	0	1
1.92	-0.50145	0.083881	-0.19295	1	0	0	0	1	0	0	0	1
1.925	-0.50087	0.084427	-0.19327	1	0	0	0	1	0	0	0	1
1.93	-0.50043	0.084822	-0.19349	1	0	0	0	1	0	0	0	1
1.935	-0.50011	0.085089	-0.19361	1	0	0	0	1	0	0	0	1
1.94	-0.49988	0.085239	-0.19365	1	0	0	0	1	0	0	0	1
1.945	-0.49974	0.085283	-0.19359	1	0	0	0	1	0	0	0	1
1.95	-0.49969	0.085259	-0.19345	1	0	0	0	1	0	0	0	1
1.955	-0.49967	0.085201	-0.19325	1	0	0	0	1	0	0	0	1
1.96	-0.49969	0.085113	-0.19294	1	0	0	0	1	0	0	0	1
1.965	-0.49975	0.085016	-0.19254	1	0	0	0	1	0	0	0	1
1.97	-0.49976	0.084965	-0.19211	1	0	0	0	1	0	0	0	1
1.975	-0.49969	0.084988	-0.19169	1	0	0	0	1	0	0	0	1
1.98	-0.49964	0.08507	-0.19132	1	0	0	0	1	0	0	0	1
1.985	-0.4996	0.085191	-0.19099	1	0	0	0	1	0	0	0	1
1.99	-0.49948	0.085381	-0.19073	1	0	0	0	1	0	0	0	1
1.995	-0.49929	0.085632	-0.19055	1	0	0	0	1	0	0	0	1
2	-0.49907	0.085886	-0.19047	1	0	0	0	1	0	0	0	1
2.005	-0.4988	0.086157	-0.19048	1	0	0	0	1	0	0	0	1
2.01	-0.49843	0.086519	-0.19051	1	0	0	0	1	0	0	0	1
2.015	-0.49826	0.086921	-0.19067	1	0	0	0	1	0	0	0	1
2.02	-0.49828	0.087264	-0.19091	1	0	0	0	1	0	0	0	1
2.025	-0.49807	0.087659	-0.19104	1	0	0	0	1	0	0	0	1
2.03	-0.49773	0.088252	-0.19112	1	0	0	0	1	0	0	0	1
2.035	-0.49736	0.089003	-0.19124	1	0	0	0	1	0	0	0	1
2.04	-0.49688	0.089914	-0.19136	1	0	0	0	1	0	0	0	1
2.045	-0.49633	0.091085	-0.19145	1	0	0	0	1	0	0	0	1
2.05	-0.49555	0.092547	-0.19153	1	0	0	0	1	0	0	0	1
2.055	-0.49452	0.094331	-0.19166	1	0	0	0	1	0	0	0	1
2.06	-0.49332	0.096509	-0.19186	1	0	0	0	1	0	0	0	1
2.065	-0.4919	0.099084	-0.19213	1	0	0	0	1	0	0	0	1
2.07	-0.49024	0.10199	-0.19247	1	0	0	0	1	0	0	0	1
2.075	-0.48824	0.1053	-0.19294	1	0	0	0	1	0	0	0	1
2.08	-0.48583	0.10908	-0.19353	1	0	0	0	1	0	0	0	1
2.085	-0.48293	0.11332	-0.19419	1	0	0	0	1	0	0	0	1
2.09	-0.47928	0.11816	-0.19483	1	0	0	0	1	0	0	0	1
2.095	-0.47497	0.12352	-0.19551	1	0	0	0	1	0	0	0	1
2.1	-0.47025	0.12912	-0.19631	1	0	0	0	1	0	0	0	1
2.105	-0.46492	0.13497	-0.19709	1	0	0	0	1	0	0	0	1
2.11	-0.45876	0.14098	-0.19776	1	0	0	0	1	0	0	0	1
2.115	-0.45179	0.14688	-0.19839	1	0	0	0	1	0	0	0	1
2.12	-0.44442	0.1526	-0.19905	1	0	0	0	1	0	0	0	1
2.125	-0.43613	0.15826	-0.19969	1	0	0	0	1	0	0	0	1
2.13	-0.42722	0.16379	-0.2003	1	0	0	0	1	0	0	0	1
2.135	-0.41836	0.16921	-0.20091	1	0	0	0	1	0	0	0	1
2.14	-0.40913	0.17471	-0.20137	1	0	0	0	1	0	0	0	1
2.145	-0.39967	0.18024	-0.20157	1	0	0	0	1	0	0	0	1
2.15	-0.38993	0.18586	-0.20156	1	0	0	0	1	0	0	0	1
2.155	-0.38011	0.19152	-0.2014	1	0	0	0	1	0	0	0	1
2.16	-0.37053	0.19719	-0.20116	1	0	0	0	1	0	0	0	1
2.165	-0.36135	0.20294	-0.2009	1	0	0	0	1	0	0	0	1
2.17	-0.3523	0.20866	-0.20064	1	0	0	0	1	0	0	0	1
2.175	-0.34312	0.21417	-0.20023	1	0	0	0	1	0	0	0	1
2.18	-0.33368	0.21946	-0.19952	1	0	0	0	1	0	0	0	1
2.185	-0.32399	0.22465	-0.19861	1	0	0	0	1	0	0	0	1
2.19	-0.31414	0.22981	-0.19777	1	0	0	0	1	0	0	0	1
2.195	-0.3045	0.23478	-0.19711	1	0	0	0	1	0	0	0	1
2.2	-0.29498	0.23943	-0.19654	1	0	0	0	1	0	0	0	1
2.205	-0.28436	0.24368	-0.19584	1	0	0	0	1	0	0	0	1
2.21	-0.27295	0.24732	-0.19503	1	0	0	0	1	0	0	0	1
2.215	-0.26141	0.25031	-0.1942	1	0	0	0	1	0	0	0	1
2.22	-0.24928	0.2529	-0.19343	1	0	0	0	1	0	0	0	1
2.225	-0.23689	0.25505	-0.19288	1	0	0	0	1	0	0	0	1
2.23	-0.22428	0.25676	-0.19253	1	0	0	0	1	0	0	0	1
2.235	-0.21142	0.25804	-0.19226	1	0	0	0	1	0	0	0	1
2.24	-0.1982	0.25889	-0.19198	1	0	0	0	1	0	0	0	1
2.245	-0.18456	0.25944	-0.19169	1	0	0	0	1	0	0	0	1
2.25	-0.17058	0.25965	-0.19139	1	0	0	0	1	0	0	0	1
2.255	-0.15623	0.25954	-0.19111	1	0	0	0	1	0	0	0	1
2.26	-0.14171	0.25915	-0.1909	1	0	0	0	1	0	0	0	1
2.265	-0.12699	0.25859	-0.19074	1	0	0	0	1	0	0	0	1
2.27	-0.11207	0.25788	-0.19062	1	0	0	0	1	0	0	0	1
2.275	-0.09702	0.25699	-0.19052	1	0	0	0	1	0	0	0	1
2.28	-0.081837	0.25599	-0.19044	1	0	0	0	1	0	0	0	1
2.285	-0.066485	0.25484	-0.19038	1	0	0	0	1	0	0	0	1
2.29	-0.050924	0.25355	-0.19037	1	0	0	0	1	0	0	0	1
2.295	-0.035225	0.25215	-0.19034	1	0	0	0	1	0	0	0	1
2.3	-0.019469	0.25073	-0.19028	1	0	0	0	1	0	0	0	1
2.305	-0.0036208	0.24928	-0.19026	1	0	0	0	1	0	0	0	1
2.31	0.01226	0.24782	-0.19027	1	0	0	0	1	0	0	0	1
2.315	0.028126	0.24638	-0.19034	1	0	0	0	1	0	0	0	1
2.32	0.043935	0.24491	-0.19048	1	0	0	0	1	0	0	0	1
2.325	0.059649	0.24345	-0.1907	1	0	0	0	1	0	0	0	1
2.33	0.075246	0.24196	-0.19102	1	0	0	0	1	0	0	0	1
2.335	0.090702	0.24045	-0.19145	1	0	0	0	1	0	0	0	1
2.34	0.10597	0.23891	-0.19194	1	0	0	0	1	0	0	0	1
2.345	0.12109	0.23735	-0.19249	1	0	0	0	1	0	0	0	1
2.35	0.13613	0.23578	-0.19308	1	0	0	0	1	0	0	0	1
2.355	0.15059	0.23409	-0.19375	1	0	0	0	1	0	0	0	1
2.36	0.16462	0.23228	-0.19442	1	0	0	0	1	0	0	0	1
2.365	0.1787	0.2304	-0.19494	1	0	0	0	1	0	0	0	1
2.37	0.19243	0.22841	-0.19539	1	0	0	0	1	0	0	0	1
2.375	0.20571	0.22624	-0.19579	1	0	0	0	1	0	0	0	1
2.38	0.21848	0.22382	-0.19609	1	0	0	0	1	0	0	0	1
2.385	0.23077	0.22116	-0.19633	1	0	0	0	1	0	0	0	1
2.39	0.24248	0.21821	-0.1965	1	0	0	0	1	0	0	0	1
2.395	0.25364	0.21499	-0.19663	1	0	0	0	1	0	0	0	1
2.4	0.2643	0.21145	-0.19672	1	0	0	0	1	0	0	0	1
2.405	0.27435	0.20753	-0.19676	1	0	0	0	1	0	0	0	1
2.41	0.28393	0.20331	-0.19679	1	0	0	0	1	0	0	0	1
2.415	0.29302	0.19878	-0.19677	1	0	0	0	1	0	0	0	1
2.42	0.30149	0.19391	-0.19663	1	0	0	0	1	0	0	0	1
2.425	0.30943	0.1887	-0.19638	1	0	0	0	1	0	0	0	1
2.43	0.3168	0.18316	-0.19601	1	0	0	0	1	0	0	0	1
2.435	0.32354	0.1773	-0.19549	1	0	0	0	1	0	0	0	1
2.44	0.32965	0.17102	-0.19482	1	0	0	0	1	0	0	0	1
2.445	0.33513	0.16447	-0.194	1	0	0	0	1	0	0	0	1
2.45	0.34006	0.15767	-0.19306	1	0	0	0	1	0	0	0	1
2.455	0.34451	0.15058	-0.192	1	0	0	0	1	0	0	0	1
2.46	0.34842	0.14326	-0.19087	1	0	0	0	1	0	0	0	1
2.465	0.3516	0.13568	-0.18982	1	0	0	0	1	0	0	0	1
2.47	0.35366	0.12787	-0.18865	1	0	0	0	1	0	0	0	1
2.475	0.35331	0.11984	-0.18671	1	0	0	0	1	0	0	0	1
2.48	0.34972	0.11177	-0.18457	1	0	0	0	1	0	0	0	1
2.485	0.34439	0.10415	-0.1832	1	0	0	0	1	0	0	0	1
2.49	0.33933	0.097679	-0.18225	1	0	0	0	1	0	0	0	1
2.495	0.33609	0.092881	-0.18151	1	0	0	0	1	0	0	0	1
2.5	0.33531	0.089275	-0.18059	1	0	0	0	1	0	0	0	1
2.505	0.33653	0.085685	-0.17889	1	0	0	0	1	0	0	0	1
2.51	0.33849	0.081256	-0.17643	1	0	0	0	1	0	0	0	1
2.515	0.33979	0.076263	-0.17379	1	0	0	0	1	0	0	0	1
2.52	0.33991	0.071481	-0.1718	1	0	0	0	1	0	0	0	1
2.525	0.33992	0.068087	-0.17071	1	0	0	0	1	0	0	0	1
2.53	0.34108	0.067577	-0.17012	1	0	0	0	1	0	0	0	1
2.535	0.34344	0.069795	-0.16948	1	0	0	0	1	0	0	0	1
2.54	0.34624	0.072729	-0.16791	1	0	0	0	1	0	0	0	1
2.545	0.34834	0.074658	-0.16555	1	0	0	0	1	0	0	0	1
2.55	0.34924	0.075165	-0.16416	1	0	0	0	1	0	0	0	1
2.555	0.34925	0.075112	-0.1645	1	0	0	0	1	0	0	0	1
2.56	0.34908	0.075173	-0.16521	1	0	0	0	1	0	0	0	1
2.565	0.34926	0.075103	-0.16537	1	0	0	0	1	0	0	0	1
2.57	0.34965	0.074516	-0.16518	1	0	0	0	1	0	0	0	1
2.575	0.34991	0.073557	-0.16505	1	0	0	0	1	0	0	0	1
2.58	0.35006	0.072752	-0.16499	1	0	0	0	1	0	0	0	1
2.585	0.35022	0.072403	-0.16478	1	0	0	0	1	0	0	0	1
2.59	0.35044	0.072425	-0.16439	1	0	0	0	1	0	0	0	1
2.595	0.35061	0.072497	-0.16401	1	0	0	0	1	0	0	0	1
2.6	0.35072	0.072427	-0.16378	1	0	0	0	1	0	0	0	1
2.605	0.35087	0.072244	-0.16365	1	0	0	0	1	0	0	0	1
2.61	0.35078	0.071957	-0.16363	1	0	0	0	1	0	0	0	1
2.615	0.35057	0.071682	-0.16366	1	0	0	0	1	0	0	0	1
2.62	0.35069	0.071591	-0.16364	1	0	0	0	1	0	0	0	1
2.625	0.3508	0.071569	-0.16364	1	0	0	0	1	0	0	0	1
2.63	0.3508	0.071533	-0.16362	1	0	0	0	1	0	0	0	1
2.635	0.35079	0.071492	-0.16355	1	0	0	0	1	0	0	0	1
2.64	0.3508	0.071461	-0.16342	1	0	0	0	1	0	0	0	1
2.645	0.35083	0.071432	-0.16327	1	0	0	0	1	0	0	0	1
2.65	0.35086	0.071401	-0.16311	1	0	0	0	1	0	0	0	1
2.655	0.3509	0.071371	-0.16296	1	0	0	0	1	0	0	0	1
2.66	0.35089	0.071336	-0.16282	1	0	0	0	1	0	0	0	1
2.665	0.35077	0.071279	-0.16271	1	0	0	0	1	0	0	0	1
2.67	0.35059	0.071229	-0.16264	1	0	0	0	1	0	0	0	1
2.675	0.35073	0.071282	-0.16252	1	0	0	0	1	0	0	0	1
2.68	0.35125	0.071439	-0.16229	1	0	0	0	1	0	0	0	1
2.685	0.3516	0.071558	-0.16208	1	0	0	0	1	0	0	0	1
2.69	0.35164	0.071622	-0.16191	1	0	0	0	1	0	0	0	1
2.695	0.35156	0.071681	-0.16176	1	0	0	0	1	0	0	0	1
2.7	0.35131	0.071712	-0.16166	1	0	0	0	1	0	0	0	1
2.705	0.35102	0.071736	-0.16161	1	0	0	0	1	0	0	0	1
2.71	0.35081	0.071783	-0.16157	1	0	0	0	1	0	0	0	1
2.715	0.35072	0.071859	-0.16153	1	0	0	0	1	0	0	0	1
2.72	0.35073	0.07196	-0.16149	1	0	0	0	1	0	0	0	1
2.725	0.35075	0.072067	-0.16146	1	0	0	0	1	0	0	0	1
2.73	0.35075	0.07217	-0.16146	1	0	0	0	1	0	0	0	1
2.735	0.3507	0.072259	-0.16149	1	0	0	0	1	0	0	0	1
2.74	0.35061	0.072335	-0.16155	1	0	0	0	1	0	0	0	1
2.745	0.35048	0.072408	-0.16162	1	0	0	0	1	0	0	0	1
2.75	0.35034	0.072475	-0.1617	1	0	0	0	1	0	0	0	1
2.755	0.35016	0.072533	-0.16178	1	0	0	0	1	0	0	0	1
2.76	0.34992	0.072576	-0.16187	1	0	0	0	1	0	0	0	1
2.765	0.34967	0.072625	-0.16197	1	0	0	0	1	0	0	0	1
2.77	0.34956	0.072714	-0.16204	1	0	0	0	1	0	0	0	1
2.775	0.34959	0.072846	-0.16208	1	0	0	0	1	0	0	0	1
2.78	0.34975	0.073014	-0.1621	1	0	0	0	1	0	0	0	1
2.785	0.3499	0.073181	-0.16212	1	0	0	0	1	0	0	0	1
2.79	0.34982	0.073297	-0.16219	1	0	0	0	1	0	0	0	1
2.795	0.34962	0.073391	-0.16228	1	0	0	0	1	0	0	0	1
2.8	0.34944	0.07349	-0.16237	1	0	0	0	1	0	0	0	1
2.805	0.34919	0.073578	-0.16248	1	0	0	0	1	0	0	0	1
2.81	0.34882	0.073633	-0.16261	1	0	0	0	1	0	0	0	1
2.815	0.34843	0.073683	-0.16273	1	0	0	0	1	0	0	0	1
2.82	0.3481	0.073752	-0.16284	1	0	0	0	1	0	0	0	1
2.825	0.34783	0.073831	-0.16291	1	0	0	0	1	0	0	0	1
2.83	0.34762	0.073926	-0.16296	1	0	0	0	1	0	0	0	1
2.835	0.34746	0.074037	-0.16299	1	0	0	0	1	0	0	0	1
2.84	0.34729	0.074165	-0.16301	1	0	0	0	1	0	0	0	1
2.845	0.34712	0.0743	-0.16304	1	0	0	0	1	0	0	0	1
2.85	0.34692	0.074432	-0.16309	1	0	0	0	1	0	0	0	1
2.855	0.34669	0.074551	-0.16315	1	0	0	0	1	0	0	0	1
2.86	0.34644	0.074651	-0.16322	1	0	0	0	1	0	0	0	1
2.865	0.34619	0.074736	-0.16331	1	0	0	0	1	0	0	0	1
2.87	0.34596	0.074814	-0.1634	1	0	0	0	1	0	0	0	1
2.875	0.3457	0.074886	-0.16352	1	0	0	0	1	0	0	0	1
2.88	0.34544	0.074958	-0.16365	1	0	0	0	1	0	0	0	1
2.885	0.34524	0.075036	-0.16376	1	0	0	0	1	0	0	0	1
2.89	0.34506	0.07511	-0.16386	1	0	0	0	1	0	0	0	1
2.895	0.34488	0.075187	-0.16394	1	0	0	0	1	0	0	0	1
2.9	0.34468	0.075279	-0.16399	1	0	0	0	1	0	0	0	1
2.905	0.34446	0.075388	-0.16403	1	0	0	0	1	0	0	0	1
2.91	0.34425	0.0755	-0.16406	1	0	0	0	1	0	0	0	1
2.915	0.3441	0.075616	-0.16405	1	0	0	0	1	0	0	0	1
2.92	0.34403	0.075743	-0.16401	1	0	0	0	1	0	0	0	1
2.925	0.34398	0.07588	-0.16394	1	0	0	0	1	0	0	0	1
2.93	0.34388	0.076028	-0.16388	1	0	0	0	1	0	0	0	1
2.935	0.34373	0.076189	-0.16384	1	0	0	0	1	0	0	0	1
2.94	0.34353	0.076345	-0.16382	1	0	0	0	1	0	0	0	1
2.945	0.34327	0.076481	-0.16383	1	0	0	0	1	0	0	0	1
2.95	0.343	0.076604	-0.16385	1	0	0	0	1	0	0	0	1
2.955	0.34274	0.076718	-0.16387	1	0	0	0	1	0	0	0	1
2.96	0.34247	0.076828	-0.1639	1	0	0	0	1	0	0	0	1
2.965	0.34223	0.076943	-0.16392	1	0	0	0	1	0	0	0	1
2.97	0.34204	0.077059	-0.16394	1	0	0	0	1	0	0	0	1
2.975	0.34187	0.077172	-0.16393	1	0	0	0	1	0	0	0	1
2.98	0.34178	0.077288	-0.16391	1	0	0	0	1	0	0	0	1
2.985	0.34178	0.07741	-0.16385	1	0	0	0	1	0	0	0	1
2.99	0.34178	0.077517	-0.1638	1	0	0	0	1	0	0	0	1
2.995	0.34168	0.077595	-0.16377	1	0	0	0	1	0	0	0	1
3	0.34154	0.077653	-0.16375	1	0	0	0	1	0	0	0	1
3.005	0.3414	0.077706	-0.16373	1	0	0	0	1	0	0	0	1
3.01	0.34128	0.077756	-0.1637	1	0	0	0	1	0	0	0	1
3.015	0.34116	0.077805	-0.16368	1	0	0	0	1	0	0	0	1
3.02	0.34103	0.077862	-0.16366	1	0	0	0	1	0	0	0	1
3.025	0.34092	0.077924	-0.16366	1	0	0	0	1	0	0	0	1
3.03	0.34082	0.077979	-0.16365	1	0	0	0	1	0	0	0	1
3.035	0.34072	0.078028	-0.16365	1	0	0	0	1	0	0	0	1
3.04	0.34063	0.07807	-0.16364	1	0	0	0	1	0	0	0	1
3.045	0.34054	0.078107	-0.16362	1	0	0	0	1	0	0	0	1
3.05	0.34045	0.078146	-0.16361	1	0	0	0	1	0	0	0	1
3.055	0.34035	0.078192	-0.16359	1	0	0	0	1	0	0	0	1
3.06	0.34026	0.078242	-0.16357	1	0	0	0	1	0	0	0	1
3.065	0.3402	0.07829	-0.16354	1	0	0	0	1	0	0	0	1
3.07	0.34015	0.078331	-0.16351	1	0	0	0	1	0	0	0	1
3.075	0.34012	0.07837	-0.16347	1	0	0	0	1	0	0	0	1
3.08	0.34011	0.078412	-0.16343	1	0	0	0	1	0	0	0	1
3.085	0.3401	0.07845	-0.16339	1	0	0	0	1	0	0	0	1
3.09	0.34008	0.078476	-0.16337	1	0	0	0	1	0	0	0	1
3.095	0.34007	0.078489	-0.16335	1	0	0	0	1	0	0	0	1
3.1	0.34005	0.0785	-0.16335	1	0	0	0	1	0	0	0	1
3.105	0.34002	0.078519	-0.16336	1	0	0	0	1	0	0	0	1
3.11	0.34	0.078537	-0.16337	1	0	0	0	1	0	0	0	1
3.115	0.33997	0.07855	-0.16338	1	0	0	0	1	0	0	0	1
3.12	0.33996	0.078555	-0.1634	1	0	0	0	1	0	0	0	1
3.125	0.33994	0.078555	-0.16344	1	0	0	0	1	0	0	0	1
3.13	0.33991	0.078555	-0.16347	1	0	0	0	1	0	0	0	1
3.135	0.33988	0.078557	-0.16351	1	0	0	0	1	0	0	0	1
3.14	0.33985	0.078561	-0.16356	1	0	0	0	1	0	0	0	1
3.145	0.33982	0.078567	-0.16359	1	0	0	0	1	0	0	0	1
3.15	0.3398	0.078574	-0.16363	1	0	0	0	1	0	0	0	1
3.155	0.33976	0.078584	-0.16366	1	0	0	0	1	0	0	0	1
3.16	0.33972	0.078593	-0.16371	1	0	0	0	1	0	0	0	1
3.165	0.33967	0.078597	-0.16375	1	0	0	0	1	0	0	0	1
3.17	0.33961	0.078602	-0.16379	1	0	0	0	1	0	0	0	1
3.175	0.33956	0.078611	-0.16382	1	0	0	0	1	0	0	0	1
3.18	0.3395	0.078623	-0.16385	1	0	0	0	1	0	0	0	1
3.185	0.33945	0.078637	-0.16388	1	0	0	0	1	0	0	0	1
3.19	0.3394	0.078646	-0.16391	1	0	0	0	1	0	0	0	1
3.195	0.33938	0.07865	-0.16393	1	0	0	0	1	0	0	0	1
3.2	0.33938	0.078647	-0.16394	1	0	0	0	1	0	0	0	1
3.205	0.33941	0.078635	-0.16395	1	0	0	0	1	0	0	0	1
3.21	0.33946	0.07862	-0.16394	1	0	0	0	1	0	0	0	1
3.215	0.33951	0.078609	-0.16394	1	0	0	0	1	0	0	0	1
3.22	0.33956	0.078602	-0.16392	1	0	0	0	1	0	0	0	1
3.225	0.33961	0.078595	-0.16389	1	0	0	0	1	0	0	0	1
3.23	0.33967	0.078585	-0.16385	1	0	0	0	1	0	0	0	1
3.235	0.33973	0.078564	-0.16382	1	0	0	0	1	0	0	0	1
3.24	0.33976	0.078535	-0.16378	1	0	0	0	1	0	0	0	1
3.245	0.33976	0.078514	-0.16374	1	0	0	0	1	0	0	0	1
3.25	0.33973	0.078518	-0.16369	1	0	0	0	1	0	0	0	1
3.255	0.33966	0.07854	-0.16364	1	0	0	0	1	0	0	0	1
3.26	0.3396	0.078562	-0.16357	1	0	0	0	1	0	0	0	1
3.265	0.33952	0.078581	-0.1635	1	0	0	0	1	0	0	0	1
3.27	0.33941	0.078607	-0.16343	1	0	0	0	1	0	0	0	1
3.275	0.33922	0.078638	-0.16336	1	0	0	0	1	0	0	0	1
3.28	0.33894	0.078657	-0.16331	1	0	0	0	1	0	0	0	1
3.285	0.33867	0.078675	-0.16326	1	0	0	0	1	0	0	0	1
3.29	0.33849	0.078708	-0.1632	1	0	0	0	1	0	0	0	1
3.295	0.33834	0.078756	-0.16314	1	0	0	0	1	0	0	0	1
3.3	0.33824	0.078823	-0.16309	1	0	0	0	1	0	0	0	1
3.305	0.3382	0.078897	-0.16302	1	0	0	0	1	0	0	0	1
3.31	0.33823	0.078972	-0.16294	1	0	0	0	1	0	0	0	1
3.315	0.33837	0.079044	-0.16282	1	0	0	0	1	0	0	0	1
3.32	0.33854	0.079092	-0.16269	1	0	0	0	1	0	0	0	1
3.325	0.33867	0.079114	-0.16256	1	0	0	0	1	0	0	0	1
3.33	0.33878	0.079127	-0.16243	1	0	0	0	1	0	0	0	1
3.335	0.33891	0.079141	-0.1623	1	0	0	0	1	0	0	0	1
3.34	0.33902	0.07915	-0.16219	1	0	0	0	1	0	0	0	1
3.345	0.33911	0.079153	-0.16208	1	0	0	0	1	0	0	0	1
3.35	0.33916	0.07916	-0.16199	1	0	0	0	1	0	0	0	1
3.355	0.33913	0.079155	-0.16193	1	0	0	0	1	0	0	0	1
3.36	0.33894	0.079113	-0.16191	1	0	0	0	1	0	0	0	1
3.365	0.33872	0.079061	-0.16189	1	0	0	0	1	0	0	0	1
3.37	0.33865	0.079043	-0.16185	1	0	0	0	1	0	0	0	1
3.375	0.33872	0.079051	-0.16179	1	0	0	0	1	0	0	0	1
3.38	0.3388	0.079057	-0.16173	1	0	0	0	1	0	0	0	1
3.385	0.33887	0.079051	-0.16169	1	0	0	0	1	0	0	0	1
3.39	0.33893	0.07904	-0.16165	1	0	0	0	1	0	0	0	1
3.395	0.33899	0.079023	-0.16162	1	0	0	0	1	0	0	0	1
3.4	0.33906	0.079003	-0.1616	1	0	0	0	1	0	0	0	1
3.405	0.33912	0.078981	-0.1616	1	0	0	0	1	0	0	0	1
3.41	0.33915	0.078957	-0.1616	1	0	0	0	1	0	0	0	1
3.415	0.33916	0.078936	-0.16163	1	0	0	0	1	0	0	0	1
3.42	0.33917	0.078915	-0.16166	1	0	0	0	1	0	0	0	1
3.425	0.33918	0.078895	-0.16167	1	0	0	0	1	0	0	0	1
3.43	0.33919	0.078879	-0.16167	1	0	0	0	1	0	0	0	1
3.435	0.33921	0.078866	-0.16166	1	0	0	0	1	0	0	0	1
3.44	0.33923	0.078854	-0.16166	1	0	0	0	1	0	0	0	1
3.445	0.33924	0.078842	-0.16167	1	0	0	0	1	0	0	0	1
3.45	0.33925	0.078834	-0.16169	1	0	0	0	1	0	0	0	1
3.455	0.33926	0.078829	-0.16172	1	0	0	0	1	0	0	0	1
3.46	0.33927	0.078821	-0.16176	1	0	0	0	1	0	0	0	1
3.465	0.3393	0.078804	-0.16181	1	0	0	0	1	0	0	0	1
3.47	0.33936	0.078776	-0.16187	1	0	0	0	1	0	0	0	1
3.475	0.33946	0.078728	-0.16193	1	0	0	0	1	0	0	0	1
3.48	0.33958	0.078664	-0.162	1	0	0	0	1	0	0	0	1
3.485	0.3397	0.078593	-0.16206	1	0	0	0	1	0	0	0	1
3.49	0.33981	0.078528	-0.16211	1	0	0	0	1	0	0	0	1
3.495	0.33991	0.078475	-0.16217	1	0	0	0	1	0	0	0	1
3.5	0.34	0.078437	-0.16222	1	0	0	0	1	0	0	0	1
3.505	0.34008	0.078406	-0.16226	1	0	0	0	1	0	0	0	1
3.51	0.34015	0.07838	-0.16229	1	0	0	0	1	0	0	0	1
3.515	0.34022	0.078358	-0.1623	1	0	0	0	1	0	0	0	1
3.52	0.34027	0.078338	-0.16232	1	0	0	0	1	0	0	0	1
3.525	0.34031	0.078327	-0.16233	1	0	0	0	1	0	0	0	1
3.53	0.34032	0.078327	-0.16234	1	0	0	0	1	0	0	0	1
3.535	0.34032	0.078334	-0.16236	1	0	0	0	1	0	0	0	1
3.54	0.34032	0.078341	-0.16239	1	0	0	0	1	0	0	0	1
3.545	0.34032	0.078346	-0.16243	1	0	0	0	1	0	0	0	1
3.55	0.34033	0.078343	-0.16248	1	0	0	0	1	0	0	0	1
3.555	0.34035	0.078334	-0.16253	1	0	0	0	1	0	0	0	1
3.56	0.34037	0.078321	-0.16259	1	0	0	0	1	0	0	0	1
3.565	0.34038	0.078306	-0.16265	1	0	0	0	1	0	0	0	1
3.57	0.34039	0.078293	-0.16272	1	0	0	0	1	0	0	0	1
3.575	0.34039	0.078283	-0.16279	1	0	0	0	1	0	0	0	1
3.58	0.34039	0.07827	-0.16286	1	0	0	0	1	0	0	0	1
3.585	0.34039	0.078256	-0.16294	1	0	0	0	1	0	0	0	1
3.59	0.34038	0.078242	-0.16302	1	0	0	0	1	0	0	0	1
3.595	0.34038	0.078225	-0.16309	1	0	0	0	1	0	0	0	1
3.6	0.34038	0.078207	-0.16317	1	0	0	0	1	0	0	0	1
3.605	0.34038	0.078185	-0.16324	1	0	0	0	1	0	0	0	1
3.61	0.34038	0.078163	-0.16331	1	0	0	0	1	0	0	0	1
3.615	0.3404	0.078143	-0.16338	1	0	0	0	1	0	0	0	1
3.62	0.34042	0.078129	-0.16344	1	0	0	0	1	0	0	0	1
3.625	0.34044	0.078117	-0.16349	1	0	0	0	1	0	0	0	1
3.63	0.34047	0.078105	-0.16352	1	0	0	0	1	0	0	0	1
3.635	0.34051	0.078096	-0.16354	1	0	0	0	1	0	0	0	1
3.64	0.34054	0.078091	-0.16355	1	0	0	0	1	0	0	0	1
3.645	0.34056	0.078091	-0.16355	1	0	0	0	1	0	0	0	1
3.65	0.34058	0.078092	-0.16354	1	0	0	0	1	0	0	0	1
3.655	0.3406	0.078092	-0.16353	1	0	0	0	1	0	0	0	1
3.66	0.34061	0.078091	-0.16353	1	0	0	0	1	0	0	0	1
3.665	0.3406	0.078092	-0.16352	1	0	0	0	1	0	0	0	1
3.67	0.34059	0.07809	-0.16352	1	0	0	0	1	0	0	0	1
3.675	0.34058	0.078087	-0.16353	1	0	0	0	1	0	0	0	1
3.68	0.34056	0.078082	-0.16354	1	0	0	0	1	0	0	0	1
3.685	0.34054	0.078075	-0.16356	1	0	0	0	1	0	0	0	1
3.69	0.34052	0.078066	-0.16358	1	0	0	0	1	0	0	0	1
3.695	0.34051	0.078056	-0.16362	1	0	0	0	1	0	0	0	1
3.7	0.3405	0.078047	-0.16366	1	0	0	0	1	0	0	0	1
3.705	0.34049	0.078038	-0.1637	1	0	0	0	1	0	0	0	1
3.71	0.34049	0.078029	-0.16375	1	0	0	0	1	0	0	0	1
3.715	0.3405	0.078017	-0.1638	1	0	0	0	1	0	0	0	1
3.72	0.34051	0.078002	-0.16385	1	0	0	0	1	0	0	0	1
3.725	0.3405	0.077986	-0.1639	1	0	0	0	1	0	0	0	1
3.73	0.3405	0.077973	-0.16395	1	0	0	0	1	0	0	0	1
3.735	0.34049	0.077966	-0.16399	1	0	0	0	1	0	0	0	1
3.74	0.34048	0.077964	-0.16402	1	0	0	0	1	0	0	0	1
3.745	0.34048	0.077965	-0.16405	1	0	0	0	1	0	0	0	1
3.75	0.34046	0.077964	-0.16406	1	0	0	0	1	0	0	0	1
3.755	0.34045	0.077964	-0.16407	1	0	0	0	1	0	0	0	1
3.76	0.34045	0.077966	-0.16407	1	0	0	0	1	0	0	0	1
3.765	0.34044	0.077969	-0.16407	1	0	0	0	1	0	0	0	1
3.77	0.34045	0.077975	-0.16407	1	0	0	0	1	0	0	0	1
3.775	0.34045	0.077981	-0.16405	1	0	0	0	1	0	0	0	1
3.78	0.34046	0.077986	-0.16402	1	0	0	0	1	0	0	0	1
3.785	0.34046	0.077993	-0.16399	1	0	0	0	1	0	0	0	1
3.79	0.34046	0.078004	-0.16397	1	0	0	0	1	0	0	0	1
3.795	0.34046	0.078014	-0.16395	1	0	0	0	1	0	0	0	1
3.8	0.34046	0.078025	-0.16392	1	0	0	0	1	0	0	0	1
3.805	0.34045	0.078038	-0.1639	1	0	0	0	1	0	0	0	1
3.81	0.34044	0.078049	-0.16389	1	0	0	0	1	0	0	0	1
3.815	0.34043	0.078064	-0.16388	1	0	0	0	1	0	0	0	1
3.82	0.34042	0.07808	-0.16388	1	0	0	0	1	0	0	0	1
3.825	0.34041	0.078092	-0.16389	1	0	0	0	1	0	0	0	1
3.83	0.3404	0.078104	-0.16388	1	0	0	0	1	0	0	0	1
3.835	0.34039	0.078116	-0.16387	1	0	0	0	1	0	0	0	1
3.84	0.34037	0.078127	-0.16386	1	0	0	0	1	0	0	0	1
3.845	0.34036	0.078138	-0.16384	1	0	0	0	1	0	0	0	1
3.85	0.34034	0.078149	-0.16381	1	0	0	0	1	0	0	0	1
3.855	0.34033	0.078158	-0.16379	1	0	0	0	1	0	0	0	1
3.86	0.34032	0.07816	-0.16375	1	0	0	0	1	0	0	0	1
3.865	0.34031	0.07816	-0.16372	1	0	0	0	1	0	0	0	1
3.87	0.34029	0.078164	-0.16368	1	0	0	0	1	0	0	0	1
3.875	0.34027	0.078173	-0.16365	1	0	0	0	1	0	0	0	1
3.88	0.34025	0.078186	-0.16362	1	0	0	0	1	0	0	0	1
3.885	0.34022	0.0782	-0.16358	1	0	0	0	1	0	0	0	1
3.89	0.34019	0.078214	-0.16354	1	0	0	0	1	0	0	0	1
3.895	0.34016	0.078233	-0.1635	1	0	0	0	1	0	0	0	1
3.9	0.34012	0.078256	-0.16347	1	0	0	0	1	0	0	0	1
3.905	0.34009	0.078277	-0.16345	1	0	0	0	1	0	0	0	1
3.91	0.34004	0.078295	-0.16343	1	0	0	0	1	0	0	0	1
3.915	0.34	0.078313	-0.16342	1	0	0	0	1	0	0	0	1
3.92	0.33996	0.078328	-0.16342	1	0	0	0	1	0	0	0	1
3.925	0.33993	0.078341	-0.16343	1	0	0	0	1	0	0	0	1
3.93	0.33989	0.078351	-0.16345	1	0	0	0	1	0	0	0	1
3.935	0.33986	0.078354	-0.16347	1	0	0	0	1	0	0	0	1
3.94	0.33984	0.078352	-0.1635	1	0	0	0	1	0	0	0	1
3.945	0.33982	0.078348	-0.16353	1	0	0	0	1	0	0	0	1
3.95	0.3398	0.078344	-0.16358	1	0	0	0	1	0	0	0	1
3.955	0.33978	0.07834	-0.16363	1	0	0	0	1	0	0	0	1
3.96	0.33976	0.078334	-0.16369	1	0	0	0	1	0	0	0	1
3.965	0.33975	0.078325	-0.16375	1	0	0	0	1	0	0	0	1
3.97	0.33974	0.078318	-0.16382	1	0	0	0	1	0	0	0	1
3.975	0.33972	0.078315	-0.16388	1	0	0	0	1	0	0	0	1
3.98	0.33971	0.078313	-0.16395	1	0	0	0	1	0	0	0	1
3.985	0.33969	0.078311	-0.16402	1	0	0	0	1	0	0	0	1
3.99	0.33967	0.078311	-0.16409	1	0	0	0	1	0	0	0	1
3.995	0.33966	0.07831	-0.16414	1	0	0	0	1	0	0	0	1
4	0.33965	0.078307	-0.1642	1	0	0	0	1	0	0	0	1
4.005	0.33963	0.078306	-0.16424	1	0	0	0	1	0	0	0	1
4.01	0.33962	0.078307	-0.16427	1	0	0	0	1	0	0	0	1
4.015	0.3396	0.078311	-0.16428	1	0	0	0	1	0	0	0	1
4.02	0.33958	0.078321	-0.1643	1	0	0	0	1	0	0	0	1
4.025	0.33957	0.07833	-0.16431	1	0	0	0	1	0	0	0	1
4.03	0.33956	0.078336	-0.16431	1	0	0	0	1	0	0	0	1
4.035	0.33955	0.07834	-0.16432	1	0	0	0	1	0	0	0	1
4.04	0.33954	0.078347	-0.16433	1	0	0	0	1	0	0	0	1
4.045	0.33954	0.078354	-0.16435	1	0	0	0	1	0	0	0	1
4.05	0.33954	0.078358	-0.16437	1	0	0	0	1	0	0	0	1
4.055	0.33955	0.078357	-0.1644	1	0	0	0	1	0	0	0	1
4.06	0.33956	0.078355	-0.16444	1	0	0	0	1	0	0	0	1
4.065	0.33956	0.078354	-0.16449	1	0	0	0	1	0	0	0	1
4.07	0.33956	0.07835	-0.16454	1	0	0	0	1	0	0	0	1
4.075	0.33956	0.078343	-0.16461	1	0	0	0	1	0	0	0	1
4.08	0.33956	0.078339	-0.16469	1	0	0	0	1	0	0	0	1
4.085	0.33955	0.078335	-0.16476	1	0	0	0	1	0	0	0	1
4.09	0.33955	0.078329	-0.16484	1	0	0	0	1	0	0	0	1
4.095	0.33954	0.078322	-0.16492	1	0	0	0	1	0	0	0	1
4.1	0.33953	0.078313	-0.165	1	0	0	0	1	0	0	0	1
4.105	0.33952	0.078304	-0.16508	1	0	0	0	1	0	0	0	1
4.11	0.33951	0.078297	-0.16517	1	0	0	0	1	0	0	0	1
4.115	0.3395	0.078291	-0.16525	1	0	0	0	1	0	0	0	1
4.12	0.3395	0.078284	-0.16533	1	0	0	0	1	0	0	0	1
4.125	0.3395	0.078276	-0.16541	1	0	0	0	1	0	0	0	1
4.13	0.33951	0.078268	-0.16547	1	0	0	0	1	0	0	0	1
4.135	0.33951	0.078261	-0.16553	1	0	0	0	1	0	0	0	1
4.14	0.33951	0.078261	-0.16557	1	0	0	0	1	0	0	0	1
4.145	0.3395	0.07826	-0.1656	1	0	0	0	1	0	0	0	1
4.15	0.33949	0.078262	-0.16562	1	0	0	0	1	0	0	0	1
4.155	0.33948	0.078268	-0.16563	1	0	0	0	1	0	0	0	1
4.16	0.33948	0.078273	-0.16564	1	0	0	0	1	0	0	0	1
4.165	0.33948	0.078277	-0.16565	1	0	0	0	1	0	0	0	1
4.17	0.33948	0.078286	-0.16565	1	0	0	0	1	0	0	0	1
4.175	0.33949	0.078296	-0.16565	1	0	0	0	1	0	0	0	1
4.18	0.3395	0.078306	-0.16565	1	0	0	0	1	0	0	0	1
4.185	0.33952	0.078316	-0.16566	1	0	0	0	1	0	0	0	1
4.19	0.33954	0.078323	-0.16566	1	0	0	0	1	0	0	0	1
4.195	0.33957	0.07833	-0.16567	1	0	0	0	1	0	0	0	1
4.2	0.33959	0.078336	-0.16569	1	0	0	0	1	0	0	0	1
4.205	0.33962	0.078338	-0.16571	1	0	0	0	1	0	0	0	1
4.21	0.33964	0.078339	-0.16573	1	0	0	0	1	0	0	0	1
4.215	0.33966	0.07834	-0.16575	1	0	0	0	1	0	0	0	1
4.22	0.33968	0.078342	-0.16578	1	0	0	0	1	0	0	0	1
4.225	0.3397	0.07834	-0.16582	1	0	0	0	1	0	0	0	1
4.23	0.33972	0.078335	-0.16585	1	0	0	0	1	0	0	0	1
4.235	0.33974	0.07833	-0.16588	1	0	0	0	1	0	0	0	1
4.24	0.33975	0.078322	-0.16592	1	0	0	0	1	0	0	0	1
4.245	0.33977	0.078313	-0.16596	1	0	0	0	1	0	0	0	1
4.25	0.33978	0.078303	-0.16599	1	0	0	0	1	0	0	0	1
4.255	0.33979	0.078293	-0.16602	1	0	0	0	1	0	0	0	1
4.26	0.33981	0.078282	-0.16605	1	0	0	0	1	0	0	0	1
4.265	0.33982	0.078273	-0.16608	1	0	0	0	1	0	0	0	1
4.27	0.33984	0.078266	-0.1661	1	0	0	0	1	0	0	0	1
4.275	0.33986	0.07826	-0.16611	1	0	0	0	1	0	0	0	1
4.28	0.33987	0.078255	-0.16612	1	0	0	0	1	0	0	0	1
4.285	0.33988	0.078251	-0.16612	1	0	0	0	1	0	0	0	1
4.29	0.33989	0.078249	-0.16612	1	0	0	0	1	0	0	0	1
4.295	0.3399	0.078252	-0.16612	1	0	0	0	1	0	0	0	1
4.3	0.33991	0.078254	-0.16611	1	0	0	0	1	0	0	0	1
4.305	0.33992	0.078256	-0.16611	1	0	0	0	1	0	0	0	1
4.31	0.33993	0.078255	-0.1661	1	0	0	0	1	0	0	0	1
4.315	0.33993	0.078251	-0.16609	1	0	0	0	1	0	0	0	1
4.32	0.33994	0.078245	-0.16608	1	0	0	0	1	0	0	0	1
4.325	0.33994	0.078236	-0.16608	1	0	0	0	1	0	0	0	1
4.33	0.33993	0.078229	-0.16608	1	0	0	0	1	0	0	0	1
4.335	0.33992	0.07822	-0.16608	1	0	0	0	1	0	0	0	1
4.34	0.33991	0.078209	-0.16609	1	0	0	0	1	0	0	0	1
4.345	0.3399	0.0782	-0.16609	1	0	0	0	1	0	0	0	1
4.35	0.33988	0.078193	-0.1661	1	0	0	0	1	0	0	0	1
4.355	0.33986	0.078188	-0.1661	1	0	0	0	1	0	0	0	1
4.36	0.33984	0.078183	-0.16609	1	0	0	0	1	0	0	0	1
4.365	0.33982	0.078178	-0.16609	1	0	0	0	1	0	0	0	1
4.37	0.33979	0.078178	-0.16608	1	0	0	0	1	0	0	0	1
4.375	0.33976	0.078181	-0.16607	1	0	0	0	1	0	0	0	1
4.38	0.33973	0.07818	-0.16605	1	0	0	0	1	0	0	0	1
4.385	0.3397	0.078179	-0.16603	1	0	0	0	1	0	0	0	1
4.39	0.33968	0.078179	-0.166	1	0	0	0	1	0	0	0	1
4.395	0.33965	0.078176	-0.16598	1	0	0	0	1	0	0	0	1
4.4	0.33963	0.07817	-0.16596	1	0	0	0	1	0	0	0	1
4.405	0.33961	0.078165	-0.16594	1	0	0	0	1	0	0	0	1
4.41	0.33959	0.078159	-0.16592	1	0	0	0	1	0	0	0	1
4.415	0.33957	0.078146	-0.16589	1	0	0	0	1	0	0	0	1
4.42	0.33955	0.07813	-0.16587	1	0	0	0	1	0	0	0	1
4.425	0.33952	0.07812	-0.16583	1	0	0	0	1	0	0	0	1
4.43	0.33949	0.078118	-0.1658	1	0	0	0	1	0	0	0	1
4.435	0.33946	0.07812	-0.16575	1	0	0	0	1	0	0	0	1
4.44	0.33943	0.078123	-0.1657	1	0	0	0	1	0	0	0	1
4.445	0.33941	0.078126	-0.16564	1	0	0	0	1	0	0	0	1
4.45	0.33939	0.078127	-0.16558	1	0	0	0	1	0	0	0	1
4.455	0.33937	0.078128	-0.16553	1	0	0	0	1	0	0	0	1
4.46	0.33935	0.078127	-0.16547	1	0	0	0	1	0	0	0	1
4.465	0.33932	0.078124	-0.16542	1	0	0	0	1	0	0	0	1
4.47	0.33928	0.078121	-0.16537	1	0	0	0	1	0	0	0	1
4.475	0.33925	0.078119	-0.16533	1	0	0	0	1	0	0	0	1
4.48	0.33921	0.078112	-0.1653	1	0	0	0	1	0	0	0	1
4.485	0.33918	0.078099	-0.16528	1	0	0	0	1	0	0	0	1
4.49	0.33916	0.078082	-0.16528	1	0	0	0	1	0	0	0	1
4.495	0.33913	0.078064	-0.16528	1	0	0	0	1	0	0	0	1
4.5	0.33911	0.078046	-0.16529	1	0	0	0	1	0	0	0	1
4.505	0.33909	0.078027	-0.1653	1	0	0	0	1	0	0	0	1
4.51	0.33908	0.078011	-0.16531	1	0	0	0	1	0	0	0	1
4.515	0.33908	0.077996	-0.16533	1	0	0	0	1	0	0	0	1
4.52	0.33908	0.077979	-0.16534	1	0	0	0	1	0	0	0	1
4.525	0.33908	0.077963	-0.16534	1	0	0	0	1	0	0	0	1
4.53	0.33909	0.077947	-0.16535	1	0	0	0	1	0	0	0	1
4.535	0.3391	0.077933	-0.16535	1	0	0	0	1	0	0	0	1
4.54	0.33911	0.07792	-0.16535	1	0	0	0	1	0	0	0	1
4.545	0.33912	0.077905	-0.16534	1	0	0	0	1	0	0	0	1
4.55	0.33913	0.077893	-0.16534	1	0	0	0	1	0	0	0	1
4.555	0.33915	0.077886	-0.16533	1	0	0	0	1	0	0	0	1
4.56	0.33917	0.077881	-0.16533	1	0	0	0	1	0	0	0	1
4.565	0.33919	0.077874	-0.16533	1	0	0	0	1	0	0	0	1
4.57	0.33921	0.077864	-0.16534	1	0	0	0	1	0	0	0	1
4.575	0.33924	0.077856	-0.16534	1	0	0	0	1	0	0	0	1
4.58	0.33927	0.077849	-0.16536	1	0	0	0	1	0	0	0	1
4.585	0.33931	0.07784	-0.16538	1	0	0	0	1	0	0	0	1
4.59	0.33934	0.077826	-0.1654	1	0	0	0	1	0	0	0	1
4.595	0.33936	0.07781	-0.16543	1	0	0	0	1	0	0	0	1
4.6	0.33939	0.077795	-0.16545	1	0	0	0	1	0	0	0	1
4.605	0.33941	0.077781	-0.16549	1	0	0	0	1	0	0	0	1
4.61	0.33943	0.077768	-0.16552	1	0	0	0	1	0	0	0	1
4.615	0.33946	0.077754	-0.16556	1	0	0	0	1	0	0	0	1
4.62	0.33949	0.077741	-0.16559	1	0	0	0	1	0	0	0	1
4.625	0.33952	0.077726	-0.16563	1	0	0	0	1	0	0	0	1
4.63	0.33954	0.077711	-0.16566	1	0	0	0	1	0	0	0	1
4.635	0.33958	0.077703	-0.16569	1	0	0	0	1	0	0	0	1
4.64	0.33962	0.0777	-0.16572	1	0	0	0	1	0	0	0	1
4.645	0.33966	0.077696	-0.16575	1	0	0	0	1	0	0	0	1
4.65	0.33971	0.077688	-0.16578	1	0	0	0	1	0	0	0	1
4.655	0.33976	0.077679	-0.1658	1	0	0	0	1	0	0	0	1
4.66	0.3398	0.077668	-0.16583	1	0	0	0	1	0	0	0	1
4.665	0.33985	0.077657	-0.16585	1	0	0	0	1	0	0	0	1
4.67	0.33989	0.077645	-0.16588	1	0	0	0	1	0	0	0	1
4.675	0.33994	0.077631	-0.16591	1	0	0	0	1	0	0	0	1
4.68	0.33999	0.07762	-0.16594	1	0	0	0	1	0	0	0	1
4.685	0.34003	0.077609	-0.16597	1	0	0	0	1	0	0	0	1
4.69	0.34007	0.077593	-0.16601	1	0	0	0	1	0	0	0	1
4.695	0.34011	0.07758	-0.16605	1	0	0	0	1	0	0	0	1
4.7	0.34016	0.077566	-0.16609	1	0	0	0	1	0	0	0	1
4.705	0.3402	0.077553	-0.16613	1	0	0	0	1	0	0	0	1
4.71	0.34025	0.07754	-0.16618	1	0	0	0	1	0	0	0	1
4.715	0.3403	0.077525	-0.16623	1	0	0	0	1	0	0	0	1
4.72	0.34035	0.077509	-0.16627	1	0	0	0	1	0	0	0	1
4.725	0.34041	0.077495	-0.16632	1	0	0	0	1	0	0	0	1
4.73	0.34045	0.077482	-0.16635	1	0	0	0	1	0	0	0	1
4.735	0.3405	0.077469	-0.16639	1	0	0	0	1	0	0	0	1
4.74	0.34054	0.077465	-0.16643	1	0	0	0	1	0	0	0	1
4.745	0.34058	0.077468	-0.16646	1	0	0	0	1	0	0	0	1
4.75	0.34062	0.077473	-0.16648	1	0	0	0	1	0	0	0	1
4.755	0.34066	0.077478	-0.16651	1	0	0	0	1	0	0	0	1
4.76	0.3407	0.077483	-0.16653	1	0	0	0	1	0	0	0	1
4.765	0.34074	0.077488	-0.16655	1	0	0	0	1	0	0	0	1
4.77	0.34077	0.077493	-0.16658	1	0	0	0	1	0	0	0	1
4.775	0.3408	0.0775	-0.16661	1	0	0	0	1	0	0	0	1
4.78	0.34083	0.077505	-0.16664	1	0	0	0	1	0	0	0	1
4.785	0.34086	0.077506	-0.16667	1	0	0	0	1	0	0	0	1
4.79	0.34089	0.077501	-0.1667	1	0	0	0	1	0	0	0	1
4.795	0.34091	0.077492	-0.16673	1	0	0	0	1	0	0	0	1
4.8	0.34094	0.077481	-0.16677	1	0	0	0	1	0	0	0	1
4.805	0.34096	0.077469	-0.1668	1	0	0	0	1	0	0	0	1
4.81	0.34099	0.077458	-0.16684	1	0	0	0	1	0	0	0	1
4.815	0.341	0.077447	-0.16687	1	0	0	0	1	0	0	0	1
4.82	0.34103	0.077437	-0.1669	1	0	0	0	1	0	0	0	1
4.825	0.34105	0.077429	-0.16693	1	0	0	0	1	0	0	0	1
4.83	0.34107	0.07742	-0.16696	1	0	0	0	1	0	0	0	1
4.835	0.34109	0.077407	-0.16699	1	0	0	0	1	0	0	0	1
4.84	0.34112	0.077393	-0.16701	1	0	0	0	1	0	0	0	1
4.845	0.34114	0.077373	-0.16703	1	0	0	0	1	0	0	0	1
4.85	0.34116	0.077355	-0.16704	1	0	0	0	1	0	0	0	1
4.855	0.34118	0.07734	-0.16704	1	0	0	0	1	0	0	0	1
4.86	0.34119	0.077323	-0.16704	1	0	0	0	1	0	0	0	1
4.865	0.34121	0.077304	-0.16703	1	0	0	0	1	0	0	0	1
4.87	0.34123	0.077282	-0.16702	1	0	0	0	1	0	0	0	1
4.875	0.34125	0.077254	-0.16701	1	0	0	0	1	0	0	0	1
4.88	0.34126	0.077231	-0.16699	1	0	0	0	1	0	0	0	1
4.885	0.34126	0.077213	-0.16697	1	0	0	0	1	0	0	0	1
4.89	0.34127	0.077197	-0.16695	1	0	0	0	1	0	0	0	1
4.895	0.34127	0.077181	-0.16694	1	0	0	0	1	0	0	0	1
4.9	0.34127	0.077164	-0.16693	1	0	0	0	1	0	0	0	1
4.905	0.34127	0.077147	-0.16692	1	0	0	0	1	0	0	0	1
4.91	0.34127	0.077132	-0.16691	1	0	0	0	1	0	0	0	1
4.915	0.34128	0.077122	-0.16691	1	0	0	0	1	0	0	0	1
4.92	0.34129	0.077109	-0.1669	1	0	0	0	1	0	0	0	1
4.925	0.3413	0.077092	-0.1669	1	0	0	0	1	0	0	0	1
4.93	0.34131	0.077075	-0.16689	1	0	0	0	1	0	0	0	1
4.935	0.34132	0.077056	-0.16689	1	0	0	0	1	0	0	0	1
4.94	0.34132	0.077035	-0.16689	1	0	0	0	1	0	0	0	1
4.945	0.34131	0.077015	-0.16689	1	0	0	0	1	0	0	0	1
4.95	0.3413	0.076992	-0.1669	1	0	0	0	1	0	0	0	1
4.955	0.34128	0.076966	-0.16691	1	0	0	0	1	0	0	0	1
4.96	0.34126	0.076932	-0.16693	1	0	0	0	1	0	0	0	1
4.965	0.34123	0.076893	-0.16696	1	0	0	0	1	0	0	0	1
4.97	0.3412	0.076854	-0.16699	1	0	0	0	1	0	0	0	1
4.975	0.34116	0.076815	-0.16702	1	0	0	0	1	0	0	0	1
4.98	0.34112	0.076776	-0.16705	1	0	0	0	1	0	0	0	1
4.985	0.34107	0.076742	-0.16709	1	0	0	0	1	0	0	0	1
4.99	0.34105	0.076715	-0.16712	1	0	0	0	1	0	0	0	1
4.995	0.34103	0.076693	-0.16715	1	0	0	0	1	0	0	0	1
